1.116417354604659629e-04 -4.781044530186573382e-04 1.564417903350934225e-03 -1.146310346324952434e-03 2.261930050577731777e-04 -5.828342616627901762e-03 0.000000000000000000e+00
1.666167021484588062e-04 -4.831949109920796737e-04 1.687380439326729986e-03 -1.090485520352402204e-03 3.042247520976815167e-04 -6.378666856581283184e-03 0.000000000000000000e+00
1.954922071054077115e-04 -4.152964133233294497e-04 1.549741377719515700e-03 -8.703163348826592483e-04 3.334965474444118172e-04 -5.942615567933851040e-03 0.000000000000000000e+00
2.566390346362690256e-04 -4.179117971575552204e-04 1.669241515569269696e-03 -7.979873397001568947e-04 4.162226278605629659e-04 -6.491996606087679922e-03 0.000000000000000000e+00
2.782453118905792167e-04 -3.572187614646615827e-04 1.530873648786679198e-03 -6.047485862188395345e-04 4.331170490936564477e-04 -6.038213061064556797e-03 0.000000000000000000e+00
3.458613996316362016e-04 -3.572839648008363511e-04 1.646603707294469476e-03 -5.151556012865654566e-04 5.197178146381098429e-04 -6.585867656841326578e-03 0.000000000000000000e+00
3.597137624228863295e-04 -3.035412997315356520e-04 1.508104577680080549e-03 -3.493544143688964709e-04 5.239076646130769177e-04 -6.115570811181303412e-03 0.000000000000000000e+00
4.330882899551691256e-04 -3.015203770437846487e-04 1.620073097537838569e-03 -2.446639027935404442e-04 6.127287063986130988e-04 -6.660098926861257596e-03 0.000000000000000000e+00
4.396802785850972839e-04 -2.539738495945242924e-04 1.481827823216236295e-03 -1.041155675425287086e-04 6.050024836419254370e-04 -6.175754819944145879e-03 0.000000000000000000e+00
5.190707152839812988e-04 -2.498501941595177023e-04 1.589705901600541038e-03 1.618911210421458691e-05 6.951950021036878979e-04 -6.716349330011972540e-03 0.000000000000000000e+00
5.179400076594786739e-04 -2.082511579664658719e-04 1.452287228550702691e-03 1.310087781822844022e-04 6.755260876047941565e-04 -6.219245559592412320e-03 0.000000000000000000e+00
6.026370216032361782e-04 -2.023823487946607713e-04 1.556182608863837524e-03 2.647537128419585883e-04 7.656060511340712083e-04 -6.754836926902596517e-03 0.000000000000000000e+00
5.943602556927329861e-04 -1.661032579560184352e-04 1.419807575451681458e-03 3.559508254440402197e-04 7.351891391875753357e-04 -6.247035262914923948e-03 0.000000000000000000e+00
6.845690948341365267e-04 -1.584647556478468999e-04 1.519407784567328168e-03 5.034359106197427991e-04 8.241200748546617660e-04 -6.776517893643196899e-03 0.000000000000000000e+00
6.687456146995951478e-04 -1.272659633798634005e-04 1.384627120463999272e-03 5.705445589736513057e-04 7.832915044421184803e-04 -6.259340473478758327e-03 0.000000000000000000e+00
7.637992323153708352e-04 -1.181442599478277344e-04 1.480004942963214498e-03 7.298209461623628158e-04 8.699234723996696061e-04 -6.781666150575960117e-03 0.000000000000000000e+00
7.409817407421914748e-04 -9.150703280852434673e-05 1.347013445358924422e-03 7.746480076962214412e-04 8.197730480117293439e-04 -6.256841684788128077e-03 0.000000000000000000e+00
8.410625760445211707e-04 -8.091559964001904248e-05 1.437889408818920911e-03 9.456954275366413754e-04 9.031439442206412593e-04 -6.770888189291168757e-03 0.000000000000000000e+00
8.109470931434714647e-04 -5.858397170860341063e-05 1.307124498392792100e-03 9.681186795011953450e-04 8.444473010138509039e-04 -6.239635889526473633e-03 0.000000000000000000e+00
9.153638413734732637e-04 -4.673308255392916166e-05 1.393669140117098637e-03 1.148957952924689607e-03 9.233932744789896674e-04 -6.744648559249721842e-03 0.000000000000000000e+00
8.785606751988972452e-04 -2.828742081445456691e-05 1.265218976923998540e-03 1.150749469072565034e-03 8.574589196221893417e-04 -6.208398527206338002e-03 0.000000000000000000e+00
9.874932308786832369e-04 -1.521881535232472160e-05 1.347148026648675723e-03 1.341179105621925771e-03 9.312382581452283148e-04 -6.703154019238821704e-03 0.000000000000000000e+00
9.436832814064266550e-04 -4.187703487867899810e-07 1.221483067803508238e-03 1.322171305647046324e-03 8.587742939472065018e-04 -6.163168863365431349e-03 0.000000000000000000e+00
1.056496154886676919e-03 1.369464148665011649e-05 1.298995589597284894e-03 1.520401265236337451e-03 9.265485698168873796e-04 -6.647002980845639897e-03 0.000000000000000000e+00
1.006317913668841602e-03 2.522123121911912236e-05 1.176083065312166775e-03 1.482375033186933422e-03 8.489069975179397431e-04 -6.104391149271082284e-03 0.000000000000000000e+00
1.123153372939084127e-03 4.033541505049642595e-05 1.248856117180313641e-03 1.688025562475381491e-03 9.098645497247481728e-04 -6.575708869191343453e-03 0.000000000000000000e+00
1.066386004379998864e-03 4.877277182574468739e-05 1.129200486225057087e-03 1.630957825218715129e-03 8.281688397726583162e-04 -6.032040269969840551e-03 0.000000000000000000e+00
1.186612004982379176e-03 6.479226466510334959e-05 1.197442972394685556e-03 1.842400557518608650e-03 8.816072813653264006e-04 -6.490293789480627851e-03 0.000000000000000000e+00
1.123839043575519669e-03 7.040923456669290204e-05 1.081014472279456795e-03 1.767813946276675097e-03 7.969866166952499498e-04 -5.946529462543814759e-03 0.000000000000000000e+00
1.247661815269418550e-03 8.727133886604621082e-05 1.144433076009254702e-03 1.984557410361631469e-03 8.425219906511571821e-04 -6.390239046868195771e-03 0.000000000000000000e+00
1.178705595706375231e-03 9.027822595680801143e-05 1.031653706022594985e-03 1.892793718662133529e-03 7.561070780632839217e-04 -5.847980882334846697e-03 0.000000000000000000e+00
1.305480658772256719e-03 1.079053039695909710e-04 1.090479970948243782e-03 2.113237572784143481e-03 7.931405528607271549e-04 -6.276509865106305597e-03 0.000000000000000000e+00
1.230961479674302916e-03 1.085308546724950141e-04 9.812018682305578832e-04 2.005821171021437976e-03 7.060562786311841421e-04 -5.736153704023916333e-03 0.000000000000000000e+00
1.360901767361810677e-03 1.268192895209629967e-04 1.035223465867818327e-03 2.229348604998016015e-03 7.343873555272217857e-04 -6.148372440221594459e-03 0.000000000000000000e+00
1.280634821912027266e-03 1.252472890395095462e-04 9.299129945237460948e-04 2.106665751248293361e-03 6.476968350503931049e-04 -5.611764352294157376e-03 0.000000000000000000e+00
1.413130400427231592e-03 1.441745830870200251e-04 9.793566735459280359e-04 2.331820589835942314e-03 6.670007173577019444e-04 -6.007045934667498699e-03 0.000000000000000000e+00
1.327770417207496667e-03 1.405805198113618815e-04 8.777963915545250462e-04 2.195474456783585993e-03 5.818777212223125161e-04 -5.474620053167456035e-03 0.000000000000000000e+00
1.463013240042707053e-03 1.600220172773836325e-04 9.223860502191594257e-04 2.421599662929985186e-03 5.919027593037640145e-04 -5.851244751527096000e-03 0.000000000000000000e+00
1.372399679011856999e-03 1.545870718503983277e-04 8.250440163881933575e-04 2.272077398382421620e-03 5.093994705971383041e-04 -5.324987207520059940e-03 0.000000000000000000e+00
1.509844964137696532e-03 1.745645928841188521e-04 8.651109228164088893e-04 2.497857890225496647e-03 5.101998647027983225e-04 -5.683028006787660402e-03 0.000000000000000000e+00
1.414588723660015201e-03 1.673954511381414711e-04 7.717496840871918007e-04 2.336654204196264573e-03 4.311737219095945761e-04 -5.163076038848801730e-03 0.000000000000000000e+00
1.554424795745135146e-03 1.877648147381449917e-04 8.069651535391464403e-04 2.561398854709295847e-03 4.227108339547314131e-04 -5.500593713202439616e-03 0.000000000000000000e+00
1.454389781360698741e-03 1.790465044424482954e-04 7.180461472440780035e-04 2.389153328364201911e-03 3.481558243603188885e-04 -4.989164441977056441e-03 0.000000000000000000e+00
1.596151652495478301e-03 1.998826179840373918e-04 7.487118859181018937e-04 2.611886876690228121e-03 3.306996928600369756e-04 -5.306152724683821376e-03 0.000000000000000000e+00
1.491922392747008219e-03 1.896491323671867235e-04 6.640327981878579866e-04 2.429871647682269042e-03 2.614286284323696918e-04 -4.803698012084911539e-03 0.000000000000000000e+00
1.635752607927823399e-03 2.107728757215210358e-04 6.898935705153264042e-04 2.649708169916387135e-03 2.349068634046602710e-04 -5.098228730922915730e-03 0.000000000000000000e+00
1.527256271389360043e-03 1.992824797493186750e-04 6.097236073333012207e-04 2.459027259097190665e-03 1.718123904339563524e-04 -4.606307472487358723e-03 0.000000000000000000e+00
1.672719013834395030e-03 2.207417043507686749e-04 6.311875405868305755e-04 2.675026551591130897e-03 1.368448950742617853e-04 -4.879246562979666635e-03 0.000000000000000000e+00
1.560479205268638925e-03 2.079868004779550361e-04 5.553224556222313701e-04 2.476789618254926495e-03 8.033352178049568693e-05 -4.397997452659341278e-03 0.000000000000000000e+00
1.707771836093968654e-03 2.296334896840224182e-04 5.720632765114086471e-04 2.688219819620307760e-03 3.707483585912996205e-05 -4.647155505901112704e-03 0.000000000000000000e+00
1.591711247727792267e-03 2.158093608702893462e-04 5.009263074835790253e-04 2.483418919685398407e-03 -1.192985348019703906e-05 -4.179231836419328161e-03 0.000000000000000000e+00
1.740435225510997275e-03 2.377568199297686036e-04 5.132405123548233750e-04 2.689667101796189286e-03 -6.289711608520320851e-05 -4.404795256370830359e-03 0.000000000000000000e+00
1.621070709860533698e-03 2.228391999175016736e-04 4.465710901937203214e-04 2.479364476251078031e-03 -1.040859303191865592e-04 -3.950191082076282001e-03 0.000000000000000000e+00
1.771401784002937796e-03 2.448786270997094228e-04 4.542520486921497458e-04 2.679544253549437371e-03 -1.624102958679429776e-04 -4.150601460441327717e-03 0.000000000000000000e+00
1.648660461172721248e-03 2.291373404611496412e-04 3.923145463432253788e-04 2.465005555620791711e-03 -1.952654852122037710e-04 -3.711154931144822200e-03 0.000000000000000000e+00
1.800256193559626738e-03 2.513820574167602295e-04 3.957539344275062820e-04 2.658623566333062627e-03 -2.601282231382562316e-04 -3.887360006225692999e-03 0.000000000000000000e+00
1.674612767830638282e-03 2.347325383866283310e-04 3.382462244544970353e-04 2.440741277374591789e-03 -2.844561771322418053e-04 -3.462941427785581894e-03 0.000000000000000000e+00
1.827647116475691891e-03 2.569962860258789838e-04 3.372534422829420730e-04 2.626943678110116309e-03 -3.554334112583212857e-04 -3.613411724522785917e-03 0.000000000000000000e+00
1.699039032641888602e-03 2.396629582634979272e-04 2.845461146175065625e-04 2.406932031741249034e-03 -3.708373738220416271e-04 -3.206355743119670976e-03 0.000000000000000000e+00
1.853225543649736351e-03 2.621263879091229043e-04 2.793763701946505584e-04 2.585572295522808872e-03 -4.470402342353629876e-04 -3.331585282437599105e-03 0.000000000000000000e+00
1.722071981939812813e-03 2.440154347307932348e-04 2.311840979978829758e-04 2.364143615579905600e-03 -4.535746772904580837e-04 -2.941834450202129858e-03 0.000000000000000000e+00
1.877590682814123113e-03 2.664550543300392427e-04 2.216319195955107624e-04 2.534394505893544647e-03 -5.344664449511427051e-04 -3.040271241750103215e-03 0.000000000000000000e+00
1.743840819365266581e-03 2.478396209438238351e-04 1.782782359962820085e-04 2.312850278030964546e-03 -5.318810954841879379e-04 -2.670178970942682639e-03 0.000000000000000000e+00
1.900415755763468217e-03 2.704116618930108018e-04 1.647102181605575311e-04 2.474619622947926700e-03 -6.165626366048115869e-04 -2.742979638419962285e-03 0.000000000000000000e+00
1.764461639957803918e-03 2.511746925958902033e-04 1.258419347740791228e-04 2.253592372809976041e-03 -6.050681769491639272e-04 -2.391937383808384610e-03 0.000000000000000000e+00
1.922294811922589663e-03 2.736955119534423275e-04 1.080652233228507342e-04 2.406074171774186254e-03 -6.928636694509826555e-04 -2.437744120056262176e-03 0.000000000000000000e+00
1.784057451303264208e-03 2.540828037452258492e-04 7.402150704693966077e-05 2.186801227238355239e-03 -6.724556172281737076e-04 -2.108222965904404944e-03 0.000000000000000000e+00
1.942919856928668199e-03 2.767382154600928068e-04 5.235848776419249617e-05 2.330143865004075110e-03 -7.624278811588780513e-04 -2.128078568351732258e-03 0.000000000000000000e+00
1.802750355572507734e-03 2.566127176403254495e-04 2.276417877483671859e-05 2.113099020820463636e-03 -7.334932535369986795e-04 -1.819361405720032465e-03 0.000000000000000000e+00
1.962824514012952160e-03 2.792047954816023747e-04 -2.906196441110342477e-06 2.246477224063347933e-03 -8.249253929699662535e-04 -1.812373775008646604e-03 0.000000000000000000e+00
1.820657885914518659e-03 2.588489776232383299e-04 -2.780222610221372292e-05 2.032961982941117185e-03 -7.875980908655932922e-04 -1.526559494131829453e-03 0.000000000000000000e+00
1.981746310750986950e-03 2.815602273634754127e-04 -5.712630989562761386e-05 2.156647859221649810e-03 -8.795512168138230891e-04 -1.494122773904038581e-03 0.000000000000000000e+00
1.837886022253633345e-03 2.608227449722999580e-04 -7.763002056787593474e-05 1.946895203960963272e-03 -8.343528736283190028e-04 -1.230555141008560227e-03 0.000000000000000000e+00
2.000173525513682105e-03 2.834642304394563439e-04 -1.108153165489400571e-04 2.060089772998097146e-03 -9.260897966028025508e-04 -1.171530905956341684e-03 0.000000000000000000e+00
1.854535772469204091e-03 2.625970616497719234e-04 -1.266615504960377780e-04 1.855405060640080706e-03 -8.733525263386887616e-04 -9.323706960782107700e-04 0.000000000000000000e+00
2.017860153245121246e-03 2.854302840439859601e-04 -1.633687605265832232e-04 1.958582760490656938e-03 -9.639475825147236776e-04 -8.482354628829291698e-04 0.000000000000000000e+00
1.870711948688999482e-03 2.642396039628791549e-04 -1.748742651536405734e-04 1.758979307918906443e-03 -9.042727046795207002e-04 -6.327413883848720388e-04 0.000000000000000000e+00
2.035237987575405638e-03 2.870549253017884439e-04 -2.152532782815907986e-04 1.851310742857492642e-03 -9.930233290984524785e-04 -5.227092418209622338e-04 0.000000000000000000e+00
1.886495455593120707e-03 2.658028121705902080e-04 -2.221790359128172909e-04 1.658101567680425603e-03 -9.268785832228232380e-04 -3.328133605819960650e-04 0.000000000000000000e+00
2.052087694625281955e-03 2.888751134403899634e-04 -2.659593886850109001e-04 1.740137919767015262e-03 -1.012891604912802279e-03 -1.981037580593980607e-04 0.000000000000000000e+00
1.901972745123117758e-03 2.673726079323035520e-04 -2.685832581519886908e-04 1.553218675795164927e-03 -9.409950568599612097e-04 -3.323285708378698189e-05 0.000000000000000000e+00
2.068784022600106409e-03 2.904708361716190623e-04 -3.158440317476141068e-04 1.624151807225082678e-03 -1.023567551743820303e-03 1.264503745743716934e-04 0.000000000000000000e+00
1.917208350410169737e-03 2.690208306223018653e-04 -3.141048920075328876e-04 1.444730373233227283e-03 -9.465068448548663582e-04 2.653496311024738930e-04 0.000000000000000000e+00
2.085121622019570076e-03 2.924046018917825229e-04 -3.644209228427508496e-04 1.505236289511380221e-03 -1.024834292296716853e-03 4.478542151977737973e-04 0.000000000000000000e+00
1.932266499831157558e-03 2.707573699221588193e-04 -3.585510495772714634e-04 1.333076346743844454e-03 -9.433881980056568750e-04 5.613305789264888546e-04 0.000000000000000000e+00
2.101417282851278379e-03 2.942755171804756209e-04 -4.121801472823372059e-04 1.382310856281598888e-03 -1.016804734478959915e-03 7.677257413136739927e-04 0.000000000000000000e+00
1.947193688150616192e-03 2.726790477027285498e-04 -4.020143637272211024e-04 1.218603673898144280e-03 -9.316538608290514389e-04 8.543727749354967926e-04 0.000000000000000000e+00
2.117476034158214532e-03 2.966160256088201663e-04 -4.585745349243997016e-04 1.257315027070049496e-03 -9.994482873851850968e-04 1.082517977882169191e-03 0.000000000000000000e+00
1.962028681815494030e-03 2.748473928656514076e-04 -4.444038915641101983e-04 1.101671986802443826e-03 -9.114103474177071007e-04 1.143464284432349487e-03 0.000000000000000000e+00
2.133560995661296089e-03 2.989808206107502642e-04 -5.039948401137361866e-04 1.129037169055990830e-03 -9.729783922236556748e-04 1.393604821434690777e-03 0.000000000000000000e+00
1.976792213876948923e-03 2.773044796613999274e-04 -4.856907903258989023e-04 9.825848205142762026e-04 -8.828124330420017429e-04 1.427598716446043525e-03 0.000000000000000000e+00
2.149480815290594204e-03 3.019477377398938067e-04 -5.480262873028551862e-04 9.994206909178515730e-04 -9.375373134150599697e-04 1.698019866005040512e-03 0.000000000000000000e+00
1.991508496923349164e-03 2.801067553438452151e-04 -5.258746329586116985e-04 8.616795390974374413e-04 -8.460468460076420172e-04 1.706303534620978724e-03 0.000000000000000000e+00
2.165439240927876513e-03 3.050484374319539782e-04 -5.909733279152451502e-04 8.671467226939455486e-04 -8.934436782861432391e-04 1.996629963517682071e-03 0.000000000000000000e+00
2.006163551496993949e-03 2.833034727599548219e-04 -5.648617707245118247e-04 7.391913322587484458e-04 -8.014482200469075224e-04 1.978186222878264289e-03 0.000000000000000000e+00
2.181248950071523404e-03 3.088609810973919068e-04 -6.325287666210654969e-04 7.341404814571461657e-04 -8.409627076431114290e-04 2.287273147133284112e-03 0.000000000000000000e+00
2.020769331800393101e-03 2.869144423695013657e-04 -6.026870960107455488e-04 6.154065413426224040e-04 -7.492593751203813213e-04 2.243059876102737604e-03 0.000000000000000000e+00
2.197055168245438256e-03 3.128899502033433144e-04 -6.728970210285178943e-04 5.989996803776875822e-04 -7.805253703749848171e-04 2.570177433144582579e-03 0.000000000000000000e+00
2.035273277155732162e-03 2.909875133486061749e-04 -6.392696162777766755e-04 4.905554687804070113e-04 -6.899691237673977184e-04 2.499825068552175011e-03 0.000000000000000000e+00
2.212683205323635275e-03 3.176972480671280685e-04 -7.117836474778982403e-04 4.636829376130080504e-04 -7.125344328646754377e-04 2.843419750625075793e-03 0.000000000000000000e+00
2.049666933441942132e-03 2.955436594359595048e-04 -6.746060540803178185e-04 3.648359477805840356e-04 -6.238789998320726227e-04 2.747852713069098840e-03 0.000000000000000000e+00
2.228211444080327973e-03 3.227728516660421931e-04 -7.494772034090657620e-04 3.266533942820615266e-04 -6.374808949356491894e-04 3.107710382499684343e-03 0.000000000000000000e+00
2.063880265168335348e-03 3.005853504314814906e-04 -7.086212750929965498e-04 2.385090760235186735e-04 -5.515736901253731617e-04 2.986418307380445114e-03 0.000000000000000000e+00
2.243475633104962536e-03 3.286529956635364513e-04 -7.855589553915076628e-04 1.899451647275895994e-04 -5.559376118320358273e-04 3.360394444718695084e-03 0.000000000000000000e+00
2.077871252944190131e-03 3.061473224823529904e-04 -7.413785724459942550e-04 1.116789607236157167e-04 -4.734340857104335498e-04 3.215256827891366243e-03 0.000000000000000000e+00
2.258492889541127355e-03 3.347869907306399995e-04 -8.203210954463857618e-04 5.200131014682085606e-05 -4.684612371099738937e-04 3.602606836381028188e-03 0.000000000000000000e+00
2.091567770894076778e-03 3.121915524419982546e-04 -7.727460642792394196e-04 -1.537180715072139492e-05 -3.901063754216949064e-04 3.433157780924789293e-03 0.000000000000000000e+00
2.273119041605840829e-03 3.417489955445107697e-04 -8.535359851291890454e-04 -8.530265654282942478e-05 -3.755561843461485694e-04 3.832673521203755485e-03 0.000000000000000000e+00
2.104859659938645988e-03 3.187274285964547538e-04 -8.027483381383704319e-04 -1.425379659689696155e-04 -3.022028209227478612e-04 3.640044703021372285e-03 0.000000000000000000e+00
2.287309298373733230e-03 3.489161199514145828e-04 -8.852955729072853330e-04 -2.233976096253087462e-04 -2.780258059651430358e-04 4.050578569460894229e-03 0.000000000000000000e+00
2.117711603791545827e-03 3.256818401393690721e-04 -8.312908907490701438e-04 -2.694983562809838418e-04 -2.101783826335967831e-04 3.835077018901733581e-03 0.000000000000000000e+00
2.300910978460107836e-03 3.568530566549488192e-04 -9.154387852291778760e-04 -3.604679323050419271e-04 -1.764547192615317783e-04 4.255264736238384415e-03 0.000000000000000000e+00
2.129997932512409098e-03 3.330538758065659799e-04 -8.584312003170335714e-04 -3.962169903841683549e-04 -1.147321442855897544e-04 4.018091732926887261e-03 0.000000000000000000e+00
2.313856245966992853e-03 3.648941624925794436e-04 -9.440417548604307374e-04 -4.979084055865001801e-04 -7.156710508571251239e-05 4.446718076518418883e-03 0.000000000000000000e+00
2.141586057916713970e-03 3.407830590413940541e-04 -8.840333357734708741e-04 -5.223888918699515216e-04 -1.667966044394120217e-05 4.188260679933941688e-03 0.000000000000000000e+00
2.326030783218351050e-03 3.735542191034557646e-04 -9.709722891746153106e-04 -6.338130579743861404e-04 3.603867533241711385e-05 4.624340269993698627e-03 0.000000000000000000e+00
2.152408301454820927e-03 3.487850804214098765e-04 -9.081120292636912783e-04 -6.478441533248613382e-04 8.353111889958242386e-05 4.345392629274025253e-03 0.000000000000000000e+00
2.337272056939301845e-03 3.821941280507945571e-04 -9.962393719354645238e-04 -7.696477376599730746e-04 1.454093834687419928e-04 4.787455867711010171e-03 0.000000000000000000e+00
2.162313731266365946e-03 3.569914653151484707e-04 -9.307074942337956180e-04 -7.724614648285665908e-04 1.851646207895463192e-04 4.489666472347941806e-03 0.000000000000000000e+00
2.347487177069798592e-03 3.912967068563921735e-04 -1.019768156442280027e-03 -9.035188477177769073e-04 2.559348842039455008e-04 4.935985983825164070e-03 0.000000000000000000e+00
2.171206441736781012e-03 3.652851260639300435e-04 -9.516224970723130561e-04 -8.957674617802169337e-04 2.874445760281396645e-04 4.619907296001812824e-03 0.000000000000000000e+00
2.356487459523465278e-03 4.001689541838215902e-04 -1.041603678661906507e-03 -1.036886732652675391e-03 3.668627487800613096e-04 5.069801080666680448e-03 0.000000000000000000e+00
2.178944438001428896e-03 3.735777602820733456e-04 -9.709198997882584337e-04 -1.017683870991881179e-03 3.896871788717781726e-04 4.736264024855385557e-03 0.000000000000000000e+00
2.364227731662213450e-03 4.092429088615734400e-04 -1.061578308311661445e-03 -1.167641418185816349e-03 4.774373469529358260e-04 5.188286467606273433e-03 0.000000000000000000e+00
2.185405144332921989e-03 3.817717655811847521e-04 -9.885595431642635322e-04 -1.137975472061292237e-03 4.913154962151722316e-04 4.838664495901756624e-03 0.000000000000000000e+00
2.370450626892117718e-03 4.178163659299682919e-04 -1.079785438748037674e-03 -1.297294788646929931e-03 5.867410504265535565e-04 5.291506004099666427e-03 0.000000000000000000e+00
2.190469569866980437e-03 3.896785928168000623e-04 -1.004461458092381632e-03 -1.256189768509941018e-03 5.915218406791211692e-04 4.926728222254039835e-03 0.000000000000000000e+00
2.375154254170633306e-03 4.263639985704337221e-04 -1.096081337073673279e-03 -1.423839864050258086e-03 6.943373217938031416e-04 5.379241157035474785e-03 0.000000000000000000e+00
2.193995490726644015e-03 3.972026881924328734e-04 -1.018652523654545172e-03 -1.372231789562583515e-03 6.896677743637447122e-04 5.000623860147879185e-03 0.000000000000000000e+00
2.378038096950724212e-03 4.340808060467882257e-04 -1.110474717827658608e-03 -1.548510158656313251e-03 7.991001966400901324e-04 5.451263635352310288e-03 0.000000000000000000e+00
2.195866996099402058e-03 4.041551424798228709e-04 -1.030989632293005664e-03 -1.485520179334010038e-03 7.849781093010044231e-04 5.059694990996677078e-03 0.000000000000000000e+00
2.379173449470653456e-03 4.414442540439100782e-04 -1.122945518630708017e-03 -1.669472455752440965e-03 9.007837822947450945e-04 5.508005721674535948e-03 0.000000000000000000e+00
2.195944649915793079e-03 4.104222236476218200e-04 -1.041577906090884742e-03 -1.595981113848843336e-03 8.768680879454038291e-04 5.104683089814487928e-03 0.000000000000000000e+00
2.378199036004863265e-03 4.476123682256583081e-04 -1.133362779339786020e-03 -1.787734676703678360e-03 9.981270752748017117e-04 5.548482018053357834e-03 0.000000000000000000e+00
2.194109057203033619e-03 4.158322896505306510e-04 -1.050299061450765681e-03 -1.703183567848931546e-03 9.646552975790534390e-04 5.135147190360012104e-03 0.000000000000000000e+00
2.375221699991644786e-03 4.530824193458848903e-04 -1.141811365060252381e-03 -1.901547686653515257e-03 1.090984703004505008e-03 5.573928163568941940e-03 0.000000000000000000e+00
2.190308530246196095e-03 4.201830708923659508e-04 -1.057130659668226169e-03 -1.806695896171994775e-03 1.047954712486642848e-03 5.151242861365812331e-03 0.000000000000000000e+00
2.369831777290082320e-03 4.570050269827596878e-04 -1.148139211912868607e-03 -2.011887210046303665e-03 1.177961831080764910e-03 5.583215014267395304e-03 0.000000000000000000e+00
2.184327178527761815e-03 4.233211199719533191e-04 -1.062068613864264321e-03 -1.906186794470521306e-03 1.125700893181758033e-03 5.153143263131099161e-03 0.000000000000000000e+00
2.362281562642024046e-03 4.598398476224341280e-04 -1.152423098749910668e-03 -2.116976705422324301e-03 1.259477576747158878e-03 5.577709413233877811e-03 0.000000000000000000e+00
2.176154758607842798e-03 4.250890461838796597e-04 -1.065034829475924871e-03 -2.001219782385099677e-03 1.197705521536640560e-03 5.140782179000824570e-03 0.000000000000000000e+00
2.352065227339800169e-03 4.607384794769187053e-04 -1.154541790625740472e-03 -2.217702957128864227e-03 1.333708627961449622e-03 5.556319021033262473e-03 0.000000000000000000e+00
2.165631672530435314e-03 4.252621388709521000e-04 -1.066000325223442902e-03 -2.091391628169958494e-03 1.263199725015873298e-03 5.114306805240831366e-03 0.000000000000000000e+00
2.339488554837773626e-03 4.602170833700180985e-04 -1.154604847851792293e-03 -2.312420046052920952e-03 1.401376019176669985e-03 5.520903375078267672e-03 0.000000000000000000e+00
2.152720376609587594e-03 4.237410013912534801e-04 -1.064989556663897829e-03 -2.176449288140425153e-03 1.321848879936471377e-03 5.074124031608118202e-03 0.000000000000000000e+00
2.324043845206402725e-03 4.573492940561640907e-04 -1.152336056109953821e-03 -2.401703625426243605e-03 1.460577204891677638e-03 5.469431506406108312e-03 0.000000000000000000e+00
2.137278990148858138e-03 4.202990858577226874e-04 -1.061979886076841462e-03 -2.255880467414428381e-03 1.373026772676588791e-03 5.020598816122490149e-03 0.000000000000000000e+00
2.306080187155820638e-03 4.527265248033818246e-04 -1.148020481490374944e-03 -2.484279729102922829e-03 1.512167547891074548e-03 5.404673432975570790e-03 0.000000000000000000e+00
2.119312686232097120e-03 4.148012261722677785e-04 -1.056894693933912999e-03 -2.329228182055942398e-03 1.416412202426275968e-03 4.953652123778296001e-03 0.000000000000000000e+00
2.285059589640647815e-03 4.454361320804789415e-04 -1.141352963526021114e-03 -2.560640365365074445e-03 1.554475580840541937e-03 5.324709382369841038e-03 0.000000000000000000e+00
2.098698309652854976e-03 4.071161660835209695e-04 -1.049749039621766800e-03 -2.396173334792806031e-03 1.451443120282558397e-03 4.873776994435363719e-03 0.000000000000000000e+00
2.261417542953350623e-03 4.360180592646867304e-04 -1.132555552531361309e-03 -2.629250780440628432e-03 1.588184384230917345e-03 5.231914587626507185e-03 0.000000000000000000e+00
2.075416673925259414e-03 3.971104834126215621e-04 -1.040579556427001506e-03 -2.456488378892451863e-03 1.478068128311527119e-03 4.781587220232808022e-03 0.000000000000000000e+00
2.234576611574154437e-03 4.236460158185129110e-04 -1.121369127523780262e-03 -2.690861434952118714e-03 1.611744894354227853e-03 5.124551280358380367e-03 0.000000000000000000e+00
2.049401067599043724e-03 3.846139755290800544e-04 -1.029281818342525634e-03 -2.509505541432588416e-03 1.495680269437471566e-03 4.677109118920386166e-03 0.000000000000000000e+00
2.205054091565641916e-03 4.089457753069791757e-04 -1.108080761200280762e-03 -2.744154948102206504e-03 1.626283455311572368e-03 5.005514445202141616e-03 0.000000000000000000e+00
2.020625066859127461e-03 3.695641645993230640e-04 -1.015881984458844034e-03 -2.555025540905475623e-03 1.504023812405552718e-03 4.560693746034072404e-03 0.000000000000000000e+00
2.172208584934262610e-03 3.910158897909021825e-04 -1.092384744709379296e-03 -2.789573954818713730e-03 1.629902359246315768e-03 4.872835007465159407e-03 0.000000000000000000e+00
1.989080380050467500e-03 3.518549809723992006e-04 -1.000390214397961497e-03 -2.592739547355726870e-03 1.503122621280716942e-03 4.433190257432384485e-03 0.000000000000000000e+00
2.136675719041525312e-03 3.705842439165052404e-04 -1.074557324527630753e-03 -2.825940084233202754e-03 1.624136054521052586e-03 4.729421259759503116e-03 0.000000000000000000e+00
1.954731677755838781e-03 3.314405952765664409e-04 -9.828059031748159757e-04 -2.622439176473534417e-03 1.492585270417734478e-03 4.294784347003366420e-03 0.000000000000000000e+00
2.097772175822132379e-03 3.467626999682504874e-04 -1.054285842215868518e-03 -2.853692361204807071e-03 1.607050437762769235e-03 4.573292922985139342e-03 0.000000000000000000e+00
1.917548607634322888e-03 3.082479909073398971e-04 -9.631194169519852188e-04 -2.643679532037701563e-03 1.472270112133688968e-03 4.146242071562111775e-03 0.000000000000000000e+00
2.056172015632601324e-03 3.203469508405998312e-04 -1.031925302691888424e-03 -2.871944694518901997e-03 1.580280162043479208e-03 4.407674603611466679e-03 0.000000000000000000e+00
1.877576164591443497e-03 2.822711138500411110e-04 -9.413608041255183689e-04 -2.656374462818078541e-03 1.442223146096210940e-03 3.988052600673031023e-03 0.000000000000000000e+00
2.011186083639593392e-03 2.904810797292878277e-04 -1.007110091755053505e-03 -2.880976136628632389e-03 1.541955479735346302e-03 4.230510218748984030e-03 0.000000000000000000e+00
1.834843863322499491e-03 2.535181961151322660e-04 -9.174866451433227876e-04 -2.660058464934778044e-03 1.402444664869939572e-03 3.820666229268354641e-03 0.000000000000000000e+00
1.963532705433423953e-03 2.580684481500727934e-04 -9.802883753305680070e-04 -2.880328185884906134e-03 1.494015831075667933e-03 4.045522086236985615e-03 0.000000000000000000e+00
1.789311126905640537e-03 2.220002326572823037e-04 -8.915804842275776299e-04 -2.654919979734771118e-03 1.352798932700238765e-03 3.644961375275146409e-03 0.000000000000000000e+00
1.912540883904439992e-03 2.222283421654536184e-04 -9.509583577101687890e-04 -2.869624000479298331e-03 1.434429058742026086e-03 3.850104476030180578e-03 0.000000000000000000e+00
1.741054729712449012e-03 1.877943809503457295e-04 -8.636173759668241967e-04 -2.640576242326275747e-03 1.293512754214187765e-03 3.461566887016376270e-03 0.000000000000000000e+00
1.859002356163597103e-03 1.839686881128232976e-04 -9.196744133594392245e-04 -2.849134965824617893e-03 1.365578606751238766e-03 3.648221775867765970e-03 0.000000000000000000e+00
1.690092205251791935e-03 1.509890872031793840e-04 -8.336449096905673706e-04 -2.617029230825629327e-03 1.224635518284777902e-03 3.271271085814486668e-03 0.000000000000000000e+00
1.802171966969023931e-03 1.424916727776337488e-04 -8.859628016067155887e-04 -2.818409548597244907e-03 1.285348956031828749e-03 3.437735748191839136e-03 0.000000000000000000e+00
1.636509757744791793e-03 1.116618078073616793e-04 -8.016244275548534137e-04 -2.584040355513295140e-03 1.146436703906683618e-03 3.074580933633441759e-03 0.000000000000000000e+00
1.742923513084942977e-03 9.880801726130927776e-05 -8.503449362936010836e-04 -2.777701936785170744e-03 1.196215193699501356e-03 3.222432570683997355e-03 0.000000000000000000e+00
1.580363875622242675e-03 6.998163795296497014e-05 -7.676419488287511417e-04 -2.541676500488421198e-03 1.059117300768797065e-03 2.872488188081501193e-03 0.000000000000000000e+00
1.680476561032262506e-03 5.222163676449342873e-05 -8.123525173036050262e-04 -2.726645943377015158e-03 1.096130454754984385e-03 3.000218791367803561e-03 0.000000000000000000e+00
1.521685200460892728e-03 2.612060537926508275e-05 -7.317329070968547899e-04 -2.490020470345299941e-03 9.630280334178564772e-04 2.666012638209869223e-03 0.000000000000000000e+00
1.615854299248403736e-03 3.804864791512319044e-06 -7.725080752811752660e-04 -2.665491408919251626e-03 9.880197170102356097e-04 2.774911850733863261e-03 0.000000000000000000e+00
1.460629334453539263e-03 -1.973621968698324736e-05 -6.938960827342910420e-04 -2.428845319048633655e-03 8.585204950466440721e-04 2.455652813441178139e-03 0.000000000000000000e+00
1.548168228420077064e-03 -4.708268802133819264e-05 -7.303924403097017404e-04 -2.594124157697663691e-03 8.696977727415955428e-04 2.544852250541129735e-03 0.000000000000000000e+00
1.397240914061986805e-03 -6.736441384036506719e-05 -6.541801972836103207e-04 -2.358301676770757638e-03 7.460243664336729807e-04 2.242545714510768562e-03 0.000000000000000000e+00
1.478546744000303059e-03 -9.928616574672588513e-05 -6.865509550524062643e-04 -2.512992517225143274e-03 7.444207096964916559e-04 2.313721609650487565e-03 0.000000000000000000e+00
1.331668155286153121e-03 -1.164944538342149727e-04 -6.126652929594189612e-04 -2.278433743630792208e-03 6.260445910779566248e-04 2.027692059728858354e-03 0.000000000000000000e+00
1.406109546913836272e-03 -1.534497114640265281e-04 -6.404454783718732669e-04 -2.421307652028303892e-03 6.099750479928722768e-04 2.079586630612473286e-03 0.000000000000000000e+00
1.264016010937951684e-03 -1.668480834701169258e-04 -5.693699660569290222e-04 -2.189395700369800579e-03 4.991651022625553935e-04 1.812050518592567272e-03 0.000000000000000000e+00
1.332029904519221875e-03 -2.083420872234231780e-04 -5.927358717829345203e-04 -2.319990759099610500e-03 4.697675918121646532e-04 1.846533795203830763e-03 0.000000000000000000e+00
1.194444850308146178e-03 -2.181339263193082800e-04 -5.243633792149232642e-04 -2.091156435681362780e-03 3.660579988595813461e-04 1.596539436770072484e-03 0.000000000000000000e+00
1.255438643253087294e-03 -2.644811878107500291e-04 -5.429072061547274286e-04 -2.208394476903130510e-03 3.218052962035145015e-04 1.612930429064185489e-03 0.000000000000000000e+00
1.123112079350840897e-03 -2.700237381867420794e-04 -4.776715327540759226e-04 -1.983765545210403047e-03 2.274235680101988066e-04 1.382249700105697698e-03 0.000000000000000000e+00
1.177523446247663585e-03 -3.206604846827110222e-04 -4.916362757846626241e-04 -2.087565102588229138e-03 1.696286674968128239e-04 1.382672156817754683e-03 0.000000000000000000e+00
1.050189065396694987e-03 -3.221430908766365064e-04 -4.294357479570493075e-04 -1.867543079244526893e-03 8.409512568707810942e-05 1.170466880190845771e-03 0.000000000000000000e+00
1.097528285785603908e-03 -3.773256883686237906e-04 -4.383278198232948286e-04 -1.956170996625594682e-03 1.154631484023838084e-05 1.154043069413912548e-03 0.000000000000000000e+00
9.759055701807350935e-04 -3.741778196906242471e-04 -3.795959058209147363e-04 -1.742007167048420513e-03 -6.309996496511871555e-05 9.618346952251499715e-04 0.000000000000000000e+00
1.016645754484762909e-03 -4.332580997917223620e-04 -3.837048698699385696e-04 -1.815679695438277008e-03 -1.490053989008366386e-04 9.310687324612931803e-04 0.000000000000000000e+00
9.004658703589407676e-04 -4.256702420678548648e-04 -3.283560547775316030e-04 -1.607760972953009571e-03 -2.130924025762759300e-04 7.579058887416945112e-04 0.000000000000000000e+00
9.341242219462475571e-04 -4.888036115052729613e-04 -3.272578681893373309e-04 -1.664791213651817259e-03 -3.133827126582389155e-04 7.123517838083515130e-04 0.000000000000000000e+00
8.240932243369913923e-04 -4.762997012979219846e-04 -2.756766641662938833e-04 -1.464206495438880040e-03 -3.651167658960119411e-04 5.594385384519728888e-04 0.000000000000000000e+00
8.512324691252182163e-04 -5.427745132147721030e-04 -2.697117878408816782e-04 -1.505096856145193840e-03 -4.779205786258344801e-04 5.017581632855705465e-04 0.000000000000000000e+00
7.470873599786931329e-04 -5.255837117373318712e-04 -2.217245293036906872e-04 -1.311632375045945764e-03 -5.177629826835783433e-04 3.678421085289151904e-04 0.000000000000000000e+00
7.673298325288069321e-04 -5.954686389809671354e-04 -2.104228216950471131e-04 -1.334459755438999196e-03 -6.437934183933791132e-04 2.977203494258784389e-04 0.000000000000000000e+00
6.697027285650636319e-04 -5.731252197497260781e-04 -1.665860307584060562e-04 -1.149956540817953510e-03 -6.700242275199386199e-04 1.842567932206495840e-04 0.000000000000000000e+00
6.836663800557640780e-04 -6.457161124116539419e-04 -1.502144558578055733e-04 -1.154622961504259138e-03 -8.074141616694063828e-04 1.040022793612482843e-04 0.000000000000000000e+00
5.922797789754408182e-04 -6.185183647745562396e-04 -1.103009806655425029e-04 -9.787571482444690218e-04 -8.205564435792567224e-04 9.645733995533589678e-06 0.000000000000000000e+00
5.996692393733238369e-04 -6.936841082094691302e-04 -8.852058128411277593e-05 -9.634974863290679536e-04 -9.695389725505876299e-04 -8.026106861569459738e-05 0.000000000000000000e+00
5.151480838347377578e-04 -6.613143591925885190e-04 -5.301798408330338219e-05 -7.980466987147494251e-04 -9.679644151932009777e-04 -1.547826635663884787e-04 0.000000000000000000e+00
5.166534956879964557e-04 -7.383210708188370219e-04 -2.613061721931653203e-05 -7.628431319002260125e-04 -1.126500252467632635e-03 -2.518550075474301764e-04 0.000000000000000000e+00
4.386681058528851818e-04 -7.010790881963879784e-04 5.154895422257443904e-06 -6.073325637476756356e-04 -1.110904221593767005e-03 -3.077347289104359618e-04 0.000000000000000000e+00
4.340789501224295854e-04 -7.797206119163901938e-04 3.753255440591685144e-05 -5.499968507907126991e-04 -1.278816616705924503e-03 -4.114466357461044055e-04 0.000000000000000000e+00
3.632564242068148097e-04 -7.373833562407394737e-04 6.415520450307743427e-05 -4.061186802175598132e-04 -1.247751658032036914e-03 -4.483188315926867062e-04 0.000000000000000000e+00
3.533472003378890225e-04 -8.168667501093906935e-04 1.016006997928975419e-04 -3.269493862712025134e-04 -1.422666246936099554e-03 -5.559578526259656428e-04 0.000000000000000000e+00
2.893024942871302851e-04 -7.698029962360242173e-04 1.238128240098890220e-04 -1.939940911039883531e-04 -1.377064504259006839e-03 -5.752450768834460604e-04 0.000000000000000000e+00
2.740021305163431453e-04 -8.498485621571405524e-04 1.667869270308569574e-04 -9.011951371551418788e-05 -1.558410684324051942e-03 -6.861945757254961364e-04 0.000000000000000000e+00
2.172794408905609487e-04 -7.979136635805073041e-04 1.840169562986604390e-04 2.967648080254292609e-05 -1.496995741653073253e-03 -6.873295167522108784e-04 0.000000000000000000e+00
1.974128679536890640e-04 -8.776846613769984096e-04 2.320485115220871641e-04 1.578392340890744094e-04 -1.682176780359867507e-03 -7.988433297487773643e-04 0.000000000000000000e+00
1.476583369030004533e-04 -8.213156129721621568e-04 2.446712570548237320e-04 2.657458874004703375e-04 -1.605936789017992083e-03 -7.837845563585243980e-04 0.000000000000000000e+00
1.232689980051882017e-04 -9.003925366454779144e-04 2.980886668020876762e-04 4.212292032406139697e-04 -1.793851449428007783e-03 -8.944484683066633579e-04 0.000000000000000000e+00
8.089693302393285990e-05 -8.395847054151195366e-04 3.055631112801188154e-04 5.148325970916189931e-04 -1.702083653846830913e-03 -8.630980528123721740e-04 0.000000000000000000e+00
5.294597630542408062e-05 -9.171929134524359206e-04 3.640076625712196368e-04 6.977574632349714534e-04 -1.889870450664243862e-03 -9.707291138263407504e-04 0.000000000000000000e+00
1.756095638766330680e-05 -8.523537191705288230e-04 3.666322990567988382e-04 7.779155414819882708e-04 -1.783352712603658574e-03 -9.245321439350639992e-04 0.000000000000000000e+00
-1.378394445175623595e-05 -9.279053227182476604e-04 4.303340457762622195e-04 9.918302105980103534e-04 -1.969495702483392563e-03 -1.027120907698186869e-03 0.000000000000000000e+00
-4.181349315821036861e-05 -8.591960332494652519e-04 4.276634141869295469e-04 1.056132312023727593e-03 -1.848031289729767934e-03 -9.668002436766798269e-04 0.000000000000000000e+00
-7.559865677339572265e-05 -9.319926715791737593e-04 4.962171221202793525e-04 1.300949500854464702e-03 -2.029437668490174929e-03 -1.062091920892571650e-03 0.000000000000000000e+00
-9.669099158299276908e-05 -8.597988822799385034e-04 4.885373646578150542e-04 1.350655396485933579e-03 -1.893923795731389248e-03 -9.889542724272892826e-04 0.000000000000000000e+00
-1.325127996205377467e-04 -9.290949220098765338e-04 5.621976686140811585e-04 1.630366277123762586e-03 -2.068391156560434041e-03 -1.074757024589256815e-03 0.000000000000000000e+00
-1.464679492801379546e-04 -8.537713348014674963e-04 5.490720988269442993e-04 1.662584479397821724e-03 -1.918949238918887801e-03 -9.898964742913740622e-04 0.000000000000000000e+00
-1.833400279173114100e-04 -9.188622185904438133e-04 6.273287894119627950e-04 1.977228743918146847e-03 -2.083379603196711116e-03 -1.063879504380915719e-03 0.000000000000000000e+00
-1.905903963879407303e-04 -8.407783977609772919e-04 6.091178701039950960e-04 1.993446328123482658e-03 -1.921142381173801539e-03 -9.686463039939585684e-04 0.000000000000000000e+00
-2.279117515843476216e-04 -9.007974649700156711e-04 6.921822104016261967e-04 2.347419393572636181e-03 -2.072231427428405937e-03 -1.028193880277417094e-03 0.000000000000000000e+00
-2.284437472096501054e-04 -8.204731247732910404e-04 6.684744958297406114e-04 2.344404254980503310e-03 -1.898052535783456563e-03 -9.241201160017364913e-04 0.000000000000000000e+00
-2.651935821906536983e-04 -8.747787290263042692e-04 7.558460539854039428e-04 2.737868226952322459e-03 -2.032690986371044062e-03 -9.671976655785119448e-04 0.000000000000000000e+00
-2.594171722613836106e-04 -7.924965603922640156e-04 7.269440156914275253e-04 2.717004102301245894e-03 -1.847452586298370392e-03 -8.553318354282968272e-04 0.000000000000000000e+00
-2.948245696777207492e-04 -8.400830754392019095e-04 8.188483201673202316e-04 3.155185977066210512e-03 -1.961796713980223927e-03 -8.789694964523864229e-04 0.000000000000000000e+00
-2.829210056501385573e-04 -7.565281061143735997e-04 7.843381867196075330e-04 3.112658097111697941e-03 -1.766846772505381580e-03 -7.613392045542344277e-04 0.000000000000000000e+00
-3.159562692719997123e-04 -7.967899199080030748e-04 8.802072158063112273e-04 3.595474601178594298e-03 -1.857538810610570579e-03 -7.635450300045310001e-04 0.000000000000000000e+00
-2.983472565123157505e-04 -7.122203793184511689e-04 8.405030231899146553e-04 3.532805746134570768e-03 -1.653833771191770552e-03 -6.413582832951458812e-04 0.000000000000000000e+00
0.000000000000000000e+00 0.000000000000000000e+00 0.000000000000000000e+00 0.000000000000000000e+00 0.000000000000000000e+00 0.000000000000000000e+00 0.000000000000000000e+00
