-1.480714519646138816e-01 -3.011934954007413623e-01 1.522516162974736909e-01 1.573636679063145749e+00 1.998850177486133362e-03 1.565344846191994987e+00 -4.984996141677652814e-01 8.514014818007813457e-01 2.450567598160937610e-01 -5.498325435217470414e-01 -1.163780357392015352e+00 2.438312396614665534e-01 0.000000000000000000e+00
-1.479598102291534156e-01 -3.016715998537600196e-01 1.538160342008246251e-01 1.572490368716820797e+00 2.225043182543906539e-03 1.559516503575367086e+00 -4.970201616031990621e-01 8.484865188296351057e-01 2.426442021845911512e-01 -5.481846793077468361e-01 -1.164594086263089023e+00 2.445619777750706880e-01 0.000000000000000000e+00
-1.477931935270049568e-01 -3.021547947647520993e-01 1.555034146401513551e-01 1.571399883196468394e+00 2.529267934641588056e-03 1.553137836718785803e+00 -4.953249929903363880e-01 8.452322025565854879e-01 2.403317794100752192e-01 -5.462840478167846348e-01 -1.165694504425509814e+00 2.453432493703590345e-01 0.000000000000000000e+00
-1.475977013198995491e-01 -3.025700911780754288e-01 1.570531560178708708e-01 1.570529566861585735e+00 2.862764482085999873e-03 1.547195221150851951e+00 -4.936725015339422096e-01 8.421435349033389306e-01 2.384655692762023271e-01 -5.444217325560057885e-01 -1.166902114821806169e+00 2.460526821952425391e-01 0.000000000000000000e+00
-1.473410622852632801e-01 -3.029880029752329840e-01 1.587223975334401405e-01 1.569731579521885578e+00 3.278987109946562839e-03 1.540703224544764272e+00 -4.917841538735078233e-01 8.387101210469813939e-01 2.367255929779989998e-01 -5.422851782819760880e-01 -1.168408531892409563e+00 2.468061570466532073e-01 0.000000000000000000e+00
-1.470628169733727009e-01 -3.033452217366976456e-01 1.602532711822268197e-01 1.569126830935666739e+00 3.712104159040219287e-03 1.534665011483699715e+00 -4.899471719325985131e-01 8.354633947830387708e-01 2.353733729345111048e-01 -5.402006222282301762e-01 -1.169974337455321756e+00 2.474855127959756096e-01 0.000000000000000000e+00
-1.467169555737410647e-01 -3.037025057014984819e-01 1.618998748895212891e-01 1.568611675334380173e+00 4.231821973678329130e-03 1.528079143826858388e+00 -4.878524625771966106e-01 8.318663962567232062e-01 2.341748172859210442e-01 -5.378186243702360869e-01 -1.171850933917446103e+00 2.482016035235842799e-01 0.000000000000000000e+00
-1.463572418113181783e-01 -3.040060470012300176e-01 1.634079794672013697e-01 1.568262320920011277e+00 4.755729638291406047e-03 1.521963573015677085e+00 -4.858203707969253604e-01 8.284767914002973965e-01 2.333052951900100869e-01 -5.355047035676071543e-01 -1.173740313552802839e+00 2.488423267923437210e-01 0.000000000000000000e+00
-1.459241535213630092e-01 -3.043075673782738022e-01 1.650280525647392083e-01 1.568017657017217736e+00 5.368458344690019146e-03 1.515303474088815827e+00 -4.835096124980908239e-01 8.247335187511094512e-01 2.326114085679897858e-01 -5.328714697502776598e-01 -1.175948340412587445e+00 2.495122283197963309e-01 0.000000000000000000e+00
-1.454844732427779119e-01 -3.045615412278683265e-01 1.665098803879554445e-01 1.567913541449675208e+00 5.973460828331944583e-03 1.509127719268871681e+00 -4.812727569195059951e-01 8.212157492672237380e-01 2.321939580671201764e-01 -5.303218591911766921e-01 -1.178128137764817396e+00 2.501060965981272144e-01 0.000000000000000000e+00
-1.449654025274939306e-01 -3.048113914220278442e-01 1.680995862895559856e-01 1.567929730561779422e+00 6.668655830435632481e-03 1.502411369938859709e+00 -4.787345313740651309e-01 8.173412493553219305e-01 2.319747799094065144e-01 -5.274293000627007233e-01 -1.180634172350581990e+00 2.507207042434470567e-01 0.000000000000000000e+00
-1.444474625198344520e-01 -3.050196425799943101e-01 1.695518735181066883e-01 1.568060739339961707e+00 7.344181918040426638e-03 1.496192124379267296e+00 -4.762840902760559492e-01 8.137098960509444590e-01 2.319793072832596614e-01 -5.246382406612704052e-01 -1.183072296328549378e+00 2.512597446928359068e-01 0.000000000000000000e+00
-1.438448254982312158e-01 -3.052220249287889708e-01 1.711080561269705258e-01 1.568325493052803665e+00 8.109787969174497846e-03 1.489437287452364700e+00 -4.735107741853882835e-01 8.097204141589784410e-01 2.321999501795726228e-01 -5.214821617429311607e-01 -1.185840785439741252e+00 2.518109524594550619e-01 0.000000000000000000e+00
-1.432504652425384828e-01 -3.053881281867449893e-01 1.725278637024222073e-01 1.568681443878247705e+00 8.844977108362073182e-03 1.483190252189449776e+00 -4.708387580846845610e-01 8.059896583669137193e-01 2.325971606561580973e-01 -5.184447266511549302e-01 -1.188506876007019653e+00 2.522875084917678978e-01 0.000000000000000000e+00
-1.425658961477043463e-01 -3.055465929423928362e-01 1.740472714869895354e-01 1.569184879788867448e+00 9.669097183216734948e-03 1.476413734295806579e+00 -4.678206974898386217e-01 8.018996421437972755e-01 2.332288624667246957e-01 -5.150184034611997586e-01 -1.191506793816939469e+00 2.527667443299276839e-01 0.000000000000000000e+00
-1.418971505330047511e-01 -3.056738589057726996e-01 1.754318986074535347e-01 1.569755424347841100e+00 1.045238868765885343e-02 1.470154393822327821e+00 -4.649199824305243478e-01 7.980832657226865079e-01 2.339901270643240938e-01 -5.117301651737653501e-01 -1.194371289885428622e+00 2.531733757388691664e-01 0.000000000000000000e+00
-1.411333513006893803e-01 -3.057920031657205273e-01 1.769119035504167492e-01 1.570485245294003462e+00 1.132231216005852303e-02 1.463372727671751861e+00 -4.616513849561292293e-01 7.939081615027419048e-01 2.349999977496821657e-01 -5.080309678406179641e-01 -1.197570278986831882e+00 2.535732493765445739e-01 0.000000000000000000e+00
-1.403923695599471888e-01 -3.058835101985290517e-01 1.782589169957756736e-01 1.571259893301699684e+00 1.214208520807025238e-02 1.457115885986963733e+00 -4.585156459306153898e-01 7.900196134160899497e-01 2.360973532768491090e-01 -5.044882645110264630e-01 -1.200605084207031714e+00 2.539028654957122821e-01 0.000000000000000000e+00
-1.395513069839026676e-01 -3.059644257981690707e-01 1.796968064045945945e-01 1.572205588729236325e+00 1.304522915229089364e-02 1.450344997797672564e+00 -4.549885553829144391e-01 7.857732696369859049e-01 2.374575628036073027e-01 -5.005108001334795942e-01 -1.203974249302090849e+00 2.542152875810921864e-01 0.000000000000000000e+00
-1.387403598907591962e-01 -3.060230097698776741e-01 1.810039309029873866e-01 1.573173707408737521e+00 1.388967645330474454e-02 1.444105361908146090e+00 -4.516122663319392383e-01 7.818257325321886775e-01 2.388638450172235750e-01 -4.967105691264773193e-01 -1.207152332588936838e+00 2.544610307706792751e-01 0.000000000000000000e+00
-1.378249960493857229e-01 -3.060697428524316033e-01 1.823976000431044853e-01 1.574322665361662210e+00 1.481306972778373421e-02 1.437360713348896368e+00 -4.478227212588110073e-01 7.775225968428387535e-01 2.405433675586818865e-01 -4.924535394134992861e-01 -1.210662245747606836e+00 2.546792601772544518e-01 0.000000000000000000e+00
-1.369464353741868257e-01 -3.060980302732460578e-01 1.836628190200284838e-01 1.575473414830734775e+00 1.567052864740592355e-02 1.431152314821690030e+00 -4.442010884924122438e-01 7.735288538931286428e-01 2.422320780059012968e-01 -4.883933173050781229e-01 -1.213958040754634427e+00 2.548345724030764980e-01 0.000000000000000000e+00
-1.359589421433081424e-01 -3.061132490885983826e-01 1.850099670466771595e-01 1.576814593936356701e+00 1.660176690555115186e-02 1.424449160802451209e+00 -4.401427305967541281e-01 7.691823086780102958e-01 2.442042819511593965e-01 -4.838527275150339424e-01 -1.217582336682123234e+00 2.549510524112538201e-01 0.000000000000000000e+00
-1.350152588619017158e-01 -3.061136678589471694e-01 1.862314501144806678e-01 1.578136765242003747e+00 1.746054119949835837e-02 1.418285991939085777e+00 -4.362718592418375896e-01 7.651548101614834563e-01 2.461494548113531966e-01 -4.795306833819443226e-01 -1.220971076011194700e+00 2.550095920209651812e-01 0.000000000000000000e+00
-1.339587627070150389e-01 -3.060999732174605192e-01 1.875304457040779527e-01 1.579657166507240085e+00 1.838708976931524575e-02 1.411638988958240137e+00 -4.319423915472094255e-01 7.607783709631290581e-01 2.483849122303658508e-01 -4.747065668043474740e-01 -1.224682989938546962e+00 2.550182972287783345e-01 0.000000000000000000e+00
-1.329524447933461972e-01 -3.060747519862414001e-01 1.887065287693901194e-01 1.581139541540427018e+00 1.923599676683318549e-02 1.405534597808969055e+00 -4.278189859419260777e-01 7.567292342627451873e-01 2.505615137892875932e-01 -4.701214356450717502e-01 -1.228141504088178459e+00 2.549740554651693802e-01 0.000000000000000000e+00
-1.318292914204071131e-01 -3.060344165711909037e-01 1.899553848865704331e-01 1.582827567102902400e+00 2.014586131655793366e-02 1.398958888939777712e+00 -4.232136813373929551e-01 7.523357508334143073e-01 2.530349246516987449e-01 -4.650109959607778287e-01 -1.231916801249474780e+00 2.548678785614593156e-01 0.000000000000000000e+00
-1.307629054160271143e-01 -3.059856437993651590e-01 1.910845853727954902e-01 1.584458524928121115e+00 2.097403015633059198e-02 1.392926848669807871e+00 -4.188352114787073366e-01 7.482767604369973125e-01 2.554183206692650643e-01 -4.601621452745568996e-01 -1.235422586508454934e+00 2.547150630491591961e-01 0.000000000000000000e+00
-1.295762934110447351e-01 -3.059208515347000557e-01 1.922820283451901757e-01 1.586300925485639723e+00 2.185563743769591838e-02 1.386436554880327243e+00 -4.139533708844830295e-01 7.438788827918677571e-01 2.581021212577923052e-01 -4.547666807745972539e-01 -1.239237298453884639e+00 2.544886444222320132e-01 0.000000000000000000e+00
-1.284524543674692154e-01 -3.058504423001333627e-01 1.933630428174696325e-01 1.588068739431916399e+00 2.265262405439116833e-02 1.380490025417783428e+00 -4.093180724281728633e-01 7.398214902921046443e-01 2.606683432841929715e-01 -4.496539441138631688e-01 -1.242769182691547680e+00 2.542217790362492624e-01 0.000000000000000000e+00
-1.272047925521997969e-01 -3.057631709612673165e-01 1.945074758934788872e-01 1.590053296842278030e+00 2.349514604504232551e-02 1.374099786370915233e+00 -4.041564334719222051e-01 7.354314023931636246e-01 2.635382988329164622e-01 -4.439719234806109305e-01 -1.246601338342117282e+00 2.538685107176502642e-01 0.000000000000000000e+00
-1.260260869564934216e-01 -3.056728927353105085e-01 1.955391295995014822e-01 1.591946090560940164e+00 2.425125312310560943e-02 1.368251805488580386e+00 -3.992631412850106143e-01 7.313867264876058316e-01 2.662641773666671874e-01 -4.385957336090407499e-01 -1.250139347850287352e+00 2.534823357148319745e-01 0.000000000000000000e+00
-1.247206062977211649e-01 -3.055649874313409176e-01 1.966296095704497260e-01 1.594059328133724307e+00 2.504439367596633659e-02 1.361975295623474080e+00 -3.938225694940877264e-01 7.270162794017039909e-01 2.692943220549592898e-01 -4.326296202665043666e-01 -1.253967508759221916e+00 2.529975072383830459e-01 0.000000000000000000e+00
-1.234896448180468620e-01 -3.054564565766684225e-01 1.976108114386802839e-01 1.596065149304745745e+00 2.575044995459752073e-02 1.356239141919450164e+00 -3.886708841024111849e-01 7.229951058927659435e-01 2.721574865429037260e-01 -4.269909425799932046e-01 -1.257492468778050654e+00 2.524870458364421033e-01 0.000000000000000000e+00
-1.221287430506850513e-01 -3.053296372871474595e-01 1.986460349045481022e-01 1.598294497909743761e+00 2.648483731012474252e-02 1.350090769479228570e+00 -3.829494819745394296e-01 7.186558843706455368e-01 2.753247840273347347e-01 -4.207403037644954491e-01 -1.261296794395228904e+00 2.518645485763928993e-01 0.000000000000000000e+00
-1.208481082287730241e-01 -3.052043899981079500e-01 1.995759478990718483e-01 1.600401163660992054e+00 2.713253414517513562e-02 1.344479005126934412e+00 -3.775395698256660548e-01 7.146685995865789121e-01 2.783031302324250333e-01 -4.148405697121292923e-01 -1.264790728587358304e+00 2.512250736643943938e-01 0.000000000000000000e+00
-1.194349778283457925e-01 -3.050602154150209300e-01 2.005553045726177763e-01 1.602732984250827997e+00 2.779953486253283756e-02 1.338471959192266914e+00 -3.715397009163129427e-01 7.103715225887087259e-01 2.815832125890211923e-01 -4.083090339806554336e-01 -1.268552177310986240e+00 2.504608130105689390e-01 0.000000000000000000e+00
-1.181072074111382958e-01 -3.049196348952095681e-01 2.014331009641723014e-01 1.604928458707611583e+00 2.838141258375515008e-02 1.332997339139099457e+00 -3.658724275375970780e-01 7.064283131206828825e-01 2.846557015386455003e-01 -4.021502742227655025e-01 -1.271998307761548652e+00 2.496878804384438932e-01 0.000000000000000000e+00
-1.166441941710955887e-01 -3.047596128779321845e-01 2.023554870143914608e-01 1.607350058370541568e+00 2.897331534305891410e-02 1.327146094387572361e+00 -3.595935592145445558e-01 7.021844993446143546e-01 2.880267308464679044e-01 -3.953384740760744198e-01 -1.275698903254268268e+00 2.487762637525529619e-01 0.000000000000000000e+00
-1.152717944920837317e-01 -3.046050258060817861e-01 2.031805310307796542e-01 1.609622135768923989e+00 2.948271481365605240e-02 1.321821107180052302e+00 -3.536703560550720216e-01 6.982951523096354585e-01 2.911725898841237559e-01 -3.889231187471553497e-01 -1.279081117838668957e+00 2.478656457520707901e-01 0.000000000000000000e+00
-1.137619495279460352e-01 -3.044304612131976673e-01 2.040456419535960630e-01 1.612119993659149486e+00 2.999291467835885072e-02 1.316138079173264641e+00 -3.471161501648188930e-01 6.941145886094562956e-01 2.946119292739066697e-01 -3.818357147171546617e-01 -1.282704481659776352e+00 2.468031609904268731e-01 0.000000000000000000e+00
-1.123473608042860200e-01 -3.042630657620595258e-01 2.048173916376832548e-01 1.614456647863345751e+00 3.042408840026844530e-02 1.310975003134415839e+00 -3.409390811744346106e-01 6.902884916503666535e-01 2.978113178494734559e-01 -3.751666600048918498e-01 -1.286007866675910716e+00 2.457509293989797450e-01 0.000000000000000000e+00
-1.107929360085408849e-01 -3.040753009473213808e-01 2.056243567912224013e-01 1.617018046718055047e+00 3.084679923422317671e-02 1.305474409421213400e+00 -3.341103699548215733e-01 6.861817640914100735e-01 3.012981946647139697e-01 -3.678053831462902434e-01 -1.289537886700810709e+00 2.445324999107548469e-01 0.000000000000000000e+00
-1.093385462271801861e-01 -3.038962544428789325e-01 2.063424029384664793e-01 1.619407200046419248e+00 3.119495505858349560e-02 1.300485244979236343e+00 -3.276820982946155314e-01 6.824281051139705623e-01 3.045315385441793588e-01 -3.608860245810735501e-01 -1.292748327394901198e+00 2.433349263028166398e-01 0.000000000000000000e+00
-1.077423945746847078e-01 -3.036963718248948951e-01 2.070911148243845812e-01 1.622019086923109477e+00 3.152565475144353258e-02 1.295179092254552522e+00 -3.205837087251183215e-01 6.784043350229698177e-01 3.080451801283752289e-01 -3.532564342426464665e-01 -1.296170888869816684e+00 2.419576559003253635e-01 0.000000000000000000e+00
-1.062504721819376996e-01 -3.035067226925277084e-01 2.077551476225724392e-01 1.624448958570791746e+00 3.178708337987590227e-02 1.290375394242467610e+00 -3.139073968988850827e-01 6.747319024587778991e-01 3.112938371841083018e-01 -3.460906001185430347e-01 -1.299275602068630908e+00 2.406112948112358318e-01 0.000000000000000000e+00
-1.046147195740098762e-01 -3.032959498168061874e-01 2.084450411930877656e-01 1.627098666740708133e+00 3.202199024328056254e-02 1.285277165511544695e+00 -3.065414595083757465e-01 6.708010101107936274e-01 3.148142698290841146e-01 -3.381953927508941082e-01 -1.302576323923675172e+00 2.390705728968409438e-01 0.000000000000000000e+00
-1.030874633026205162e-01 -3.030966673370568687e-01 2.090547648004210668e-01 1.629557693999805323e+00 3.219380263371451889e-02 1.280670858039057336e+00 -2.996208692311549959e-01 6.672182594963099733e-01 3.180603968817816707e-01 -3.307873441256479197e-01 -1.305562925928144491e+00 2.375722285332918793e-01 0.000000000000000000e+00
-1.014147442887861211e-01 -3.028759256327061000e-01 2.096859523410078974e-01 1.632232720551396454e+00 3.233064752878878068e-02 1.275791611476077669e+00 -2.919933761320863130e-01 6.633887004278032906e-01 3.215683126696342597e-01 -3.226330444734479275e-01 -1.308730090254521139e+00 2.358657414857963652e-01 0.000000000000000000e+00
-9.985426508351748220e-02 -3.026679388322281450e-01 2.102412747966301287e-01 1.634709510169651381e+00 3.241098105056927636e-02 1.271393614023418328e+00 -2.848328017511357335e-01 6.599037544043528936e-01 3.247943328561015974e-01 -3.149874085894530662e-01 -1.311587395788067267e+00 2.342124677258320131e-01 0.000000000000000000e+00
-9.814649324742351355e-02 -3.024383053425441226e-01 2.108133380731415374e-01 1.637397729989271689e+00 3.244805588642840632e-02 1.266746458517517215e+00 -2.769470319605998321e-01 6.561847831001117459e-01 3.282712228172548485e-01 -3.065776119201736316e-01 -1.314608352570598715e+00 2.323361042903030194e-01 0.000000000000000000e+00
-9.655478199969572128e-02 -3.022224959816738332e-01 2.113142643806251164e-01 1.639881148908957087e+00 3.243612603294820929e-02 1.262567226681097887e+00 -2.695512505211248300e-01 6.528054979929102108e-01 3.314600919065158191e-01 -2.986994820730148326e-01 -1.317326108463024337e+00 2.305251713938059888e-01 0.000000000000000000e+00
-9.481434677418472401e-02 -3.019847391617440646e-01 2.118275048929799398e-01 1.642570816010753276e+00 3.237322891686300608e-02 1.258162431424727057e+00 -2.614142447712535233e-01 6.492047044620412599e-01 3.348882460197202260e-01 -2.900414787901399727e-01 -1.320191004005677238e+00 2.284771838707782277e-01 0.000000000000000000e+00
-9.319327606432419031e-02 -3.017618999618265629e-01 2.122740759831736601e-01 1.645050180487004354e+00 3.226914298654381952e-02 1.254212240342650775e+00 -2.537885160164070064e-01 6.459385371221408878e-01 3.380238518871794273e-01 -2.819362811705383165e-01 -1.322759756035113199e+00 2.265061284137401543e-01 0.000000000000000000e+00
-9.142187428032125251e-02 -3.015170213347268535e-01 2.127283280318658099e-01 1.647729724740553792e+00 3.210673269067587654e-02 1.250061638882209447e+00 -2.454047018125126434e-01 6.424646432172143040e-01 3.413855601311863719e-01 -2.730346319374348241e-01 -1.325457804535472350e+00 2.242829048909852074e-01 0.000000000000000000e+00
-8.977321381914853127e-02 -3.012878839942657039e-01 2.131206425782090352e-01 1.650194730296174583e+00 3.191146720546367277e-02 1.246350483951064625e+00 -2.375548014729087221e-01 6.393187176005308281e-01 3.444524564425217594e-01 -2.647081589207612162e-01 -1.327868764270321300e+00 2.221495131207499585e-01 0.000000000000000000e+00
-8.797295762558890453e-02 -3.010365019368489437e-01 2.135163965126365415e-01 1.652853353862507646e+00 3.165133898232541654e-02 1.242463123944838932e+00 -2.289321516535046397e-01 6.359784478032990407e-01 3.477316066927360616e-01 -2.555708032864288937e-01 -1.330392109403171208e+00 2.197498385310204250e-01 0.000000000000000000e+00
-8.629834485775826625e-02 -3.008017693984623153e-01 2.138546427370910386e-01 1.655294095139882238e+00 3.136688280519317473e-02 1.239000182517053350e+00 -2.208642715786777178e-01 6.329597547076941666e-01 3.507147465877884507e-01 -2.470292300774609706e-01 -1.332637553676271569e+00 2.174521130767705090e-01 0.000000000000000000e+00
-8.447069774128257436e-02 -3.005447731124364363e-01 2.141918961793739806e-01 1.657921038817992354e+00 3.101144939393485345e-02 1.235386770792530564e+00 -2.120083288477827288e-01 6.297612316594817239e-01 3.538948272454518484e-01 -2.376616108773776659e-01 -1.334977140693906161e+00 2.148728748505424058e-01 0.000000000000000000e+00
-8.277165870864068575e-02 -3.003051101541729384e-01 2.144764422939914872e-01 1.660327970849733603e+00 3.064061202011281182e-02 1.232180415049410893e+00 -2.037291102957012046e-01 6.268761626715716462e-01 3.567795633382260245e-01 -2.289114122865156531e-01 -1.337049878970314909e+00 2.124090680128123687e-01 0.000000000000000000e+00
-8.091843316499094940e-02 -3.000429837662638155e-01 2.147558186641861377e-01 1.662913543145256412e+00 3.019357178587744883e-02 1.228848829766973294e+00 -1.946486797296693161e-01 6.238253119058042584e-01 3.598460601753976640e-01 -2.193221348599536935e-01 -1.339199582602226712e+00 2.096496003598131430e-01 0.000000000000000000e+00
-7.919636118305113659e-02 -2.997989683315330223e-01 2.149870027621840207e-01 1.665277686760836318e+00 2.973999710858699075e-02 1.225906995316771164e+00 -1.861651967219787318e-01 6.210801254541504779e-01 3.626186771862791591e-01 -2.103701352374909295e-01 -1.341093489611436596e+00 2.070181808209763108e-01 0.000000000000000000e+00
-7.731877050023701348e-02 -2.995325132772029830e-01 2.152086346817795315e-01 1.667812081266729862e+00 2.920553066363584804e-02 1.222866724075021061e+00 -1.768668030654806933e-01 6.181845369799345846e-01 3.655561438686365516e-01 -2.005654080787415694e-01 -1.343045719848519282e+00 2.040758705143863316e-01 0.000000000000000000e+00
-7.557492968087174690e-02 -2.992846736562591592e-01 2.153869129177758135e-01 1.670124931544760827e+00 2.867364956815166011e-02 1.220196545104078378e+00 -1.681865124532332390e-01 6.155850254399082289e-01 3.682034591502296728e-01 -1.914187313805939816e-01 -1.344755336110295518e+00 2.012755566281680120e-01 0.000000000000000000e+00
-7.367451392510827868e-02 -2.990142619943661484e-01 2.155516231359363710e-01 1.672599551167708753e+00 2.805708693154684852e-02 1.217453565465658416e+00 -1.586797763757069601e-01 6.128498924213695576e-01 3.709985798723225425e-01 -1.814077091059043689e-01 -1.346505831894804661e+00 1.981502372204191620e-01 0.000000000000000000e+00
-7.191005228515047476e-02 -2.987630873017702582e-01 2.156774650707104501e-01 1.674853143540518730e+00 2.745201875459768459e-02 1.215061628081850031e+00 -1.498105344841183795e-01 6.104017150102870604e-01 3.735079434094494832e-01 -1.720737788936105850e-01 -1.348026363719185383e+00 1.951799970118969496e-01 0.000000000000000000e+00
-6.998775747322788510e-02 -2.984893917898168159e-01 2.157855302940333009e-01 1.677259217712292916e+00 2.675915508514670194e-02 1.212623883961793769e+00 -1.401028795471024047e-01 6.078338950872326230e-01 3.761466034175002804e-01 -1.618634190113285576e-01 -1.349569132938668314e+00 1.918695379741171547e-01 0.000000000000000000e+00
-6.820370002192462089e-02 -2.982353089860715900e-01 2.158595518010802405e-01 1.679446018939531271e+00 2.608669946791852823e-02 1.210515660995889364e+00 -1.310529172084167471e-01 6.055421783901921984e-01 3.785058978272013430e-01 -1.523499418072929990e-01 -1.350896585584018261e+00 1.887285225606936401e-01 0.000000000000000000e+00
-6.626078016499595269e-02 -2.979585707706114972e-01 2.159119102888444330e-01 1.681776162804535346e+00 2.532427158675965018e-02 1.208387582427537632e+00 -1.211546465163783615e-01 6.031460657784206703e-01 3.809762460543588691e-01 -1.419499149211268796e-01 -1.352228831919330521e+00 1.852332734327759578e-01 0.000000000000000000e+00
-6.445802980942344496e-02 -2.977019580529711718e-01 2.159346744676192698e-01 1.683889261825355810e+00 2.459077833322265150e-02 1.206568221021817600e+00 -1.119325108132190744e-01 6.010158698014934631e-01 3.831740197439466034e-01 -1.322648219519709234e-01 -1.353359743276232541e+00 1.819209002479626469e-01 0.000000000000000000e+00
-6.249520529541049280e-02 -2.974227532574895694e-01 2.159317682711781594e-01 1.686135739049419158e+00 2.376585294025268524e-02 1.204755847246808953e+00 -1.018519467445647558e-01 5.987977229295664561e-01 3.854628735428153874e-01 -1.216827513605410749e-01 -1.354476939353520759e+00 1.782392298437394107e-01 0.000000000000000000e+00
-6.067454740949597414e-02 -2.971639042798663310e-01 2.159039660450759457e-01 1.688168701032360275e+00 2.297825484938709195e-02 1.203229287752677124e+00 -9.246654262182679718e-02 5.968335750466058354e-01 3.874883407098752564e-01 -1.118342734585087705e-01 -1.355408779418939558e+00 1.747551327028864510e-01 0.000000000000000000e+00
-5.869280109874498719e-02 -2.968823440525028556e-01 2.158468397351803181e-01 1.690325348891581925e+00 2.209870363257326886e-02 1.201735164978773085e+00 -8.221457916989066694e-02 5.947971223400495555e-01 3.895851805941488166e-01 -1.010802625292006734e-01 -1.356309726815713379e+00 1.708878899049551259e-01 0.000000000000000000e+00
-5.685491507649135384e-02 -2.966215213075305557e-01 2.157692097146124421e-01 1.692272244095542888e+00 2.126435075894494986e-02 1.200504609837764525e+00 -7.267510285571321393e-02 5.930032836087993919e-01 3.914279549104293654e-01 -9.107682194123938035e-02 -1.357040365060776743e+00 1.672319190052511395e-01 0.000000000000000000e+00
-5.485474155097767174e-02 -2.963380570770910993e-01 2.156583943980635021e-01 1.694332333868540985e+00 2.033826096234214731e-02 1.199333078931808183e+00 -6.226084054128276646e-02 5.911541842849301620e-01 3.933207966552032531e-01 -8.015910982867548162e-02 -1.357721867983727959e+00 1.631779053911212307e-01 0.000000000000000000e+00
-5.300020577850846765e-02 -2.960754600154413274e-01 2.155317328475674643e-01 1.696187738929181066e+00 1.946490843600345855e-02 1.198400708235729972e+00 -5.257681283656286120e-02 5.895346494470256049e-01 3.949710244246706914e-01 -7.000937847308476292e-02 -1.358249972827890506e+00 1.593501439563503319e-01 0.000000000000000000e+00
-5.098234562526334640e-02 -2.957900297313973415e-01 2.153683640870408811e-01 1.698146321689671723e+00 1.850096085348873487e-02 1.197552472772847043e+00 -4.201166996281181787e-02 5.878757664040153985e-01 3.966509464402927509e-01 -5.893843056811123166e-02 -1.358712297593128282e+00 1.551107410408372467e-01 0.000000000000000000e+00
-4.911163367657434692e-02 -2.955257901274344623e-01 2.151934898218872405e-01 1.699905300997590629e+00 1.759668814880921417e-02 1.196919731384462171e+00 -3.219284885623106829e-02 5.864341973059553625e-01 3.980994397571868681e-01 -4.865126761670482414e-02 -1.359037070088063404e+00 1.511114720318652571e-01 0.000000000000000000e+00
-4.707639568899894128e-02 -2.952387352021326739e-01 2.149782365436056497e-01 1.701756611740448122e+00 1.660366481971076169e-02 1.196397022142641209e+00 -2.148666039384130796e-02 5.849705905498751024e-01 3.995553899251331753e-01 -3.743586818972970826e-02 -1.359278352482824692e+00 1.466859474456692902e-01 0.000000000000000000e+00
-4.518990023340582057e-02 -2.949729323899620836e-01 2.147560575076928324e-01 1.703414713308128547e+00 1.567678623648793845e-02 1.196064208782059213e+00 -1.154310139910936714e-02 5.837103161430223786e-01 4.007933603578563986e-01 -2.702033671259227582e-02 -1.359399659470477806e+00 1.425157034947142076e-01 0.000000000000000000e+00
-4.313781253878053862e-02 -2.946840572765216937e-01 2.144900981190078215e-01 1.705154851227895563e+00 1.466389463157513617e-02 1.195866105023999815e+00 -7.077043058996022786e-04 5.824441827817714579e-01 4.020177486690204027e-01 -1.567125388097628455e-02 -1.359421231075307324e+00 1.379058798387063356e-01 0.000000000000000000e+00
-4.123583979365742086e-02 -2.944166846685893901e-01 2.142215148608558328e-01 1.706708069903690728e+00 1.372289957471517496e-02 1.195832872166916028e+00 9.350334660430286923e-03 5.813681991223522694e-01 4.030372067343026554e-01 -5.136565190557875089e-03 -1.359339472029841955e+00 1.335653849926895231e-01 0.000000000000000000e+00
-3.916705577105731445e-02 -2.941262138324177711e-01 2.139056708291082187e-01 1.708332221710915810e+00 1.269933202297135466e-02 1.195959322541490399e+00 2.030444573525230778e-02 5.803039333717292525e-01 4.040199131765418450e-01 6.336911710951385196e-03 -1.359140800212522038e+00 1.287710458850311879e-01 0.000000000000000000e+00
-3.724984742064714471e-02 -2.938571930017954692e-01 2.135915659371006858e-01 1.709776952084149038e+00 1.175282517811648830e-02 1.196224672172592873e+00 3.046644843780339437e-02 5.794150367788881706e-01 4.048135351813857419e-01 1.698135436734873188e-02 -1.358856907240319600e+00 1.242612405727125946e-01 0.000000000000000000e+00
-3.516472579862757464e-02 -2.935647883999036867e-01 2.132271450142579350e-01 1.711282188373660418e+00 1.072799088581977145e-02 1.196672526387790647e+00 4.152709531890429184e-02 5.785540367984655097e-01 4.055481681680839223e-01 2.856824500074119089e-02 -1.358440655161940347e+00 1.192846497003303696e-01 0.000000000000000000e+00
-3.323245929879641708e-02 -2.932940310299815279e-01 2.128685939646806635e-01 1.712615264720404262e+00 9.784602687814114574e-03 1.197233856966717136e+00 5.178237107744620288e-02 5.778545575381561772e-01 4.061086304194911900e-01 3.931292238266639871e-02 -1.357956093001600362e+00 1.146066990546869141e-01 0.000000000000000000e+00
-3.113104201594513870e-02 -2.929997555128010522e-01 2.124564138173983263e-01 1.713997575576685861e+00 8.767797953335154659e-03 1.198001582708030810e+00 6.293847355827501822e-02 5.772006183324871476e-01 4.065865346771060373e-01 5.100349632713890857e-02 -1.357322793294379437e+00 1.094481060889329893e-01 0.000000000000000000e+00
-2.918384832779452251e-02 -2.927270764650983237e-01 2.120543994536711052e-01 1.715216179250584005e+00 7.836144092506103220e-03 1.198855955482966307e+00 7.327612005709524534e-02 5.766927535126090687e-01 4.069074455884602592e-01 6.183873366969441787e-02 -1.356639559316719534e+00 1.046033833024017090e-01 0.000000000000000000e+00
-2.706637229363630798e-02 -2.924304604394895035e-01 2.115958249187467055e-01 1.716473494277654055e+00 6.836695805120918124e-03 1.199938473460848476e+00 8.451523410133968128e-02 5.762466740300208334e-01 4.071234279528657130e-01 7.362184830085796716e-02 -1.355793073564238060e+00 9.926550133863661085e-02 0.000000000000000000e+00
-2.510434361182081395e-02 -2.921556130466238521e-01 2.111514210271825953e-01 1.717575166264456499e+00 5.925285457703211023e-03 1.201081937745280825e+00 9.492420754429278795e-02 5.759320881262551817e-01 4.071989285697694694e-01 8.453788761536217000e-02 -1.354913564614239396e+00 9.425557934073636179e-02 0.000000000000000000e+00
-2.297078261615951786e-02 -2.918566322260131018e-01 2.106474261870688591e-01 1.718704203433512490e+00 4.952307065479555348e-03 1.202475542566715516e+00 1.062347525624001837e-01 5.756969310020012554e-01 4.071451327157500355e-01 9.640344372702049081e-02 -1.353855357555096450e+00 8.873912410350304203e-02 0.000000000000000000e+00
-2.099399040228256894e-02 -2.915793277463517019e-01 2.101617353967429602e-01 1.719686788254026766e+00 4.069494632437553605e-03 1.203903141283161560e+00 1.167038135774482177e-01 5.755771553319749545e-01 4.069697635579681005e-01 1.073903813831696419e-01 -1.352782636268012428e+00 8.356578388321279915e-02 0.000000000000000000e+00
-1.884450958699197473e-02 -2.912773800086118081e-01 2.096137091094401050e-01 1.720686208944944617e+00 3.131957319022493635e-03 1.205601161149166600e+00 1.280731645213759318e-01 5.755530537241096978e-01 4.066423279019428794e-01 1.193271520868523505e-01 -1.351517501592170101e+00 7.787389290917051676e-02 0.000000000000000000e+00
-1.685300109006862557e-02 -2.909972732532679629e-01 2.090878344764814933e-01 1.721547888484042055e+00 2.285910473014851618e-03 1.207307464683787579e+00 1.385910029962644507e-01 5.756292201312859236e-01 4.062112952795136067e-01 1.303750428424506891e-01 -1.350254763761309373e+00 7.253914015968625228e-02 0.000000000000000000e+00
-1.468756184914074905e-02 -2.906922248158360089e-01 2.084968611485662482e-01 1.722415035206736000e+00 1.392466794728708379e-03 1.209304094647305261e+00 1.500071423515934865e-01 5.758185708847906037e-01 4.056034287607028777e-01 1.423726085203928793e-01 -1.348785364629857986e+00 6.667299938775791968e-02 0.000000000000000000e+00
-1.268139829764375510e-02 -2.904089213430760541e-01 2.079319993778417364e-01 1.723154226538994749e+00 5.910185746818008568e-04 1.211282280870183525e+00 1.605622650817430941e-01 5.760915448965236996e-01 4.049123384578274809e-01 1.534713989423253655e-01 -1.347336738154909508e+00 6.117901873341135416e-02 0.000000000000000000e+00
-1.050014934757223170e-02 -2.901000603619786622e-01 2.072994706112206709e-01 1.723888367020451895e+00 -2.499441329613105722e-04 1.213569554017316809e+00 1.720124596095115310e-01 5.764938153791802078e-01 4.040215110731961712e-01 1.655185077389214332e-01 -1.345668534048083842e+00 5.514218598036575020e-02 0.000000000000000000e+00
-8.479380015771838600e-03 -2.898131459196091608e-01 2.066967835152099253e-01 1.724503773561794517e+00 -9.992035080816918935e-04 1.215812613893419547e+00 1.825933650679644749e-01 5.769641962067153518e-01 4.030665015062937506e-01 1.766581277493161906e-01 -1.344038013670682652e+00 4.949137010494873007e-02 0.000000000000000000e+00
-6.282324847526400344e-03 -2.895002559694058175e-01 2.060238864941814074e-01 1.725102773242172205e+00 -1.779728878456676711e-03 1.218382791326564130e+00 1.940652310691033944e-01 5.775811174732322639e-01 4.018869874594976910e-01 1.887440854083137776e-01 -1.342174733014008803e+00 4.328549736289954986e-02 0.000000000000000000e+00
-4.247051570370668182e-03 -2.892092684560572113e-01 2.053846168779036307e-01 1.725593328710952612e+00 -2.469698002224074429e-03 1.220882616395116305e+00 2.046602346365769542e-01 5.782491048536513301e-01 4.006647296772056777e-01 1.999144149950285165e-01 -1.340366979266063074e+00 3.748045117085330863e-02 0.000000000000000000e+00
-2.034368365047032907e-03 -2.888915712079900833e-01 2.046728332304257325e-01 1.726057011648565620e+00 -3.182232435088749867e-03 1.223726036145741380e+00 2.161410388721244913e-01 5.790794119025108877e-01 3.991950642296453466e-01 2.120280362398493101e-01 -1.338314880488102432e+00 3.110948532775984279e-02 0.000000000000000000e+00
1.529856839490944219e-05 -2.885960275485541238e-01 2.039982271763454147e-01 1.726421847596346204e+00 -3.806111434920822489e-03 1.226473888858810479e+00 2.267384892188495649e-01 5.799450058358138760e-01 3.977027619128195024e-01 2.232188888117144776e-01 -1.336334953375682977e+00 2.515299473525596866e-02 0.000000000000000000e+00
2.243510012475237198e-03 -2.882732546968880816e-01 2.032487499729363489e-01 1.726748500990628266e+00 -4.443592329856471679e-03 1.229581599241310164e+00 2.382155650288709792e-01 5.809898970895064352e-01 3.959384176906421970e-01 2.353493046161595770e-01 -1.334098430692234549e+00 1.861905799761185559e-02 0.000000000000000000e+00
4.307390277643572546e-03 -2.879726693464566001e-01 2.025401286978433524e-01 1.726987010066651784e+00 -4.995166019981844840e-03 1.232568017548690609e+00 2.488036776670239647e-01 5.820526315225025282e-01 3.941736739943009216e-01 2.465505268715192377e-01 -1.331951523379466984e+00 1.251411698028207821e-02 0.000000000000000000e+00
6.550865910748535081e-03 -2.876440163507930636e-01 2.017545697424518447e-01 1.727176955231379374e+00 -5.551103631813880668e-03 1.235928411993409304e+00 2.602643417468277764e-01 5.833101761892379722e-01 3.921141183652880891e-01 2.586866351827943888e-01 -1.329537900483528379e+00 5.821544787088466996e-03 0.000000000000000000e+00
8.628737163692725212e-03 -2.873378690283107106e-01 2.010131911700058505e-01 1.727288634192102990e+00 -6.024537717524314218e-03 1.239143668821300670e+00 2.708313987676123080e-01 5.845694519106818809e-01 3.900753353927781664e-01 2.698880571752357849e-01 -1.327229605608702068e+00 -4.286701397684708589e-04 0.000000000000000000e+00
1.088723005323385257e-02 -2.870030820375800706e-01 2.001928700745594647e-01 1.727340635502249810e+00 -6.492998954634288111e-03 1.242746275657681698e+00 2.822627514306684238e-01 5.860400494646237357e-01 3.877169730894585165e-01 2.820188724538444380e-01 -1.324643809348289736e+00 -7.277295217953030221e-03 0.000000000000000000e+00
1.297879782412792934e-02 -2.866908904851380724e-01 1.994201240102802253e-01 1.727325263695099089e+00 -6.883105330055983018e-03 1.246179433438606488e+00 2.927969849910176947e-01 5.874949343681339364e-01 3.854026861021793149e-01 2.932103408817116064e-01 -1.322180252181911930e+00 -1.366940354323955761e-02 0.000000000000000000e+00
1.525191686573377017e-02 -2.863491414895935616e-01 1.985665880251510362e-01 1.727239961038556260e+00 -7.258661514402131587e-03 1.250012106959810243e+00 3.041865260249596026e-01 5.891761213852737544e-01 3.827464492309344823e-01 3.053249275224275694e-01 -1.319430005724187005e+00 -2.066937578659342259e-02 0.000000000000000000e+00
1.735677652567241616e-02 -2.860304140609971069e-01 1.977638396870126658e-01 1.727097423072587290e+00 -7.560864335324879448e-03 1.253652151662831615e+00 3.146761183475364487e-01 5.908252838903053084e-01 3.801559924386144207e-01 3.164963556630919772e-01 -1.316817311536764734e+00 -2.719981920590140365e-02 0.000000000000000000e+00
1.964408582404614939e-02 -2.856814979410456923e-01 1.968785441141053805e-01 1.726874025462961981e+00 -7.838890141290022484e-03 1.257702730232292510e+00 3.260108315525362954e-01 5.927167940545340352e-01 3.771992178383540839e-01 3.285836781921482319e-01 -1.313908473836125745e+00 -3.434809727275635327e-02 0.000000000000000000e+00
2.176179742783769522e-02 -2.853558161009063232e-01 1.960472532233563103e-01 1.726604527106680997e+00 -8.049068523923619267e-03 1.261537807251194243e+00 3.364440980180579688e-01 5.945586362644329492e-01 3.743320586087746094e-01 3.397249460334674787e-01 -1.311153034214275204e+00 -4.101311355089740790e-02 0.000000000000000000e+00
2.406270840629780305e-02 -2.849989630442513744e-01 1.951318144381271324e-01 1.726244059174375955e+00 -8.225523243185151046e-03 1.265793071987432628e+00 3.477116329845605924e-01 5.966573403614697790e-01 3.710767436503163985e-01 3.517743185169900921e-01 -1.308093861070101394e+00 -4.830463639488499772e-02 0.000000000000000000e+00
2.619270633881021215e-02 -2.846659091684448084e-01 1.942733832378100989e-01 1.725847842183991787e+00 -8.340255387470740800e-03 1.269811163720359515e+00 3.580769222632580462e-01 5.986901312215273663e-01 3.679331482995868985e-01 3.628754392048763600e-01 -1.305202467074602080e+00 -5.510029112746743507e-02 0.000000000000000000e+00
2.850656258477720500e-02 -2.843010150059522290e-01 1.933293414829496681e-01 1.725349933778405287e+00 -8.411822492556453312e-03 1.274257881796877934e+00 3.692642295019220033e-01 6.009950971449908863e-01 3.643776950862764874e-01 3.748757762348279288e-01 -1.301999350073509421e+00 -6.253155502727852921e-02 0.000000000000000000e+00
3.064814864269391897e-02 -2.839602319469108349e-01 1.924453081471761973e-01 1.724827544886535335e+00 -8.428502153000394514e-03 1.278446142476811875e+00 3.795498569745123785e-01 6.032165063892532819e-01 3.609583294046692092e-01 3.859268627837343923e-01 -1.298979059081250664e+00 -6.945372655639654724e-02 0.000000000000000000e+00
3.297417942591227003e-02 -2.835866777278073791e-01 1.914743358580015820e-01 1.724193731828560949e+00 -8.392463477667977401e-03 1.283070482746805574e+00 3.906449189709187975e-01 6.057240057136173972e-01 3.571055342556517243e-01 3.978678113213771628e-01 -1.295640254022618176e+00 -7.701932612725612137e-02 0.000000000000000000e+00
3.512658772736709095e-02 -2.832378926473859693e-01 1.905662238287378907e-01 1.723545887675236088e+00 -8.308932358768394977e-03 1.287415875376079599e+00 4.008393997552012200e-01 6.081316364971035560e-01 3.534114635076028854e-01 4.088589767457568858e-01 -1.292498256568542780e+00 -8.406370346089515888e-02 0.000000000000000000e+00
3.746385978430639280e-02 -2.828556985193351747e-01 1.895699844568024262e-01 1.722776239937576115e+00 -8.163522975299652984e-03 1.292203331243790609e+00 4.118292003095221920e-01 6.108400047466867600e-01 3.492609269487143564e-01 4.207295179620806347e-01 -1.289031087145368737e+00 -9.175968141187090810e-02 0.000000000000000000e+00
3.962617351557275874e-02 -2.824987070540200262e-01 1.886392769625686305e-01 1.722003778472747548e+00 -7.978358354510106665e-03 1.296692997716138551e+00 4.219210495232957325e-01 6.134311939083066934e-01 3.452938821889321996e-01 4.316510417239547426e-01 -1.285774440606365143e+00 -9.892177878806986124e-02 0.000000000000000000e+00
4.197366069264255733e-02 -2.821074103471636341e-01 1.876195088061263505e-01 1.721100259625029771e+00 -7.722423470306161164e-03 1.301628983699963715e+00 4.327939040162486206e-01 6.163361034463379351e-01 3.408494658037535263e-01 4.434412220543853533e-01 -1.282187695250246451e+00 -1.067424010004397322e-01 0.000000000000000000e+00
4.414486713437933835e-02 -2.817421252210997040e-01 1.866678863090540375e-01 1.720204492163249554e+00 -7.434978894278021500e-03 1.306248890995965528e+00 4.427718365143939461e-01 6.191076551927833238e-01 3.366113112450013212e-01 4.542835167738296098e-01 -1.278823989635421876e+00 -1.140175495649125292e-01 0.000000000000000000e+00
4.650135459390280362e-02 -2.813419562669158824e-01 1.856262826303921309e-01 1.719167605430596879e+00 -7.068116145497960190e-03 1.311318692076632209e+00 4.535148286146918339e-01 6.222067757533085164e-01 3.318738139818593336e-01 4.659823839683842062e-01 -1.275124992039356364e+00 -1.219584135004994907e-01 0.000000000000000000e+00
4.868029903190423252e-02 -2.809683785066338091e-01 1.846553627306038725e-01 1.718149921559604998e+00 -6.678428966626182017e-03 1.316054956101487594e+00 4.633676591206307704e-01 6.251554277122441938e-01 3.273670796271728189e-01 4.767359954235287911e-01 -1.271661950515871720e+00 -1.293417696290135588e-01 0.000000000000000000e+00
5.104452676356644597e-02 -2.805591355977722356e-01 1.835937844222922111e-01 1.716982280141419182e+00 -6.200991619673246191e-03 1.321243242569093868e+00 4.739695369726680818e-01 6.284438324472467752e-01 3.223410288599208862e-01 4.883339953917965603e-01 -1.267859755427565682e+00 -1.373968082739592811e-01 0.000000000000000000e+00
5.322993190789936796e-02 -2.801773638321910509e-01 1.826052248791279475e-01 1.715844304669357889e+00 -5.709676123458073960e-03 1.326081907064995624e+00 4.836862799469039409e-01 6.315658561931467574e-01 3.175689105026076042e-01 4.989895692293126461e-01 -1.264305101162582323e+00 -1.448833535723355326e-01 0.000000000000000000e+00
5.560038253479148568e-02 -2.797595474662610826e-01 1.815254394403799099e-01 1.714547009880710959e+00 -5.122935073031520403e-03 1.331373413069095291e+00 4.941343269564755780e-01 6.350406822044548649e-01 3.122560372859541911e-01 5.104760826164470577e-01 -1.260407431749196894e+00 -1.530477399471641964e-01 0.000000000000000000e+00
5.779085210465846612e-02 -2.793698688734442825e-01 1.805209779822875282e-01 1.713290820112201018e+00 -4.531413232352399234e-03 1.336300141291349330e+00 5.037040967280527193e-01 6.383321495747110719e-01 3.072217307193227942e-01 5.210244642200874132e-01 -1.256768887909876176e+00 -1.606322729288985340e-01 0.000000000000000000e+00
6.016600635882909942e-02 -2.789435048748738488e-01 1.794248966452138550e-01 1.711866980248150760e+00 -3.837075910558596092e-03 1.341679382448384805e+00 5.139876269612846382e-01 6.419877376450082718e-01 3.016278940076659865e-01 5.323903364098411251e-01 -1.252785065235226591e+00 -1.688996071246156028e-01 0.000000000000000000e+00
6.236000184955574344e-02 -2.785463021866814159e-01 1.784062441215593098e-01 1.710494748458588177e+00 -3.147408136194851380e-03 1.346680006308532684e+00 5.233997708858426634e-01 6.454444541609039021e-01 2.963353939733515130e-01 5.428225709004403932e-01 -1.249070488146784008e+00 -1.765768014675278830e-01 0.000000000000000000e+00
6.473803994650646765e-02 -2.781122213806346277e-01 1.772957694037316512e-01 1.708946238299931863e+00 -2.348307939554761248e-03 1.352131269943884995e+00 5.335063007751252862e-01 6.492771424436915018e-01 2.904632569277814103e-01 5.540574488540759290e-01 -1.245008368536086207e+00 -1.849418070962235705e-01 0.000000000000000000e+00
6.693390694260586971e-02 -2.777080662381548049e-01 1.762647797714386455e-01 1.707460718120597853e+00 -1.563329830253756825e-03 1.357190964934881672e+00 5.427503326558720254e-01 6.528945141523461171e-01 2.849166913254732592e-01 5.643647145105232799e-01 -1.241225880839846640e+00 -1.927060868067814736e-01 0.000000000000000000e+00
6.931308039207652316e-02 -2.772666219841108948e-01 1.751418342528079375e-01 1.705791245664845412e+00 -6.625460479590117302e-04 1.362698970656556208e+00 5.526698087680901317e-01 6.568982439561439346e-01 2.787729118487147772e-01 5.754600428230386422e-01 -1.237094652198861278e+00 -2.011621226104874371e-01 0.000000000000000000e+00
7.150902504199231624e-02 -2.768561997604632730e-01 1.741002563467170527e-01 1.704195264550996569e+00 2.143220399863920989e-04 1.367803653746370696e+00 5.617355087243425249e-01 6.606715437466227359e-01 2.729772075264300657e-01 5.856338508193593695e-01 -1.233252110220040443e+00 -2.090077951818609114e-01 0.000000000000000000e+00
7.388722407799717951e-02 -2.764085873922376146e-01 1.729668935673772667e-01 1.702407529874292891e+00 1.212449115261193811e-03 1.373352135764424053e+00 5.714557803870227159e-01 6.648419208556323179e-01 2.665653808859553831e-01 5.965795094786122688e-01 -1.229060028348146760e+00 -2.175491187194766307e-01 0.000000000000000000e+00
7.608133313520021312e-02 -2.759927551025870840e-01 1.719165945059265010e-01 1.700704346306443959e+00 2.177104412840247250e-03 1.378487282954784066e+00 5.803331615646928343e-01 6.687659555638095776e-01 2.605258641658736440e-01 6.066115041468862490e-01 -1.225165554728069317e+00 -2.254703251972674516e-01 0.000000000000000000e+00
7.845655483519185791e-02 -2.755396726832411991e-01 1.707747831408662487e-01 1.698802798619790444e+00 3.268089115844752257e-03 1.384061211118353008e+00 5.898447745559654010e-01 6.730963220753056753e-01 2.538535803707888672e-01 6.173995702486336778e-01 -1.220921674372973609e+00 -2.340899789604451720e-01 0.000000000000000000e+00
8.064686336543805401e-02 -2.751194896123488332e-01 1.697176524811980225e-01 1.696996102723618449e+00 4.316043828331395105e-03 1.389212453979718820e+00 5.985242162856153625e-01 6.771657653790011944e-01 2.475757107331453266e-01 6.272815623685089603e-01 -1.216983125436855495e+00 -2.420806939426870530e-01 0.000000000000000000e+00
8.301669514272813633e-02 -2.746624845853660735e-01 1.685695132692851539e-01 1.694984215513572146e+00 5.494005659412160014e-03 1.394795668993986215e+00 6.078154526966838000e-01 6.816509947078854825e-01 2.406477634734132121e-01 6.379024485328267380e-01 -1.212695835555991364e+00 -2.507725360161627282e-01 0.000000000000000000e+00
8.520102232125589814e-02 -2.742391634653941201e-01 1.675074446554208896e-01 1.693078028719101624e+00 6.619706552593918047e-03 1.399948812257117314e+00 6.162873675983894239e-01 6.858601873897829382e-01 2.341376661887144550e-01 6.476267149371420784e-01 -1.208721200787102656e+00 -2.588265510085644427e-01 0.000000000000000000e+00
8.756330388389792219e-02 -2.737793236177716860e-01 1.663550215566709789e-01 1.690961052013679300e+00 7.879184129341076925e-03 1.405526521670351192e+00 6.253495721557110754e-01 6.904930890011120592e-01 2.269623112637138007e-01 6.580729643129779038e-01 -1.204399289812067453e+00 -2.675833575678812082e-01 0.000000000000000000e+00
8.973945864250576498e-02 -2.733542345715878064e-01 1.652899867271950540e-01 1.688959832231294200e+00 9.076889650877717486e-03 1.410667303849352017e+00 6.336049720607931368e-01 6.948359723697314916e-01 2.202265110766310485e-01 6.676319149926265295e-01 -1.200396558693678450e+00 -2.756943309180969748e-01 0.000000000000000000e+00
9.209152386984556515e-02 -2.728934960921108877e-01 1.641354449365693136e-01 1.686742129274165336e+00 1.041059827883916711e-02 1.416223622870385279e+00 6.424269594877896061e-01 6.996108870461890117e-01 2.128094742827058017e-01 6.778945394113015110e-01 -1.196048415581905999e+00 -2.845095272843137790e-01 0.000000000000000000e+00
9.425715554237600047e-02 -2.724682339532399356e-01 1.630694446113458707e-01 1.684650737645995378e+00 1.167379800385504041e-02 1.421337929675626111e+00 6.504568562275693244e-01 7.040812026729688089e-01 2.058547622540185529e-01 6.872807840942585234e-01 -1.192025444439232196e+00 -2.926709176029160808e-01 0.000000000000000000e+00
9.659664409721377409e-02 -2.720080168698699175e-01 1.619148397634940784e-01 1.682338317599942457e+00 1.307517402303171039e-02 1.426858833050704378e+00 6.590307701990248956e-01 7.089902740893391231e-01 1.982053646549837289e-01 6.973531256530470790e-01 -1.187659458148156544e+00 -3.015370136354669772e-01 0.000000000000000000e+00
9.874936447382336169e-02 -2.715842758684786640e-01 1.608498502068301805e-01 1.680161868311802031e+00 1.439702290296818177e-02 1.431932957082312496e+00 6.668268413950956264e-01 7.135814972296083969e-01 1.910391976357441735e-01 7.065597401204783967e-01 -1.183624103306413877e+00 -3.097422129540011171e-01 0.000000000000000000e+00
1.010734083190297644e-01 -2.711269265744224999e-01 1.596975141507202267e-01 1.677760164686375788e+00 1.585760010785985941e-02 1.437402388588718605e+00 6.751420958456773036e-01 7.186182672202480193e-01 1.831639639762707716e-01 7.164332101248652718e-01 -1.179248795951522544e+00 -3.186521845655111429e-01 0.000000000000000000e+00
1.032106873091786226e-01 -2.707066274885647772e-01 1.586355342646433852e-01 1.675504284218961359e+00 1.723062688053644820e-02 1.442422987404841095e+00 6.826960191196325134e-01 7.233236068132272711e-01 1.757940651336400428e-01 7.254534698950182436e-01 -1.175208514261763648e+00 -3.268943019546564632e-01 0.000000000000000000e+00
1.055167674963344432e-01 -2.702539009637613954e-01 1.574875137831530103e-01 1.673020004489858437e+00 1.874279442842752275e-02 1.447827660837816666e+00 6.907456232514788130e-01 7.284798195787569597e-01 1.677031154258701307e-01 7.351222759696327547e-01 -1.170832008484381737e+00 -3.358404592674779088e-01 0.000000000000000000e+00
1.076360801825665403e-01 -2.698390997375891276e-01 1.564306190892190973e-01 1.670690776307802494e+00 2.015920663085379871e-02 1.452781312961594962e+00 6.980497420151845489e-01 7.332921516685301233e-01 1.601374742431185272e-01 7.439498560349183665e-01 -1.166794389955712496e+00 -3.441125705084002728e-01 0.000000000000000000e+00
1.099211397722071881e-01 -2.693936636055086487e-01 1.552892661256930762e-01 1.668130135942437420e+00 2.171368221169434065e-02 1.458106022343964803e+00 7.058238421322621248e-01 7.385605500949795621e-01 1.518386648122682647e-01 7.534059421174625903e-01 -1.162424808397165110e+00 -3.530874233819673025e-01 0.000000000000000000e+00
1.120198380818600431e-01 -2.689865474394251277e-01 1.542395170860713094e-01 1.665733962607644614e+00 2.316512533197689905e-02 1.462979799338400166e+00 7.128707661136937102e-01 7.434724178304943365e-01 1.440859365629383326e-01 7.620349169444556869e-01 -1.158397309880638160e+00 -3.613824045187506995e-01 0.000000000000000000e+00
1.142812556248133937e-01 -2.685505293801604410e-01 1.531069615335399481e-01 1.663104711827203985e+00 2.475330971620781639e-02 1.468211713926026674e+00 7.203631703664680197e-01 7.488442800652931330e-01 1.355896537372587307e-01 7.712733561869131726e-01 -1.154042375708086210e+00 -3.703780300488203614e-01 0.000000000000000000e+00
1.163566722987386531e-01 -2.681534188967478194e-01 1.520663819771129466e-01 1.660648223448311533e+00 2.623137784451934351e-02 1.472993301146259482e+00 7.271459753467908183e-01 7.538480934374430786e-01 1.276588931690574302e-01 7.796979999792698068e-01 -1.150032054580590435e+00 -3.786885906779807742e-01 0.000000000000000000e+00
1.185912489103128076e-01 -2.677297728809293065e-01 1.509450128495891663e-01 1.657957362013359415e+00 2.784312273887357136e-02 1.478117852426617862e+00 7.343476955665830808e-01 7.593154965763484476e-01 1.189740585381997562e-01 7.887114686886431691e-01 -1.145699757277303998e+00 -3.876971325393373524e-01 0.000000000000000000e+00
1.206406499779118513e-01 -2.673451589054002264e-01 1.499157310312466407e-01 1.655447856471926826e+00 2.933880300831104293e-02 1.482794961545538248e+00 7.408597236430720656e-01 7.644031995228358634e-01 1.108744535568872980e-01 7.969265217032105442e-01 -1.141713537757673258e+00 -3.960158490993360703e-01 0.000000000000000000e+00
1.228457040694774932e-01 -2.669362131300932472e-01 1.488076502700463599e-01 1.652703701523824620e+00 3.096508646362261530e-02 1.487800475990740390e+00 7.477656998238111363e-01 7.699568225020325674e-01 1.020125187135398903e-01 8.057109585588368983e-01 -1.137411067858595803e+00 -4.050291513611410932e-01 0.000000000000000000e+00
1.248663291363366207e-01 -2.665666489654939242e-01 1.477917682855875159e-01 1.650148675982919144e+00 3.246911027602816802e-02 1.492361169736774462e+00 7.540008923049863476e-01 7.751202258025055025e-01 9.375378985709481583e-02 8.137115605266256324e-01 -1.133456007323719206e+00 -4.133484338428715654e-01 0.000000000000000000e+00
1.270385377212708833e-01 -2.661756330757030220e-01 1.466993835408781366e-01 1.647359102028100430e+00 3.409901263527448378e-02 1.497234004744239622e+00 7.606028686472927625e-01 7.807515465065053561e-01 8.472447533923577190e-02 8.222604407838345342e-01 -1.129190821679902701e+00 -4.223582074162322009e-01 0.000000000000000000e+00
1.290276181013213508e-01 -2.658237780947306228e-01 1.456989933264801751e-01 1.644766362480744704e+00 3.560213525655520073e-02 1.501667195001672006e+00 7.665555663158378774e-01 7.859820614664481120e-01 7.631674261980125884e-02 8.300420643309914803e-01 -1.125273178558341636e+00 -4.306703659420466623e-01 0.000000000000000000e+00
1.311642938203628761e-01 -2.654531938508141176e-01 1.446244360019525443e-01 1.641940422396511501e+00 3.722627131107625331e-02 1.506396616261431509e+00 7.728496146571038894e-01 7.916811596201905887e-01 6.713216581039049835e-02 8.383522587755021238e-01 -1.121051935072511663e+00 -4.396682218695292521e-01 0.000000000000000000e+00
1.331190254981187149e-01 -2.651217532555375511e-01 1.436416300987777284e-01 1.639317983220037966e+00 3.871885658149398779e-02 1.510691400608434876e+00 7.785146909279204719e-01 7.969700643870333279e-01 5.858594871427147410e-02 8.459108425813650634e-01 -1.117178234108936907e+00 -4.479654334037256325e-01 0.000000000000000000e+00
1.352167976739408473e-01 -2.647749905555693006e-01 1.425873442565618598e-01 1.636464290858833159e+00 4.032590701925675702e-02 1.515264693531420015e+00 7.844935541541755430e-01 8.027276855057301486e-01 4.925676225766939531e-02 8.539766254168335013e-01 -1.113007923578954506e+00 -4.569426831222737628e-01 0.000000000000000000e+00
1.371343462815751701e-01 -2.644667425646619607e-01 1.416242248396098746e-01 1.633820611326795458e+00 4.179817713139044599e-02 1.519410935602982127e+00 7.898662153373015027e-01 8.080657921737122162e-01 4.058297974533608965e-02 8.613085742139305889e-01 -1.109184023727764368e+00 -4.652169248920681732e-01 0.000000000000000000e+00
1.391905182972077715e-01 -2.641463956138213609e-01 1.405922995369179862e-01 1.630948666632276556e+00 4.337845729343392520e-02 1.523818610206593593e+00 7.955270305503738815e-01 8.138716165081394394e-01 3.112196681477485960e-02 8.691278149114850526e-01 -1.105070704845109608e+00 -4.741649797071663119e-01 0.000000000000000000e+00
1.410680944617992150e-01 -2.638641244999713198e-01 1.396509387327924678e-01 1.628292292169458477e+00 4.482068043953013614e-02 1.527806662807266624e+00 8.006031487461193752e-01 8.192496705924726674e-01 2.233180416280489133e-02 8.762299329065084130e-01 -1.101302331902647591e+00 -4.824081623607476277e-01 0.000000000000000000e+00
1.430792805454388084e-01 -2.635736434202420320e-01 1.386438286410374143e-01 1.625411316032829845e+00 4.636263591926548244e-02 1.532037173026015608e+00 8.059397240964746301e-01 8.250937112885425861e-01 1.275054950902698714e-02 8.837978377761864790e-01 -1.097252396253936890e+00 -4.913179675246895362e-01 0.000000000000000000e+00
1.449141244087613078e-01 -2.633201252241268997e-01 1.377263419958940915e-01 1.622751257567895067e+00 4.776508058413542201e-02 1.535857839255283963e+00 8.107157706163955480e-01 8.305019922512482111e-01 3.855591468162167246e-03 8.906673952290186103e-01 -1.093545009700437332e+00 -4.995217353941376892e-01 0.000000000000000000e+00
1.468776571141947318e-01 -2.630620567759768269e-01 1.367460536205635235e-01 1.619870929382010161e+00 4.925909641521108995e-02 1.539903361341520949e+00 8.157264416283525055e-01 8.363733969275186642e-01 -5.832189629218831328e-03 8.979828990063846161e-01 -1.089563650449796306e+00 -5.083845357648396623e-01 0.000000000000000000e+00
1.486669682411003723e-01 -2.628400565433195446e-01 1.358544731363359459e-01 1.617216009402275390e+00 5.061189534791132871e-02 1.543548322716796095e+00 8.201992206791405282e-01 8.418021176515907422e-01 -1.481995883407294379e-02 9.046176322300989447e-01 -1.085922310291330906e+00 -5.165405664717481748e-01 0.000000000000000000e+00
1.505795091250048123e-01 -2.626178282011540910e-01 1.349035147786257771e-01 1.614346385401796091e+00 5.204632440665335480e-02 1.547398427192826276e+00 8.248789273466277105e-01 8.476901005056469707e-01 -2.460201583404320047e-02 9.116770064896264625e-01 -1.082015253235102836e+00 -5.253468412483132122e-01 0.000000000000000000e+00
1.523205638547172613e-01 -2.624300338202037453e-01 1.340398974026589529e-01 1.611705809159469815e+00 5.333983716086754256e-02 1.550859994079842652e+00 8.290459755042747236e-01 8.531290078208885186e-01 -3.367021250381729836e-02 9.180751844295146347e-01 -1.078444620003579102e+00 -5.334465793876802531e-01 0.000000000000000000e+00
1.541795662108808584e-01 -2.622460651320909220e-01 1.331202229892995137e-01 1.608856674193645198e+00 5.470541576761878133e-02 1.554508215855710418e+00 8.333943849321561181e-01 8.590223835761520155e-01 -4.353229749454423647e-02 9.248782960131493036e-01 -1.074616392515617580e+00 -5.421874069804565321e-01 0.000000000000000000e+00
1.558696584161326504e-01 -2.620950760448877426e-01 1.322865780796089463e-01 1.606239644962819568e+00 5.593005128590355923e-02 1.557779486941524905e+00 8.372537714048716717e-01 8.644610245752847311e-01 -5.266813845600659683e-02 9.310387202467205192e-01 -1.071120793847806674e+00 -5.502221972787392223e-01 0.000000000000000000e+00
1.576718303831016743e-01 -2.619525843721101088e-01 1.314006152780022307e-01 1.603421235414222323e+00 5.721540024193538798e-02 1.561217222689716744e+00 8.412670885885937810e-01 8.703482750600409767e-01 -6.259680247398535791e-02 9.375829725723995312e-01 -1.067376256197100748e+00 -5.588876574126663277e-01 0.000000000000000000e+00
1.593083401408464661e-01 -2.618409225643027471e-01 1.305989908504473773e-01 1.600837195058709028e+00 5.836183694584207160e-02 1.564291803623350186e+00 8.448174817958329363e-01 8.757758639406498791e-01 -7.178737139584878690e-02 9.435048441513269601e-01 -1.063959620255610972e+00 -5.668487114382674275e-01 0.000000000000000000e+00
1.610512636539314091e-01 -2.617421145470414379e-01 1.297486459141537762e-01 1.598059493121923857e+00 5.955805213954157296e-02 1.567514236194034183e+00 8.484965722627502149e-01 8.816453378251298822e-01 -8.176796705508437846e-02 9.497913024834863105e-01 -1.060302301130605196e+00 -5.754297493656390650e-01 0.000000000000000000e+00
1.626316275295536518e-01 -2.616721329090884729e-01 1.289810039653250251e-01 1.595517816621435436e+00 6.061716944031037002e-02 1.570386724382115684e+00 8.517373064142402805e-01 8.870509556267455187e-01 -9.099994813189860032e-02 9.554744882497152592e-01 -1.056968156603880438e+00 -5.833081788184203420e-01 0.000000000000000000e+00
1.643121040905859143e-01 -2.616199112723239795e-01 1.281686514480214201e-01 1.592791170678058421e+00 6.171329989506535441e-02 1.573386943173483488e+00 8.550797067403442808e-01 8.928904023699349990e-01 -1.010179612044497244e-01 9.615016878497554265e-01 -1.053402183904264433e+00 -5.917944747900124591e-01 0.000000000000000000e+00
1.658337892910468070e-01 -2.615937906669447144e-01 1.274369185409245653e-01 1.590301150207713121e+00 6.267632792848321088e-02 1.576052955811693357e+00 8.580106486780311181e-01 8.982626640788974326e-01 -1.102773728404915499e-01 9.669465206984224626e-01 -1.050153460269503958e+00 -5.995812249222678414e-01 0.000000000000000000e+00
1.674496435902952107e-01 -2.615899858021532021e-01 1.266644104656433900e-01 1.587635658798793870e+00 6.366434764549344649e-02 1.578827867662427220e+00 8.610187557083027743e-01 9.040599662978364703e-01 -1.203177564661994658e-01 9.727167252532699093e-01 -1.046681363998313241e+00 -6.079635244532922700e-01 0.000000000000000000e+00
1.689102729247487500e-01 -2.616097220218401853e-01 1.259705143829090990e-01 1.585206813479745236e+00 6.452286814054009056e-02 1.581283520475868398e+00 8.636405712224585196e-01 9.093874203214581398e-01 -1.295907502238009545e-01 9.779241372907563346e-01 -1.043520790995634329e+00 -6.156494073592608807e-01 0.000000000000000000e+00
1.704584411531688271e-01 -2.616568047098615235e-01 1.252401219425993972e-01 1.582612689322047572e+00 6.539256591328168611e-02 1.583828372726409528e+00 8.663132531134348779e-01 9.151295951058325828e-01 -1.396379249102883691e-01 9.834371470633294088e-01 -1.040145567209095123e+00 -6.239171243843846248e-01 0.000000000000000000e+00
1.718556820672308139e-01 -2.617241691237018886e-01 1.245859417453157869e-01 1.580254387645276815e+00 6.613859027971535909e-02 1.586070918440920297e+00 8.686271406265501094e-01 9.204003237982354424e-01 -1.489099865615080009e-01 9.884086030282347446e-01 -1.037075208788342806e+00 -6.314928190002513375e-01 0.000000000000000000e+00
1.733342288112311169e-01 -2.618234552894486145e-01 1.238993907902633806e-01 1.577741395128051671e+00 6.688301098941185074e-02 1.588384640050570784e+00 8.709683255408388058e-01 9.260748542909218450e-01 -1.589482396583437041e-01 9.936678801279504869e-01 -1.033798388804082036e+00 -6.396365658766318685e-01 0.000000000000000000e+00
1.746658969665172700e-01 -2.619399497432828294e-01 1.232867254973039617e-01 1.575462961384420879e+00 6.750905558048980737e-02 1.590412332110299642e+00 8.729762824237312646e-01 9.312768734272008908e-01 -1.682047218171864866e-01 9.984055771281742375e-01 -1.030819842861910196e+00 -6.470926845595540433e-01 0.000000000000000000e+00
1.760720065134311063e-01 -2.620933994547468560e-01 1.226462800189320884e-01 1.573041653732392575e+00 6.811903062848267965e-02 1.592491918740912116e+00 8.749863032564685339e-01 9.368699777695580488e-01 -1.782178080417209376e-01 1.003412120240441574e+00 -1.027643424050745491e+00 -6.551013425896402564e-01 0.000000000000000000e+00
1.773360225243690580e-01 -2.622602475382169729e-01 1.220769100528751594e-01 1.570852258032022775e+00 6.861819573074523504e-02 1.594303969259504683e+00 8.766909926702283196e-01 9.419908370716169044e-01 -1.874435306899735476e-01 1.007918788016100686e+00 -1.024757755851589902e+00 -6.624284311177479623e-01 0.000000000000000000e+00
1.786680524288882799e-01 -2.624685896254403961e-01 1.214841741810922249e-01 1.568532267272923164e+00 6.908796332255739969e-02 1.596150503054708514e+00 8.783752423226216521e-01 9.474895989323580681e-01 -1.974153379176117884e-01 1.012677457409908888e+00 -1.021682071108657608e+00 -6.702924795006429681e-01 0.000000000000000000e+00
1.798624972791964260e-01 -2.626867235517597043e-01 1.209598108018773016e-01 1.566441110837241801e+00 6.945402132141698104e-02 1.597747042491478586e+00 8.797800597976384029e-01 9.525167815430733986e-01 -2.065949878790058758e-01 1.016956358333339194e+00 -1.018889879863764003e+00 -6.774808173359576635e-01 0.000000000000000000e+00
1.811179359224495133e-01 -2.629512047395704544e-01 1.204169035957225742e-01 1.564232716360338671e+00 6.977582661762049554e-02 1.599359972920542772e+00 8.811406022195326093e-01 9.579066866942574920e-01 -2.165082055626623703e-01 1.021469684011723666e+00 -1.015915728137390728e+00 -6.851889376370284834e-01 0.000000000000000000e+00
1.822410480018003542e-01 -2.632212284777571965e-01 1.199392320629684983e-01 1.562248950815128268e+00 7.000325018563069435e-02 1.600742222620648469e+00 8.822496756554962793e-01 9.628272097033151455e-01 -2.256260701867665031e-01 1.025524812824560206e+00 -1.013216947267731705e+00 -6.922288042415711828e-01 0.000000000000000000e+00
1.834185714480480178e-01 -2.635418889624399075e-01 1.194475957871838356e-01 1.560161385712540039e+00 7.017287885312750717e-02 1.602124894777466224e+00 8.832933684866982604e-01 9.680949423394918929e-01 -2.354639204115738238e-01 1.029798853479001020e+00 -1.010343463030563438e+00 -6.997712759228390533e-01 0.000000000000000000e+00
1.844687605134447128e-01 -2.638640320533165440e-01 1.190181600392267863e-01 1.558293842633295512e+00 7.025697397881458528e-02 1.603295361657657070e+00 8.841116247316250787e-01 9.728957562575505369e-01 -2.445038875737934880e-01 1.033634870713151077e+00 -1.007737426745866305e+00 -7.066528841796038130e-01 0.000000000000000000e+00
1.855662887992303167e-01 -2.642413577416851678e-01 1.185798322194034915e-01 1.556337671636669917e+00 7.026852029365482366e-02 1.604449404727070982e+00 8.848423295557156232e-01 9.780260697814792126e-01 -2.542483940023931854e-01 1.037673554506256313e+00 -1.004964143944712340e+00 -7.140178561742179797e-01 0.000000000000000000e+00
1.865421943694110518e-01 -2.646155355613757920e-01 1.182002363135825768e-01 1.554595664469621497e+00 7.020542032868970495e-02 1.605411239422296132e+00 8.853754278269221345e-01 9.826936590660064752e-01 -2.631943515781329790e-01 1.041295719904873129e+00 -1.002449653822486741e+00 -7.207311526500898013e-01 0.000000000000000000e+00
1.875588401238958147e-01 -2.650487936611675144e-01 1.178165314437126382e-01 1.552779984774183220e+00 7.005641492978886831e-02 1.606342308154757426e+00 8.858016001803621364e-01 9.876727050400186947e-01 -2.728283368214945437e-01 1.045106703424776518e+00 -9.997743753494476859e-01 -7.279089709990985702e-01 0.000000000000000000e+00
1.884593059942547555e-01 -2.654744639032353692e-01 1.174881753889351066e-01 1.551172223801230210e+00 6.984332252721259238e-02 1.607100214043499120e+00 8.860561318015464094e-01 9.921934875694554679e-01 -2.816635068958868171e-01 1.048521009100312540e+00 -9.973495671769305737e-01 -7.344439688399894139e-01 0.000000000000000000e+00
1.893934302162010030e-01 -2.659632675147406422e-01 1.171609175207457693e-01 1.549507432587578393e+00 6.952993981455435346e-02 1.607812565827307472e+00 8.861834309016521916e-01 9.970054201850649944e-01 -2.911679293522162482e-01 1.052109685248221682e+00 -9.947704953982706710e-01 -7.414223830023786155e-01 0.000000000000000000e+00
1.902175234405379944e-01 -2.664395672160385642e-01 1.168852408565794754e-01 1.548043226092139513e+00 6.916482304865834152e-02 1.608372004365759445e+00 8.861665864077574728e-01 1.001365347784661131e+00 -2.998755340103937961e-01 1.055322855682429450e+00 -9.924329057514534869e-01 -7.477688290380919423e-01 0.000000000000000000e+00
1.910687559096632127e-01 -2.669823417292533363e-01 1.166155290687385937e-01 1.546538129235994319e+00 6.868690247003250704e-02 1.608873762529045015e+00 8.860051322666714357e-01 1.005995985709063456e+00 -3.092326836584418093e-01 1.058698212627023238e+00 -9.899463788206737114e-01 -7.545381184758825910e-01 0.000000000000000000e+00
1.918158432696419058e-01 -2.675079254409906682e-01 1.163938045394349030e-01 1.545226496860948373e+00 6.816913948734892870e-02 1.609241604637573930e+00 8.857251674570767452e-01 1.010180877046014114e+00 -3.177954123533188735e-01 1.061717638091927762e+00 -9.876928119062486910e-01 -7.606856929571942372e-01 0.000000000000000000e+00
1.925831731021707127e-01 -2.681033940799716353e-01 1.161833817177398559e-01 1.543892037105509374e+00 6.752534606895554958e-02 1.609539324986999809e+00 8.852825500839056616e-01 1.014613508943369213e+00 -3.269857149590733592e-01 1.064886733210094638e+00 -9.852955008719865848e-01 -7.672333408132629984e-01 0.000000000000000000e+00
1.932528758307357764e-01 -2.686765192997213614e-01 1.160167956869814498e-01 1.542742080564691420e+00 6.685532184143561096e-02 1.609723581780220458e+00 8.847484531272903352e-01 1.018608916368760609e+00 -3.353859908274559043e-01 1.067720602926048201e+00 -9.831220951063730507e-01 -7.731717239909490225e-01 0.000000000000000000e+00
1.939365422107915404e-01 -2.693222354121330153e-01 1.158665812311236443e-01 1.541587457603187161e+00 6.604790767976620458e-02 1.609827584059581707e+00 8.840365235888848483e-01 1.022828961432100225e+00 -3.443913368955042742e-01 1.070693889125067022e+00 -9.808090731206119406e-01 -7.794876768321808980e-01 0.000000000000000000e+00
1.945288219897669812e-01 -2.699407537769075716e-01 1.157562802504581018e-01 1.540608700454942692e+00 6.522735123618694786e-02 1.609837229793577240e+00 8.832581481812818991e-01 1.026620104401882561e+00 -3.526114499161427940e-01 1.073351058102693489e+00 -9.787112345509292322e-01 -7.852063492199353734e-01 0.000000000000000000e+00
1.951284912291403051e-01 -2.706344378851170407e-01 1.156677596691739890e-01 1.539645202968613624e+00 6.425781226363636023e-02 1.609756968724961546e+00 8.822865604365938141e-01 1.030610118926066576e+00 -3.614111999480373871e-01 1.076137456972216189e+00 -9.764775081866253759e-01 -7.912778238730979741e-01 0.000000000000000000e+00
1.956436393129750428e-01 -2.712957522443096292e-01 1.156147416850906856e-01 1.538847156269898875e+00 6.328984784844315925e-02 1.609602186061395157e+00 8.812746923804182231e-01 1.034182083738135249e+00 -3.694330406255195154e-01 1.078627446012413227e+00 -9.744499770697208074e-01 -7.967661994055877939e-01 0.000000000000000000e+00
1.961602928086630393e-01 -2.720340733151284662e-01 1.155886110678713691e-01 1.538084313137998649e+00 6.216334759597552662e-02 1.609350331053847727e+00 8.800570951300339395e-01 1.037927154021059062e+00 -3.780088188097379120e-01 1.081238941777344920e+00 -9.722890215822032056e-01 -8.025832090165933019e-01 0.000000000000000000e+00
1.965989609145159245e-01 -2.727351524033248542e-01 1.155937659632936265e-01 1.537476980574250973e+00 6.105244337438175961e-02 1.609042596324937291e+00 8.788233857550548089e-01 1.041264694078173569e+00 -3.858140113325423393e-01 1.083572270366417678e+00 -9.703256726475694149e-01 -8.078306350494582899e-01 0.000000000000000000e+00
1.970330398646383541e-01 -2.735148730152412444e-01 1.156312985176995434e-01 1.536926983723460260e+00 5.977362675767583511e-02 1.608631149689191187e+00 8.773714303287435401e-01 1.044746577466370674e+00 -3.941442460642556878e-01 1.086019449092091582e+00 -9.682308301341131518e-01 -8.133799303918836099e-01 0.000000000000000000e+00
1.973962962888451689e-01 -2.742522563714819839e-01 1.156954537222026208e-01 1.536520865043242701e+00 5.852587509964379819e-02 1.608182830857598500e+00 8.759285296501385654e-01 1.047834113276153944e+00 -4.017141483047514949e-01 1.088207235927591610e+00 -9.663248723209706403e-01 -8.183755545436814938e-01 0.000000000000000000e+00
1.977496434891830579e-01 -2.750691231215913746e-01 1.157970544219955183e-01 1.536193915656971498e+00 5.710320885270769864e-02 1.607626873004972534e+00 8.742578621193046740e-01 1.051037629751410352e+00 -4.097800642982742936e-01 1.090503679735566944e+00 -9.642880201402508344e-01 -8.236470821844116275e-01 0.000000000000000000e+00
1.980389459834701882e-01 -2.758389261178273988e-01 1.159208672460054074e-01 1.535999921565867510e+00 5.572614434844869180e-02 1.607051627928089088e+00 8.726192856796061159e-01 1.053859448663430953e+00 -4.170957678127220625e-01 1.092557975621426758e+00 -9.624318634394929406e-01 -8.283800520737003570e-01 0.000000000000000000e+00
1.983129481139865313e-01 -2.766887746799845393e-01 1.160876541730362643e-01 1.535909802052151996e+00 5.416773366412463986e-02 1.606365433352363592e+00 8.707436879028905841e-01 1.056765490044925482e+00 -4.248752608310069068e-01 1.094716134789799789e+00 -9.604446126340757672e-01 -8.333602298911758632e-01 0.000000000000000000e+00
1.985302275548770923e-01 -2.774866883435650466e-01 1.162716711293349248e-01 1.535939478532954539e+00 5.267073792247156661e-02 1.605678103835611381e+00 8.689239499300394076e-01 1.059305546513615637e+00 -4.319175908595580538e-01 1.096649789478278958e+00 -9.586296683511867922e-01 -8.378196265574862078e-01 0.000000000000000000e+00
1.987276404228307813e-01 -2.783643730049420451e-01 1.165037196408570119e-01 1.536097317767043613e+00 5.098856114211169910e-02 1.604879260505862604e+00 8.668609987706369369e-01 1.061898533308971437e+00 -4.393912198266474167e-01 1.098684910604290410e+00 -9.566821652250390162e-01 -8.424984011185918664e-01 0.000000000000000000e+00
1.988752987597337818e-01 -2.791856886179142072e-01 1.167483908979118357e-01 1.536363063654444083e+00 4.938262435309370701e-02 1.604095475949504079e+00 8.648756121779827000e-01 1.064140582051681827e+00 -4.461408684513985534e-01 1.100511506216948598e+00 -9.548993120332855966e-01 -8.466731058643729435e-01 0.000000000000000000e+00
1.989985677577389700e-01 -2.800860811545596851e-01 1.170464795647139233e-01 1.536784292857684697e+00 4.758877290366569923e-02 1.603201027481197416e+00 8.626414197604879153e-01 1.066400806868832207e+00 -4.532857301819179785e-01 1.102438036949511702e+00 -9.529811702581558741e-01 -8.510365621524131896e-01 0.000000000000000000e+00
1.990794646907629029e-01 -2.809256658599748047e-01 1.173520426759940422e-01 1.537299125454776316e+00 4.588668924981886832e-02 1.602337929428385044e+00 8.605068295677622547e-01 1.068328336286804126e+00 -4.597228568527482739e-01 1.104172154293316943e+00 -9.512202215663683180e-01 -8.549154562801136725e-01 0.000000000000000000e+00
1.991324106670683269e-01 -2.818428587734272406e-01 1.177160503385652618e-01 1.537996882918011288e+00 4.399681879915462446e-02 1.601367200314558703e+00 8.581209035471603075e-01 1.070239820159208710e+00 -4.665195768497667483e-01 1.106006939126326971e+00 -9.493199895495695317e-01 -8.589534077039191473e-01 0.000000000000000000e+00
1.991499716234559902e-01 -2.826952124925977694e-01 1.180826826376220606e-01 1.538774798459493276e+00 4.221346608655096588e-02 1.600442668170623639e+00 8.558546200385299674e-01 1.071835985758547549e+00 -4.726242744375281912e-01 1.107663758219492589e+00 -9.475698932392239149e-01 -8.625253059369606401e-01 0.000000000000000000e+00
1.991361876790042340e-01 -2.836231178153160171e-01 1.185130166833983228e-01 1.539766628670091286e+00 4.024397038406757332e-02 1.599415547262925452e+00 8.533355359634241522e-01 1.073378222345812372e+00 -4.790488176722080826e-01 1.109423375330735206e+00 -9.456751207026597994e-01 -8.662234380056718086e-01 0.000000000000000000e+00
1.990943741858460236e-01 -2.844823138485654823e-01 1.189406800975852524e-01 1.540822760982115014e+00 3.839593909433780539e-02 1.598448747019248772e+00 8.509562012665200514e-01 1.074626046474568941e+00 -4.848009127316430522e-01 1.111019341192992504e+00 -9.439240922859326588e-01 -8.694770884884489570e-01 0.000000000000000000e+00
1.990187755290726279e-01 -2.854143065201446561e-01 1.194368972197055317e-01 1.542123710482969479e+00 3.636650142584763046e-02 1.597386655098356201e+00 8.483253310046581230e-01 1.075782723915017725e+00 -4.908336383909448486e-01 1.112722232973016201e+00 -9.420213968451256470e-01 -8.728252811899237518e-01 0.000000000000000000e+00
1.989220845374896351e-01 -2.862741054024245946e-01 1.199254345843633468e-01 1.543474365879455412e+00 3.447257763011624121e-02 1.596397700825928911e+00 8.458524527744649690e-01 1.076664896026106488e+00 -4.962126911606870028e-01 1.114274323256314592e+00 -9.402565199907300109e-01 -8.757491657507218141e-01 0.000000000000000000e+00
1.987895717378690974e-01 -2.872032003244344711e-01 1.204876322529774280e-01 1.545104732156579175e+00 3.240418647355580717e-02 1.595322943801339655e+00 8.431310350355403216e-01 1.077414709031018214e+00 -5.018288984255006024e-01 1.115939331569831827e+00 -9.383314539967663181e-01 -8.787329048570193812e-01 0.000000000000000000e+00
1.986431037885889594e-01 -2.880569716592359386e-01 1.210367043518043723e-01 1.546767316635976997e+00 3.048523723463691937e-02 1.594333047327048281e+00 8.405853193495335107e-01 1.077913718840271873e+00 -5.068142694071016141e-01 1.117465589190556274e+00 -9.365389468460612044e-01 -8.813156384821780875e-01 0.000000000000000000e+00
1.984597637606716480e-01 -2.889758338778263824e-01 1.216640331412163351e-01 1.548744545379895143e+00 2.840185763144020825e-02 1.593269167822667365e+00 8.377967899511388206e-01 1.078240155810888501e+00 -5.119939845692513813e-01 1.119112887482824892e+00 -9.345762637016999941e-01 -8.839246708231014438e-01 0.000000000000000000e+00
1.982691733642837073e-01 -2.898166122755873597e-01 1.222731510113203302e-01 1.550737991708018626e+00 2.648071525026640671e-02 1.592300521518673406e+00 8.351999415722025644e-01 1.078338160139003410e+00 -5.165647679481544241e-01 1.120632354042769618e+00 -9.327414788686899660e-01 -8.861546687618793161e-01 0.000000000000000000e+00
1.980412616126993597e-01 -2.907174097405573754e-01 1.229653332217219563e-01 1.553085411101591262e+00 2.440848382283800078e-02 1.591272327638395989e+00 8.323682023851213252e-01 1.078219116838276648e+00 -5.212824246611751366e-01 1.122282848128346222e+00 -9.307244006590639218e-01 -8.883740806353241926e-01 0.000000000000000000e+00
1.978128178654897096e-01 -2.915378828653306664e-01 1.236338077175516970e-01 1.555429815356571766e+00 2.251043128705454421e-02 1.590348207522394253e+00 8.297430579196028999e-01 1.077898072768867621e+00 -5.254174483067139967e-01 1.123815364177632281e+00 -9.288315589142901452e-01 -8.902397581369790869e-01 0.000000000000000000e+00
1.975476242832990559e-01 -2.924126615943569707e-01 1.243896537715371009e-01 1.558167683583524088e+00 2.047774030068350015e-02 1.589381009856815741e+00 8.268935421322453072e-01 1.077316704702903305e+00 -5.296530062834032826e-01 1.125491025135510137e+00 -9.267429082503682025e-01 -8.920593629517757917e-01 0.000000000000000000e+00
1.972882071110376723e-01 -2.932051581547492347e-01 1.251165977872285284e-01 1.560884687685825334e+00 1.863028771438512976e-02 1.588525678021387444e+00 8.242641366089829003e-01 1.076558369582503172e+00 -5.333308983278299831e-01 1.127057496488694799e+00 -9.247753648370177215e-01 -8.935490021075115363e-01 0.000000000000000000e+00
1.969933825413599515e-01 -2.940452412301884366e-01 1.259354461073958487e-01 1.564039873662891544e+00 1.666849100040490583e-02 1.587646708524935057e+00 8.214235424112772410e-01 1.075491706986899221e+00 -5.370580588524229704e-01 1.128781760136466694e+00 -9.225961001170058795e-01 -8.949536198454467462e-01 0.000000000000000000e+00
1.967104615357098130e-01 -2.948017693363028102e-01 1.267197842941154562e-01 1.567152531760003242e+00 1.490164422789952425e-02 1.586885369320380823e+00 8.188149761235445911e-01 1.074277571845932089e+00 -5.402571811118805911e-01 1.130403891556433837e+00 -9.205360784348022296e-01 -8.960553695884124759e-01 0.000000000000000000e+00
1.963945052664378133e-01 -2.955985592562108133e-01 1.275999915099217674e-01 1.570748006361181837e+00 1.304410541728895367e-02 1.586121824290376292e+00 8.160108672327728296e-01 1.072708570489711910e+00 -5.434556375810659645e-01 1.132200460027801281e+00 -9.182468917407975439e-01 -8.970348136583162768e-01 0.000000000000000000e+00
1.960961580099254975e-01 -2.963107796355292645e-01 1.284404945331116821e-01 1.574280812107316407e+00 1.139027164609718312e-02 1.585480466007081146e+00 8.134494388963346978e-01 1.071019793463465541e+00 -5.461542187136432247e-01 1.133901021541871446e+00 -9.160756830830831809e-01 -8.977369560797157089e-01 0.000000000000000000e+00
