-2.085234961757120031e-01 -1.460980754358214562e-01 1.006508543791520965e-01 2.357289538837357146e+00 -2.365811512776261338e-03 3.136579760603973366e+00 -7.847289110155113434e-01 6.962786733112547033e-01 -5.635515182716765992e-03 2.434201797069155456e-03 8.749358363538115579e-01 2.146684526598550730e-04 0.000000000000000000e+00
-2.091752719630694535e-01 -1.474674800293671317e-01 1.023801649381415185e-01 2.358762595543256957e+00 -5.948593594911955051e-03 3.129195886401297866e+00 -7.838040617479541394e-01 6.932530559968156370e-01 -1.347985617354519050e-02 5.898058653563204717e-03 8.780522008823951063e-01 4.617055607787379245e-04 0.000000000000000000e+00
-2.097620241669690411e-01 -1.487037343609265427e-01 1.040417610450355690e-01 2.360005095161226141e+00 -9.434136784011837307e-03 3.122222393473403468e+00 -7.829866044513542622e-01 6.900807650853404418e-01 -2.040487395607804011e-02 9.044751489505904740e-03 8.807555091259072766e-01 6.269396546165835644e-04 0.000000000000000000e+00
-2.103794182657855449e-01 -1.500141911711484755e-01 1.059106418519147885e-01 2.361224084235565179e+00 -1.339651306538192088e-02 3.114504027369721317e+00 -7.821293994754849876e-01 6.862447478511903842e-01 -2.757064150115429157e-02 1.239984864416626524e-02 8.835002295243702397e-01 7.498553320082362340e-04 0.000000000000000000e+00
-2.109305733868203359e-01 -1.511985244428475095e-01 1.076971887952386381e-01 2.362232239666209654e+00 -1.721861025459414662e-02 3.107235017020625545e+00 -7.813546193353537728e-01 6.823478108071046044e-01 -3.388193381047854835e-02 1.544846173043974182e-02 8.858685786817775965e-01 8.221919496901436940e-04 0.000000000000000000e+00
-2.115052454375632718e-01 -1.524553752376343052e-01 1.096972198183555208e-01 2.363197565048557269e+00 -2.153035772176403739e-02 3.099209934677993328e+00 -7.805229807059491653e-01 6.777515276607641859e-01 -4.039655846903023040e-02 1.869974969804665335e-02 8.882591652342871624e-01 8.671315577321859992e-04 0.000000000000000000e+00
-2.120130243312085827e-01 -1.535924036718190056e-01 1.116014362731911347e-01 2.363971152779319240e+00 -2.566258445293145840e-02 3.091668092769747300e+00 -7.797533937299435669e-01 6.731710903229095599e-01 -4.611569690997541215e-02 2.165416490402888652e-02 8.903066700593673666e-01 8.874255474392680251e-04 0.000000000000000000e+00
-2.125363889862618982e-01 -1.548003554715595698e-01 1.137250738186909998e-01 2.364682007351227799e+00 -3.029604282824394090e-02 3.083358208199115325e+00 -7.789077735048162143e-01 6.678544221017027605e-01 -5.199861975796049585e-02 2.480515052678338925e-02 8.923563054133196726e-01 8.971885425516465569e-04 0.000000000000000000e+00
-2.129930051579787542e-01 -1.558945331801193102e-01 1.157392605243472150e-01 2.365221283068394964e+00 -3.470979621937608783e-02 3.075563962914952043e+00 -7.781078930714108166e-01 6.626312308347575009e-01 -5.714730909341070308e-02 2.766912020483840856e-02 8.940970140808226496e-01 9.042523562799052381e-04 0.000000000000000000e+00
-2.134568542157132542e-01 -1.570584308384512240e-01 1.179774677223510981e-01 2.365679059208812163e+00 -3.963098355074201606e-02 3.066991366643597061e+00 -7.772113398904356707e-01 6.566419147012237945e-01 -6.242556121589348805e-02 3.072438183116137436e-02 8.958226758881667751e-01 9.197512906346371354e-04 0.000000000000000000e+00
-2.138546105944005016e-01 -1.581140065336263112e-01 1.200935941770992083e-01 2.365984750440957463e+00 -4.429564163272114996e-02 3.058962759996951775e+00 -7.763477433279503126e-01 6.508158503425119923e-01 -6.702510673456929524e-02 3.350149500697698068e-02 8.972703702567339512e-01 9.501475424113250924e-04 0.000000000000000000e+00
-2.142505581317006857e-01 -1.592383001428302469e-01 1.224380937115882029e-01 2.366189940335190034e+00 -4.947246140108685353e-02 3.050144142712495121e+00 -7.753647039905746663e-01 6.441927018695394747e-01 -7.171852868167061246e-02 3.646427212266314249e-02 8.986851080068111175e-01 1.010071202662778675e-03 0.000000000000000000e+00
-2.145820305772724312e-01 -1.602593698581162573e-01 1.246479501649165877e-01 2.366263687420900208e+00 -5.435577626424015207e-02 3.041896492416978237e+00 -7.744060991562007334e-01 6.378027797290305445e-01 -7.579050198840131536e-02 3.915799298625103481e-02 8.998535033560561835e-01 1.098387762163880984e-03 0.000000000000000000e+00
-2.149023528269048411e-01 -1.613484662870441622e-01 1.270891805970980615e-01 2.366218940344065214e+00 -5.975033255849737657e-02 3.032848593867733644e+00 -7.733042162551805321e-01 6.305915387083412815e-01 -7.992559221296735572e-02 4.203250919834168597e-02 9.009738286476252078e-01 1.238648966637788656e-03 0.000000000000000000e+00
-2.151604017821614756e-01 -1.623389717967540780e-01 1.293843172818281428e-01 2.366062964002242364e+00 -6.481828429218339238e-02 3.024394878324489166e+00 -7.722211752188725686e-01 6.236761083057325017e-01 -8.349143175452922172e-02 4.464613965333465162e-02 9.018763739410531333e-01 1.417318467606333088e-03 0.000000000000000000e+00
-2.153973252591845355e-01 -1.633969871059835488e-01 1.319134541693373353e-01 2.365770762037840313e+00 -7.039437858926067548e-02 3.015129455637745703e+00 -7.709689568743172128e-01 6.159144584667510802e-01 -8.708816396473562094e-02 4.743537229270471806e-02 9.027151365263735849e-01 1.672615487529729170e-03 0.000000000000000000e+00
-2.155751837375809721e-01 -1.643606832280322672e-01 1.342852292276410231e-01 2.365388297249103378e+00 -7.561119863815557451e-02 3.006480520634339459e+00 -7.697339824978202127e-01 6.085112701104943289e-01 -9.016930818790291902e-02 4.997209981003244983e-02 9.033652141484620479e-01 1.972164153886423778e-03 0.000000000000000000e+00
-2.157218954594019578e-01 -1.653915829161204387e-01 1.368925028622621776e-01 2.364853105447058734e+00 -8.132800025882191974e-02 2.997009081675243714e+00 -7.683035986763385727e-01 6.002427541370435327e-01 -9.325391452048714669e-02 5.267993126620856142e-02 9.039383929940741913e-01 2.373640889702372751e-03 0.000000000000000000e+00
-2.158132399581846883e-01 -1.663320053481202876e-01 1.393321816262445834e-01 2.364248306975524905e+00 -8.665652933206668962e-02 2.988173737604947977e+00 -7.668911246131879800e-01 5.923886260292090533e-01 -9.587153555592609067e-02 5.514278519161101150e-02 9.043491855922189959e-01 2.822533596266366476e-03 0.000000000000000000e+00
-2.158628729572534821e-01 -1.673395891895330667e-01 1.420084437718415193e-01 2.363474712514453291e+00 -9.247442346105394506e-02 2.978503765463873965e+00 -7.652547452813887041e-01 5.836498623862775847e-01 -9.846425603517250380e-02 5.777193688233209917e-02 9.046694307133010815e-01 3.401020818930390339e-03 0.000000000000000000e+00
-2.158618923449383553e-01 -1.682600643134895546e-01 1.445072017130515085e-01 2.362652916383312540e+00 -9.787621350350672600e-02 2.969489050807697872e+00 -7.636410693978823438e-01 5.753810135176905538e-01 -1.006395260135493075e-01 6.016383004825154313e-02 9.048539211978161578e-01 4.025885275487597892e-03 0.000000000000000000e+00
-2.158087556073417790e-01 -1.692477117334969805e-01 1.472425726355064413e-01 2.361647710240309284e+00 -1.037517315015068498e-01 2.959628338005352077e+00 -7.617752587381728668e-01 5.662135475182835664e-01 -1.027659269859233504e-01 6.271785562909718004e-02 9.049368120867449239e-01 4.807986247799040172e-03 0.000000000000000000e+00
-2.157102246525999523e-01 -1.701513705333872750e-01 1.497916393993249939e-01 2.360615259584199155e+00 -1.091875369306296584e-01 2.950439578991477241e+00 -7.599384765343452086e-01 5.575653646419282961e-01 -1.045201511959583662e-01 6.504155106516458507e-02 9.049077836308631051e-01 5.633482441790889014e-03 0.000000000000000000e+00
-2.155485864786262917e-01 -1.711224506456249239e-01 1.525768471764748779e-01 2.359385578223299973e+00 -1.150784622314890981e-01 2.940392529215664297e+00 -7.578189997808055800e-01 5.480046496180575044e-01 -1.062004726857439518e-01 6.752293060489988896e-02 9.047656374076800123e-01 6.646285205091274732e-03 0.000000000000000000e+00
-2.153477933223324758e-01 -1.720121375601112723e-01 1.551674143130159222e-01 2.358150085105668925e+00 -1.205077464382298125e-01 2.931034300006186921e+00 -7.557388712323720448e-01 5.390118204071323582e-01 -1.075545569419946723e-01 6.978107898863772363e-02 9.045359397636608678e-01 7.695303838324837192e-03 0.000000000000000000e+00
-2.150733177415087571e-01 -1.729694181970722056e-01 1.579927577903212366e-01 2.356705369525059712e+00 -1.263692757861134552e-01 2.920805979426924104e+00 -7.533464870461267227e-01 5.290973377219582163e-01 -1.088139658214932748e-01 7.219304573127363622e-02 9.041837367094978095e-01 8.961098062655693808e-03 0.000000000000000000e+00
-2.147662595347785974e-01 -1.738477198697461479e-01 1.606161616350929022e-01 2.355275826988215915e+00 -1.317513693461931368e-01 2.911281663757392835e+00 -7.510047029205927371e-01 5.197937841908480960e-01 -1.097889490965713311e-01 7.438816458214986271e-02 9.037656869973826890e-01 1.025465678164792609e-02 0.000000000000000000e+00
-2.143744915925668293e-01 -1.747940396241130234e-01 1.634724590139118305e-01 2.353626140657301580e+00 -1.375394907748703766e-01 2.900875039820711709e+00 -7.483186386451387007e-01 5.095598220434052195e-01 -1.106476853900670854e-01 7.673295308628853839e-02 9.032156110742266542e-01 1.179691417485883090e-02 0.000000000000000000e+00
-2.139577175351624616e-01 -1.756632290388305817e-01 1.661200650275940771e-01 2.352012950676123815e+00 -1.428327812252492279e-01 2.891188146674271486e+00 -7.456984210276371705e-01 4.999788669952497933e-01 -1.112642071824205825e-01 7.886743508809500314e-02 9.026216595721119340e-01 1.335433078033716921e-02 0.000000000000000000e+00
-2.134457198294201496e-01 -1.766006941312839307e-01 1.689979640484315093e-01 2.350170609581168968e+00 -1.485021394361289993e-01 2.880607345401824837e+00 -7.427032303286521531e-01 4.894629093778812279e-01 -1.117469051299972982e-01 8.114797483093552644e-02 9.018881584288768183e-01 1.519125134370582705e-02 0.000000000000000000e+00
-2.129164856062860656e-01 -1.774627696553132683e-01 1.716614216753833966e-01 2.348385612279211276e+00 -1.536653061560153688e-01 2.870760977195923491e+00 -7.397895323590236716e-01 4.796369435094384737e-01 -1.120257380961287019e-01 8.322408367059883072e-02 9.011304225197219742e-01 1.703006316756736430e-02 0.000000000000000000e+00
-2.122811901173144999e-01 -1.783935981660887682e-01 1.745520316939081495e-01 2.346364145897021469e+00 -1.591712187367102516e-01 2.860009161183074244e+00 -7.364679046894224701e-01 4.688721467777154928e-01 -1.121526377220709580e-01 8.544238034533714610e-02 9.002254138022858232e-01 1.918163205253968148e-02 0.000000000000000000e+00
-2.116373547855792125e-01 -1.792501993813718220e-01 1.772230813430471508e-01 2.344420934095992948e+00 -1.641626420917141616e-01 2.850007243911763855e+00 -7.332472774041624008e-01 4.588329948640119671e-01 -1.121140218862648474e-01 8.746227984124295418e-02 8.993158111319691228e-01 2.131774732110843298e-02 0.000000000000000000e+00
-2.108772808711162905e-01 -1.801757703348046968e-01 1.801176424229414541e-01 2.342236039861107066e+00 -1.694603957987821374e-01 2.839089233278351276e+00 -7.295874948551482886e-01 4.478547790604328060e-01 -1.119093579564920393e-01 8.962097164183392695e-02 8.982532764360547928e-01 2.379829670359769750e-02 0.000000000000000000e+00
-2.101173989802856967e-01 -1.810282835908517685e-01 1.827884207935057403e-01 2.340149683213158305e+00 -1.742392041710352224e-01 2.828936083748250230e+00 -7.260480206083783639e-01 4.376334336386542567e-01 -1.115739328171965195e-01 9.158668413193506164e-02 8.972035914924000322e-01 2.624593316008386537e-02 0.000000000000000000e+00
-2.092308039359172256e-01 -1.819501263033380389e-01 1.856784204104193203e-01 2.337818729825369868e+00 -1.792842394440743448e-01 2.817857315308535338e+00 -7.220359684261740130e-01 4.264738232753270686e-01 -1.110574127237757835e-01 9.368755204735769448e-02 8.959951155687494451e-01 2.907209427303816818e-02 0.000000000000000000e+00
-2.083540126790280056e-01 -1.827995844995718711e-01 1.883412554017871998e-01 2.335606162060432922e+00 -1.838098230249496368e-01 2.807558795434567323e+00 -7.181671943106159306e-01 4.161006443819002532e-01 -1.104452851472210728e-01 9.560100000106598606e-02 8.948169331024983242e-01 3.184391233559263207e-02 0.000000000000000000e+00
-2.073408297051970162e-01 -1.837183596512939887e-01 1.912186910333465439e-01 2.333148531495337963e+00 -1.885592437932963605e-01 2.796326382583735448e+00 -7.137946166958420990e-01 4.047930621305056431e-01 -1.096407441819080564e-01 9.764640758678770627e-02 8.934758983355889361e-01 3.502636903229131016e-02 0.000000000000000000e+00
-2.063469332240454035e-01 -1.845654280052863028e-01 1.938662884554471222e-01 2.330828677417459360e+00 -1.927920979013606484e-01 2.785889852979056780e+00 -7.095878208589256886e-01 3.942975442745033088e-01 -1.087718878762697905e-01 9.950938031546062434e-02 8.921806033604017250e-01 3.813343330300552475e-02 0.000000000000000000e+00
-2.052067545155494555e-01 -1.854820370215835845e-01 1.967233341294028492e-01 2.328265786877759425e+00 -1.972030244891058715e-01 2.774512659742526033e+00 -7.048436656930584521e-01 3.828728495141723864e-01 -1.076991665891859906e-01 1.015008838562434651e-01 8.907183947638936949e-01 4.168559501565603786e-02 0.000000000000000000e+00
-2.040960993136274881e-01 -1.863270874317446424e-01 1.993486888256029155e-01 2.325859418650061183e+00 -2.011044762889846460e-01 2.763947621396127818e+00 -7.002913912837315236e-01 3.722839212829355815e-01 -1.065932889465304179e-01 1.033150957698326933e-01 8.893173057144030391e-01 4.513747622969746520e-02 0.000000000000000000e+00
-2.028301173624803555e-01 -1.872414272040907601e-01 2.021781037826933525e-01 2.323214717223610837e+00 -2.051366159239682574e-01 2.752437030139161855e+00 -6.951706651397272507e-01 3.607735726040450230e-01 -1.052751573649957084e-01 1.052547925050350969e-01 8.877467064615286452e-01 4.906659591108108315e-02 0.000000000000000000e+00
-2.016036635025390544e-01 -1.880845527405438644e-01 2.047746917049700910e-01 2.320744407387489439e+00 -2.086698867314957795e-01 2.741754725207863341e+00 -6.902669200455370246e-01 3.501192970575603969e-01 -1.039519657773899652e-01 1.070218082106810797e-01 8.862506757191767059e-01 5.287137093669322385e-02 0.000000000000000000e+00
-2.002127058798900960e-01 -1.889969043170630913e-01 2.075694569374862686e-01 2.318043587088562063e+00 -2.122832634649993722e-01 2.730124381668524780e+00 -6.847615668610980144e-01 3.385529554167509003e-01 -1.024082644515253993e-01 1.089110546879832886e-01 8.845828710865145661e-01 5.718777249722321876e-02 0.000000000000000000e+00
-1.988719088014512804e-01 -1.898378846436143963e-01 2.101310778792075395e-01 2.315533907290791671e+00 -2.154129439819145730e-01 2.719338828997294844e+00 -6.795016905501369830e-01 3.278607964037598688e-01 -1.008870668368722079e-01 1.106323638914207819e-01 8.830027510327433937e-01 6.135209507594207440e-02 0.000000000000000000e+00
-1.973583441827170271e-01 -1.907475038648659693e-01 2.128849359973527533e-01 2.312804321356894288e+00 -2.185714507688159003e-01 2.707604987621129666e+00 -6.736097795334730076e-01 3.162679895996176604e-01 -9.914003316178021663e-02 1.124729910340722394e-01 8.812499249822804970e-01 6.605981486914558332e-02 0.000000000000000000e+00
-1.959051640262683691e-01 -1.915858557458162137e-01 2.154058774635900786e-01 2.310281566214125171e+00 -2.212643265612932453e-01 2.696732574200446209e+00 -6.679904430543784910e-01 3.055645454415074624e-01 -9.744000427992816071e-02 1.141499669277383083e-01 8.795963682614501566e-01 7.058892393817804700e-02 0.000000000000000000e+00
-1.942708636050140547e-01 -1.924924305583744777e-01 2.181125932909819265e-01 2.307553027221238562e+00 -2.239319061320488302e-01 2.684914846157127499e+00 -6.617067144623365316e-01 2.939737027186692386e-01 -9.550881301545732782e-02 1.159431232239591103e-01 8.777693731746286643e-01 7.569533559132322897e-02 0.000000000000000000e+00
-1.927077547395942558e-01 -1.933274167758003981e-01 2.205875767377268037e-01 2.305045286120261050e+00 -2.261571432262634573e-01 2.673974566490502358e+00 -6.557259870233183019e-01 2.832849725255817130e-01 -9.364899446820040829e-02 1.175770308093715688e-01 8.760527661149908329e-01 8.059312186257432120e-02 0.000000000000000000e+00
-1.909560981329640750e-01 -1.942296656668920929e-01 2.232419390799890713e-01 2.302348639183527279e+00 -2.283030738029663276e-01 2.662094519695699990e+00 -6.490513729622799932e-01 2.717237574698705971e-01 -9.155535037723461222e-02 1.193243308005725589e-01 8.741631867425523339e-01 8.609927399534041126e-02 0.000000000000000000e+00
-1.892858907359636633e-01 -1.950603289777939064e-01 2.256660999090806807e-01 2.299885415910043029e+00 -2.300323166228546157e-01 2.651108071921671083e+00 -6.427084556150109984e-01 2.610749414036205862e-01 -8.955425113414916538e-02 1.209163518554651068e-01 8.723936493562491901e-01 9.136830492254853497e-02 0.000000000000000000e+00
-1.874196733747339194e-01 -1.959574963033074158e-01 2.282628511486622380e-01 2.297253739727897592e+00 -2.316260365906597229e-01 2.639190998080570338e+00 -6.356403595029134213e-01 2.495705182581554604e-01 -8.731719581848262912e-02 1.226187193256494112e-01 8.704520717635270133e-01 9.727875819830228421e-02 0.000000000000000000e+00
-1.856456018498339189e-01 -1.967826976160941821e-01 2.306318472510675566e-01 2.294865788923244221e+00 -2.328338649652890169e-01 2.628182494839974126e+00 -6.289357183005844787e-01 2.389861506902854205e-01 -8.519345800719868578e-02 1.241699274368364969e-01 8.686397240627007355e-01 1.029203403948772827e-01 0.000000000000000000e+00
-1.836689738386527715e-01 -1.976730453401543686e-01 2.331667595502051049e-01 2.292332495802229531e+00 -2.338508691315674959e-01 2.616255439880156519e+00 -6.214776688258720760e-01 2.275642688938558922e-01 -8.283363096527973646e-02 1.258287688679548544e-01 8.666572003682184722e-01 1.092333471141533063e-01 0.000000000000000000e+00
-1.817946127203682316e-01 -1.984914479020259692e-01 2.354766423317950497e-01 2.290051603405683700e+00 -2.345149945792925905e-01 2.605251459088758104e+00 -6.144130348231916505e-01 2.170681351818515292e-01 -8.060523092315596827e-02 1.273401377537100310e-01 8.648116963118207545e-01 1.152475471591224571e-01 0.000000000000000000e+00
-1.797111374928977989e-01 -1.993738988817546076e-01 2.379454571449133859e-01 2.287651850961478495e+00 -2.349314102308728280e-01 2.593344744337340746e+00 -6.065650319858644224e-01 2.057547605550859304e-01 -7.814154059872335800e-02 1.289561938374405303e-01 8.627984131067480966e-01 1.219649965018190230e-01 0.000000000000000000e+00
-1.777403030452509025e-01 -2.001840933535144751e-01 2.401927848878497862e-01 2.285510074367795852e+00 -2.350327144926467327e-01 2.582373839806078486e+00 -5.991430017648953221e-01 1.953699469766468910e-01 -7.582645466311754845e-02 1.304286223146317314e-01 8.609294066537305223e-01 1.283506742293406000e-01 0.000000000000000000e+00
-1.755547530947049462e-01 -2.010566126301981116e-01 2.425923277698893710e-01 2.283278269186719722e+00 -2.348314834071905111e-01 2.570518718517472045e+00 -5.909110376774058260e-01 1.841889481008150142e-01 -7.327874160629321842e-02 1.320030581839513606e-01 8.588957502663188137e-01 1.354682468810647911e-01 0.000000000000000000e+00
-1.734915428378737690e-01 -2.018570278954485708e-01 2.447740728988484771e-01 2.281308016063831268e+00 -2.343544192770163903e-01 2.559611382843448801e+00 -5.831355394007560200e-01 1.739377752748274830e-01 -7.089441348234526430e-02 1.334373452009055550e-01 8.570126290595236895e-01 1.422231219594553842e-01 0.000000000000000000e+00
-1.712080043982072697e-01 -2.027183240213580318e-01 2.471009906593360506e-01 2.279279665035405245e+00 -2.335188848661520211e-01 2.547842409376654071e+00 -5.745219443290582317e-01 1.629138862585534919e-01 -6.828105350465074608e-02 1.349707267775459296e-01 8.549685863438606370e-01 1.497401937418266771e-01 0.000000000000000000e+00
-1.690567422663865893e-01 -2.035073773382653495e-01 2.492146707912917813e-01 2.277512768224633888e+00 -2.324517764236566642e-01 2.537030004976524644e+00 -5.663979048447442821e-01 1.528180090136312397e-01 -6.584506005555512687e-02 1.363675797364277131e-01 8.530803385519671878e-01 1.568608706406964537e-01 0.000000000000000000e+00
-1.666804044876997737e-01 -2.043552316114430056e-01 2.514667447519380317e-01 2.275721430742809304e+00 -2.309728108097175436e-01 2.525381355533409256e+00 -5.574109678777310339e-01 1.419732342254218793e-01 -6.318482844267481191e-02 1.378608890610407978e-01 8.510356966250589572e-01 1.647707420390976119e-01 0.000000000000000000e+00
-1.644455259571053762e-01 -2.051312572285718949e-01 2.535101870759173259e-01 2.274188976155406827e+00 -2.293073484006695750e-01 2.514696792752016741e+00 -5.489442794296647277e-01 1.320535750208787773e-01 -6.071394758329962116e-02 1.392209321402306521e-01 8.491513104167461856e-01 1.722527599636207440e-01 0.000000000000000000e+00
-1.619808695186741865e-01 -2.059643286344692570e-01 2.556850628742007858e-01 2.272668182171596385e+00 -2.271764663703672582e-01 2.503204879662606075e+00 -5.395885945202163470e-01 1.214113586007051770e-01 -5.802508698870090242e-02 1.406745437198447246e-01 8.471155900794896665e-01 1.805524016323118153e-01 0.000000000000000000e+00
-1.596669500903794836e-01 -2.067256736428577379e-01 2.576565868726529152e-01 2.271399771772701470e+00 -2.249082562820081677e-01 2.492681257553029717e+00 -5.307861480377182861e-01 1.116881408160690786e-01 -5.553609663391290141e-02 1.419983345186958679e-01 8.452437873073274099e-01 1.883902511679831360e-01 0.000000000000000000e+00
-1.571193757171046868e-01 -2.075417244673412043e-01 2.597529602468048870e-01 2.270179918091216997e+00 -2.221244506742579006e-01 2.481381208145438499e+00 -5.210719683560316451e-01 1.012686894987021857e-01 -5.283645023689964582e-02 1.434130389792595828e-01 8.432262430445106594e-01 1.970708247410963843e-01 0.000000000000000000e+00
-1.547310586956399392e-01 -2.082867479412461587e-01 2.616512554727476458e-01 2.269203207069556250e+00 -2.192528388206849144e-01 2.471051703685177792e+00 -5.119415535852903654e-01 9.176137917706585212e-02 -5.034559566934837527e-02 1.447010269062059817e-01 8.413754126659327426e-01 2.052580144327588729e-01 0.000000000000000000e+00
-1.521052467405422937e-01 -2.090844559246005652e-01 2.636675765142967309e-01 2.268313885698341359e+00 -2.158156366676466931e-01 2.459980350061321097e+00 -5.018756369026314834e-01 8.158686377858058447e-02 -4.765274033311506230e-02 1.460770489519362947e-01 8.393851658042892350e-01 2.143142934566550917e-01 0.000000000000000000e+00
-1.496472324391115438e-01 -2.098115532174544828e-01 2.654917388412518786e-01 2.267654145781657249e+00 -2.123436853180336037e-01 2.449877749077066902e+00 -4.924260089857305789e-01 7.231426949514269120e-02 -4.517613367739548025e-02 1.473296001916278297e-01 8.375636301977023024e-01 2.228433664532564751e-01 0.000000000000000000e+00
-1.469486399482287653e-01 -2.105887840509486630e-01 2.674275827460822486e-01 2.267120296738431406e+00 -2.082601469136027283e-01 2.439068964202107725e+00 -4.820204061060320844e-01 6.240308247181742402e-02 -4.250711363291803657e-02 1.486675390337700020e-01 8.356093360107749168e-01 2.322644985464935585e-01 0.000000000000000000e+00
-1.444256131851766600e-01 -2.112964113556877188e-01 2.691770081341502974e-01 2.266799999866182524e+00 -2.041944256324148554e-01 2.429225269168476142e+00 -4.722611191333822567e-01 5.338325130415247366e-02 -4.006020122335351985e-02 1.498849864813429078e-01 8.338250180804218648e-01 2.411271491143841539e-01 0.000000000000000000e+00
-1.416589570711982160e-01 -2.120519720179721013e-01 2.710315537419790699e-01 2.266645096115867730e+00 -1.994717868526461046e-01 2.418714373950490160e+00 -4.615245519092141535e-01 4.375627350340909744e-02 -3.743192754355417762e-02 1.511849086989242030e-01 8.319153984207806607e-01 2.509058272287211788e-01 0.000000000000000000e+00
-1.390755883926693970e-01 -2.127386846113660523e-01 2.727060431047985123e-01 2.266683265159612048e+00 -1.948223987307375893e-01 2.409160176153254618e+00 -4.514659922090666910e-01 3.500658673881906768e-02 -3.503015571446632670e-02 1.523674853809738883e-01 8.301760879128499138e-01 2.600927842383561894e-01 0.000000000000000000e+00
-1.362462241599658452e-01 -2.134706293941598665e-01 2.744796071620601019e-01 2.266925083622113313e+00 -1.894751216768213453e-01 2.398978162249077783e+00 -4.404121093410156562e-01 2.568044211152456513e-02 -3.245874052394026599e-02 1.536298237376714504e-01 8.283191988427920371e-01 2.702164249376425853e-01 0.000000000000000000e+00
-1.336071256144471253e-01 -2.141350667187317536e-01 2.760792406798467380e-01 2.267337227872232575e+00 -1.842554116105885598e-01 2.389742571754617018e+00 -4.300654621899488439e-01 1.721752682176832389e-02 -3.011702297743346080e-02 1.547776794570092096e-01 8.266324191873631877e-01 2.797176682454205476e-01 0.000000000000000000e+00
-1.307196804473531315e-01 -2.148423980024943281e-01 2.777716380888048953e-01 2.267991502656760083e+00 -1.782977966871683861e-01 2.379921720918041217e+00 -4.187048497433479288e-01 8.211774517623917496e-03 -2.761871155883022233e-02 1.560023507290389799e-01 8.248366496643226853e-01 2.901770336896249969e-01 0.000000000000000000e+00
-1.280293558192813486e-01 -2.154833133011139767e-01 2.792967229826724962e-01 2.268789234612352601e+00 -1.725240167312263040e-01 2.371032249008664383e+00 -4.080819662082126320e-01 5.159792526069631528e-05 -2.535142936479117814e-02 1.571155853542057224e-01 8.232097245543932296e-01 2.999817275588607113e-01 0.000000000000000000e+00
-1.250889731392860194e-01 -2.161643385967898512e-01 2.809088819609478760e-01 2.269865305028173630e+00 -1.659770949791701256e-01 2.361599303644836390e+00 -3.964297376222480351e-01 -8.618889664810266971e-03 -2.294126857826950250e-02 1.583028891471903177e-01 8.214823316923406393e-01 3.107626697046922404e-01 0.000000000000000000e+00
-1.223518292520309747e-01 -2.167806251573433096e-01 2.823600597597782924e-01 2.271056001439367478e+00 -1.596684398249808012e-01 2.353081053175930748e+00 -3.855431678496812342e-01 -1.646111833196936200e-02 -2.076266964853035191e-02 1.593815026781860156e-01 8.199222519257722830e-01 3.208592127398870453e-01 0.000000000000000000e+00
-1.193629191857752264e-01 -2.174346203270338396e-01 2.838923589944194470e-01 2.272560664453125767e+00 -1.525526249235502618e-01 2.344064077841188531e+00 -3.736115070863401111e-01 -2.477810071636767086e-02 -1.845637214452144903e-02 1.605311893207732321e-01 8.182712917870048619e-01 3.319507127583354311e-01 0.000000000000000000e+00
-1.165832352944950606e-01 -2.180252824471278494e-01 2.852704411210488233e-01 2.274147637036985081e+00 -1.457307653602097908e-01 2.335940280941215974e+00 -3.624745335922786027e-01 -3.228783008038982327e-02 -1.638017175869577180e-02 1.615751651128410904e-01 8.167849150036042838e-01 3.423267878394476438e-01 0.000000000000000000e+00
-1.135506168857868814e-01 -2.186508262889111376e-01 2.867242534821307087e-01 2.276081200677062100e+00 -1.380724300986884145e-01 2.327361420522775948e+00 -3.502798190922649102e-01 -4.023816696319797159e-02 -1.419158597486869233e-02 1.626873844078422504e-01 8.152171120698746831e-01 3.537133328171631619e-01 0.000000000000000000e+00
-1.107325080862692768e-01 -2.192150105687435957e-01 2.880302317993670425e-01 2.278063537201036937e+00 -1.307612827934496735e-01 2.319653069187848971e+00 -3.389062570248634887e-01 -4.740159591994196064e-02 -1.223096678035240359e-02 1.636966225924414153e-01 8.138109630143129936e-01 3.643560569024195672e-01 0.000000000000000000e+00
-1.076603187600806283e-01 -2.198116725108547609e-01 2.894063743593356386e-01 2.280423565104612749e+00 -1.225859882781183963e-01 2.311535628175943380e+00 -3.264622373573047298e-01 -5.496838975210285860e-02 -1.017513957686566606e-02 1.647710083552066107e-01 8.123338407157003616e-01 3.760249968242244112e-01 0.000000000000000000e+00
-1.048077454944879583e-01 -2.203486770274525330e-01 2.906414683952541766e-01 2.282795960187223194e+00 -1.148115706258883151e-01 2.304261319590462875e+00 -3.148665010759634786e-01 -6.177237934665940483e-02 -8.343151063000098233e-03 1.657453258400121143e-01 8.110142443955662417e-01 3.869207545025519779e-01 0.000000000000000000e+00
-1.017003933617899869e-01 -2.209153576062946045e-01 2.919416799142134367e-01 2.285573604957439109e+00 -1.061498598489327705e-01 2.296622427110503573e+00 -3.021905200774588351e-01 -6.894419309964792963e-02 -6.432865613086535816e-03 1.667819113600550185e-01 8.096338614235509823e-01 3.988554113221194353e-01 0.000000000000000000e+00
-9.881713246180502674e-02 -2.214245985030165453e-01 2.931071327227301460e-01 2.288326794353387150e+00 -9.793983763820968136e-02 2.289798944010793313e+00 -2.903875565737957798e-01 -7.537634714938057368e-02 -4.741625162831386575e-03 1.677211084079850700e-01 8.084068099512967676e-01 4.099900545502270788e-01 0.000000000000000000e+00
-9.567841107829788694e-02 -2.219611599304905369e-01 2.943325219972057205e-01 2.291510601419264326e+00 -8.882124831854110170e-02 2.282657459755513152e+00 -2.774947110387745997e-01 -8.213763878152259557e-02 -2.991129378322465726e-03 1.687193610530876575e-01 8.071302902617946140e-01 4.221763468032934119e-01 0.000000000000000000e+00
-9.276806448252193638e-02 -2.224422111037339111e-01 2.954298124473795362e-01 2.294631149342399201e+00 -8.020490365772570129e-02 2.276299187662608414e+00 -2.654999832918690239e-01 -8.818622689406736825e-02 -1.452887532692681560e-03 1.696231547032764908e-01 8.060017091708462367e-01 4.335351283266449252e-01 0.000000000000000000e+00
-8.960196136920704768e-02 -2.229478537426018980e-01 2.965823343728483108e-01 2.298203760984758759e+00 -7.066311798442770353e-02 2.269667690194666854e+00 -2.524085491633120126e-01 -9.452723841668125848e-02 1.262338356695646979e-04 1.705830078944114980e-01 8.048344456650645684e-01 4.459553792814746620e-01 0.000000000000000000e+00
-8.666793342061991645e-02 -2.234004238629112848e-01 2.976129604310360222e-01 2.301674521937228324e+00 -6.167096065189969778e-02 2.263787171657587916e+00 -2.402379196264067263e-01 -1.001812708913523836e-01 1.500025483987199593e-03 1.714510652517228229e-01 8.038097944356566993e-01 4.575231190818564997e-01 0.000000000000000000e+00
-8.347786805479039118e-02 -2.238753045183058121e-01 2.986938839417145886e-01 2.305616155851526017e+00 -5.173847276357745884e-02 2.257680521318654154e+00 -2.269641754764769315e-01 -1.060878209716334813e-01 2.894456630752717530e-03 1.723718864881313428e-01 8.027583784372933629e-01 4.701619489831545540e-01 0.000000000000000000e+00
-8.052337778174283034e-02 -2.242992248833474145e-01 2.996593660235265522e-01 2.309416415077195417e+00 -4.240208833284153656e-02 2.252288771903676157e+00 -2.146339726560054506e-01 -1.113369697368284950e-01 4.092879121288417466e-03 1.732038247231584560e-01 8.018429833916057570e-01 4.819229676996488743e-01 0.000000000000000000e+00
-7.731287719744341091e-02 -2.247428411411176996e-01 3.006708101075989403e-01 2.313702040843104601e+00 -3.211466100495652398e-02 2.246715557314699296e+00 -2.011968269284425681e-01 -1.168009690229656616e-01 5.291967402096586781e-03 1.740854309125155763e-01 8.009123417486776475e-01 4.947619341568663121e-01 0.000000000000000000e+00
-7.434095571757289023e-02 -2.251380901264611878e-01 3.015728003114113154e-01 2.317807690639710483e+00 -2.246654068457409892e-02 2.241821554430885044e+00 -1.887237288707314664e-01 -1.216356466987602858e-01 6.304234932435592853e-03 1.748808339063381845e-01 8.001111963137544913e-01 5.067001196648781569e-01 0.000000000000000000e+00
-7.111307317640405690e-02 -2.255508725542914594e-01 3.025160736283081242e-01 2.322410211223167487e+00 -1.185882845813068798e-02 2.236793392175357997e+00 -1.751405087573777164e-01 -1.266442953727643372e-01 7.295729806271911144e-03 1.757224593898304710e-01 7.993073211387141663e-01 5.197227110792566052e-01 0.000000000000000000e+00
-6.812655999811086105e-02 -2.259175395110720741e-01 3.033561097020431863e-01 2.326794163792868630e+00 -1.932134772933302713e-03 2.232405218848621864e+00 -1.625415264038899965e-01 -1.310555637247499960e-01 8.111988680381543304e-03 1.764808444445009894e-01 7.986251524254902590e-01 5.318215850695411362e-01 0.000000000000000000e+00
-6.488438728586924664e-02 -2.262992570168683715e-01 3.042333430522622950e-01 2.331682069209890074e+00 8.958781315210107010e-03 2.227927570783401201e+00 -1.488316563359461386e-01 -1.356024202657343247e-01 8.886435925376634515e-03 1.772822229060194432e-01 7.979523047760818111e-01 5.450086932602592471e-01 0.000000000000000000e+00
-6.188594060617361864e-02 -2.266375540220438300e-01 3.050130076628176368e-01 2.336314531704735131e+00 1.913034789242651357e-02 2.224051908342831396e+00 -1.361240752666320053e-01 -1.395820734288021892e-01 9.497098763331601745e-03 1.780030740340766415e-01 7.973936401584104106e-01 5.572515111074625160e-01 0.000000000000000000e+00
-5.863217011814516461e-02 -2.269888993983115721e-01 3.058255198009888765e-01 2.341454639209080035e+00 3.026838640843809713e-02 2.220133764944045573e+00 -1.223057229961594661e-01 -1.436557361783498687e-01 1.004304678679779350e-02 1.787633565910238254e-01 7.968573460938956909e-01 5.705857256588938720e-01 0.000000000000000000e+00
-5.562428448292441180e-02 -2.272991507034101688e-01 3.065463496732573900e-01 2.346303181590600140e+00 4.065063473117280779e-02 2.216776337953093368e+00 -1.095071367189702632e-01 -1.471962424000420877e-01 1.043905884089268987e-02 1.794461078707360602e-01 7.964264466295210010e-01 5.829552433949576340e-01 0.000000000000000000e+00
-5.236160176555962331e-02 -2.276201403070201301e-01 3.072961247750194969e-01 2.351658917059171738e+00 5.199802815537246659e-02 2.213421074327619920e+00 -9.560005124992765335e-02 -1.507918594115421340e-01 1.074851815955990553e-02 1.801649449832188887e-01 7.960302348383444526e-01 5.964170566521174166e-01 0.000000000000000000e+00
-4.934660080002029048e-02 -2.279027817001824385e-01 3.079596097525346687e-01 2.356689202333341004e+00 6.255649192122092472e-02 2.210586680527724113e+00 -8.272820307562607500e-02 -1.538864193087005894e-01 1.092135731430587953e-02 1.808089805585841314e-01 7.957310286898739982e-01 6.088960303089835380e-01 0.000000000000000000e+00
-4.607738021882382129e-02 -2.281943416837972638e-01 3.086478720514268526e-01 2.362222401115448456e+00 7.407620817577997840e-02 2.207801492482690975e+00 -6.875124707867169560e-02 -1.569940120504436099e-01 1.098380844186830352e-02 1.814854234754642581e-01 7.954799591781067658e-01 6.224670997498638059e-01 0.000000000000000000e+00
-4.305744102493107989e-02 -2.284499152962989610e-01 3.092554170173827943e-01 2.367398123825602774e+00 8.477615997034604334e-02 2.205494286895778089e+00 -5.582410918342654849e-02 -1.596364837078042831e-01 1.092548521399572259e-02 1.820901274904803691e-01 7.953161081920395725e-01 6.350378858853102937e-01 0.000000000000000000e+00
-3.978400736921466202e-02 -2.287122856821737771e-01 3.098839549804622284e-01 2.373068532082066362e+00 9.643017196677217129e-02 2.203281152468049342e+00 -4.179717314295194885e-02 -1.622527731626981495e-01 1.073427024772777294e-02 1.827237268033238271e-01 7.952131104368808101e-01 6.486985706968717569e-01 0.000000000000000000e+00
-3.676116010852187310e-02 -2.289414373443424688e-01 3.104369138028210129e-01 2.378351819651294274e+00 1.072367801384284114e-01 2.201504580077712880e+00 -2.883279052374313270e-02 -1.644377303895400155e-01 1.043719462812964238e-02 1.832884334677183369e-01 7.951880101436068493e-01 6.613433261315951883e-01 0.000000000000000000e+00
-3.348562215186639407e-02 -2.291757614976227542e-01 3.110067458174936017e-01 2.384117929369322653e+00 1.189874397231145409e-01 2.199869491906911279e+00 -1.477526662173275079e-02 -1.665541944420964315e-01 9.982992504216747776e-03 1.838781738463595439e-01 7.952374783608551212e-01 6.750747844491254979e-01 0.000000000000000000e+00
-3.046178269636764385e-02 -2.293792215848384219e-01 3.115062624703622829e-01 2.389469858450546713e+00 1.298657021475153606e-01 2.198626962648993821e+00 -1.791844481324465863e-03 -1.682768768379710178e-01 9.440506590167485612e-03 1.844021674355894591e-01 7.953542579746550878e-01 6.877756660038224501e-01 0.000000000000000000e+00
-2.718615616967297310e-02 -2.295859555612743130e-01 3.120190271734758491e-01 2.395288799427276683e+00 1.416750468660392670e-01 2.197570561983826831e+00 1.227642257091140186e-02 -1.698918177229950532e-01 8.717591512265476794e-03 1.849475495373240630e-01 7.955585224302641478e-01 7.015579906981732616e-01 0.000000000000000000e+00
-2.416312003368115136e-02 -2.297645556217819962e-01 3.124661751988547231e-01 2.400669514674272698e+00 1.525899737380540522e-01 2.196864865160331526e+00 2.526068839243064343e-02 -1.711481806119967419e-01 7.923436875203915264e-03 1.854300976820896230e-01 7.958199782702826131e-01 7.142970220354856181e-01 0.000000000000000000e+00
-2.088930708914633894e-02 -2.299450474477561790e-01 3.129225711109667185e-01 2.406497697911896161e+00 1.644199839154651954e-01 2.196392610825645519e+00 3.931994647004147941e-02 -1.722544577288156742e-01 6.923819360042493543e-03 1.859300395977247500e-01 7.961829005478331389e-01 7.281109717677810567e-01 0.000000000000000000e+00
-1.786878068866525407e-02 -2.300997125983065272e-01 3.133183660940022097e-01 2.411866696859922499e+00 1.753365233489541097e-01 2.196225959482594359e+00 5.228679043266401538e-02 -1.730411555148250735e-01 5.872003887515742093e-03 1.863703766392125205e-01 7.965916291961330220e-01 7.408700433922961182e-01 0.000000000000000000e+00
-1.459855771262182078e-02 -2.302546032738138626e-01 3.137196716350277859e-01 2.417660286505164180e+00 1.871494566385791813e-01 2.196337987147445769e+00 6.631740912558349577e-02 -1.736386357053843477e-01 4.591556035405730540e-03 1.868242958022597322e-01 7.971148737713064092e-01 7.546959107704697134e-01 0.000000000000000000e+00
-1.158215913641319483e-02 -2.303863403529536336e-01 3.140648593852009007e-01 2.422976892349637978e+00 1.980326359808923797e-01 2.196712718804167963e+00 7.924864995338304352e-02 -1.739529885825545630e-01 3.277152879396894036e-03 1.872216394368995396e-01 7.976731389148141727e-01 7.674569797658025161e-01 0.000000000000000000e+00
-8.317287628254108056e-03 -2.305171856994019941e-01 3.144115790647720732e-01 2.428691447001459558e+00 2.097902580394448435e-01 2.197413297940073562e+00 9.323068676235458929e-02 -1.740360126295378007e-01 1.708684155394823989e-03 1.876284040038955214e-01 7.983599681599458098e-01 7.812751239768148670e-01 0.000000000000000000e+00
-5.306580719461738427e-03 -2.306270983679621356e-01 3.147067677829480381e-01 2.433915043645570098e+00 2.206050696474299855e-01 2.198331293754061999e+00 1.061081442197021468e-01 -1.738760065822944623e-01 1.272991001055601146e-04 1.879819386386035462e-01 7.990697005904517924e-01 7.940201474265797810e-01 0.000000000000000000e+00
-2.048661175065504426e-03 -2.307347275461062719e-01 3.149998206784395682e-01 2.439507168095423673e+00 2.322700306005653914e-01 2.199619795776572850e+00 1.200223619670391373e-01 -1.734459726452739214e-01 -1.731853656878667991e-03 1.883409327535462419e-01 7.999210466119228702e-01 8.078111939735006519e-01 0.000000000000000000e+00
9.548508960536305264e-04 -2.308240069096706981e-01 3.152455575857203152e-01 2.444597573421343206e+00 2.429816538959954642e-01 2.201082124820553876e+00 1.328280305882522661e-01 -1.728103426720992708e-01 -3.584348511137758209e-03 1.886498261504817864e-01 8.007839108051085786e-01 8.205221955403397827e-01 0.000000000000000000e+00
4.204130726081570235e-03 -2.309101629991177351e-01 3.154850357111895209e-01 2.450023583637832569e+00 2.545156327637685401e-01 2.202962218065850131e+00 1.466544722105359022e-01 -1.718630229828444489e-01 -5.739911097447869537e-03 1.889598680356374405e-01 8.018025699220638902e-01 8.342665036101297726e-01 0.000000000000000000e+00
7.198969048883695210e-03 -2.309800861281184892e-01 3.156816065897147805e-01 2.454941238263244507e+00 2.650892711752410591e-01 2.204969801353792391e+00 1.593704339149053795e-01 -1.707511365829795513e-01 -7.866711543984994393e-03 1.892232546674463001e-01 8.028199640375013324e-01 8.469255069566851146e-01 0.000000000000000000e+00
1.043811598506706045e-02 -2.310457888732210252e-01 3.158680815277901122e-01 2.460159680599257381e+00 2.764554484527543821e-01 2.207439585330656318e+00 1.730904239949915269e-01 -1.692894273291759288e-01 -1.032001554016614975e-02 1.894836951772992384e-01 8.040061359870226410e-01 8.606042346846319857e-01 0.000000000000000000e+00
1.342282771870628028e-02 -2.310977137939335124e-01 3.160156332206282559e-01 2.464866359937780693e+00 2.868565564272507196e-01 2.209992548903130682e+00 1.856989937284035386e-01 -1.677013843711616936e-01 -1.272378474007140881e-02 1.897007261613838647e-01 8.051791918681753257e-01 8.731935963686817681e-01 0.000000000000000000e+00
1.665015617603975498e-02 -2.311449155709647818e-01 3.161488468445723399e-01 2.469835613079400805e+00 2.980166633515688446e-01 2.213053969177158020e+00 1.992927333280631319e-01 -1.657225391679351401e-01 -1.547922436192195050e-02 1.899103169391730961e-01 8.065348740210802614e-01 8.867869697836913145e-01 0.000000000000000000e+00
1.962328764628500088e-02 -2.311802967965209676e-01 3.162473409158699234e-01 2.474294456859658986e+00 3.082108414827740006e-01 2.216151593954168941e+00 2.117764174511072572e-01 -1.636590886658280952e-01 -1.816195968601341804e-02 1.900801101034224616e-01 8.078643906162750188e-01 8.992891129420410579e-01 0.000000000000000000e+00
2.283734768558569328e-02 -2.312101878098529739e-01 3.163274939108296491e-01 2.478976498702524012e+00 3.191288189932990349e-01 2.219801019320584157e+00 2.252259635224958534e-01 -1.611675017289772027e-01 -2.121953493353334608e-02 1.902381853588754612e-01 8.093893166564543051e-01 9.127789559696739552e-01 0.000000000000000000e+00
2.579743428768381530e-02 -2.312305754893977383e-01 3.163767555877229909e-01 2.483152711637391263e+00 3.290820012711126452e-01 2.223441283946486546e+00 2.375675513566274655e-01 -1.586300751318633628e-01 -2.418270112041009945e-02 1.903598585311784830e-01 8.108756934398548832e-01 9.251766366342653036e-01 0.000000000000000000e+00
2.899648399061444115e-02 -2.312452963973685161e-01 3.164031544714285271e-01 2.487509889783058092e+00 3.397199092630200923e-01 2.227678562829347175e+00 2.508534628237875097e-01 -1.556244981046271680e-01 -2.754520831274409609e-02 1.904651366180206695e-01 8.125713281059082638e-01 9.385435747775912052e-01 0.000000000000000000e+00
3.194203284973367446e-02 -2.312523140638673702e-01 3.164027654295735181e-01 2.491370640126092439e+00 3.493983041282535673e-01 2.231858466825941356e+00 2.630360432960845429e-01 -1.526152425861353190e-01 -3.078933799462402199e-02 1.905377576919957683e-01 8.142147648145962036e-01 9.508196155593930943e-01 0.000000000000000000e+00
3.512459846343073816e-02 -2.312532630182967119e-01 3.163753083130550481e-01 2.495370215397401559e+00 3.597211550807628555e-01 2.236676648470344642e+00 2.761412426385259078e-01 -1.491015011333984008e-01 -3.445557870928150912e-02 1.905895894647114397e-01 8.160799096840331002e-01 9.640462716922988395e-01 0.000000000000000000e+00
3.805408390887540099e-02 -2.312486265213510028e-01 3.163246981073659092e-01 2.498885632602861229e+00 3.690915104135723546e-01 2.241391548051255178e+00 2.881482708607162602e-01 -1.456231963679163466e-01 -3.798067188616527368e-02 1.906122762682475602e-01 8.178803397389812213e-01 9.761840278344986466e-01 0.000000000000000000e+00
4.121830194649022533e-02 -2.312381355255755944e-01 3.162422871524199208e-01 2.502495516040526891e+00 3.790620699569924312e-01 2.246787101705558953e+00 3.010538496346993886e-01 -1.416015734505444990e-01 -4.195184454563682941e-02 1.906093301462916667e-01 8.199158603391560884e-01 9.892514269342176370e-01 0.000000000000000000e+00
4.413013725017114058e-02 -2.312236575928097726e-01 3.161407433928115629e-01 2.505638796880517383e+00 3.880916416598552132e-01 2.252030222618695454e+00 3.128691302584040712e-01 -1.376577148370029813e-01 -4.575723542725107507e-02 1.905811505730072575e-01 8.218727511081463932e-01 1.001234519996110794e+00 0.000000000000000000e+00
4.727445102991834069e-02 -2.312032933994490613e-01 3.160028633068396875e-01 2.508832937042409839e+00 3.976763900418012199e-01 2.257992488117159358e+00 3.255590595631180362e-01 -1.331354509242098638e-01 -5.003054371239201714e-02 1.905227774108640970e-01 8.240769163843503220e-01 1.014126150463884546e+00 0.000000000000000000e+00
5.016699454783484641e-02 -2.311808628616758288e-01 3.158495067209374230e-01 2.511580689045882053e+00 4.063332251134408324e-01 2.263754983316645486e+00 3.371668799379055059e-01 -1.287301996518120939e-01 -5.411490071819224923e-02 1.904428159991344294e-01 8.261895354980830497e-01 1.025938534899903942e+00 0.000000000000000000e+00
5.328937348617363012e-02 -2.311531653790215302e-01 3.156547671098548502e-01 2.514334728195546376e+00 4.154963080341405046e-01 2.270275232853760539e+00 3.496229836989104833e-01 -1.237091006997119158e-01 -5.869021147094821700e-02 1.903276842162589522e-01 8.285624120293435535e-01 1.038636220661292686e+00 0.000000000000000000e+00
5.616089323456834037e-02 -2.311247555251850494e-01 3.154485436304194645e-01 2.516667591248687330e+00 4.237492497101773559e-01 2.276545788100692747e+00 3.610080306485128343e-01 -1.188473170374473309e-01 -6.305140407206177855e-02 1.901950255044594085e-01 8.308296942233824867e-01 1.050262383558088208e+00 0.000000000000000000e+00
5.925964245610303160e-02 -2.310914515449561946e-01 3.151960343778520413e-01 2.518963968336842996e+00 4.324592262858875102e-01 2.283608325738065936e+00 3.732154950322453257e-01 -1.133360383195828602e-01 -6.792418991858006905e-02 1.900224859553358847e-01 8.333688851647186313e-01 1.062750744857796859e+00 0.000000000000000000e+00
6.210832912027040853e-02 -2.310591120901872297e-01 3.149357163802846138e-01 2.520866797569088824e+00 4.402782214874800815e-01 2.290372976753530576e+00 3.843630213021262398e-01 -1.080232233595781327e-01 -7.255928863780836124e-02 1.898362311265984481e-01 8.357894322794916508e-01 1.074175639355209544e+00 0.000000000000000000e+00
6.518118715111902162e-02 -2.310229358323077076e-01 3.146238000625364295e-01 2.522690277013886373e+00 4.485013602396272780e-01 2.297962577590890287e+00 3.963045357615006536e-01 -1.020251104720687474e-01 -7.772808483948878688e-02 1.896049355859250607e-01 8.384942718406306339e-01 1.086437165909070357e+00 0.000000000000000000e+00
6.800512183204304728e-02 -2.309887948429518167e-01 3.143080766437600926e-01 2.524152469899102247e+00 4.558575928611068306e-01 2.305204104148192989e+00 4.072002934398282203e-01 -9.626747270861513162e-02 -8.263362756741443604e-02 1.893641525338682907e-01 8.410664194004563443e-01 1.097646144621104991e+00 0.000000000000000000e+00
7.105021579690161404e-02 -2.309516117812848157e-01 3.139355261263828689e-01 2.525495623073740425e+00 4.635654095744716763e-01 2.313298802314686764e+00 4.188624423008532882e-01 -8.979257076219751554e-02 -8.809230885375018971e-02 1.890734851456429555e-01 8.439339115251718315e-01 1.109666921412422846e+00 0.000000000000000000e+00
7.384737134239438561e-02 -2.309178681142837197e-01 3.135629205166121092e-01 2.526511636388026893e+00 4.704315481427077117e-01 2.320996815742500718e+00 4.294927826870408860e-01 -8.359696783510195406e-02 -9.326390137457507556e-02 1.887772584086420957e-01 8.466555290011784640e-01 1.120646069322383420e+00 0.000000000000000000e+00
7.686217955733072593e-02 -2.308825649932476354e-01 3.131277760294842172e-01 2.527369563314960654e+00 4.775933388541222513e-01 2.329574400474395457e+00 4.408593872460944696e-01 -7.665016206590070935e-02 -9.900913879420292218e-02 1.884258709475629678e-01 8.496842755298982253e-01 1.132409518173372431e+00 0.000000000000000000e+00
7.963041090453067128e-02 -2.308514750337186117e-01 3.126967509026473691e-01 2.527938749424613274e+00 4.839438336654411366e-01 2.337704953202722091e+00 4.512112608508005995e-01 -7.002415901713471280e-02 -1.044418542599099275e-01 1.880733349982637026e-01 8.525530326561315819e-01 1.143145253159699948e+00 0.000000000000000000e+00
8.261283162836384475e-02 -2.308200403919925259e-01 3.121975769907520126e-01 2.528315248761286327e+00 4.905350428501913385e-01 2.346736110376646423e+00 4.622704034620044866e-01 -6.261685524475592290e-02 -1.104660578037237606e-01 1.876606448978422881e-01 8.557393051633296333e-01 1.154639056950318432e+00 0.000000000000000000e+00
8.534987497219968799e-02 -2.307938986870350373e-01 3.117064488407265688e-01 2.528442270049561014e+00 4.963462755868164322e-01 2.355272097834407941e+00 4.723314931651876325e-01 -5.556865377823910074e-02 -1.161540372599150217e-01 1.872509009193767671e-01 8.587526053577270169e-01 1.165118728997834863e+00 0.000000000000000000e+00
8.829707062604673362e-02 -2.307693401588534754e-01 3.111410537603650495e-01 2.528343623257396366e+00 5.023402672083872034e-01 2.364726958951558267e+00 4.830682268369237975e-01 -4.770731432951543644e-02 -1.224520137637887807e-01 1.867755765990680716e-01 8.620942067355040761e-01 1.176327441393760331e+00 0.000000000000000000e+00
9.100052626127370925e-02 -2.307504920600089160e-01 3.105880767896206374e-01 2.528038232668948115e+00 5.075908609700996443e-01 2.373637557682999333e+00 4.928268813088147460e-01 -4.024582355133195233e-02 -1.283885993077389376e-01 1.863077590640820347e-01 8.652489207837845697e-01 1.186538799961450952e+00 0.000000000000000000e+00
9.391014083261874090e-02 -2.307348605627309590e-01 3.099548815300194327e-01 2.527479326075718014e+00 5.129680420439912680e-01 2.383479596658506949e+00 5.032309861604000734e-01 -3.194319206819835194e-02 -1.349512940239667724e-01 1.857692346021543872e-01 8.687415899743963221e-01 1.197451635160268868e+00 0.000000000000000000e+00
9.657748559346417128e-02 -2.307256699980730907e-01 3.093382987562204867e-01 2.526756552658388166e+00 5.176391837382530170e-01 2.392730628406482651e+00 5.126763530195568297e-01 -2.407795358519123838e-02 -1.411292951207328006e-01 1.852424946280503415e-01 8.720343889251975789e-01 1.207383361813501255e+00 0.000000000000000000e+00
9.944636390715846930e-02 -2.307220367149130924e-01 3.086350026038605643e-01 2.525754961431615708e+00 5.223782111227444069e-01 2.402922509849615196e+00 5.227343800874864055e-01 -1.534206740459377778e-02 -1.479497838304799640e-01 1.846394883782291607e-01 8.756751298724176902e-01 1.217986471377542790e+00 0.000000000000000000e+00
1.020748982180142012e-01 -2.307248779885720524e-01 3.079529315350972851e-01 2.524634608949360981e+00 5.264535630572986236e-01 2.412476966947890489e+00 5.318562727427393888e-01 -7.083332306365246016e-03 -1.543608115226275945e-01 1.840529604376528461e-01 8.791022853002132820e-01 1.227627913471956767e+00 0.000000000000000000e+00
1.049004111852245985e-01 -2.307353005169195392e-01 3.071778574373670301e-01 2.523215541881831392e+00 5.305407930725576371e-01 2.422975767636509570e+00 5.415598330695793328e-01 2.071742061705980718e-03 -1.614283084234799936e-01 1.833849730572336967e-01 8.828860379979706074e-01 1.237912109495461044e+00 0.000000000000000000e+00
1.074873228641032435e-01 -2.307525246498436655e-01 3.064284510390894445e-01 2.521721997282807326e+00 5.340070792328068805e-01 2.432793925925230027e+00 5.503489970361405970e-01 1.071308875438604404e-02 -1.680634411213579593e-01 1.827378582018580611e-01 8.864436217401530094e-01 1.247253546493077403e+00 0.000000000000000000e+00
1.102659628562952798e-01 -2.307800581523914707e-01 3.055792561790053874e-01 2.519912790245212530e+00 5.374272707665896931e-01 2.443556384166235773e+00 5.596862728445538560e-01 2.027772881997284490e-02 -1.753691577817177993e-01 1.820035913998095944e-01 8.903667243419486343e-01 1.257206578435030586e+00 0.000000000000000000e+00
1.128082929986582716e-01 -2.308139948225593763e-01 3.047606666479923954e-01 2.518074298084979290e+00 5.402742960910758008e-01 2.453596152172005329e+00 5.681342858754759861e-01 2.929009897539637183e-02 -1.822185417892925319e-01 1.812951239708212869e-01 8.940502756036917686e-01 1.266238822430088895e+00 0.000000000000000000e+00
1.155371785119994194e-01 -2.308606156386732444e-01 3.038357422672580688e-01 2.515908891309778905e+00 5.430206882360302245e-01 2.464574627117104733e+00 5.770989521578734349e-01 3.924893577628803948e-02 -1.897502276681457545e-01 1.804941616282231542e-01 8.981069357341550097e-01 1.275853499755547515e+00 0.000000000000000000e+00
1.180318228528188657e-01 -2.309135384679916470e-01 3.029461518611176185e-01 2.513757236360282032e+00 5.452413950617929217e-01 2.474792405161697406e+00 5.851982908230769498e-01 4.862011279314010226e-02 -1.968032103410570777e-01 1.797235426772950673e-01 9.019117274045239663e-01 1.284568428106722671e+00 0.000000000000000000e+00
1.207071160272819993e-01 -2.309821863512005191e-01 3.019432075760589695e-01 2.511270544997097787e+00 5.473056087558498817e-01 2.485940010281294299e+00 5.937803940148844717e-01 5.896192048116356832e-02 -2.045500796359884799e-01 1.788546364373863051e-01 9.060974842688287456e-01 1.293834364487435495e+00 0.000000000000000000e+00
1.231508333352645534e-01 -2.310562835247506608e-01 3.009808669853968333e-01 2.508840458603523338e+00 5.488962549698808147e-01 2.496291249195321527e+00 6.015244669906714137e-01 6.867897970577888089e-02 -2.117952093815491654e-01 1.780211335952187612e-01 9.100185229207796711e-01 1.302224919817839055e+00 0.000000000000000000e+00
1.257693679782575791e-01 -2.311487512930752719e-01 2.998983449250597344e-01 2.506072129365946477e+00 5.502784898661108315e-01 2.507558831914787678e+00 6.097197460341449160e-01 7.938710936293194576e-02 -2.197430141807270587e-01 1.770839172733494060e-01 9.143268517742554335e-01 1.311136922089680246e+00 0.000000000000000000e+00
1.281588016915442829e-01 -2.312461109231371548e-01 2.988616016551556287e-01 2.503400222927441021e+00 5.512387020664641923e-01 2.517998693197196936e+00 6.171029606822261426e-01 8.943650612445391834e-02 -2.271680404579226042e-01 1.761868314601562069e-01 9.183586779275535461e-01 1.319196845970750598e+00 0.000000000000000000e+00
1.307164362504658062e-01 -2.313651101389810616e-01 2.976974169775116197e-01 2.500389670636335993e+00 5.519377468249162533e-01 2.529338697327656149e+00 6.249034926731227291e-01 1.004981288044229648e-01 -2.353041307461691822e-01 1.751801399233494649e-01 9.227843856060745642e-01 1.327746525176286552e+00 0.000000000000000000e+00
1.330481304632753214e-01 -2.314876600020228659e-01 2.965847172046839342e-01 2.497513549759582840e+00 5.522704369743509645e-01 2.539823066971936161e+00 6.319213881986723846e-01 1.108656068686412893e-01 -2.428958709076034506e-01 1.742187720593444678e-01 9.269212734643763607e-01 1.335470491285843275e+00 0.000000000000000000e+00
1.355414926791156660e-01 -2.316346771254638170e-01 2.953375849745986104e-01 2.494302968617908345e+00 5.522936845336170464e-01 2.551187701242617401e+00 6.393252423452016053e-01 1.222628044907171363e-01 -2.512044008764326986e-01 1.731423223467344341e-01 9.314571028539719855e-01 1.343654917947874727e+00 0.000000000000000000e+00
1.378118490502147353e-01 -2.317841991283900727e-01 2.941474626472992959e-01 2.491260958744671683e+00 5.520047893729342903e-01 2.561673883486724534e+00 6.459742234807479555e-01 1.329334917674193650e-01 -2.589486070102742232e-01 1.721160399311587874e-01 9.356928605677430344e-01 1.351038798386228645e+00 0.000000000000000000e+00
1.402365642458199557e-01 -2.319615914230256648e-01 2.928156562203569346e-01 2.487890987527852538e+00 5.513580898553369636e-01 2.573018010495787600e+00 6.529757405655934877e-01 1.446518083603099414e-01 -2.674150624317450653e-01 1.709687168440390259e-01 9.403326863979063477e-01 1.358851847234248345e+00 0.000000000000000000e+00
1.424419357708611444e-01 -2.321396410670166222e-01 2.915468623238696155e-01 2.484720778820478593e+00 5.504567417869972168e-01 2.583465373850285740e+00 6.592534770451827786e-01 1.556101336794975531e-01 -2.752968208358890223e-01 1.698769040208906178e-01 9.446609223805304545e-01 1.365892446208091027e+00 0.000000000000000000e+00
1.447944753856328926e-01 -2.323484276227976708e-01 2.901293738631902652e-01 2.481232346480726214e+00 5.491538611178441442e-01 2.594746426532801742e+00 6.658531897005626199e-01 1.676304277728679071e-01 -2.839033585306980356e-01 1.686585078221793654e-01 9.493969549050729206e-01 1.373333451451826726e+00 0.000000000000000000e+00
1.469311332598457476e-01 -2.325563545976206958e-01 2.887808845715938988e-01 2.477970875626782643e+00 5.476520899391799091e-01 2.605116813179354285e+00 6.717583499436499128e-01 1.788601791414050068e-01 -2.919069565547132150e-01 1.675005986697265248e-01 9.538107449377156710e-01 1.380028771590340542e+00 0.000000000000000000e+00
1.492069823255596506e-01 -2.327983581059203944e-01 2.872763892930970675e-01 2.474402499181814541e+00 5.457051307559401820e-01 2.616295520678378228e+00 6.779531289552831463e-01 1.911663302882816995e-01 -3.006367986079929722e-01 1.662100807397445812e-01 9.586359267797484041e-01 1.387094137962320728e+00 0.000000000000000000e+00
1.512711854628941699e-01 -2.330372000420275480e-01 2.858473535789922693e-01 2.471084760498666100e+00 5.436175497714383908e-01 2.626554515305834503e+00 6.834857129618682192e-01 2.026506132780031832e-01 -3.087454583370117245e-01 1.649855592705261331e-01 9.631281469064941758e-01 1.393443380317178626e+00 0.000000000000000000e+00
1.534667393578162120e-01 -2.333128915776606638e-01 2.842553751438297027e-01 2.467473968720679256e+00 5.410459507411595759e-01 2.637595405501092394e+00 6.892784878069541099e-01 2.152223148750744275e-01 -3.175792968308590591e-01 1.636228363854894119e-01 9.680339559505291014e-01 1.400135105188220930e+00 0.000000000000000000e+00
1.554547367105089117e-01 -2.335833793283831061e-01 2.827451504797895421e-01 2.464132683370075849e+00 5.383894268771127756e-01 2.647712509082735366e+00 6.944396939995276519e-01 2.269436192018129406e-01 -3.257751750855779616e-01 1.623312032568009766e-01 9.725970161622708998e-01 1.406138669233586436e+00 0.000000000000000000e+00
1.575654411554693046e-01 -2.338938835552973883e-01 2.810648689936743327e-01 2.460512747549308266e+00 5.352104096556167256e-01 2.658584600245098795e+00 6.998299986248752713e-01 2.397630447145319699e-01 -3.346938352601442901e-01 1.608953100208143083e-01 9.775755295040650106e-01 1.412455287865090892e+00 0.000000000000000000e+00
1.594735022059264318e-01 -2.341964151559312035e-01 2.794731571173499907e-01 2.457178121366914603e+00 5.320040476550120800e-01 2.668533214215734972e+00 7.046222238484184386e-01 2.517031443695772475e-01 -3.429584230709872283e-01 1.595361491137355647e-01 9.822015068965598283e-01 1.418114771497618110e+00 0.000000000000000000e+00
1.614958880204883374e-01 -2.345414304453200260e-01 2.777046833032815742e-01 2.453580845984415060e+00 5.282415259806692021e-01 2.679210359103659123e+00 7.096159172084259836e-01 2.647488054168985472e-01 -3.519408659536609196e-01 1.580270855267989771e-01 9.872435366303523585e-01 1.424061343895656195e+00 0.000000000000000000e+00
1.633203457165776917e-01 -2.348760317243087925e-01 2.760314377387215190e-01 2.450280151483953617e+00 5.245060865628872193e-01 2.688968389584664109e+00 7.140428233094374688e-01 2.768888918250519970e-01 -3.602545890866157841e-01 1.565999973671663992e-01 9.919240422461665929e-01 1.429379676592544390e+00 0.000000000000000000e+00
1.652499667820299944e-01 -2.352558603247960067e-01 2.741746235330359549e-01 2.446732684400151570e+00 5.201812346688594602e-01 2.699428895107260917e+00 7.186421690910316240e-01 2.901413140415043390e-01 -3.692795093886762636e-01 1.550169145466823994e-01 9.970207999403603027e-01 1.434957534337660823e+00 0.000000000000000000e+00
1.669873020958450027e-01 -2.356220989455523607e-01 2.724201623172233244e-01 2.443489874532823958e+00 5.159391051596053934e-01 2.708978822553680832e+00 7.227089492336370435e-01 3.024618296135106466e-01 -3.776219946614041145e-01 1.535215662393597247e-01 1.001747245084978255e+00 1.439938977156653976e+00 0.000000000000000000e+00
1.688209333724714767e-01 -2.360355594699326542e-01 2.704757436283339311e-01 2.440016862607006232e+00 5.110787896688178122e-01 2.719206519540523281e+00 7.269226027103603549e-01 3.158983761298282955e-01 -3.866663560394221211e-01 1.518645973433828678e-01 1.006888743885485438e+00 1.445155710257955972e+00 0.000000000000000000e+00
1.704677402485344773e-01 -2.364325808570454379e-01 2.686406514054801020e-01 2.436852749112421446e+00 5.063532594746349424e-01 2.728535416790128121e+00 7.306356484811761254e-01 3.283791807099437632e-01 -3.950160318470929965e-01 1.503006726379906566e-01 1.011652073811201147e+00 1.449805855837343227e+00 0.000000000000000000e+00
1.722012989215635503e-01 -2.368789539918744469e-01 2.666092521165316920e-01 2.433474727664066251e+00 5.009814585404850362e-01 2.738518191337665719e+00 7.344690691332634858e-01 3.419786461059470262e-01 -4.040562653254216041e-01 1.485690852972211262e-01 1.016828593180042706e+00 1.454666124826737850e+00 0.000000000000000000e+00
1.737544057057745228e-01 -2.373054013227072767e-01 2.646944725860045367e-01 2.430406775692293131e+00 4.957967813475585572e-01 2.747617572491185101e+00 7.378363034365325035e-01 3.545989337481553760e-01 -4.123906279568245736e-01 1.469363678119207928e-01 1.021619420244013421e+00 1.458991897385353731e+00 0.000000000000000000e+00
1.753851156704412939e-01 -2.377825043620796219e-01 2.625776033461856285e-01 2.427141585644848831e+00 4.899421090891307173e-01 2.757348676232141305e+00 7.413010760147256129e-01 3.683375160216016964e-01 -4.214019661373256120e-01 1.451303950529539977e-01 1.026820307536829180e+00 1.463506354907201157e+00 0.000000000000000000e+00
1.768416280714538158e-01 -2.382365237450775053e-01 2.605844997230560844e-01 2.424184420807006024e+00 4.843232846045344431e-01 2.766213946882186914e+00 7.443318864932901846e-01 3.810758149896141811e-01 -4.296977129329224709e-01 1.434287183401774246e-01 1.031628778043021777e+00 1.467516276560533628e+00 0.000000000000000000e+00
1.783659568822673347e-01 -2.387424954211423977e-01 2.583835044460271457e-01 2.421045754417928020e+00 4.780109017124463122e-01 2.775690527534663055e+00 7.474367328501591023e-01 3.949307108236697061e-01 -4.386539236788589147e-01 1.415477276622544855e-01 1.036843447194478740e+00 1.471692645781995878e+00 0.000000000000000000e+00
1.797232813852520372e-01 -2.392217011321491338e-01 2.563138113610573532e-01 2.418210972228792333e+00 4.719832265282555284e-01 2.784320984977831870e+00 7.501419718854616114e-01 4.077648503014114079e-01 -4.468866867146754629e-01 1.397769752087039685e-01 1.041659374551723527e+00 1.475396570226078286e+00 0.000000000000000000e+00
1.811391727626018022e-01 -2.397532399266881775e-01 2.540310284096147231e-01 2.415210304137965558e+00 4.652424864843074381e-01 2.793544520578830515e+00 7.529016725650561348e-01 4.217110925608565930e-01 -4.557612049941737187e-01 1.378213494412315332e-01 1.046876373969134244e+00 1.479248566426768496e+00 0.000000000000000000e+00
1.823950805627810035e-01 -2.402547079341944281e-01 2.518868137151090147e-01 2.412507048908453910e+00 4.588312006131731735e-01 2.801943113126311502e+00 7.552936572771380419e-01 4.346183691000345961e-01 -4.639055510817995387e-01 1.359814796350150845e-01 1.051689238691125405e+00 1.482658078412342428e+00 0.000000000000000000e+00
1.836998400254538366e-01 -2.408087150658661246e-01 2.495244827295510226e-01 2.409652560726746717e+00 4.516878294328288135e-01 2.810918109817500010e+00 7.577204628204726733e-01 4.486313901238135338e-01 -4.726697479131414248e-01 1.339507277576671707e-01 1.056896983623748065e+00 1.486197020026894355e+00 0.000000000000000000e+00
1.848525774114420095e-01 -2.413289391358242886e-01 2.473082519295866644e-01 2.407087285844896396e+00 4.449183054670031723e-01 2.819090673977354911e+00 7.598132413840842370e-01 4.615883346173216273e-01 -4.806992451787572840e-01 1.320417405987847626e-01 1.061695733591961899e+00 1.489325035885247006e+00 0.000000000000000000e+00
1.860450620889956830e-01 -2.419009647911812555e-01 2.448695192836661261e-01 2.404385104502135384e+00 4.374011653045473125e-01 2.827825320920175134e+00 7.619250615494899126e-01 4.756421020057786664e-01 -4.893246913173061596e-01 1.299363702766442030e-01 1.066882173235863984e+00 1.492567700828527411e+00 0.000000000000000000e+00
1.870933686315062461e-01 -2.424358616748688577e-01 2.425841498878457125e-01 2.401962478999666750e+00 4.302983692510755631e-01 2.835780508263297861e+00 7.637342800360351625e-01 4.886246461352651282e-01 -4.972119092016846764e-01 1.279583489888798942e-01 1.071655556594694580e+00 1.495429134261763160e+00 0.000000000000000000e+00
1.881720118238965067e-01 -2.430215064495359623e-01 2.400721176701358373e-01 2.399416236314521278e+00 4.224328301309734357e-01 2.844285077056071920e+00 7.655471603690794380e-01 5.026929277516631878e-01 -5.056674456626863989e-01 1.257780356491888241e-01 1.076808107513725465e+00 1.498390569393931226e+00 0.000000000000000000e+00
1.891151813734217035e-01 -2.435664472271593384e-01 2.377208867362506917e-01 2.397138659021237128e+00 4.150214041264685960e-01 2.852033518550439517e+00 7.670900627466167299e-01 5.156763374085039375e-01 -5.133838883421635302e-01 1.237311217129755253e-01 1.081544273196322514e+00 1.501001399368590450e+00 0.000000000000000000e+00
1.900800573699500673e-01 -2.441600702859055561e-01 2.351395249935909204e-01 2.394750488157246338e+00 4.068352667146388768e-01 2.860320900325200366e+00 7.686253751150473601e-01 5.297319690097240796e-01 -5.216391550891912310e-01 1.214765145012496467e-01 1.086650152217249587e+00 1.503701844713930535e+00 0.000000000000000000e+00
1.909180068322114954e-01 -2.447098417928443848e-01 2.327260528046390664e-01 2.392619253583482930e+00 3.991391059923978801e-01 2.867875213618473751e+00 7.699209364063438477e-01 5.426909441635632270e-01 -5.291552614756673822e-01 1.193609326208043275e-01 1.091337049419679905e+00 1.506080313883480404e+00 0.000000000000000000e+00
1.917688835428993654e-01 -2.453057732869424745e-01 2.300793355434160303e-01 2.390389566683199796e+00 3.906566739114802900e-01 2.875959357350208911e+00 7.711985213602819966e-01 5.567058959791324479e-01 -5.371764363628772632e-01 1.170318484447187141e-01 1.096382674420944170e+00 1.508538677885732593e+00 0.000000000000000000e+00
1.925022218038695831e-01 -2.458546016410416701e-01 2.276076694144889556e-01 2.388404297202261883e+00 3.826991835461397429e-01 2.883333223557219327e+00 7.722675142218398125e-01 5.696143376512874390e-01 -5.444615801038161784e-01 1.148478899032856215e-01 1.101007719707057575e+00 1.510704360484184994e+00 0.000000000000000000e+00
1.932406281734510567e-01 -2.464460807333205272e-01 2.249003154983706954e-01 2.386332319562714854e+00 3.739465554568859318e-01 2.891229799473535866e+00 7.733122723174779001e-01 5.835605133317054438e-01 -5.522164388820178793e-01 1.124451526783025040e-01 1.105979575146126326e+00 1.512944345277050795e+00 0.000000000000000000e+00
1.938706940370309717e-01 -2.469876753088770249e-01 2.223748439878158178e-01 2.384491826250220381e+00 3.657502588189593951e-01 2.898437760598502777e+00 7.741772004605085300e-01 5.963918232007888731e-01 -5.592390615185023339e-01 1.101931753381530793e-01 1.110529852184635846e+00 1.514918812909235468e+00 0.000000000000000000e+00
1.944980185381213478e-01 -2.475677734371989347e-01 2.196116443353028080e-01 2.382575664202600585e+00 3.567502031169831334e-01 2.906162585743172322e+00 7.750131667266841884e-01 6.102393287628194996e-01 -5.666909191436801940e-01 1.077167684195156488e-01 1.115413290675514091e+00 1.516963454836143699e+00 0.000000000000000000e+00
1.950269307968015842e-01 -2.480953133981740055e-01 2.170370801812171457e-01 2.380877902916731070e+00 3.483366825433682479e-01 2.913219701736414535e+00 7.756983980751616103e-01 6.229662427171718253e-01 -5.734182637943021632e-01 1.053972300114622979e-01 1.119875483660969229e+00 1.518770143319653654e+00 0.000000000000000000e+00
1.955463650292705580e-01 -2.486562302150067960e-01 2.142234958633590647e-01 2.379114903583151364e+00 3.391131954598334275e-01 2.920789256202156459e+00 7.763542014935935764e-01 6.366859165468785609e-01 -5.805330983835305103e-01 1.028481271174441214e-01 1.124656390449879417e+00 1.520646872939832361e+00 0.000000000000000000e+00
1.959770352792179759e-01 -2.491624467763377815e-01 2.116049020195682751e-01 2.377556948359988542e+00 3.305031207346660338e-01 2.927710354739961662e+00 7.768858350262007884e-01 6.492804713950540707e-01 -5.869313429024459738e-01 1.004615519513264166e-01 1.129016650944611566e+00 1.522310682830859463e+00 0.000000000000000000e+00
1.963917743467606669e-01 -2.496961535020277012e-01 2.087464144340447358e-01 2.375943812670129329e+00 3.210769424351127554e-01 2.935140488744172327e+00 7.773897716834710092e-01 6.628408216125467600e-01 -5.936696730925644649e-01 9.783991952949561144e-02 1.133679180223067906e+00 1.524046797545482113e+00 0.000000000000000000e+00
1.967279887365574464e-01 -2.501732512540089659e-01 2.060891515434848387e-01 2.374522518959424566e+00 3.122897217504556622e-01 2.941940375304178623e+00 7.777960369077626668e-01 6.752743217937997589e-01 -5.997037969114387135e-01 9.538692346131565081e-02 1.137923593210381723e+00 1.525595159403254408e+00 0.000000000000000000e+00
1.970430026864963546e-01 -2.506710577574559062e-01 2.031918154079309646e-01 2.373055210759166034e+00 3.026822255988825816e-01 2.949246760201048811e+00 7.781805307901428215e-01 6.886451880997332964e-01 -6.060296034487039352e-01 9.269391832227072414e-02 1.142452964434333973e+00 1.527221685039020116e+00 0.000000000000000000e+00
1.972894124793966308e-01 -2.511109255377133032e-01 2.005015328264074526e-01 2.371766755614512778e+00 2.937363610835079797e-01 2.955938974064285407e+00 7.784913882683822672e-01 7.008884720001273827e-01 -6.116637204718482490e-01 9.017518378705782767e-02 1.146566749370179217e+00 1.528683361003310148e+00 0.000000000000000000e+00
1.975098502582047222e-01 -2.515637884914121436e-01 1.975715051487676455e-01 2.370441091797818700e+00 2.839659135893013442e-01 2.963135885713440221e+00 7.787893959943621436e-01 7.140364983018484546e-01 -6.175347256739552870e-01 8.741115547069183700e-02 1.150946184624759949e+00 1.530232255493300331e+00 0.000000000000000000e+00
1.976719782428467131e-01 -2.519578651767040989e-01 1.948540268199123737e-01 2.369281346146636213e+00 2.748782747992013498e-01 2.969733385786797797e+00 7.790369368176849330e-01 7.260597385171747575e-01 -6.227314850670814250e-01 8.482748141677307063e-02 1.154914427807032684e+00 1.531638271390807660e+00 0.000000000000000000e+00
1.978046066214735610e-01 -2.523564108435217279e-01 1.918978867428696722e-01 2.368093031438903040e+00 2.649633093516894355e-01 2.976833950487388414e+00 7.792846773780895964e-01 7.389536992509023738e-01 -6.281097388884965271e-01 8.199376150363106575e-02 1.159128480757919410e+00 1.533144821619465414e+00 0.000000000000000000e+00
1.978888528679242642e-01 -2.526958543076333052e-01 1.891593589399112318e-01 2.367057739083910040e+00 2.557497163928439399e-01 2.983347790091658958e+00 7.795029234294216236e-01 7.507263360076521508e-01 -6.328309908689888630e-01 7.934600513598225047e-02 1.162935735852296926e+00 1.534528200647706786e+00 0.000000000000000000e+00
1.979407891222079163e-01 -2.530302156794245194e-01 1.861837457618991942e-01 2.366001638087640746e+00 2.457058263003322196e-01 2.990363178410193168e+00 7.797381471327028413e-01 7.633311440260245329e-01 -6.376711529921533783e-01 7.644316787017428616e-02 1.166966297004077280e+00 1.536028758763912316e+00 0.000000000000000000e+00
1.979544152779814936e-01 -2.533058359347120092e-01 1.834304264072801338e-01 2.365086174220522697e+00 2.363803937969115587e-01 2.996802982679310556e+00 7.799633174028690608e-01 7.748220183394438632e-01 -6.418772830387973194e-01 7.373229458469060527e-02 1.170596718202073339e+00 1.537424654649277134e+00 0.000000000000000000e+00
1.979342074044692368e-01 -2.535660955067265965e-01 1.804422804518952816e-01 2.364157152114286120e+00 2.262226353490990327e-01 3.003742515253499779e+00 7.802263711395416301e-01 7.871055159722980532e-01 -6.461394726263873789e-01 7.076185463908665763e-02 1.174427675430152140e+00 1.538958369121053771e+00 0.000000000000000000e+00
1.978852375091895432e-01 -2.537684970339839641e-01 1.776806151749976692e-01 2.363356631728547708e+00 2.167978409133395346e-01 3.010115819369203471e+00 7.804965488321302658e-01 7.982829362254151295e-01 -6.497900672696407254e-01 6.798892553901492164e-02 1.177865283765226367e+00 1.540403799802694484e+00 0.000000000000000000e+00
1.978018449394800815e-01 -2.539441083353384254e-01 1.746869898166646951e-01 2.362549479573023525e+00 2.065385522389791007e-01 3.016986204784736447e+00 7.808301763376898075e-01 8.102081721126265235e-01 -6.534259479478713439e-01 6.495166105599600725e-02 1.181477462309755477e+00 1.542012482259156769e+00 0.000000000000000000e+00
1.976991551042527606e-01 -2.540636157898653602e-01 1.719235599486207966e-01 2.361858742312706649e+00 1.970254835601026322e-01 3.023297976064929671e+00 7.811859080802971977e-01 8.210396477401421533e-01 -6.564791289795928186e-01 6.211782879074551761e-02 1.184705346708985862e+00 1.543546862521205876e+00 0.000000000000000000e+00
1.975626536595226357e-01 -2.541442812426888409e-01 1.689315829900479293e-01 2.361167572682258964e+00 1.866757936779204208e-01 3.030103544241299574e+00 7.816345841449483522e-01 8.325735986841935610e-01 -6.594467559612952057e-01 5.901545418026336171e-02 1.188081968655097631e+00 1.545273656172013066e+00 0.000000000000000000e+00
1.974157197626895954e-01 -2.541710683921188929e-01 1.661730592832157960e-01 2.360581107998541484e+00 1.770835735149693946e-01 3.036356214988868985e+00 7.821182807779338830e-01 8.430261064885911093e-01 -6.618596464879343833e-01 5.612197126778430134e-02 1.191083084887507804e+00 1.546938265011366997e+00 0.000000000000000000e+00
1.972366600017426141e-01 -2.541456574694928028e-01 1.631900655354152074e-01 2.360000094214186550e+00 1.666521212710723177e-01 3.043097987015516814e+00 7.827300088803250677e-01 8.541299569165947680e-01 -6.641076207640701501e-01 5.295550186000452103e-02 1.194203910210917208e+00 1.548830307807813833e+00 0.000000000000000000e+00
1.970556098761198083e-01 -2.540696257375771872e-01 1.604431589172393147e-01 2.359511992814447012e+00 1.569878867773892850e-01 3.049291279010245326e+00 7.833866112470841969e-01 8.641698079100845753e-01 -6.658359457325044861e-01 5.000372484797713929e-02 1.196960814571367271e+00 1.550668954224404761e+00 0.000000000000000000e+00
1.968452255463724598e-01 -2.539275850343590823e-01 1.574764162276118262e-01 2.359034252150923550e+00 1.464817701196103883e-01 3.055967065484506140e+00 7.842100606561367426e-01 8.748095359391144799e-01 -6.673203917241145033e-01 4.677507062874399629e-02 1.199808266408879831e+00 1.552773384117785094e+00 0.000000000000000000e+00
1.966406234171619860e-01 -2.537385582557892816e-01 1.547479333074400776e-01 2.358638534768293216e+00 1.367510401975904344e-01 3.062097069596167564e+00 7.850864403918544898e-01 8.844024419226617084e-01 -6.683190105538669989e-01 4.376645177220024607e-02 1.202302849401957197e+00 1.554832140798471096e+00 0.000000000000000000e+00
1.964106702796247494e-01 -2.534681506227656200e-01 1.518048472006758853e-01 2.358256963920916771e+00 1.261746582613092471e-01 3.068701164528108372e+00 7.861753403825607611e-01 8.945375675041491448e-01 -6.689852668795776003e-01 4.047687358184234169e-02 1.204855489306797978e+00 1.557201555220314670e+00 0.000000000000000000e+00
1.961934405002788429e-01 -2.531556431430213583e-01 1.491015643513757261e-01 2.357946576104632541e+00 1.163805481144795095e-01 3.074760972427681871e+00 7.873209657044855092e-01 9.036485079094191963e-01 -6.692074410935174855e-01 3.741298581030104431e-02 1.207069508279035475e+00 1.559528625380825817e+00 0.000000000000000000e+00
1.959556963103099014e-01 -2.527460631540399683e-01 1.461894071585604360e-01 2.357653557012270973e+00 1.057365024266854192e-01 3.081283650582407496e+00 7.887281800244834162e-01 9.132440104750290111e-01 -6.690095682245245090e-01 3.406459545233901653e-02 1.209309093597737528e+00 1.562214822814334214e+00 0.000000000000000000e+00
1.957369184052017708e-01 -2.522994495378020341e-01 1.435181074940131696e-01 2.357421071495383824e+00 9.588024329149202885e-02 3.087262373814631200e+00 7.901946496787355390e-01 9.218374986804968030e-01 -6.684076938181667815e-01 3.094710532207606279e-02 1.211223773263450099e+00 1.564860806515382396e+00 0.000000000000000000e+00
1.955036796560688239e-01 -2.517383347692223605e-01 1.406443412748051291e-01 2.357207863578023588e+00 8.516872762117522200e-02 3.093689597026892280e+00 7.919796999783883518e-01 9.308510339688973456e-01 -6.672878345797883526e-01 2.754142579175830954e-02 1.213127533968693106e+00 1.567921977030374059e+00 0.000000000000000000e+00
1.952944367531157521e-01 -2.511466926044531034e-01 1.380117818326622170e-01 2.357044915485346337e+00 7.524944916266651518e-02 3.099572330567803125e+00 7.938211427141236287e-01 9.388907844047101880e-01 -6.658127762310207531e-01 2.437211637234730152e-02 1.214723566409977584e+00 1.570939871177651881e+00 0.000000000000000000e+00
1.950772909221235585e-01 -2.504228511176725958e-01 1.351835473747277083e-01 2.356902231324204955e+00 6.446843960777304261e-02 3.105885735990169483e+00 7.960413535358954462e-01 9.472865328992394751e-01 -6.637229937236355237e-01 2.091148001622224195e-02 1.216272594058022349e+00 1.574432340631181759e+00 0.000000000000000000e+00
1.948884195643698358e-01 -2.496749869961529256e-01 1.325964712429683889e-01 2.356799441259267436e+00 5.448326060835473328e-02 3.111653213934024276e+00 7.983142283682236329e-01 9.547356607843001663e-01 -6.613246174249375331e-01 1.769224672934525608e-02 1.217530405040866626e+00 1.577877405817308176e+00 0.000000000000000000e+00
1.946992398180135697e-01 -2.487752381026329673e-01 1.298211788116434007e-01 2.356716570314008941e+00 4.362835735508685531e-02 3.117829459723583163e+00 8.010349803168756999e-01 9.624694140108630558e-01 -6.582036589434735463e-01 1.417843557668918043e-02 1.218700997498010974e+00 1.581865356391647603e+00 0.000000000000000000e+00
1.945411226003709027e-01 -2.478595778521741622e-01 1.272861884972820989e-01 2.356663627447003417e+00 3.357241074113925805e-02 3.123457734952095777e+00 8.037983428429692490e-01 9.692905685108829106e-01 -6.548303659487246797e-01 1.091129139762328851e-02 1.219600213840076330e+00 1.585795649528386253e+00 0.000000000000000000e+00
1.943903228914378722e-01 -2.467721316393783615e-01 1.245708250114406085e-01 2.356628591240121917e+00 2.263751430480898108e-02 3.129468244290430690e+00 8.070816209928735052e-01 9.763255748464363393e-01 -6.506282306437159990e-01 7.346866140242147396e-03 1.220372530556199431e+00 1.590339801296388522e+00 0.000000000000000000e+00
1.942725434055459777e-01 -2.456766931016899358e-01 1.220945400534512171e-01 2.356613710392755578e+00 1.250407452481017145e-02 3.134928418432383790e+00 8.103969236548859145e-01 9.824806061788001754e-01 -6.462273569423598873e-01 4.033932755332355312e-03 1.220892779075146262e+00 1.594815642982430282e+00 0.000000000000000000e+00
