-2.077208491128317014e-01 -1.454052134115706718e-01 9.940862550637408201e-02 2.356260565572057875e+00 1.989949139809432666e-03 -3.141344261084076717e+00 -7.841553326957355630e-01 6.987682628772879934e-01 -1.056476004434481197e-03 1.607435139998690098e-03 8.746663910305229050e-01 2.774051255766408195e-04 0.000000000000000000e+00
-2.072456517745235871e-01 -1.457318244842559507e-01 9.931986471729632726e-02 2.356297285201857328e+00 4.612779190027893605e-03 -3.141001654215756389e+00 -7.825465170812185844e-01 6.993309888156217236e-01 -2.135189403970949584e-03 3.711714450345011355e-03 8.772754233714462613e-01 5.778494554000443515e-04 0.000000000000000000e+00
-2.067047326421966313e-01 -1.460347274065695311e-01 9.925783567393954565e-02 2.356266812389903986e+00 7.424545849752384186e-03 -3.140607795370737865e+00 -7.808600037418986783e-01 6.995651472544669458e-01 -2.866759755415948518e-03 5.942817965079299006e-03 8.800322611528689221e-01 8.142147549317718886e-04 0.000000000000000000e+00
-2.061804099601790563e-01 -1.462699731579986673e-01 9.923114613787226146e-02 2.356174314443423512e+00 9.994161847837190749e-03 -3.140222704308930801e+00 -7.793444653445618098e-01 6.994423089491870194e-01 -3.145592721546908166e-03 7.958648338092991562e-03 8.825137946566048441e-01 9.602952524692603487e-04 0.000000000000000000e+00
-2.055844365336120250e-01 -1.464798878448261565e-01 9.923406590285142881e-02 2.356005479177981421e+00 1.275174570120629625e-02 -3.139781560684561157e+00 -7.777353834139359989e-01 6.989526202037487090e-01 -3.028413633583637576e-03 1.009673653049273159e-02 8.851351441175697721e-01 1.052080293208433170e-03 0.000000000000000000e+00
-2.050078463178154620e-01 -1.466351410456582793e-01 9.926479428054583998e-02 2.355787359578851436e+00 1.527496561782726303e-02 -3.139351540523391382e+00 -7.762695795499564566e-01 6.981829000696886389e-01 -2.544783579625287118e-03 1.202975975851042212e-02 8.874949711594889434e-01 1.085900943625069679e-03 0.000000000000000000e+00
-2.043536978045426555e-01 -1.467644590593033260e-01 9.932715550499958412e-02 2.355484634731897842e+00 1.798597607011442889e-02 -3.138860245158045625e+00 -7.746916566040844554e-01 6.970150373526615706e-01 -1.623995632730190763e-03 1.408134879079358040e-02 8.899879562559120938e-01 1.078250272181990052e-03 0.000000000000000000e+00
-2.037216803336423798e-01 -1.468502428328119502e-01 9.941052060244114086e-02 2.355144343609712365e+00 2.046916214579219684e-02 -3.138382213967232381e+00 -7.732345080136476811e-01 6.956360525402185413e-01 -4.145210236707885798e-04 1.593693332803610904e-02 8.922317360533311703e-01 1.039675658156385832e-03 0.000000000000000000e+00
-2.030056455932210679e-01 -1.469095269568281015e-01 9.952745172641765115e-02 2.354710712172746412e+00 2.313980913051416621e-02 -3.137836988817266359e+00 -7.716445342638430516e-01 6.938263680004824741e-01 1.274988371875451776e-03 1.790719711882827678e-02 8.946016831073927422e-01 9.742334157798674798e-04 0.000000000000000000e+00
-2.023151494117638449e-01 -1.469356472202094366e-01 9.965857961791077524e-02 2.354251549125270238e+00 2.558875802798032950e-02 -3.137307424241896125e+00 -7.701570922160064780e-01 6.918751364488086031e-01 3.173822229101785908e-03 1.969047891306975606e-02 8.967350082986006443e-01 9.011832191681840975e-04 0.000000000000000000e+00
-2.015344071534659054e-01 -1.469354585179011019e-01 9.982448678618553728e-02 2.353691269675763476e+00 2.822525161311961739e-02 -3.136704533347238311e+00 -7.685143878766185210e-01 6.894669730331044466e-01 5.588244073367665266e-03 2.158532218985034085e-02 8.989887083710802473e-01 8.180914228232484845e-04 0.000000000000000000e+00
-2.007826305990995375e-01 -1.469109135771879682e-01 9.999852640791831448e-02 2.353116567204436738e+00 3.064500856585938848e-02 -3.136119685739455321e+00 -7.669602336434754308e-01 6.869795139959432584e-01 8.140351345990559651e-03 2.330117815483697882e-02 9.010170384363118679e-01 7.463363963510764214e-04 0.000000000000000000e+00
-1.999338229707881831e-01 -1.468602628409585165e-01 1.002083856275885615e-01 2.352432417778512530e+00 3.325252141733558986e-02 -3.135454311634648050e+00 -7.652259831416158287e-01 6.840080254306600827e-01 1.124533086091394907e-02 2.512531034348675085e-02 9.031596846913351184e-01 6.833300751229910578e-04 0.000000000000000000e+00
-1.991181778459516494e-01 -1.467933189482114598e-01 1.004204537823572690e-01 2.351745303259498598e+00 3.564772979328001412e-02 -3.134809889142727179e+00 -7.635706953660771346e-01 6.810197589505093685e-01 1.441502519032655805e-02 2.677839268874777912e-02 9.050884791108250171e-01 6.467599839588893075e-04 0.000000000000000000e+00
-1.981991217630892643e-01 -1.467009886320755074e-01 1.006687819771295983e-01 2.350941398297094587e+00 3.823093086588791323e-02 -3.134077746647255136e+00 -7.617096118173024566e-01 6.775260244954617317e-01 1.816808495652066924e-02 2.853713386966310467e-02 9.071264631350082208e-01 6.391996233252367123e-04 0.000000000000000000e+00
-1.973173605550053167e-01 -1.465991329131788867e-01 1.009140710938913471e-01 2.350144939165091262e+00 4.060550236103654953e-02 -3.133369251650018672e+00 -7.599210994082324921e-01 6.740714385084382032e-01 2.192021261633336771e-02 3.013183889159174941e-02 9.089609816519093055e-01 6.696452892237130840e-04 0.000000000000000000e+00
-1.963253824698327488e-01 -1.464726495103378101e-01 1.011959351695044529e-01 2.349223938831405789e+00 4.316814350929920607e-02 -3.132564981306124263e+00 -7.578986948764262488e-01 6.700893468884971949e-01 2.628726417184523712e-02 3.182945012251674199e-02 9.108993634513233850e-01 7.514707836792349632e-04 0.000000000000000000e+00
-1.953755831539805143e-01 -1.463426234381270952e-01 1.014697138728252179e-01 2.348321151277727115e+00 4.552547422009833866e-02 -3.131787532800005547e+00 -7.559469306925344911e-01 6.662021303823902896e-01 3.058720406788717483e-02 3.336996397745149029e-02 9.126448658087885635e-01 8.789467343261607750e-04 0.000000000000000000e+00
-1.943092907801598213e-01 -1.461890656788818466e-01 1.017798465910053074e-01 2.347286889800576759e+00 4.807086368828628054e-02 -3.130906205315658664e+00 -7.537329117202971052e-01 6.617707634865529487e-01 3.552710157387495293e-02 3.501120565883467095e-02 9.144898372329682834e-01 1.080956215498565277e-03 0.000000000000000000e+00
-1.932899923470268178e-01 -1.460369287640215230e-01 1.020775673668858907e-01 2.346280713976575338e+00 5.041332512231555540e-02 -3.130055060030875413e+00 -7.515900657281920916e-01 6.574837399217978717e-01 4.034036577002986235e-02 3.650147315414017934e-02 9.161513834370687004e-01 1.333507045603560693e-03 0.000000000000000000e+00
-1.921475030659357819e-01 -1.458623228966477448e-01 1.024112362679036603e-01 2.345135755028829649e+00 5.294386749618240628e-02 -3.129090732830529742e+00 -7.491541388581238747e-01 6.526355883153631687e-01 4.581981971286763766e-02 3.809016941885934315e-02 9.179078047550031094e-01 1.685961461601848685e-03 0.000000000000000000e+00
-1.910576055666979856e-01 -1.456933715085946268e-01 1.027283921170309700e-01 2.344029158707474636e+00 5.527351509641809102e-02 -3.128160559238639671e+00 -7.467944449742591750e-01 6.479811150992044189e-01 5.111258606329127652e-02 3.953392314125094009e-02 9.194903882327827294e-01 2.089880685442942546e-03 0.000000000000000000e+00
-1.898384762992345043e-01 -1.455031966982531511e-01 1.030807462805848201e-01 2.342777202449572549e+00 5.779074841616571589e-02 -3.127108161742508052e+00 -7.441111770179499318e-01 6.427530635632698885e-01 5.709164902662822172e-02 4.107430799932038773e-02 9.211641849778975377e-01 2.619232716032166702e-03 0.000000000000000000e+00
-1.886773216965220989e-01 -1.453220903773734252e-01 1.034130961916826241e-01 2.341572924873109418e+00 6.010859701474302597e-02 -3.126093801355088520e+00 -7.415107999505691216e-01 6.377623662594886778e-01 6.283049485963987379e-02 4.247505167010719868e-02 9.226726659983457424e-01 3.198932925348937049e-03 0.000000000000000000e+00
-1.873805532083554770e-01 -1.451209929672447885e-01 1.037797144801785587e-01 2.340216330215265650e+00 6.261342752859455629e-02 -3.124946979305613493e+00 -7.385538256132270218e-01 6.321857069368627124e-01 6.927640996206774204e-02 4.397052065191677656e-02 9.242685652815756381e-01 3.931882450940255881e-03 0.000000000000000000e+00
-1.861479291557461280e-01 -1.449317326647511506e-01 1.041231784919815218e-01 2.338917167290188726e+00 6.491979665101954566e-02 -3.123843112906489861e+00 -7.356909274413917510e-01 6.268894784770221440e-01 7.542817892209630060e-02 4.533155825532619171e-02 9.257077375346545178e-01 4.710090630752059200e-03 0.000000000000000000e+00
-1.847740303299485187e-01 -1.447236515564172821e-01 1.044996624551926684e-01 2.337459575320054661e+00 6.741209334334552494e-02 -3.122596608646730498e+00 -7.324394740665141068e-01 6.209990321989575790e-01 8.230246348586334193e-02 4.678584394759121440e-02 9.272313319942887544e-01 5.668960220789138506e-03 0.000000000000000000e+00
-1.834701038462295264e-01 -1.445295459336599364e-01 1.048503640528095637e-01 2.336068209318046485e+00 6.970666257849078562e-02 -3.121397699177277385e+00 -7.292941476610759199e-01 6.154269668292120521e-01 8.883493132371866885e-02 4.811026724720124381e-02 9.286058560119059280e-01 6.666611053903194646e-03 0.000000000000000000e+00
-1.820190280870592758e-01 -1.443178432040417569e-01 1.052327334692382682e-01 2.334511953553851882e+00 7.218557305870820784e-02 -3.120045091852736707e+00 -7.257257781164787591e-01 6.092527607369996323e-01 9.610522794158038451e-02 4.952635738376964109e-02 9.300617396008250548e-01 7.874658895214615636e-03 0.000000000000000000e+00
-1.806444470473209385e-01 -1.441216316016262766e-01 1.055870337132593373e-01 2.333031139343970661e+00 7.446712879976935540e-02 -3.118745673631240223e+00 -7.222800471400797617e-01 6.034340200712854374e-01 1.029861704080727858e-01 5.081705008369813426e-02 9.313762759148881409e-01 9.111067321540780584e-03 0.000000000000000000e+00
-1.791175796972787337e-01 -1.439088289409336807e-01 1.059714032464220829e-01 2.331379673409874620e+00 7.693091772237981019e-02 -3.117281515297027461e+00 -7.183782498270047112e-01 5.970087444673057853e-01 1.106157274569863347e-01 5.219819455333764985e-02 9.327697749552721351e-01 1.058669887412116636e-02 0.000000000000000000e+00
-1.776734099254728971e-01 -1.437126962901831284e-01 1.063259207038403653e-01 2.329812057439205830e+00 7.919729777723105713e-02 -3.115876304538387487e+00 -7.146159355760224319e-01 5.909716245922052025e-01 1.178134529351433368e-01 5.345784894299911161e-02 9.340287177815796982e-01 1.207947556651623941e-02 0.000000000000000000e+00
-1.760716266083501846e-01 -1.435009816964107066e-01 1.067088051375054553e-01 2.328067748500957101e+00 8.164329337731190961e-02 -3.114294272257089435e+00 -7.103620683668390168e-01 5.843240416162310824e-01 1.257704456400821069e-01 5.480664432777257455e-02 9.353642264892272351e-01 1.384263072887890501e-02 0.000000000000000000e+00
-1.745592958531985706e-01 -1.433065414926067427e-01 1.070603805152797738e-01 2.326415944170039829e+00 8.389170989673955248e-02 -3.112777807370812333e+00 -7.062687231923598929e-01 5.780961062490262981e-01 1.332539283032048161e-01 5.603775295949974672e-02 9.365719700435781725e-01 1.560783215603227074e-02 0.000000000000000000e+00
-1.728848630569512490e-01 -1.430972324695376774e-01 1.074384731431055340e-01 2.324582161739419561e+00 8.631631746226897661e-02 -3.111072702293248504e+00 -7.016503358089717368e-01 5.712569754116483267e-01 1.415029366216709050e-01 5.735699557855174213e-02 9.378544818455331056e-01 1.767321136933499431e-02 0.000000000000000000e+00
-1.713062021441675853e-01 -1.429055816305407900e-01 1.077842430470919988e-01 2.322848856877846480e+00 8.854309828093320789e-02 -3.109439735186005027e+00 -6.972133762748451424e-01 5.648648561632401144e-01 1.492416832752774258e-01 5.856186791235243327e-02 9.390153537646986903e-01 1.972527685778192527e-02 0.000000000000000000e+00
-1.695608151017193865e-01 -1.426998074040251585e-01 1.081545719507301662e-01 2.320927986515083141e+00 9.094201174025506873e-02 -3.107605275054357907e+00 -6.922154218570935047e-01 5.578616746027132978e-01 1.577516813805712736e-01 5.985377151833907311e-02 9.402491962977324036e-01 2.210962162648668142e-02 0.000000000000000000e+00
-1.679180328031769365e-01 -1.425116249245754196e-01 1.084918989038546333e-01 2.319115831130342809e+00 9.314263262898769824e-02 -3.105850724603711477e+00 -6.874238624238229178e-01 5.513315703203253149e-01 1.657154651462895423e-01 6.103452976070693203e-02 9.413673244814020347e-01 2.446150703881149260e-02 0.000000000000000000e+00
-1.661047713133544934e-01 -1.423096906641882764e-01 1.088517954362952372e-01 2.317111270903341680e+00 9.551029601506710875e-02 -3.103882319895696629e+00 -6.820377522771922107e-01 5.441930668869088272e-01 1.744523645764581854e-01 6.230146207028488398e-02 9.425571582774223689e-01 2.717602344544262430e-02 0.000000000000000000e+00
-1.644004303138873191e-01 -1.421252095645487157e-01 1.091783483155547435e-01 2.315223049614520523e+00 9.767938134158260510e-02 -3.102001407903435481e+00 -6.768824050390168656e-01 5.375501777323560271e-01 1.826116243661883853e-01 6.346004533538864012e-02 9.436366040462585980e-01 2.983915124600823934e-02 0.000000000000000000e+00
-1.625217675004763662e-01 -1.419274299363088576e-01 1.095254198387452804e-01 2.313137253894335554e+00 1.000096166116084540e-01 -3.099893372161968141e+00 -6.710964878337379869e-01 5.303025845627871160e-01 1.915449319267499284e-01 6.470386640013173207e-02 9.447866235839820215e-01 3.289751295828762662e-02 0.000000000000000000e+00
-1.607587271653201644e-01 -1.417465290325815030e-01 1.098391057123706133e-01 2.311175698428033165e+00 1.021410483355369436e-01 -3.097881507734677076e+00 -6.655696296234964171e-01 5.235715114866391628e-01 1.998706392846103519e-01 6.584204319338275713e-02 9.458313151005929287e-01 3.588188872653324396e-02 0.000000000000000000e+00
-1.588183842893904074e-01 -1.415523089467693174e-01 1.101712487494320020e-01 2.309012188603657201e+00 1.044267889579071351e-01 -3.095629644075155174e+00 -6.593789785115528046e-01 5.162416266393867748e-01 2.089681307263753229e-01 6.706470461102734260e-02 9.469459145958184498e-01 3.929200824573086948e-02 0.000000000000000000e+00
-1.569998201709205676e-01 -1.413745691050593556e-01 1.104702841791627838e-01 2.306980109905587994e+00 1.065135906662950660e-01 -3.093482716394750032e+00 -6.534744840587380921e-01 5.094461383543725796e-01 2.174316566706473441e-01 6.818407282907967826e-02 9.479597800228115601e-01 4.260619154784758139e-02 0.000000000000000000e+00
-1.550009516512402263e-01 -1.411835594415123407e-01 1.107856639462204001e-01 2.304741663927090123e+00 1.087468932006450117e-01 -3.091082182501551312e+00 -6.468708432407503928e-01 5.020589289646562037e-01 2.266636377474615660e-01 6.938709343368491822e-02 9.490428876381467038e-01 4.637880474210782228e-02 0.000000000000000000e+00
-1.531303428318757931e-01 -1.410083050046080366e-01 1.110685295774669901e-01 2.302642089472921594e+00 1.107812287236136228e-01 -3.088796633854907547e+00 -6.405841851715092794e-01 4.952221616827456874e-01 2.352367527705900851e-01 7.048907204205688559e-02 9.500296554010483341e-01 5.003001108017406107e-02 0.000000000000000000e+00
-1.510772409662909377e-01 -1.408193530672784965e-01 1.113656763454766579e-01 2.300332310578930617e+00 1.129532958157124511e-01 -3.086244347163623392e+00 -6.335658901717962088e-01 4.878024950172440977e-01 2.445723308138083585e-01 7.167402892433083483e-02 9.510854656152103459e-01 5.416993660659426973e-02 0.000000000000000000e+00
-1.491582666558074477e-01 -1.406456776649847584e-01 1.116310978728218273e-01 2.298168311361199478e+00 1.149267110512348644e-01 -3.083817041781476753e+00 -6.268939392718479997e-01 4.809467860020802954e-01 2.532276043565657719e-01 7.275989956929701519e-02 9.520487309814920085e-01 5.816401661262981387e-02 0.000000000000000000e+00
-1.470546486044765344e-01 -1.404579992830354562e-01 1.119087316414556221e-01 2.295790370347007503e+00 1.170279653007382237e-01 -3.081109331291556952e+00 -6.194559300843384131e-01 4.735183641944950561e-01 2.626378840683609717e-01 7.392797034578417470e-02 9.530809722200065393e-01 6.267918985902058704e-02 0.000000000000000000e+00
-1.450912133295623740e-01 -1.402848098762719820e-01 1.121556925328282828e-01 2.293565281146758394e+00 1.189313669258442729e-01 -3.078537657653860560e+00 -6.123970884570288931e-01 4.666653516299349991e-01 2.713484182037377845e-01 7.499883574248343565e-02 9.540243304571399685e-01 6.702071667995980475e-02 0.000000000000000000e+00
-1.429418278864828806e-01 -1.400969181596618263e-01 1.124129312465068781e-01 2.291123101039393095e+00 1.209514699762799239e-01 -3.075672911935181553e+00 -6.045408298203224229e-01 4.592512443132089062e-01 2.808038384960094280e-01 7.615124380280957617e-02 9.550369308826153203e-01 7.191307259930065920e-02 0.000000000000000000e+00
-1.409380086144620126e-01 -1.399230514170788087e-01 1.126406691356108963e-01 2.288840339614508057e+00 1.227750554368092217e-01 -3.072955068767356579e+00 -5.970947645705153572e-01 4.524218340138096983e-01 2.895432679292133660e-01 7.720806934713707326e-02 9.559637775209902655e-01 7.660534605818170029e-02 0.000000000000000000e+00
-1.387469852952966098e-01 -1.397339385341280493e-01 1.128767579481915195e-01 2.286337561802381124e+00 1.247030768685908342e-01 -3.069931069892389619e+00 -5.888181925347670820e-01 4.450444450306130784e-01 2.990158656105164070e-01 7.834568021865645493e-02 9.569603324008978396e-01 8.188013607124715321e-02 0.000000000000000000e+00
-1.367070402974406296e-01 -1.395581735507639698e-01 1.130847705800505781e-01 2.284000891954835133e+00 1.264364394197912134e-01 -3.067066091955016560e+00 -5.809860355059257575e-01 4.382588437311457086e-01 3.077582245209191658e-01 7.938927318131763777e-02 9.578740629709040499e-01 8.692523676267166488e-02 0.000000000000000000e+00
-1.344794203628170981e-01 -1.393661860481642256e-01 1.132993447716766355e-01 2.281442009850256802e+00 1.282608439671011347e-01 -3.063882957297030973e+00 -5.722936108659617549e-01 4.309393785016583101e-01 3.172201695578618086e-01 8.051297735851975501e-02 9.588581009936884003e-01 9.258172433897270126e-02 0.000000000000000000e+00
-1.324077008110336462e-01 -1.391873076341143545e-01 1.134873437008877967e-01 2.279055366121417237e+00 1.298930887632279152e-01 -3.060870746363114847e+00 -5.640776923240399254e-01 4.242170938571075411e-01 3.259401579151084416e-01 8.154401185216551828e-02 9.597619112886339732e-01 9.798054275743020569e-02 0.000000000000000000e+00
-1.301478887516684113e-01 -1.389914716631374669e-01 1.136801429383462320e-01 2.276444530813408917e+00 1.316018055823073851e-01 -3.057528166279739334e+00 -5.549700808701325538e-01 4.169767245119955223e-01 3.353642860645718038e-01 8.265437525678202835e-02 9.607368945637120294e-01 1.040214326699489683e-01 0.000000000000000000e+00
-1.280488617191347378e-01 -1.388083212511728726e-01 1.138480910933039880e-01 2.274012283046275229e+00 1.331215144069863854e-01 -3.054369766433465472e+00 -5.463740959511428352e-01 4.103364985185328218e-01 3.440370033124693361e-01 8.367338391363041139e-02 9.616339137978778817e-01 1.097737357888440290e-01 0.000000000000000000e+00
-1.257620125761456376e-01 -1.386070284907046368e-01 1.140192070226694193e-01 2.271354557567924815e+00 1.347022830700499441e-01 -3.050869722262487649e+00 -5.368584216392079389e-01 4.031946661337537097e-01 3.533972155957707528e-01 8.477098911214976662e-02 9.626031712766122128e-01 1.161958072771371864e-01 0.000000000000000000e+00
-1.236401512913928719e-01 -1.384185107226525158e-01 1.141672316167005735e-01 2.268881294494449641e+00 1.360978502199703399e-01 -3.047566993019939829e+00 -5.278871973226261227e-01 3.966546082867916101e-01 3.619985601264543718e-01 8.577836308398585630e-02 9.634963955062249008e-01 1.223002385487895610e-01 0.000000000000000000e+00
-1.213308431530816800e-01 -1.382110365490528681e-01 1.143168854214975660e-01 2.266181684911800609e+00 1.375376750237631285e-01 -3.043911758749108465e+00 -5.179668889725673742e-01 3.896311534124665132e-01 3.712683580907474301e-01 8.686349303727386451e-02 9.644631895609508954e-01 1.291037828961013600e-01 0.000000000000000000e+00
-1.191906372916918117e-01 -1.380161903815839419e-01 1.144453104941432070e-01 2.263672408202351605e+00 1.387972320742449917e-01 -3.040467753995051314e+00 -5.086264506603597191e-01 3.832086741276313768e-01 3.797747609285697656e-01 8.785950696258508497e-02 9.653554816841818376e-01 1.355579288307731667e-01 0.000000000000000000e+00
-1.168640145222711729e-01 -1.378012163380074595e-01 1.145740190756274757e-01 2.260936703552290261e+00 1.400833805721921621e-01 -3.036661792734460796e+00 -4.983110956521012991e-01 3.763213067850093574e-01 3.889295103337715442e-01 8.893246127626437680e-02 9.663228749501531212e-01 1.427374283002201261e-01 0.000000000000000000e+00
-1.147098881585369851e-01 -1.375992033471472586e-01 1.146833286933600093e-01 2.258396736541375738e+00 1.411951284088495129e-01 -3.033080449318219962e+00 -4.886085673001837604e-01 3.700330841086278966e-01 3.973182014514120564e-01 8.991726495786206419e-02 9.672171644442018046e-01 1.495378434332510775e-01 0.000000000000000000e+00
-1.123704837103649962e-01 -1.373763766204234571e-01 1.147916696015576499e-01 2.255630830800011921e+00 1.423143260490347117e-01 -3.029128634914436624e+00 -4.779040911671511571e-01 3.633004131358257838e-01 4.063324691091123597e-01 9.097806027668947637e-02 9.681880863986174202e-01 1.570913505882859940e-01 0.000000000000000000e+00
-1.102068699870070723e-01 -1.371666815736856671e-01 1.148825695111524020e-01 2.253065993102285169e+00 1.432660813957444823e-01 -3.025415827827918847e+00 -4.678477285749029213e-01 3.571624593239520196e-01 4.145806784792511746e-01 9.195167035933041189e-02 9.690869698455464309e-01 1.642335990919854549e-01 0.000000000000000000e+00
-1.078596009833746733e-01 -1.369350540521099835e-01 1.149713825513751370e-01 2.250276403111774570e+00 1.442058162842871916e-01 -3.021324994077752013e+00 -4.567659158049197643e-01 3.506004303979968206e-01 4.234316943621296847e-01 9.300033997281954845e-02 9.700642833865782411e-01 1.721534906339880211e-01 0.000000000000000000e+00
-1.056907443355541432e-01 -1.367172666684446092e-01 1.150446499587781529e-01 2.247692814877931156e+00 1.449859375960462771e-01 -3.017487178526780500e+00 -4.463649734571288885e-01 3.446280919164123602e-01 4.315178503799370624e-01 9.396267323271967342e-02 9.709704239474775678e-01 1.796321629623917338e-01 0.000000000000000000e+00
-1.033399570067053963e-01 -1.364770194412240345e-01 1.151148405398258190e-01 2.244886400475416544e+00 1.457331835124069386e-01 -3.013265117385982350e+00 -4.349141464286016001e-01 3.382540821634167361e-01 4.401809802479106359e-01 9.499899243665357873e-02 9.719569253942702547e-01 1.879143609259427972e-01 0.000000000000000000e+00
-1.011699850012139773e-01 -1.362510653108992553e-01 1.151714243756036815e-01 2.242290609652335398e+00 1.463300450525819585e-01 -3.009310529761124009e+00 -4.241788109164376652e-01 3.324619731086033703e-01 4.480837776246660020e-01 9.594984913673114402e-02 9.728727199141213866e-01 1.957231820057322436e-01 0.000000000000000000e+00
-9.882024980072069698e-02 -1.360017932475966196e-01 1.152241157319285336e-01 2.239474733068549384e+00 1.468729443695862003e-01 -3.004966888613808784e+00 -4.123728180670346299e-01 3.262902637299128772e-01 4.565377161890133983e-01 9.697361819402804117e-02 9.738710724277647168e-01 2.043581489451778976e-01 0.000000000000000000e+00
-9.665308884021578395e-02 -1.357677979519119615e-01 1.152650412971640836e-01 2.236873732091071432e+00 1.472755706545738619e-01 -3.000904694392738215e+00 -4.013143412461032122e-01 3.206923989871072189e-01 4.642366485843236745e-01 9.791269040628200471e-02 9.747989843305756574e-01 2.124899448861667373e-01 0.000000000000000000e+00
-9.430833345062501760e-02 -1.355102074317645067e-01 1.153013379408691641e-01 2.234056086515702866e+00 1.476020789249941068e-01 -2.996449940903771925e+00 -3.891636354831031208e-01 3.147390355282895791e-01 4.724582263435617158e-01 9.892345158612955713e-02 9.758116513350781895e-01 2.214716221100271054e-01 0.000000000000000000e+00
-9.214768337673734377e-02 -1.352686140226451172e-01 1.153277395710098491e-01 2.231457125382613427e+00 1.477999158489113896e-01 -2.992290859524856739e+00 -3.777940681573367931e-01 3.093486976134283140e-01 4.799333200492506002e-01 9.985032319163961168e-02 9.767538777287482210e-01 2.299183534946746266e-01 0.000000000000000000e+00
-8.981196842535681124e-02 -1.350029382106922859e-01 1.153489753971332632e-01 2.228645824041770140e+00 1.478993841960458688e-01 -2.987737552046069389e+00 -3.653142622626300851e-01 3.036263966686886806e-01 4.879025632952038727e-01 1.008476603751174566e-01 9.777832560690911112e-01 2.392355390816145178e-01 0.000000000000000000e+00
-8.766126427284262612e-02 -1.347544466705686284e-01 1.153620559442263133e-01 2.226056599223598553e+00 1.478827123311061698e-01 -2.983493448087039202e+00 -3.536465873423430550e-01 2.984562023074360804e-01 4.951345103933686431e-01 1.017618403535576060e-01 9.787419940615196268e-01 2.479884174783234252e-01 0.000000000000000000e+00
-8.533798078757452721e-02 -1.344820037418269221e-01 1.153695097082182153e-01 2.223260069144000539e+00 1.477446603433247851e-01 -2.978854852127598818e+00 -3.408501981730532315e-01 2.929797111313107716e-01 5.028293148889888542e-01 1.027450711056364513e-01 9.797904140036566289e-01 2.576331552345862974e-01 0.000000000000000000e+00
-8.320035659164085051e-02 -1.342276112231125251e-01 1.153705299395466760e-01 2.220688486360398173e+00 1.475045993832919677e-01 -2.974538846921341850e+00 -3.288981642273730022e-01 2.880416778380858189e-01 5.097993400939442310e-01 1.036459685681398180e-01 9.807677275446884391e-01 2.666826099081891499e-01 0.000000000000000000e+00
-8.089286855236484108e-02 -1.339491739707483753e-01 1.153656223896661337e-01 2.217915417593587790e+00 1.471203793460915676e-01 -2.969829887732071683e+00 -3.158024024620446069e-01 2.828221151281259393e-01 5.172015963438192365e-01 1.046144853551959769e-01 9.818372530384642527e-01 2.766421998843266450e-01 0.000000000000000000e+00
-7.877110559615974061e-02 -1.336900961878688121e-01 1.153558638004957421e-01 2.215369539457587855e+00 1.466491271976373412e-01 -2.965456059213628759e+00 -3.035804904293984419e-01 2.781275114032910611e-01 5.238918564762622410e-01 1.055014178667332547e-01 9.828350729198898073e-01 2.859779277303561851e-01 0.000000000000000000e+00
-7.648211532768564580e-02 -1.334076057096733603e-01 1.153399858203154327e-01 2.212628853560396180e+00 1.460104525332024394e-01 -2.960692570180671002e+00 -2.901996705588906766e-01 2.731783927020287051e-01 5.309803923497260492e-01 1.064543551614124534e-01 9.839279676522310059e-01 2.962427492569303378e-01 0.000000000000000000e+00
-7.437867168027775810e-02 -1.331453787068040129e-01 1.153207832946577943e-01 2.210117008008218420e+00 1.453012766108994214e-01 -2.956276371958184601e+00 -2.777231936155465930e-01 2.687379044794578342e-01 5.373733105464610915e-01 1.073265487407917967e-01 9.849480915077857279e-01 3.058537647358900990e-01 0.000000000000000000e+00
-7.211073776297220739e-02 -1.328601328790490477e-01 1.152953923470042830e-01 2.207417659468547733e+00 1.444020157439545038e-01 -2.951475527974584345e+00 -2.640759411227332487e-01 2.640687339430332070e-01 5.441317476028095790e-01 1.082631325619022311e-01 9.860660199543738180e-01 3.164097363486371162e-01 0.000000000000000000e+00
-7.002763653205193450e-02 -1.325964326864217113e-01 1.152680470361022863e-01 2.204948127227558174e+00 1.434496503744884244e-01 -2.947032759541341917e+00 -2.513607617219339452e-01 2.598923980110845466e-01 5.502108122650790634e-01 1.091197549712830256e-01 9.871103119968210882e-01 3.262844713545419717e-01 0.000000000000000000e+00
-6.778264330812766580e-02 -1.323108646540367417e-01 1.152345423329881186e-01 2.202299205783387670e+00 1.422843194709866310e-01 -2.942212402673879179e+00 -2.374630555733554804e-01 2.555154261805120952e-01 5.566193099541911771e-01 1.100389283767670701e-01 9.882552715284734779e-01 3.371204410663972695e-01 0.000000000000000000e+00
-6.572153762738509875e-02 -1.320476515447218946e-01 1.152003757097524589e-01 2.199880300180399040e+00 1.410847398357577553e-01 -2.937760239457467115e+00 -2.245257685376435830e-01 2.516125968925145839e-01 5.623684089573997014e-01 1.108790641545246008e-01 9.893251964964128176e-01 3.472466450582327724e-01 0.000000000000000000e+00
-6.350113639158980194e-02 -1.317635103831046040e-01 1.151602128486428067e-01 2.197290555657817279e+00 1.396503047052748414e-01 -2.932939075288873987e+00 -2.103973660596369921e-01 2.475358132510644682e-01 5.684120535771710614e-01 1.117799116827575129e-01 9.904988515888106804e-01 3.583473662719555142e-01 0.000000000000000000e+00
-6.146324533606087326e-02 -1.315029117021241922e-01 1.151205241327737522e-01 2.194930428609390027e+00 1.382010610351018798e-01 -2.928495139635631794e+00 -1.972550988437730968e-01 2.439152291043449328e-01 5.738157405869963590e-01 1.126025704658614041e-01 9.915959407998689024e-01 3.687122893660030876e-01 0.000000000000000000e+00
-5.926842576530764323e-02 -1.312230257080648499e-01 1.150750453462351247e-01 2.192408745650360480e+00 1.364953029153950226e-01 -2.923692571869258128e+00 -1.829134770309919777e-01 2.401496524810274036e-01 5.794760231678508511e-01 1.134838770495958798e-01 9.927998893496663424e-01 3.800652452244699386e-01 0.000000000000000000e+00
-5.725452985585365723e-02 -1.309673030380472669e-01 1.150311044707586910e-01 2.190115262067553914e+00 1.347955930764372923e-01 -2.919274901674110190e+00 -1.695839396562250634e-01 2.368194028273969132e-01 5.845195176402429027e-01 1.142880185407453009e-01 9.939256741214701485e-01 3.906555383257654945e-01 0.000000000000000000e+00
-5.508597908208295174e-02 -1.306936842955186695e-01 1.149816622628563045e-01 2.187669785479414486e+00 1.328189475403966924e-01 -2.914510478288150797e+00 -1.550498212309016910e-01 2.333715080326122515e-01 5.897833886928389724e-01 1.151487355603021123e-01 9.951612477092125486e-01 4.022444835463270252e-01 0.000000000000000000e+00
-5.309641087300975143e-02 -1.304451786636553479e-01 1.149346583550593937e-01 2.185450496310988200e+00 1.308696207073651863e-01 -2.910137371180153032e+00 -1.415511564821579360e-01 2.303390663678798744e-01 5.944528421901296156e-01 1.159332612055474082e-01 9.963169264642522949e-01 4.130463980857429496e-01 0.000000000000000000e+00
-5.095419451736298705e-02 -1.301809427710459988e-01 1.148825309267964140e-01 2.183089393922388766e+00 1.286235033444924625e-01 -2.905431383868660511e+00 -1.268433500194909580e-01 2.272185905843635834e-01 5.993028580093273661e-01 1.167720237908678599e-01 9.975856564075660238e-01 4.248575840992716013e-01 0.000000000000000000e+00
-4.898885960719741306e-02 -1.299420843942394876e-01 1.148336129472965483e-01 2.180951348473916696e+00 1.264271426048066971e-01 -2.901121328774028729e+00 -1.131942499586713613e-01 2.244908145483363038e-01 6.035849547260658809e-01 1.175357684572321537e-01 9.987724275683326214e-01 4.358568055859487478e-01 0.000000000000000000e+00
-4.687269477739169909e-02 -1.296894026732269001e-01 1.147800233501293232e-01 2.178681711226412077e+00 1.239156806363195251e-01 -2.896493595462076964e+00 -9.833418558305749568e-02 2.217027844926459657e-01 6.080096637191778619e-01 1.183514364424745752e-01 1.000075379131653897e+00 4.478732214509816290e-01 0.000000000000000000e+00
-4.493105820397252925e-02 -1.294626402321443215e-01 1.147302637976973100e-01 2.176631424954159399e+00 1.214766109626630453e-01 -2.892264975809700989e+00 -8.455366684482087947e-02 2.192858825796150102e-01 6.118918867982410248e-01 1.190931933850889052e-01 1.001294307962583341e+00 4.590551357884382067e-01 0.000000000000000000e+00
-4.284008501905389038e-02 -1.292246880527581909e-01 1.146763345131105449e-01 2.174460251481804995e+00 1.187050899814163785e-01 -2.887735727151698573e+00 -6.956130994205733664e-02 2.168387870777252480e-01 6.158753099987266388e-01 1.198842937092753497e-01 1.002632746147429810e+00 4.712619343818981732e-01 0.000000000000000000e+00
-4.092119818659140790e-02 -1.290124946397144257e-01 1.146267472558124279e-01 2.172503491428021682e+00 1.160293854739951058e-01 -2.883606841323366865e+00 -5.566880944117209851e-02 2.147383519259797868e-01 6.193456752152091127e-01 1.206027896042434905e-01 1.003884831333930583e+00 4.826114281309479281e-01 0.000000000000000000e+00
-3.885421141960369168e-02 -1.287914029204323130e-01 1.145735180685766713e-01 2.170436429741056550e+00 1.130056924856366329e-01 -2.879195255613095750e+00 -4.056612276787362192e-02 2.126358195348758140e-01 6.228780920850902625e-01 1.213680905553698036e-01 1.005259555088629408e+00 4.949910325896403895e-01 0.000000000000000000e+00
-3.695672000558841014e-02 -1.285961894761057933e-01 1.145250210473527375e-01 2.168578360417768636e+00 1.101011956396242830e-01 -2.875183940222676870e+00 -2.658135621878474769e-02 2.108568279267029055e-01 6.259254141624133183e-01 1.220620437564172017e-01 1.006545662158055965e+00 5.064928258635290614e-01 0.000000000000000000e+00
-3.491200249402842681e-02 -1.283950067254314986e-01 1.144734185871911641e-01 2.166620758733849073e+00 1.068344512335457352e-01 -2.870909343700827954e+00 -1.138926119396796097e-02 2.091060824708416144e-01 6.289924436318030665e-01 1.227999557602077185e-01 1.007957670168015962e+00 5.190293903789681140e-01 0.000000000000000000e+00
-3.303417677146796433e-02 -1.282191109211305302e-01 1.144268396740113491e-01 2.164865598100599087e+00 1.037107216332433524e-01 -2.867032928099611411e+00 2.667729295601429813e-03 2.076529286220398784e-01 6.316062030836615548e-01 1.234680346867893103e-01 1.009278531489667952e+00 5.306677372377507362e-01 0.000000000000000000e+00
-3.100969963405264193e-02 -1.280397843243006595e-01 1.143777121287814225e-01 2.163021284652240972e+00 1.002124515310063302e-01 -2.862913169732591356e+00 1.792693988100308930e-02 2.062562004988342246e-01 6.341997225112350201e-01 1.241772677745910380e-01 1.010728489545161590e+00 5.433432521830645623e-01 0.000000000000000000e+00
-2.914946045352757864e-02 -1.278854145032394807e-01 1.143337773213535247e-01 2.161372446761135713e+00 9.688069532785448246e-02 -2.859188229176478302e+00 3.203594081434956581e-02 2.051326461244434018e-01 6.363701987996499554e-01 1.248181158790265671e-01 1.012084704330284524e+00 5.551022735287413079e-01 0.000000000000000000e+00
-2.714276624837251226e-02 -1.277307725514118530e-01 1.142878610015154311e-01 2.159644987141597028e+00 9.316368002970332185e-02 -2.855241270637542961e+00 4.734057208027631081e-02 2.040958941568323526e-01 6.384771586960660272e-01 1.254969972527797961e-01 1.013573411379638634e+00 5.679001940156579442e-01 0.000000000000000000e+00
-2.529772567394748817e-02 -1.275999636840539908e-01 1.142471884932402953e-01 2.158104939027772673e+00 8.963669705350252315e-02 -2.851683392452538879e+00 6.148112106956721279e-02 2.033051184054037730e-01 6.401954302313850320e-01 1.261092163754969908e-01 1.014965512260450398e+00 5.797637111446066749e-01 0.000000000000000000e+00
-2.330610467756938364e-02 -1.274716213928502873e-01 1.142050964469159685e-01 2.156496069784477498e+00 8.571580473768136699e-02 -2.847925217133570719e+00 7.680874498643651405e-02 2.026292414102552897e-01 6.418094390100272939e-01 1.267564227770350826e-01 1.016493234619774366e+00 5.926656613616045899e-01 0.000000000000000000e+00
-2.147360448217654552e-02 -1.273662145990682726e-01 1.141681984428926933e-01 2.155066370019593336e+00 8.200785525886278293e-02 -2.844548898960137961e+00 9.096030032117000119e-02 2.021738075743381158e-01 6.430673831509263749e-01 1.273385981137048206e-01 1.017921687649465667e+00 6.046173957016621747e-01 0.000000000000000000e+00
-1.949401524820264936e-02 -1.272666308129138946e-01 1.141304529687011404e-01 2.153577732628869867e+00 7.789918929074968190e-02 -2.840995411570125473e+00 1.062886482849606656e-01 2.018634993730734351e-01 6.441768560610534600e-01 1.279523901659408436e-01 1.019489024530004562e+00 6.176062981282511855e-01 0.000000000000000000e+00
-1.767116386433107561e-02 -1.271883463300035044e-01 1.140977593624103587e-01 2.152258987717774019e+00 7.402597623932560822e-02 -2.837814436121414374e+00 1.204304997264721844e-01 2.017454214682420643e-01 6.449667496403712619e-01 1.285030985898555911e-01 1.020954096024684343e+00 6.296297380806591404e-01 0.000000000000000000e+00
-1.570040391498741736e-02 -1.271186460328780909e-01 1.140647244187991544e-01 2.150890303633029355e+00 6.974728362611193333e-02 -2.834478911098710974e+00 1.357372011840275450e-01 2.018002825866976879e-01 6.455671593081291348e-01 1.290821280674876725e-01 1.022561114005465566e+00 6.426871503262904239e-01 0.000000000000000000e+00
-1.388413736397104553e-02 -1.270688771449050292e-01 1.140365292155999938e-01 2.149682169676867538e+00 6.572569235358383111e-02 -2.831505349859636755e+00 1.498486676219769609e-01 2.020209254830107604e-01 6.458824775811948804e-01 1.295999298071831562e-01 1.024063070281242993e+00 6.547657177132629736e-01 0.000000000000000000e+00
-1.191878227696268819e-02 -1.270310434959603108e-01 1.140084964432645648e-01 2.148433016194230660e+00 6.129589649151601094e-02 -2.828401132591753964e+00 1.651110607368961314e-01 2.024444013858469893e-01 6.459638371524967226e-01 1.301424073988538821e-01 1.025710102257402445e+00 6.678739963357147591e-01 0.000000000000000000e+00
-1.010590477131026628e-02 -1.270110093643199156e-01 1.139849954657023851e-01 2.147334425834586114e+00 5.714399083271359814e-02 -2.825646085729985657e+00 1.791713695147807706e-01 2.030046139659019699e-01 6.457985880068570772e-01 1.306258543604873201e-01 1.027248943314277518e+00 6.799911129794663500e-01 0.000000000000000000e+00
-8.142459249120600345e-03 -1.270057056286116870e-01 1.139621242501357573e-01 2.146202720236919603e+00 5.258319737452321618e-02 -2.822783823268984360e+00 1.943673500500160967e-01 2.037949902431670512e-01 6.453578348464490411e-01 1.311304401632732708e-01 1.028935856127760839e+00 6.931320153252715777e-01 0.000000000000000000e+00
-6.329698080692189831e-03 -1.270163766871214295e-01 1.139434147905287187e-01 2.145211625273463873e+00 4.831999777823803299e-02 -2.820257008884591521e+00 2.083558200574958663e-01 2.046949888888025260e-01 6.447068251179794984e-01 1.315780759306235392e-01 1.030511515386706156e+00 7.052709698899617408e-01 0.000000000000000000e+00
-4.364584439783735816e-03 -1.270450074220226822e-01 1.139257490671681805e-01 2.144195235068785621e+00 4.364931965221963139e-02 -2.817646853795265471e+00 2.234625181171862873e-01 2.058544959379093597e-01 6.437358365845362584e-01 1.320429556660321080e-01 1.032238442195568151e+00 7.184265862007896963e-01 0.000000000000000000e+00
-2.548632113598085260e-03 -1.270871219553434128e-01 1.139118368663711856e-01 2.143308890410863476e+00 3.929468746152853242e-02 -2.815356559554803795e+00 2.373585431453266448e-01 2.070939477539890383e-01 6.425945388993827834e-01 1.324533238228780829e-01 1.033850853077556531e+00 7.305707339296054759e-01 0.000000000000000000e+00
-5.783054968181975709e-04 -1.271497936249142979e-01 1.138992970250412295e-01 2.142404019953518812e+00 3.453588165946186450e-02 -2.813006013867592969e+00 2.523543039008584454e-01 2.086196394529818143e-01 6.410921165704146496e-01 1.328771825551210151e-01 1.035617327828606049e+00 7.437229547100435711e-01 0.000000000000000000e+00
1.244094682585466290e-03 -1.272238032203183711e-01 1.138900619863544017e-01 2.141619102086838922e+00 3.011031928319063411e-02 -2.810958989383443463e+00 2.661373776092658683e-01 2.101976289778810514e-01 6.394570688191603125e-01 1.332488433299983677e-01 1.037266157438501368e+00 7.558557174251991917e-01 0.000000000000000000e+00
3.223170641323495639e-03 -1.273215093502066131e-01 1.138825268639680338e-01 2.140822210306155604e+00 2.528614853920974070e-02 -2.808875571800885762e+00 2.809993478095347830e-01 2.120904873674116509e-01 6.374162884758329817e-01 1.336298584582046589e-01 1.039072113552711452e+00 7.689865663378894212e-01 0.000000000000000000e+00
5.055205930827571387e-03 -1.274276526070193816e-01 1.138777683131596552e-01 2.140134725149918538e+00 2.081067204580211438e-02 -2.807077115450339111e+00 2.946491469501406057e-01 2.140055498625308417e-01 6.352846943393335444e-01 1.339613804020274856e-01 1.040757028995377365e+00 7.810913658615994404e-01 0.000000000000000000e+00
7.046375687934573577e-03 -1.275599162063145997e-01 1.138749208932893220e-01 2.139440915807243826e+00 1.594377829438986538e-02 -2.805264816821793961e+00 3.093562876225350311e-01 2.162614137533960812e-01 6.327064880880275410e-01 1.342982702799225270e-01 1.042601734103447919e+00 7.941831994643199222e-01 0.000000000000000000e+00
8.891100548283976251e-03 -1.276982460759215343e-01 1.138743683358374725e-01 2.138846597060096499e+00 1.143974331232922026e-02 -2.803718896085840129e+00 3.228527219738658305e-01 2.185115019136472103e-01 6.300762170374110127e-01 1.345882219436048965e-01 1.044322335904720900e+00 8.062437905139344663e-01 0.000000000000000000e+00
1.089760959119119924e-02 -1.278656116247666175e-01 1.138758996897791531e-01 2.138251331104185304e+00 6.553794233889576049e-03 -2.802182244392644073e+00 3.373823629596064966e-01 2.211300883449812404e-01 6.269553917140013866e-01 1.348791806150744788e-01 1.046205390532488622e+00 8.192786324693273059e-01 0.000000000000000000e+00
1.275788490739165025e-02 -1.280359441978747848e-01 1.138791698021674736e-01 2.137745363481291960e+00 2.042736236443243314e-03 -2.800891274402684594e+00 3.507055586820276849e-01 2.237126222330583225e-01 6.238253784848311057e-01 1.351261721614225031e-01 1.047961012902096201e+00 8.312786366041426955e-01 0.000000000000000000e+00
1.478269493380319349e-02 -1.282375362576724798e-01 1.138845992251957123e-01 2.137243081398242595e+00 -2.839377701728817982e-03 -2.799631153183551380e+00 3.650375265358572485e-01 2.266886381721946453e-01 6.201644640923542617e-01 1.353699845592192530e-01 1.049881551522206857e+00 8.442395092602585915e-01 0.000000000000000000e+00
1.666117179402313089e-02 -1.284395799890387657e-01 1.138912672171396023e-01 2.136820607436218822e+00 -7.335863503063144719e-03 -2.798596411560974939e+00 3.781679759743838964e-01 2.296004552843032009e-01 6.165341760524123416e-01 1.355726344734174693e-01 1.051671462090849163e+00 8.561630140927612986e-01 0.000000000000000000e+00
1.870703389578316778e-02 -1.286755901209222230e-01 1.139001351714535315e-01 2.136406218983505134e+00 -1.219027730539767873e-02 -2.797614344430111810e+00 3.922800000116865027e-01 2.329323694136149481e-01 6.123297104814495739e-01 1.357675362533192487e-01 1.053628885492057465e+00 8.690320742702967172e-01 0.000000000000000000e+00
2.060606529355104785e-02 -1.289088528642808595e-01 1.139096886739284220e-01 2.136062293090644104e+00 -1.665080945084485009e-02 -2.796835381046329783e+00 4.051984618274429573e-01 2.361697912584993786e-01 6.081996802629547894e-01 1.359244963100657844e-01 1.055452351890434404e+00 8.808633005710281294e-01 0.000000000000000000e+00
2.267533142431390342e-02 -1.291780706090234765e-01 1.139213535231213825e-01 2.135730048446397689e+00 -2.145511585743964389e-02 -2.796129213340474706e+00 4.190713339988563768e-01 2.398511454123431474e-01 6.034561908873605773e-01 1.360693389838524558e-01 1.057445461650249996e+00 8.936242364083063494e-01 0.000000000000000000e+00
2.459698422119179634e-02 -1.294420030227797225e-01 1.139332347560785691e-01 2.135459636628844748e+00 -2.585853862141984649e-02 -2.795604587389671547e+00 4.317590661956710596e-01 2.434099442217728393e-01 5.988276169128026183e-01 1.361793108921159068e-01 1.059301485192953418e+00 9.053476712639169088e-01 0.000000000000000000e+00
2.669173167899235519e-02 -1.297444117916584649e-01 1.139471223965526081e-01 2.135204705901411870e+00 -3.058936225958541755e-02 -2.795173039488278111e+00 4.453711150278248931e-01 2.474380086600313222e-01 5.935433726778676089e-01 1.362723800498357729e-01 1.061329482363048804e+00 9.179832387928795745e-01 0.000000000000000000e+00
2.863769179815879931e-02 -1.300383515501081777e-01 1.139607119420690262e-01 2.135003075852746512e+00 -3.491501023450016561e-02 -2.794899841559402187e+00 4.578096752151490367e-01 2.513133907440441850e-01 5.884185186341737150e-01 1.363340738409631603e-01 1.063216997785642493e+00 9.295837021851557358e-01 0.000000000000000000e+00
3.075957154058411858e-02 -1.303726569852070860e-01 1.139761091023867856e-01 2.134819898361821622e+00 -3.955088879436718940e-02 -2.794738416331981501e+00 4.711429576601988689e-01 2.556805754576106371e-01 5.825995116523503548e-01 1.363743375076937880e-01 1.065278417627418150e+00 9.420784550714805805e-01 0.000000000000000000e+00
3.273118877838509383e-02 -1.306959567125555721e-01 1.139907782422517751e-01 2.134682456730638833e+00 -4.377864477919146680e-02 -2.794712724201107168e+00 4.833145359482424741e-01 2.598672477835401451e-01 5.769811738586647643e-01 1.363865297920593134e-01 1.067196359665466110e+00 9.535411664563723244e-01 0.000000000000000000e+00
3.488140223284322272e-02 -1.310619728035174458e-01 1.140069864014493367e-01 2.134566765322345461e+00 -4.829750346317762677e-02 -2.794817155643797957e+00 4.963481461916312010e-01 2.645695913202930072e-01 5.706280699202261886e-01 1.363723567816330362e-01 1.069290136914486267e+00 9.658783267851915877e-01 0.000000000000000000e+00
3.687959422472719684e-02 -1.314139696457602702e-01 1.140220582458184584e-01 2.134489380342768250e+00 -5.240792990561526921e-02 -2.795033923308267276e+00 5.082352988752543155e-01 2.690617115784977864e-01 5.645201099601293571e-01 1.363338574591246022e-01 1.071237173987443336e+00 9.771888385137854627e-01 0.000000000000000000e+00
3.905895436099815488e-02 -1.318104558151195760e-01 1.140383231004305775e-01 2.134436443874983880e+00 -5.678987069199870064e-02 -2.795397579704767210e+00 5.209526587391961616e-01 2.740905586648944570e-01 5.576404990741821166e-01 1.362643239875382939e-01 1.073361577588999305e+00 9.893540917942401647e-01 0.000000000000000000e+00
4.108424025551275088e-02 -1.321905324681253435e-01 1.140531141707707558e-01 2.134415379725988160e+00 -6.076439556123514052e-02 -2.795850794694549002e+00 5.325386744825586494e-01 2.788817519135151080e-01 5.510475774795819959e-01 1.361740095370709835e-01 1.075336311537293144e+00 1.000498488849840273e+00 0.000000000000000000e+00
4.329304151021697022e-02 -1.326174373811674911e-01 1.140687236177861247e-01 2.134421794189698574e+00 -6.498896634141626549e-02 -2.796467367969971640e+00 5.449198768379051039e-01 2.842319260301865991e-01 5.436438564911072469e-01 1.360475676419410640e-01 1.077490076489867388e+00 1.012475722957335345e+00 0.000000000000000000e+00
4.534549930687459957e-02 -1.330250691841249056e-01 1.140825478288584466e-01 2.134453870207386750e+00 -6.880992059396007221e-02 -2.797150092712460179e+00 5.561885436478710698e-01 2.893153346294162764e-01 5.365714327422383967e-01 1.359043644767004566e-01 1.079491042574898474e+00 1.023440489797409647e+00 0.000000000000000000e+00
4.758359462379730537e-02 -1.334812550157145061e-01 1.140967131989511912e-01 2.134516149090775805e+00 -7.285951035416271537e-02 -2.798010728730289109e+00 5.682185749239769823e-01 2.949771152383838246e-01 5.286533221892146805e-01 1.357202484992135194e-01 1.081672238086700766e+00 1.035216655242603645e+00 0.000000000000000000e+00
4.966285395044575668e-02 -1.339160240649147071e-01 1.141088940465992407e-01 2.134598691686812266e+00 -7.651029500406769657e-02 -2.798915259774478859e+00 5.791543798871965354e-01 3.003453156266837620e-01 5.211077878726935175e-01 1.355231329666556350e-01 1.083697838411814995e+00 1.045988742377810699e+00 0.000000000000000000e+00
5.192959544965086716e-02 -1.344017465830864844e-01 1.141209293731258873e-01 2.134714796999019448e+00 -8.036644496614897548e-02 -2.800012207932847552e+00 5.908145646669177298e-01 3.063123610756017245e-01 5.126794156548104553e-01 1.352799197801041187e-01 1.085904800007163606e+00 1.057548792300544882e+00 0.000000000000000000e+00
5.403483333031048469e-02 -1.348633504863929744e-01 1.141307900610465526e-01 2.134845868656412016e+00 -8.383163119799696972e-02 -2.801130081132594540e+00 6.014027605288547740e-01 3.119573970592154355e-01 5.046682276216887253e-01 1.350279597738474335e-01 1.087953236938625334e+00 1.068115816031815823e+00 0.000000000000000000e+00
5.632910170949161077e-02 -1.353777656986021594e-01 1.141399513228440327e-01 2.135013502509033323e+00 -8.747938785468045708e-02 -2.802452880136932833e+00 6.126797830067407524e-01 3.182189548351824770e-01 4.957411784896885720e-01 1.347250168774724866e-01 1.090183967246702856e+00 1.079447832786212036e+00 0.000000000000000000e+00
5.845906162097453534e-02 -1.358661346812827520e-01 1.141468722380663270e-01 2.135191912763755084e+00 -9.074465612827342653e-02 -2.803775211344298413e+00 6.229062550136178489e-01 3.241324374566761923e-01 4.872723262232363517e-01 1.344173302254058899e-01 1.092253443150776215e+00 1.089798008625723069e+00 0.000000000000000000e+00
6.077921319395825778e-02 -1.364098635791851089e-01 1.141525317655589095e-01 2.135410676597412127e+00 -9.416807792806469735e-02 -2.805314849177326764e+00 6.337828712216104776e-01 3.306809175505855958e-01 4.778528586056807193e-01 1.340533926176897261e-01 1.094505944800765240e+00 1.100888210353140328e+00 0.000000000000000000e+00
6.293217684630446340e-02 -1.369250756224802135e-01 1.141559109784630738e-01 2.135635748761885999e+00 -9.722049084544970299e-02 -2.806832169238276720e+00 6.436343701470043088e-01 3.368538919307939583e-01 4.689355300116595515e-01 1.336891803714861660e-01 1.096594462306632600e+00 1.111010219866258808e+00 0.000000000000000000e+00
6.527619538680601297e-02 -1.374977303007904605e-01 1.141574255535616894e-01 2.135904741932145967e+00 -1.004074145318543110e-01 -2.808577443922932293e+00 6.540992616504706092e-01 3.436776097233630867e-01 4.590368265559439109e-01 1.332637903216164765e-01 1.098866471611606555e+00 1.121848220238445437e+00 0.000000000000000000e+00
6.745002761075966080e-02 -1.380401121487713489e-01 1.141567274282002664e-01 2.136176717056784469e+00 -1.032353008444286679e-01 -2.810280060689121395e+00 6.635633372162852428e-01 3.501006882194434566e-01 4.496808753303862538e-01 1.328423367567330149e-01 1.100971966769423327e+00 1.131731610517892950e+00 0.000000000000000000e+00
6.981527255903421936e-02 -1.386427441406450078e-01 1.141535719752389683e-01 2.136496992925269289e+00 -1.061727193006163361e-01 -2.812221022859895836e+00 6.736008579438211852e-01 3.571908219895613690e-01 4.393114581519994566e-01 1.323543873883816502e-01 1.103261286621482595e+00 1.142304759519670920e+00 0.000000000000000000e+00
7.200738995016081612e-02 -1.392128047313010430e-01 1.141483103984840958e-01 2.136816555567747855e+00 -1.087659237465041784e-01 -2.814098909131529602e+00 6.826659919783418795e-01 3.638540177474260395e-01 4.295279364134301225e-01 1.318750433593026128e-01 1.105381562323349165e+00 1.151939543711359759e+00 0.000000000000000000e+00
7.439094585471831000e-02 -1.398455131986716116e-01 1.141399609247978481e-01 2.137189002126789639e+00 -1.114447253158026285e-01 -2.816223973659794932e+00 6.922668208661320044e-01 3.711979840589421653e-01 4.187028523725302431e-01 1.313242766787389992e-01 1.107685596140431272e+00 1.162239319227241108e+00 0.000000000000000000e+00
7.659840594484432219e-02 -1.404440431870699613e-01 1.141297455294230656e-01 2.137557799239819367e+00 -1.137943575551010333e-01 -2.818267207575639866e+00 7.009224273040258746e-01 3.780909107503397371e-01 4.085033448716903770e-01 1.307865178756247582e-01 1.109818388699421066e+00 1.171616575741519117e+00 0.000000000000000000e+00
7.899673746067636948e-02 -1.411083808084317714e-01 1.141158451727516399e-01 2.137984860637860862e+00 -1.162045572578707109e-01 -2.820566265635381153e+00 7.100728490724563802e-01 3.856786228806253769e-01 3.972332466126384798e-01 1.301720100988457696e-01 1.112134673057517453e+00 1.181631792494925559e+00 0.000000000000000000e+00
8.121617341527095912e-02 -1.417363699944795552e-01 1.141003456935377885e-01 2.138405001993175958e+00 -1.183032840697668675e-01 -2.822764855245176729e+00 7.183092739547716210e-01 3.927903615450866193e-01 3.866305365227604707e-01 1.295753704685055629e-01 1.114277519049622578e+00 1.190743132374359137e+00 0.000000000000000000e+00
8.362555022589047982e-02 -1.424329457766441986e-01 1.140805557223884825e-01 2.138888840905267763e+00 -1.204389443193285558e-01 -2.825226434788902896e+00 7.270020980688992607e-01 4.006083372411232135e-01 3.749322019604242051e-01 1.288970716612407863e-01 1.116603324208615966e+00 1.200466866146456590e+00 0.000000000000000000e+00
8.585320938411640512e-02 -1.430915652955198347e-01 1.140595197464100152e-01 2.139363162687185849e+00 -1.222810805089604713e-01 -2.827570340752389555e+00 7.348107527011207285e-01 4.079275028649880230e-01 3.639401377191764375e-01 1.282412016637815289e-01 1.118753760209827641e+00 1.209304832539993324e+00 0.000000000000000000e+00
8.826931974933587000e-02 -1.438224338279076031e-01 1.140336876261781179e-01 2.139907610923844850e+00 -1.241352895736054229e-01 -2.830184785076339526e+00 7.430344609892307606e-01 4.159645235606835856e-01 3.518262168687329439e-01 1.274983961014879708e-01 1.121086289850573570e+00 1.218727762266966330e+00 0.000000000000000000e+00
9.050116608708466681e-02 -1.445131603816473542e-01 1.140069876695201379e-01 2.140439335747343463e+00 -1.257161730170781588e-01 -2.832664743344039948e+00 7.504076887832242804e-01 4.234792650771010969e-01 3.404591795460021331e-01 1.267830543879358840e-01 1.123241452962720377e+00 1.227285564113826943e+00 0.000000000000000000e+00
9.291952157928873302e-02 -1.452792971386709098e-01 1.139749638969105028e-01 2.141047945530662133e+00 -1.272865051326790287e-01 -2.835420905347697307e+00 7.581575541343821278e-01 4.317208498340283640e-01 3.279487140092460784e-01 1.259759251629385401e-01 1.125577844187046761e+00 1.236402896105713189e+00 0.000000000000000000e+00
9.515116694513599260e-02 -1.460037035506792091e-01 1.139425638500682625e-01 2.141641034113048292e+00 -1.286034120233332523e-01 -2.838027546515951904e+00 7.650889635035312830e-01 4.394188501229570054e-01 3.162222830974090737e-01 1.252009702528606716e-01 1.127735137828065337e+00 1.244674940767608318e+00 0.000000000000000000e+00
9.756675830368620461e-02 -1.468075856574725946e-01 1.139044241477719516e-01 2.142318490060120872e+00 -1.298860314842174013e-01 -2.840916671909605284e+00 7.723557314329487777e-01 4.478526485315607597e-01 3.033300534183900332e-01 1.243290180224551206e-01 1.130072194842664413e+00 1.253478951857246892e+00 0.000000000000000000e+00
9.979354896293009258e-02 -1.475674434911922461e-01 1.138664264244203389e-01 2.142977234247476659e+00 -1.309374742906541655e-01 -2.843641332090388829e+00 7.788399960550737022e-01 4.557210245512271496e-01 2.912606073581509580e-01 1.234944249487163331e-01 1.132228822693410741e+00 1.261460445644214223e+00 0.000000000000000000e+00
1.022013203608162779e-01 -1.484104042222409714e-01 1.138222486936042444e-01 2.143728080779036205e+00 -1.319330612435032357e-01 -2.846653440485604758e+00 7.856214694548514510e-01 4.643317900142667209e-01 2.780073861933716195e-01 1.225580907989580748e-01 1.134563349704974078e+00 1.269948472670514805e+00 0.000000000000000000e+00
1.044183252942154222e-01 -1.492075772635290121e-01 1.137788149544215477e-01 2.144457009697128491e+00 -1.327190900941648266e-01 -2.849487964948000940e+00 7.916544614302624128e-01 4.723573258277614095e-01 2.656125018479249533e-01 1.216639427853423855e-01 1.136716115972139729e+00 1.277635420840919522e+00 0.000000000000000000e+00
1.068126445131801494e-01 -1.500923177852110380e-01 1.137289402618921058e-01 2.145286942197545343e+00 -1.334271261406536624e-01 -2.852615200646622995e+00 7.979438492396208060e-01 4.811314429341637111e-01 2.520154665864162702e-01 1.206629936896361083e-01 1.139044917187359562e+00 1.285801871165592969e+00 0.000000000000000000e+00
1.090147366706977761e-01 -1.509287503764308869e-01 1.136803866499185162e-01 2.146091234757611765e+00 -1.339492545762865916e-01 -2.855552046659646681e+00 8.035227722491732338e-01 4.893003899723591399e-01 2.393135197672833225e-01 1.197094987956036638e-01 1.141190759235690910e+00 1.293191743716399333e+00 0.000000000000000000e+00
1.113901467039612042e-01 -1.518567967849387690e-01 1.136251524099810006e-01 2.147005216359493929e+00 -1.343733435556151434e-01 -2.858786077122794200e+00 8.093206736793575606e-01 4.982217798870428038e-01 2.253951741202566694e-01 1.186446338337354828e-01 1.143510239387095284e+00 1.301036084707227758e+00 0.000000000000000000e+00
1.135719882672533154e-01 -1.527344511726488052e-01 1.135719000645298432e-01 2.147889873184777088e+00 -1.346345338381857992e-01 -2.861818303489003235e+00 8.144439298263975724e-01 5.065199568171343536e-01 2.124056059033951893e-01 1.176321332768009847e-01 1.145645961423284342e+00 1.308126884267618362e+00 0.000000000000000000e+00
1.159224240760667601e-01 -1.537085712447941732e-01 1.135119155342230457e-01 2.148894162909977368e+00 -1.347772081987663739e-01 -2.865152723695540971e+00 8.197462835567452810e-01 5.155738722855630618e-01 1.981853909468080932e-01 1.165033857382845317e-01 1.147952658401456549e+00 1.315645786973238973e+00 0.000000000000000000e+00
1.180785366255068664e-01 -1.546294167796203323e-01 1.134545148756153365e-01 2.149864758823919253e+00 -1.347816183755607966e-01 -2.868274281053778463e+00 8.244135399461364200e-01 5.239865984320416503e-01 1.849285745145572424e-01 1.154323538940171257e-01 1.150074798316086166e+00 1.322436980910995485e+00 0.000000000000000000e+00
1.203982288145215018e-01 -1.556510318631020295e-01 1.133903469112038515e-01 2.150964768464021404e+00 -1.346496920625384064e-01 -2.871702127704272023e+00 8.292239412441192448e-01 5.331561616708071494e-01 1.704311244884928467e-01 1.142407058195043651e-01 1.152364983695499667e+00 1.329632442702226136e+00 0.000000000000000000e+00
1.225230597138012439e-01 -1.566169394390390934e-01 1.133294803314210120e-01 2.152026620944823776e+00 -1.344029553069887584e-01 -2.874907633202676394e+00 8.334363962983520890e-01 5.416683901735137585e-01 1.569282319715186169e-01 1.131117418991493401e-01 1.154470212537207496e+00 1.336124430491512305e+00 0.000000000000000000e+00
1.248056534818550306e-01 -1.576886276587117497e-01 1.132619920507898503e-01 2.153228858494564690e+00 -1.340018726639167213e-01 -2.878424093476693812e+00 8.377537133205068542e-01 5.509376555055890412e-01 1.421755179549704096e-01 1.118575261837765206e-01 1.156740024734281835e+00 1.342995519261971138e+00 0.000000000000000000e+00
1.268935399183727664e-01 -1.587013321637181229e-01 1.131984262919814299e-01 2.154387651788271185e+00 -1.335107574788261253e-01 -2.881709018256125354e+00 8.415138304635896294e-01 5.595338068721467106e-01 1.284490530644837314e-01 1.106713875237688438e-01 1.158824480919486977e+00 1.349190031957495650e+00 0.000000000000000000e+00
1.291331890023648121e-01 -1.598242566173178059e-01 1.131284562946110878e-01 2.155697460933962084e+00 -1.328499510971532516e-01 -2.885308911221913242e+00 8.453446545336140705e-01 5.688851641448237073e-01 1.134673071941885159e-01 1.093558774914321768e-01 1.161070058350641698e+00 1.355741141922981452e+00 0.000000000000000000e+00
1.311784805099494855e-01 -1.608852719471522696e-01 1.130630949859547374e-01 2.156958576211793321e+00 -1.321227222323377859e-01 -2.888669255259534108e+00 8.486564950862093282e-01 5.775493592772330542e-01 9.954043943167345532e-02 1.081134545862613705e-01 1.163130279769927000e+00 1.361640975843888546e+00 0.000000000000000000e+00
1.333687357112468830e-01 -1.620615416010169618e-01 1.129917517930904419e-01 2.158382476466160327e+00 -1.312104424304751937e-01 -2.892349271148881407e+00 8.520028901539485888e-01 5.869656976805079918e-01 8.435416278966023640e-02 1.067373160272333532e-01 1.165347494535472483e+00 1.367873838059110003e+00 0.000000000000000000e+00
1.353657899686431243e-01 -1.631721145940805973e-01 1.129255975420889457e-01 2.159751318244614637e+00 -1.302563508438572271e-01 -2.895781959091253022e+00 8.548719801753180692e-01 5.956814249800103100e-01 7.025139323714579831e-02 1.054396491742002201e-01 1.167379486447203130e+00 1.373483121105089300e+00 0.000000000000000000e+00
1.375009484175996333e-01 -1.644023487132721395e-01 1.128539483322156117e-01 2.161294476885005977e+00 -1.291043294002403030e-01 -2.899538714172913423e+00 8.577437999368050514e-01 6.051444352813888372e-01 5.488854901486028837e-02 1.040044716627565174e-01 1.169564077489394949e+00 1.379404926104989437e+00 0.000000000000000000e+00
1.394441905105406887e-01 -1.655633954572134359e-01 1.127881051115037919e-01 2.162776179536604282e+00 -1.279339686134255416e-01 -2.903041094211182394e+00 8.601771302248104600e-01 6.138949168331166995e-01 4.063517770270141938e-02 1.026527426395947573e-01 1.171564111468044622e+00 1.384728851440166775e+00 0.000000000000000000e+00
1.415179017251998461e-01 -1.668489125867608502e-01 1.127174463318113967e-01 2.164444940531003780e+00 -1.265532224645480319e-01 -2.906872456643501579e+00 8.625799007393071260e-01 6.233863563791318674e-01 2.512306330131686138e-02 1.011595498282793770e-01 1.173711684571084435e+00 1.390344259756653544e+00 0.000000000000000000e+00
1.434019452936369787e-01 -1.680609633942417303e-01 1.126531291541240792e-01 2.166044531711093235e+00 -1.251778823091460602e-01 -2.910442858650185816e+00 8.645861931465183003e-01 6.321542150569724461e-01 1.074545552430627993e-02 9.975513182742609675e-02 1.175675499558908710e+00 1.395389618441808643e+00 0.000000000000000000e+00
1.454088316719313323e-01 -1.694015488266595593e-01 1.125847278732635542e-01 2.167843347647357533e+00 -1.235823833842597530e-01 -2.914346762137222324e+00 8.665330970614207873e-01 6.416550422458301428e-01 -4.886101651968344228e-03 9.820582121851566260e-02 1.177781660506997952e+00 1.400708350612860364e+00 0.000000000000000000e+00
1.472284017350035945e-01 -1.706646430367748657e-01 1.125231565699171682e-01 2.169565823877546151e+00 -1.220148339015061367e-01 -2.917983537189595022e+00 8.681225381790074191e-01 6.504227677656163609e-01 -1.936038217654889593e-02 9.675022891284083826e-02 1.179705128604307873e+00 1.405483265289317885e+00 0.000000000000000000e+00
1.491625852008518494e-01 -1.720606346868937542e-01 1.124585589877694358e-01 2.171500375901819879e+00 -1.202175216885219555e-01 -2.921959244923958199e+00 8.696228299791035621e-01 6.599135415213589484e-01 -3.508195419766813039e-02 9.514620698828611667e-02 1.181765216865538592e+00 1.410513044482096134e+00 0.000000000000000000e+00
1.509127678219273072e-01 -1.733743140014862016e-01 1.124011175970897891e-01 2.173350003021290888e+00 -1.184710043789074518e-01 -2.925661669652335650e+00 8.708075371900251271e-01 6.686628912296235239e-01 -4.962454480420941394e-02 9.364112149822784170e-02 1.183643943856534930e+00 1.415026969371725896e+00 0.000000000000000000e+00
1.527693588009415016e-01 -1.748243475949977643e-01 1.123416555680453038e-01 2.175424267320904548e+00 -1.164882009080621117e-01 -2.929707596943378789e+00 8.718777950531008125e-01 6.781239707392117122e-01 -6.540390742098334265e-02 9.198462697782014419e-02 1.185653432057054202e+00 1.419780445601408259e+00 0.000000000000000000e+00
1.544455050248653705e-01 -1.761875712588092391e-01 1.122897393482097661e-01 2.177405226720083853e+00 -1.145770965856627299e-01 -2.933474884836440921e+00 8.726714170579444874e-01 6.868365022454059332e-01 -7.998538017943990219e-02 9.043191251614146609e-02 1.187483156883993196e+00 1.424044299664679603e+00 0.000000000000000000e+00
1.562193561579934276e-01 -1.776907084743333254e-01 1.122370972381563081e-01 2.179624074696654645e+00 -1.124234518392714932e-01 -2.937591138389841650e+00 8.733248902104226996e-01 6.962473145894190196e-01 -9.579057545878755242e-02 8.872475967837342714e-02 1.189436851859675182e+00 1.428532525049790447e+00 0.000000000000000000e+00
1.578172004188526101e-01 -1.791017983551359272e-01 1.121921310801222288e-01 2.181739965663161307e+00 -1.103628234616942372e-01 -2.941422777596522486e+00 8.737428733435106398e-01 7.049040528707760656e-01 -1.103801708585687713e-01 8.712645522778396379e-02 1.191212913990649103e+00 1.432558558827717432e+00 0.000000000000000000e+00
1.595043497785981756e-01 -1.806553991679524240e-01 1.121477661500619172e-01 2.184106407659097471e+00 -1.080559860580692089e-01 -2.945608355705800374e+00 8.739998018096759580e-01 7.142442914459020686e-01 -1.261773766546461228e-01 8.537123233233999409e-02 1.193106155209586516e+00 1.436797246018687746e+00 0.000000000000000000e+00
1.610201692152836983e-01 -1.821120207401208391e-01 1.121112367286170031e-01 2.186360423748411108e+00 -1.058614065439646978e-01 -2.949504001917873541e+00 8.740595231971209911e-01 7.228259285845187732e-01 -1.407436693948889150e-01 8.372956829025267333e-02 1.194823894112687634e+00 1.440599441106993783e+00 0.000000000000000000e+00
1.626164131624579789e-01 -1.837135924088613703e-01 1.120768577422994322e-01 2.188878416140031646e+00 -1.034178800573148926e-01 -2.953758774670985243e+00 8.739372841030863537e-01 7.320738886278733704e-01 -1.564978651393618136e-01 8.192850573454571461e-02 1.196651222094645473e+00 1.444603104331764198e+00 0.000000000000000000e+00
1.640469770995840737e-01 -1.852126819257469692e-01 1.120502136398734416e-01 2.191273248992599676e+00 -1.011057194448774510e-01 -2.957717772530381151e+00 8.736579185047370633e-01 7.405607838107106655e-01 -1.710080983386585984e-01 8.024587894594162329e-02 1.198305844079911697e+00 1.448196907064771777e+00 0.000000000000000000e+00
1.655495715452104943e-01 -1.868581194410418311e-01 1.120273057694121388e-01 2.193944549386584342e+00 -9.854407508690732342e-02 -2.962040619854092949e+00 8.731805468793403247e-01 7.496954929287097391e-01 -1.866835976729195323e-01 7.840196446381961226e-02 1.200062331976873509e+00 1.451984321609028239e+00 0.000000000000000000e+00
1.668922831147374719e-01 -1.883959057562725192e-01 1.120120580674264510e-01 2.196482390071007096e+00 -9.613093437440856093e-02 -2.966062171988118390e+00 8.725830666887811615e-01 7.580674061314828238e-01 -2.011040823434804281e-01 7.668097151076154472e-02 1.201649043354342528e+00 1.455386776217713063e+00 0.000000000000000000e+00
1.682984129545030128e-01 -1.900810568464624539e-01 1.120023278695570362e-01 2.199309698838460392e+00 -9.346874091879975310e-02 -2.970452388519547959e+00 8.717724004529610049e-01 7.670661608758333472e-01 -2.166633346961595041e-01 7.479686826331455318e-02 1.203328965369964587e+00 1.458976184734922077e+00 0.000000000000000000e+00
1.695514217899617149e-01 -1.916529637585400181e-01 1.119998961186739750e-01 2.201991741861447416e+00 -9.097159682995847874e-02 -2.974535273528116086e+00 8.708799751716753690e-01 7.753026523371758794e-01 -2.309591834277047173e-01 7.304032210970394512e-02 1.204842572975511228e+00 1.462205800188860927e+00 0.000000000000000000e+00
1.708598659481721238e-01 -1.933721664008967722e-01 1.120047799433912666e-01 2.204975698168331277e+00 -8.822794868905248222e-02 -2.978990861695895997e+00 8.697639109378504374e-01 7.841438811030482237e-01 -2.463646382274318203e-01 7.111939233780820158e-02 1.206440869103722280e+00 1.465619440074124480e+00 0.000000000000000000e+00
1.720220823583274439e-01 -1.949728804246283476e-01 1.120165871328930030e-01 2.207802958921164738e+00 -8.566393398468719056e-02 -2.983133247273674460e+00 8.686015077010580399e-01 7.922240450084031549e-01 -2.605000315032999225e-01 6.933028487868217460e-02 1.207876312931274843e+00 1.468696722713711322e+00 0.000000000000000000e+00
1.732317005220233019e-01 -1.967201801301675101e-01 1.120376755008379022e-01 2.210944666059570629e+00 -8.285708513890011062e-02 -2.987652023524966616e+00 8.672065439220746352e-01 8.008838459250138264e-01 -2.757109423853962848e-01 6.737568692494294575e-02 1.209386857901567858e+00 1.471956565046022902e+00 0.000000000000000000e+00
1.743028967627062442e-01 -1.983435779230015850e-01 1.120650542386596171e-01 2.213916987828651983e+00 -8.024344149421924755e-02 -2.991851300186270990e+00 8.658012603938670670e-01 8.087863769856604712e-01 -2.896487291083804649e-01 6.555721811479878203e-02 1.210738811628946587e+00 1.474903352792195310e+00 0.000000000000000000e+00
1.754144073578468854e-01 -2.001117614207484630e-01 1.121036832289406121e-01 2.217215335705395418e+00 -7.739208239468986505e-02 -2.996430003930694141e+00 8.641594215818331204e-01 8.172427123949890237e-01 -3.046260807628771161e-01 6.357272201663420608e-02 1.212156279119141367e+00 1.478034963918019473e+00 0.000000000000000000e+00
1.763952899931590101e-01 -2.017509605585183496e-01 1.121479196619207114e-01 2.220332378569657372e+00 -7.474595135967643245e-02 -3.000682608688864494e+00 8.625403527971194917e-01 8.249459058480431706e-01 -3.183281777293893722e-01 6.172830403061858873e-02 1.213419549582220425e+00 1.480875358378643591e+00 0.000000000000000000e+00
1.774095895453494109e-01 -2.035322826967863041e-01 1.122054780467574286e-01 2.223786850714660979e+00 -7.186834796497487687e-02 -3.005316951797011971e+00 8.606829976738710197e-01 8.331738086148702260e-01 -3.330281611563543631e-01 5.971755498977072280e-02 1.214737414847645969e+00 1.483904837276663224e+00 0.000000000000000000e+00
1.783019703953520885e-01 -2.051796461282535677e-01 1.122677526759230660e-01 2.227046638741089879e+00 -6.920626142595676100e-02 -3.009618619730134448e+00 8.588815689335140835e-01 8.406556933813388310e-01 -3.464555530564248365e-01 5.785082054605808488e-02 1.215906276250081852e+00 1.486664138482094222e+00 0.000000000000000000e+00
1.792219059847618146e-01 -2.069653149551411442e-01 1.123453683779755546e-01 2.230654463646605024e+00 -6.632052309429825598e-02 -3.014302976880097518e+00 8.568449164898761516e-01 8.486324600573714738e-01 -3.608370224170160956e-01 5.581801720243299153e-02 1.217119212968558406e+00 1.489620646766245615e+00 0.000000000000000000e+00
1.800285642208276637e-01 -2.086124449675781645e-01 1.124267068591461305e-01 2.234054875160190967e+00 -6.365895823484812865e-02 -3.018647873558221839e+00 8.548944838865293328e-01 8.558706655840978561e-01 -3.739492292020758502e-01 5.393280707865793361e-02 1.218188072672061750e+00 1.492326418433766344e+00 0.000000000000000000e+00
1.808574719800474795e-01 -2.103930178533628959e-01 1.125255743118605961e-01 2.237813486654025574e+00 -6.078231369227227177e-02 -3.023375532770317342e+00 8.527150860084629080e-01 8.635702637696804906e-01 -3.879658454933263556e-01 5.188211478264807830e-02 1.219289289782809593e+00 1.495240316140476589e+00 0.000000000000000000e+00
1.815823782460852520e-01 -2.120307751214123293e-01 1.126269036536581281e-01 2.241351038477622737e+00 -5.813701531772741404e-02 -3.027756642373528262e+00 8.506514024797605655e-01 8.705419534503170409e-01 -4.007213218503697938e-01 4.998251110541897246e-02 1.220252421991036673e+00 1.497921719884022673e+00 0.000000000000000000e+00
1.823255035764423937e-01 -2.137960101527512646e-01 1.127477996310351643e-01 2.245255982177400078e+00 -5.528620194402389387e-02 -3.032519160956610449e+00 8.483698057948624305e-01 8.779413468020204059e-01 -4.143299418626202879e-01 4.791855709941836988e-02 1.221236326855766441e+00 1.500826030210808737e+00 0.000000000000000000e+00
1.829738289622065972e-01 -2.154145981123202491e-01 1.128698788216180998e-01 2.248926398015257178e+00 -5.267198894896552019e-02 -3.036928194424600491e+00 8.462308213863380946e-01 8.846234842931384179e-01 -4.266862103722608435e-01 4.600885421599298225e-02 1.222087739456264810e+00 1.503514225015134542e+00 0.000000000000000000e+00
1.836371180760379418e-01 -2.171534027887847551e-01 1.130136721003755229e-01 2.252972773880042467e+00 -4.986270069881060252e-02 -3.041715694559781191e+00 8.438889706817767067e-01 8.916954419888164507e-01 -4.398372993092356520e-01 4.393636144974730207e-02 1.222947141540033478e+00 1.506443569056167497e+00 0.000000000000000000e+00
1.842152155815622583e-01 -2.187423398769983152e-01 1.131571337941126576e-01 2.256770925542755712e+00 -4.729357718147220169e-02 -3.046142724419801162e+00 8.417148991258905921e-01 8.980643917357410411e-01 -4.517505509715415979e-01 4.202109921754637600e-02 1.223680975578404606e+00 1.509171711276844574e+00 0.000000000000000000e+00
1.848065503140683685e-01 -2.204431827871350391e-01 1.133242714052904027e-01 2.260952066709718267e+00 -4.454009531792602061e-02 -3.050943887594348869e+00 8.393579349821433944e-01 9.047854113787738850e-01 -4.643993011479001787e-01 3.994514434188359969e-02 1.224410015926813866e+00 1.512162840655167040e+00 0.000000000000000000e+00
1.853220548010655333e-01 -2.219913742061561390e-01 1.134895131354063669e-01 2.264871816731224285e+00 -4.202881673482039560e-02 -3.055377583558222643e+00 8.371913868563365391e-01 9.108174712478033230e-01 -4.758247948565581531e-01 3.802908732254485502e-02 1.225020012974496586e+00 1.514966084018584569e+00 0.000000000000000000e+00
1.858501126237542544e-01 -2.236416540861858038e-01 1.136804614513106937e-01 2.269180960195039454e+00 -3.934464047578956070e-02 -3.060178961111710727e+00 8.348667801198336180e-01 9.171592567516090311e-01 -4.879186088407714283e-01 3.595497169250990582e-02 1.225611234736494026e+00 1.518058546676384513e+00 0.000000000000000000e+00
1.863118964631332863e-01 -2.251373340373051257e-01 1.138676971689223244e-01 2.273214918857831890e+00 -3.690293942183586751e-02 -3.064606170581939182e+00 8.327528960045833539e-01 9.228301919768239214e-01 -4.988102053298957284e-01 3.404314244140167062e-02 1.226091269522980864e+00 1.520973909121694057e+00 0.000000000000000000e+00
1.867871089242236216e-01 -2.267243382682964381e-01 1.140824267671242537e-01 2.277643416664582254e+00 -3.429971064148107374e-02 -3.069392921076356640e+00 8.305103146296547445e-01 9.287688414706187778e-01 -5.103021449077513871e-01 3.197640043863488046e-02 1.226538680586114261e+00 1.524208318265595441e+00 0.000000000000000000e+00
1.872052655057450388e-01 -2.281552166278099925e-01 1.142916671681548924e-01 2.281783324853137174e+00 -3.193771929195454717e-02 -3.073799067673898211e+00 8.284964987923640889e-01 9.340541509699900047e-01 -5.206127728050748971e-01 3.007405869891004169e-02 1.226882361524789022e+00 1.527274815102767302e+00 0.000000000000000000e+00
1.876391339003673497e-01 -2.296649042078937886e-01 1.145302121824844366e-01 2.286322157490710438e+00 -2.942585232157046704e-02 -3.078554330000547790e+00 8.263894723169206147e-01 9.395602365237288867e-01 -5.314472444888169722e-01 2.802058880910701655e-02 1.227177972405787632e+00 1.530695778681028463e+00 0.000000000000000000e+00
1.880249349486488308e-01 -2.310180806847129953e-01 1.147612316353863737e-01 2.290559072522259765e+00 -2.715239078248554705e-02 -3.082923050000799581e+00 8.245256590280286568e-01 9.444350197410643633e-01 -5.411285008415274156e-01 2.613325855943289880e-02 1.227378907910034345e+00 1.533954822065012991e+00 0.000000000000000000e+00
1.884303660358205845e-01 -2.324366445099795564e-01 1.150230762074387625e-01 2.295197421856340014e+00 -2.474021701689554931e-02 -3.087628634158991137e+00 8.226086490963624431e-01 9.494842400098002511e-01 -5.512567022041805487e-01 2.409907786218153103e-02 1.227516593338391138e+00 1.537606814867838789e+00 0.000000000000000000e+00
1.887962407320882829e-01 -2.336986727883651194e-01 1.152753937708732024e-01 2.299521201015762628e+00 -2.256236261529442899e-02 -3.091942195710581931e+00 8.209473026293437892e-01 9.539233966518259056e-01 -5.602591853740570560e-01 2.223252026901003167e-02 1.227567992347429859e+00 1.541101681166349380e+00 0.000000000000000000e+00
1.891872333617132251e-01 -2.350106161404725835e-01 1.155600120453176283e-01 2.304248091362600892e+00 -2.025747627745744239e-02 -3.096577239697981376e+00 8.192798974708450643e-01 9.584853250201045283e-01 -5.696222605555303353e-01 2.022416183135942319e-02 1.227539762839874982e+00 1.545034504306124212e+00 0.000000000000000000e+00
1.895466399489832698e-01 -2.361674033263730932e-01 1.158329175015274937e-01 2.308647727014898177e+00 -1.818094177398466016e-02 -3.100816151321308389e+00 8.178761452602643089e-01 9.624632221613285132e-01 -5.778951707447799180e-01 1.838441894141366537e-02 1.227434967450980352e+00 1.548810733573801945e+00 0.000000000000000000e+00
1.899382545181189097e-01 -2.373578284011303718e-01 1.161392926831961575e-01 2.313450481659990565e+00 -1.598791152693213036e-02 -3.105359590710502715e+00 8.165177333672422044e-01 9.665130912310120337e-01 -5.864425196843620069e-01 1.640838358119659293e-02 1.227234298262842804e+00 1.553072989740419407e+00 0.000000000000000000e+00
1.903055464804008501e-01 -2.383946980297368401e-01 1.164317622561097526e-01 2.317914351864414968e+00 -1.401685685292086703e-02 -3.109502930284806510e+00 8.154291662716723899e-01 9.700040293669152103e-01 -5.939340584097819731e-01 1.460174815284917896e-02 1.226966384257180964e+00 1.557178385718830826e+00 0.000000000000000000e+00
1.907139147402422685e-01 -2.394465593170194972e-01 1.167587599783844188e-01 2.322780054189535814e+00 -1.193996520544438056e-02 -3.113930617920948940e+00 8.144457274601333285e-01 9.735104138371407645e-01 -6.016035628750467934e-01 1.266522640500885796e-02 1.226584620114918200e+00 1.561825202346855734e+00 0.000000000000000000e+00
1.911042518773054810e-01 -2.403480981329063348e-01 1.170695722491179314e-01 2.327295589759208028e+00 -1.007706039764810768e-02 -3.117956099903115508e+00 8.137327992363190265e-01 9.764880276729311914e-01 -6.082606000728906226e-01 1.089827727839012828e-02 1.226146663273654625e+00 1.566309832464494622e+00 0.000000000000000000e+00
1.915458788691497827e-01 -2.412451586236853407e-01 1.174155379174663533e-01 2.332210078402713993e+00 -8.118162226469216591e-03 -3.122243734955978844e+00 8.131887154256158823e-01 9.794259604084791793e-01 -6.149997292113360547e-01 9.008271384058323325e-03 1.225577545748704589e+00 1.571394073301564775e+00 0.000000000000000000e+00
1.919749458403654241e-01 -2.419952200266012043e-01 1.177430981094773343e-01 2.336764045320181893e+00 -6.364918608116720833e-03 -3.126127714009270253e+00 8.129144098333378476e-01 9.818638846493651373e-01 -6.207680029743932737e-01 7.287844872880566358e-03 1.224962355536896474e+00 1.576310135515796462e+00 0.000000000000000000e+00
1.924673807229952405e-01 -2.427185553478366786e-01 1.181063203037243658e-01 2.341712702369250110e+00 -4.525488539394828535e-03 -3.130248289783168936e+00 8.128823853212295836e-01 9.842007419268823387e-01 -6.265114427602852532e-01 5.452233523664981076e-03 1.224196829881553095e+00 1.581892520634766264e+00 0.000000000000000000e+00
1.929512460061027224e-01 -2.433000811300954358e-01 1.184488007797075415e-01 2.346291279989892065e+00 -2.882307966030950297e-03 -3.133965994809066569e+00 8.131126155974668368e-01 9.860720786458536669e-01 -6.313354927588548104e-01 3.785466067411767058e-03 1.223397215764256751e+00 1.587294742905991818e+00 0.000000000000000000e+00
