-1.248071252607563242e-03 -1.869860295647257642e-03 1.428073769222826250e-03 -3.041664295603485613e-03 -8.990858458306494327e-03 -6.392527278127335677e-03 0.000000000000000000e+00
-1.313095616646026143e-03 -1.978505148315518047e-03 1.604823856510881330e-03 -3.193759410720087288e-03 -9.750699433509257830e-03 -7.186862226714385571e-03 0.000000000000000000e+00
-1.175665420604682376e-03 -1.784956676273180554e-03 1.533657021483544880e-03 -2.864186600088469703e-03 -9.007405031688620056e-03 -6.867544670656755557e-03 0.000000000000000000e+00
-1.233498336798782846e-03 -1.891007851973797171e-03 1.717088829342169887e-03 -3.021268124019815815e-03 -9.762043082345961409e-03 -7.685652688332211824e-03 0.000000000000000000e+00
-1.100752128179838252e-03 -1.707887249939560315e-03 1.635606522311663924e-03 -2.720979285619318233e-03 -9.012234571783572790e-03 -7.316707045047721181e-03 0.000000000000000000e+00
-1.150594956592004836e-03 -1.811543695208917004e-03 1.825613533572675862e-03 -2.882908715630350116e-03 -9.760877255405198127e-03 -8.161108347144452324e-03 0.000000000000000000e+00
-1.022658865069775436e-03 -1.638578930133610667e-03 1.733524524393223465e-03 -2.609775590633578446e-03 -9.004136048421429450e-03 -7.743907284512907552e-03 0.000000000000000000e+00
-1.064194629051634644e-03 -1.740781762238102770e-03 1.929163148714857501e-03 -2.779675201432407761e-03 -9.744196651069181314e-03 -8.612472465139742184e-03 0.000000000000000000e+00
-9.409172464253101609e-04 -1.576868154343519235e-03 1.827073621435817974e-03 -2.528299399110700563e-03 -8.981658202684705827e-03 -8.153048477903990232e-03 0.000000000000000000e+00
-9.733215799932748435e-04 -1.677829593670909780e-03 2.028152309860753455e-03 -2.705993106861370734e-03 -9.711453462823094185e-03 -9.048309236205476225e-03 0.000000000000000000e+00
-8.550987179359037516e-04 -1.522545535480590573e-03 1.915863682756729913e-03 -2.474491008795709490e-03 -8.942699499711714850e-03 -8.547366439987325037e-03 0.000000000000000000e+00
-8.782102053212781367e-04 -1.622992779468562796e-03 2.121556702528615279e-03 -2.662498023808801406e-03 -9.659445763264606910e-03 -9.467994523719269750e-03 0.000000000000000000e+00
-7.649538233653607744e-04 -1.475340773590599897e-03 1.999699034374663453e-03 -2.446263641067147887e-03 -8.885287147752052306e-03 -8.930211937904442010e-03 0.000000000000000000e+00
-7.779130082569696292e-04 -1.575499728624196738e-03 2.209655030147264498e-03 -2.644383551797968579e-03 -9.586282002315371642e-03 -9.878432170689510627e-03 0.000000000000000000e+00
-6.703052964573963379e-04 -1.434986684544753421e-03 2.078281675341742130e-03 -2.441645691947158525e-03 -8.807166292920332040e-03 -9.304457273937138950e-03 0.000000000000000000e+00
-6.731332857985716789e-04 -1.535385050415949415e-03 2.291760814880139385e-03 -2.651760902020239286e-03 -9.489458681005036311e-03 -1.027942898579725650e-02 0.000000000000000000e+00
-5.710857218033937865e-04 -1.401078993846199827e-03 2.151368559527300217e-03 -2.458427009115915496e-03 -8.705828697157524942e-03 -9.672395093144992018e-03 0.000000000000000000e+00
-5.629459109652845683e-04 -1.502007782002878766e-03 2.368036372133980327e-03 -2.680289152394710328e-03 -9.366245293218611323e-03 -1.067643007872431937e-02 0.000000000000000000e+00
-4.672819004307160462e-04 -1.373283654258594666e-03 2.218827495078096179e-03 -2.494612662383488555e-03 -8.578985015390561131e-03 -1.003623459917335481e-02 0.000000000000000000e+00
-4.483149395151098116e-04 -1.475026964033177013e-03 2.437877632321505672e-03 -2.729416611086499245e-03 -9.214165151226083594e-03 -1.106835911809733730e-02 0.000000000000000000e+00
-3.590406756288633261e-04 -1.351209162419597654e-03 2.280518556194877089e-03 -2.547927009669770371e-03 -8.424516510601165464e-03 -1.039787302034689276e-02 0.000000000000000000e+00
-3.283961816629710206e-04 -1.454016390428858330e-03 2.501544174362602124e-03 -2.795076754856129497e-03 -9.030465344976867925e-03 -1.145976538546955581e-02 0.000000000000000000e+00
-2.464379501834756958e-04 -1.334341569172031727e-03 2.336192360129996093e-03 -2.615879072709326181e-03 -8.239671097101108899e-03 -1.075790544882382349e-02 0.000000000000000000e+00
-2.043939482893331050e-04 -1.438389065437195580e-03 2.558590752489486864e-03 -2.876138138061090643e-03 -8.813290034600740341e-03 -1.184890649970071763e-02 0.000000000000000000e+00
-1.297104158823059183e-04 -1.322271791202811464e-03 2.385894772053392954e-03 -2.696053986930291302e-03 -8.022674047559519295e-03 -1.111744116257273873e-02 0.000000000000000000e+00
-7.556134793268443062e-05 -1.427765278217529854e-03 2.609174037101674726e-03 -2.968019808824884365e-03 -8.559704471893692102e-03 -1.223875171232791104e-02 0.000000000000000000e+00
-9.085071482006767951e-06 -1.314507400271724968e-03 2.429454345917181346e-03 -2.785622189509950886e-03 -7.771293578259452772e-03 -1.147630498730745074e-02 0.000000000000000000e+00
5.680269339025656450e-05 -1.421358933199251551e-03 2.653021992549853270e-03 -3.069116869736099318e-03 -8.268415225984426797e-03 -1.262643956611197993e-02 0.000000000000000000e+00
1.150935742045000598e-04 -1.310487972334628548e-03 2.466903548052901129e-03 -2.881338375666508966e-03 -7.483939268486228258e-03 -1.183406368503048256e-02 0.000000000000000000e+00
1.934378356825416923e-04 -1.418969416717763554e-03 2.690245697916537893e-03 -3.174624415945181966e-03 -7.936528801522957366e-03 -1.301353485078715622e-02 0.000000000000000000e+00
2.425192498987371881e-04 -1.309736716138348855e-03 2.498193660686820472e-03 -2.979968592509152359e-03 -7.159026164732740227e-03 -1.218960990655570953e-02 0.000000000000000000e+00
3.328201282157272622e-04 -1.419538082733456941e-03 2.720787980345362733e-03 -3.281776162082472581e-03 -7.564004118145284394e-03 -1.339614432007918410e-02 0.000000000000000000e+00
3.728447945914314943e-04 -1.311673085869491384e-03 2.523318319728629078e-03 -3.077732744193539816e-03 -6.795225268398041862e-03 -1.254097787592600710e-02 0.000000000000000000e+00
4.757104371322373737e-04 -1.423037399945398240e-03 2.744721510839764900e-03 -3.385396004222052113e-03 -7.148081905287373417e-03 -1.377428160011318070e-02 0.000000000000000000e+00
5.056675539494570604e-04 -1.315751011018717609e-03 2.542328267371551931e-03 -3.170551536339161203e-03 -6.391725639215639632e-03 -1.288581110310182964e-02 0.000000000000000000e+00
6.204892741318301930e-04 -1.428267559593604519e-03 2.762092489421497099e-03 -3.481898408757011509e-03 -6.689823505993786057e-03 -1.414277424209409162e-02 0.000000000000000000e+00
6.405753431166227863e-04 -1.321457403821141297e-03 2.555368030916910227e-03 -3.254226744432209273e-03 -5.948217466204219761e-03 -1.322134687396303576e-02 0.000000000000000000e+00
7.679007780793389859e-04 -1.435228097122154267e-03 2.772912951448297525e-03 -3.565246013589984386e-03 -6.186867035704146645e-03 -1.449990726301964017e-02 0.000000000000000000e+00
7.771736271988127776e-04 -1.328218805636632860e-03 2.562437192755839810e-03 -3.324002662689728993e-03 -5.464386247321595391e-03 -1.354361943573856308e-02 0.000000000000000000e+00
9.163080462413764060e-04 -1.442712566608383984e-03 2.777427762025885816e-03 -3.631589700023418743e-03 -5.641740240924786320e-03 -1.483985587441205567e-02 0.000000000000000000e+00
9.149797122826874851e-04 -1.335485551265058746e-03 2.563701107260396572e-03 -3.374963784670725886e-03 -4.940951358162415374e-03 -1.384876712386517994e-02 0.000000000000000000e+00
1.066399428558406637e-03 -1.450842691493009484e-03 2.775670765561510933e-03 -3.674319421738125868e-03 -5.052835518076559396e-03 -1.515969398096395082e-02 0.000000000000000000e+00
1.053611878518406764e-03 -1.342753827689419088e-03 2.559287275989252652e-03 -3.402194952881743006e-03 -4.378655926164043422e-03 -1.413214275459662161e-02 0.000000000000000000e+00
1.216484004746554159e-03 -1.458306698237377130e-03 2.767985262368238830e-03 -3.689170443483824613e-03 -4.424234480919331247e-03 -1.545288448577597507e-02 0.000000000000000000e+00
1.192576192951433356e-03 -1.349499898889994220e-03 2.549353957649019842e-03 -3.400584815209661826e-03 -3.779237291406278842e-03 -1.438912644105672101e-02 0.000000000000000000e+00
1.367354626018474351e-03 -1.465352350364157452e-03 2.754265310238035447e-03 -3.669491278885494978e-03 -3.754684758281001677e-03 -1.571521995098557056e-02 0.000000000000000000e+00
1.331425988667284122e-03 -1.355233892468277190e-03 2.534132692961821309e-03 -3.365118911264453061e-03 -3.144750126844009230e-03 -1.461473349901121210e-02 0.000000000000000000e+00
1.517267334138067136e-03 -1.470663475901995421e-03 2.735043557323346697e-03 -3.611370994414997426e-03 -3.050158914422063106e-03 -1.594054858021243248e-02 0.000000000000000000e+00
1.469753634270626330e-03 -1.359567720109838840e-03 2.513831718607195675e-03 -3.291440061162553832e-03 -2.477883796700108832e-03 -1.480443493088801077e-02 0.000000000000000000e+00
1.666958673159968374e-03 -1.474566953931139013e-03 2.710217354731037087e-03 -3.508405482209653314e-03 -2.310403463296584192e-03 -1.612436650756965406e-02 0.000000000000000000e+00
1.607106258631585405e-03 -1.362018892902105982e-03 2.488594588968551236e-03 -3.174984224035171110e-03 -1.781710510045719786e-03 -1.495315586556733578e-02 0.000000000000000000e+00
1.814733849975852520e-03 -1.475849221141939394e-03 2.680488438240924420e-03 -3.358080668312446448e-03 -1.543001983014047340e-03 -1.626188783733395482e-02 0.000000000000000000e+00
1.743064864994675611e-03 -1.362228007153520881e-03 2.458734395385214766e-03 -3.012302538667910312e-03 -1.060088789420987609e-03 -1.505702724076307675e-02 0.000000000000000000e+00
1.961391637400611287e-03 -1.474927117154356537e-03 2.645559640042899341e-03 -3.155006092863565925e-03 -7.480649497533242709e-04 -1.634837555461743364e-02 0.000000000000000000e+00
1.877198916368560955e-03 -1.359848267912688868e-03 2.424458213426294861e-03 -2.800421578882605900e-03 -3.171939844319737745e-04 -1.511236446453256832e-02 0.000000000000000000e+00
2.105246888024381313e-03 -1.470599701146990679e-03 2.606303629492323637e-03 -2.898488763184658978e-03 6.532365042488663676e-05 -1.638100424798194510e-02 0.000000000000000000e+00
2.009116486957285286e-03 -1.354575618261161241e-03 2.386029107193987642e-03 -2.537421733356914899e-03 4.424175413881847874e-04 -1.511629744716858070e-02 0.000000000000000000e+00
2.247105910059415956e-03 -1.463470040260234084e-03 2.562415741829165983e-03 -2.585077308783212402e-03 8.964034347487270793e-04 -1.635652721489133654e-02 0.000000000000000000e+00
2.138429538245001371e-03 -1.346182528398104372e-03 2.343759479844581550e-03 -2.222543427449430453e-03 1.213822678817866318e-03 -1.506707517865901735e-02 0.000000000000000000e+00
2.385347129066295313e-03 -1.452343130882577382e-03 2.514736988571825149e-03 -2.216224818127443541e-03 1.735381952829406771e-03 -1.627397416416176412e-02 0.000000000000000000e+00
2.264783023676469886e-03 -1.334446600332467314e-03 2.297863952738982141e-03 -1.855905520427469924e-03 1.991997248510735119e-03 -1.496362858841893129e-02 0.000000000000000000e+00
2.520774946105502901e-03 -1.437983429003780733e-03 2.463047876071933207e-03 -1.791010487388611239e-03 2.581065577000885014e-03 -1.613226212066853904e-02 0.000000000000000000e+00
2.387832700934455765e-03 -1.319201651632184724e-03 2.248639054656415004e-03 -1.438899569706997283e-03 2.771785693043149479e-03 -1.480599249123804029e-02 0.000000000000000000e+00
2.651865698644506608e-03 -1.419291276682554948e-03 2.408175916625537871e-03 -1.313463126420444382e-03 3.423460746011741662e-03 -1.593290382106671288e-02 0.000000000000000000e+00
2.507266972999216970e-03 -1.300351174671920962e-03 2.196358767959372127e-03 -9.740865108724960919e-04 3.548058490300487477e-03 -1.459535790005528355e-02 0.000000000000000000e+00
2.779445422800258525e-03 -1.397121719727084654e-03 2.349847103835678297e-03 -7.848560265131254710e-04 4.261577419639728248e-03 -1.567639372492779515e-02 0.000000000000000000e+00
2.622775185759318450e-03 -1.277823083170648300e-03 2.141317479668891632e-03 -4.650294378727437561e-04 4.315759815101571917e-03 -1.433381021704649427e-02 0.000000000000000000e+00
2.902090723226419255e-03 -1.370468502716687409e-03 2.288942231854551590e-03 -2.117466352258290385e-04 5.085617657878405140e-03 -1.536687899826461035e-02 0.000000000000000000e+00
2.734110698230901582e-03 -1.251601452080308707e-03 2.083754695971828941e-03 8.369788357143193025e-05 5.070202464727557867e-03 -1.402420832661688266e-02 0.000000000000000000e+00
3.020616361784578263e-03 -1.340294157656740648e-03 2.225157107655806321e-03 4.027609041505897380e-04 5.895058878921943801e-03 -1.500627308970425844e-02 0.000000000000000000e+00
2.841045130800884388e-03 -1.221682874125940010e-03 2.023887511031052799e-03 6.669675013935005836e-04 5.807019882344111039e-03 -1.366984794527903446e-02 0.000000000000000000e+00
3.133720406996387542e-03 -1.305706651920035544e-03 2.159410577788289931e-03 1.050102203276281898e-03 6.680839145592365469e-03 -1.460084202442102352e-02 0.000000000000000000e+00
2.943367060925794476e-03 -1.188170780129671478e-03 1.962049866940429599e-03 1.278539597175054610e-03 6.522083968576897206e-03 -1.327538994435917274e-02 0.000000000000000000e+00
3.242238814860326501e-03 -1.267701065947868244e-03 2.091249649687765277e-03 1.726120474535797200e-03 7.443309670077447038e-03 -1.415274615840633743e-02 0.000000000000000000e+00
3.040886577262286172e-03 -1.151131150149087290e-03 1.898428336254420756e-03 1.912238249540898494e-03 7.211808780882122960e-03 -1.284499354691392980e-02 0.000000000000000000e+00
3.345006856585147625e-03 -1.225517631947448116e-03 2.021686013604584442e-03 2.421094958975800182e-03 8.174462484183298017e-03 -1.366992814679912627e-02 0.000000000000000000e+00
3.133492053587066950e-03 -1.110741356293853954e-03 1.833342602343968064e-03 2.561137394709867010e-03 7.873136003897052149e-03 -1.238382876160271096e-02 0.000000000000000000e+00
3.442827329941805514e-03 -1.180186791317150430e-03 1.950146982732436918e-03 3.130412631127121870e-03 8.875447442107997631e-03 -1.315423436322937789e-02 0.000000000000000000e+00
3.221044655213334273e-03 -1.067118497396712939e-03 1.766892436010802925e-03 3.218676271846021564e-03 8.503417130289570025e-03 -1.189612744419799029e-02 0.000000000000000000e+00
3.534712701515063671e-03 -1.131064402990322737e-03 1.877730478323513807e-03 3.843978645501344715e-03 9.539615881041019207e-03 -1.261446654414433155e-02 0.000000000000000000e+00
3.303487384067382848e-03 -1.020472368308267264e-03 1.699283197253154132e-03 3.878165054813642598e-03 9.100609017686167590e-03 -1.138657586392355370e-02 0.000000000000000000e+00
3.621429803603512521e-03 -1.079194642462366627e-03 1.803779076785139157e-03 4.557310786159618488e-03 1.016882778145733468e-02 -1.205164891043652986e-02 0.000000000000000000e+00
3.380754654098663825e-03 -9.710356044085322047e-04 1.630806160605735577e-03 4.532842163668782121e-03 9.662950018169969013e-03 -1.085996526193122591e-02 0.000000000000000000e+00
3.702135171883780274e-03 -1.023997858299652286e-03 1.729331395315114595e-03 5.260947617522049313e-03 1.075778486578915505e-02 -1.147433404169229121e-02 0.000000000000000000e+00
3.452839978967045531e-03 -9.190044458564639029e-04 1.561463346970437538e-03 5.176792550003028737e-03 1.018935083150607213e-02 -1.031968919298176246e-02 0.000000000000000000e+00
3.777593820602540009e-03 -9.665549748353874371e-04 1.653714706398079493e-03 5.950733027772159289e-03 1.130900090794151325e-02 -1.088253042480058497e-02 0.000000000000000000e+00
3.519735362513015664e-03 -8.646580741929477121e-04 1.491541505155513647e-03 5.803888639168697239e-03 1.067889025015755777e-02 -9.769911840048717266e-03 0.000000000000000000e+00
3.847092616779082541e-03 -9.063141925091944273e-04 1.577870392779512354e-03 6.618299448785336381e-03 1.181839433719211740e-02 -1.028398298980714998e-02 0.000000000000000000e+00
3.581478533757107008e-03 -8.082424365122298227e-04 1.421140297817202747e-03 6.408848594343652394e-03 1.113117650872430531e-02 -9.213601381201641516e-03 0.000000000000000000e+00
3.911378469061962959e-03 -8.443833050282290031e-04 1.501166534098874461e-03 7.260035531722053292e-03 1.228887107580911575e-02 -9.677749863426843291e-03 0.000000000000000000e+00
3.638121529479593219e-03 -7.500123391282476071e-04 1.350308370715591622e-03 6.986600481257099204e-03 1.154604872741682442e-02 -8.653217212506447709e-03 0.000000000000000000e+00
3.969858071943888067e-03 -7.802345197723825621e-04 1.424480543866846194e-03 7.868960043897921253e-03 1.271740097668949687e-02 -9.070629417705644570e-03 0.000000000000000000e+00
3.689747869503878785e-03 -6.902436477693729699e-04 1.279182228073660887e-03 7.532660359976794950e-03 1.192367113899894804e-02 -8.091057165489523584e-03 0.000000000000000000e+00
4.023237521286027185e-03 -7.149554104894928486e-04 1.347092821391282502e-03 8.441930690980647967e-03 1.310703363052434511e-02 -8.460197538966429676e-03 0.000000000000000000e+00
3.736438929562116429e-03 -6.292027059994209637e-04 1.207835980665039610e-03 8.042911399241958748e-03 1.226432003917077296e-02 -7.528778061404617361e-03 0.000000000000000000e+00
4.071060269913662211e-03 -6.480446877820122964e-04 1.269896711735829520e-03 8.973449825422363801e-03 1.345568607287184193e-02 -7.852640197534288546e-03 0.000000000000000000e+00
3.778304763683543177e-03 -5.671511981039101258e-04 1.136341769356397080e-03 8.513590612351684683e-03 1.256853731523888129e-02 -6.967630478243780345e-03 0.000000000000000000e+00
4.113966779668534746e-03 -5.805674953326400711e-04 1.192078018933173666e-03 9.460972653109855912e-03 1.376627785728645748e-02 -7.244103009591107423e-03 0.000000000000000000e+00
3.815460186467431458e-03 -5.043386602192612145e-04 1.064626084898490088e-03 8.941616087653869727e-03 1.283692765090282961e-02 -6.407954253416114909e-03 0.000000000000000000e+00
4.151616103058114460e-03 -5.120290900843538218e-04 1.114580675812215649e-03 9.900026863641997465e-03 1.403748911222724161e-02 -6.640363838256169160e-03 0.000000000000000000e+00
3.848039251556557849e-03 -4.410252274294479413e-04 9.927937633469330336e-04 9.323931624471093471e-03 1.307025318166710193e-02 -5.850374548229675398e-03 0.000000000000000000e+00
4.184566794642539944e-03 -4.434584425008214481e-04 1.036468083689456865e-03 1.028855182214183372e-02 1.427190091911123559e-02 -6.036123696625317336e-03 0.000000000000000000e+00
3.876155684766395548e-03 -3.774578339660883408e-04 9.208605084226606508e-04 9.658064344606476226e-03 1.326919550407801296e-02 -5.294972787112994794e-03 0.000000000000000000e+00
4.212592846921055234e-03 -3.743552729907895227e-04 9.586523354088161142e-04 1.062338274482144129e-02 1.446886792775803343e-02 -5.436612560969056318e-03 0.000000000000000000e+00
3.899955797577452088e-03 -3.138604562000213427e-04 8.487436774831103037e-04 9.941693154857933479e-03 1.343462477441281777e-02 -4.741059592737073558e-03 0.000000000000000000e+00
4.236150214172444695e-03 -3.057247262071571825e-04 8.801729121220014385e-04 1.090244203169898896e-02 1.463042905127753812e-02 -4.835685259084954168e-03 0.000000000000000000e+00
3.919553134411956491e-03 -2.504607450516393996e-04 7.764246698364063448e-04 1.017279847916974234e-02 1.356722565340184872e-02 -4.188032551872833409e-03 0.000000000000000000e+00
4.255106855156572110e-03 -2.370506272266204029e-04 8.019692173779069400e-04 1.112386146088129024e-02 1.475647990089878903e-02 -4.238287020556397167e-03 0.000000000000000000e+00
3.935084217867861056e-03 -1.874731213724056822e-04 7.038483533281514326e-04 1.034968242073031064e-02 1.366780298435354979e-02 -3.634985211310670650e-03 0.000000000000000000e+00
4.269808922967605058e-03 -1.693152836305111819e-04 7.229927799149993284e-04 1.128523303804129796e-02 1.484841060173014426e-02 -3.637350889133417198e-03 0.000000000000000000e+00
3.946646514930207683e-03 -1.251033483050667527e-04 6.309617854854954189e-04 1.047083296250095330e-02 1.373693943839571219e-02 -3.080745190147116119e-03 0.000000000000000000e+00
4.280210479125653653e-03 -1.019730285258813041e-04 6.441053702033183725e-04 1.138581866537169418e-02 1.490657460326305639e-02 -3.037326366135184585e-03 0.000000000000000000e+00
3.954357550689216808e-03 -6.355032409238736690e-05 5.577493812392031458e-04 1.053475470304476858e-02 1.377530831788220667e-02 -2.524162572346222433e-03 0.000000000000000000e+00
4.286525212564496617e-03 -3.599932372283509707e-05 5.642646923583183316e-04 1.142325981098979426e-02 1.493156863887845631e-02 -2.430727030983570458e-03 0.000000000000000000e+00
3.958297551144907001e-03 -2.999015726590226194e-06 4.840403708077922751e-04 1.054017590400979643e-02 1.378332526722481077e-02 -1.963433871800202013e-03 0.000000000000000000e+00
4.288777251096081988e-03 2.917459989698611977e-05 4.843833383211260113e-04 1.139767678951431051e-02 1.492412717090063623e-02 -1.822009512825406574e-03 0.000000000000000000e+00
3.958549651567312699e-03 5.636381732637696373e-05 4.098136844631894427e-04 1.048633672187504473e-02 1.376142966697191383e-02 -1.397243236727740978e-03 0.000000000000000000e+00
4.287062182454125930e-03 9.257219699104757282e-05 4.033753274708118397e-04 1.130609754477074347e-02 1.488406210841120014e-02 -1.203283128646814859e-03 0.000000000000000000e+00
3.955154026533111433e-03 1.143643195947174895e-04 3.349066859325566803e-04 1.037211416139838249e-02 1.370977217252189462e-02 -8.235536208804905556e-04 0.000000000000000000e+00
4.281460879178744516e-03 1.547949344397059335e-04 3.221013304671171973e-04 1.115008783013804461e-02 1.481239546748236435e-02 -5.787621442001622540e-04 0.000000000000000000e+00
3.948166375350434243e-03 1.708229226211055440e-04 2.592940814881150580e-04 1.019683016430761313e-02 1.362856160703351804e-02 -2.409857891563227383e-04 0.000000000000000000e+00
4.271915562664995586e-03 2.148526029228658984e-04 2.394385267509013815e-04 1.092619448985443498e-02 1.470798892437708005e-02 5.976821822484268409e-05 0.000000000000000000e+00
3.937598265418486287e-03 2.255690057268999738e-04 1.828127565778325803e-04 9.959986633854001070e-03 1.351768964932720252e-02 3.525218450042277851e-04 0.000000000000000000e+00
4.258579791384185798e-03 2.733698112414306713e-04 1.563397011313250040e-04 1.063693464383019816e-02 1.457221426869326208e-02 7.076684004854172372e-04 0.000000000000000000e+00
3.923459982202941176e-03 2.784308209728414418e-04 1.053654532001124799e-04 9.661175430161428324e-03 1.337702405973084652e-02 9.585969558134621593e-04 0.000000000000000000e+00
4.241255850157908680e-03 3.293295851679034492e-04 7.166718973261598791e-05 1.027867431338735926e-02 1.440301459585446864e-02 1.373196930224196421e-03 0.000000000000000000e+00
3.905716038737697127e-03 3.292303247873218375e-04 2.686607296376042342e-05 9.300244660761070037e-03 1.320613739855280855e-02 1.578904592279828378e-03 0.000000000000000000e+00
4.220142038891518121e-03 3.833893972536306372e-04 -1.371549218559531269e-05 9.854962217833218574e-03 1.420194228883886467e-02 2.051849593165178121e-03 0.000000000000000000e+00
3.884353346058549983e-03 3.777947595409170134e-04 -5.274713369934902474e-05 8.877270648402380004e-03 1.300464890187136291e-02 2.214795017093873497e-03 0.000000000000000000e+00
4.194910613895659612e-03 4.344896691295674351e-04 -1.008642779822266355e-04 9.362328887172477465e-03 1.396607291631646319e-02 2.751313614351547088e-03 0.000000000000000000e+00
3.859276660085050881e-03 4.239383896974535659e-04 -1.336409635722679567e-04 8.392705098790198548e-03 1.277171110656194486e-02 2.867858926275612674e-03 0.000000000000000000e+00
4.165816000397920549e-03 4.833214726848722442e-04 -1.889413078064450247e-04 8.805353663593251667e-03 1.369718363650207493e-02 3.466844824833392735e-03 0.000000000000000000e+00
3.830449087284845677e-03 4.674798917576605817e-04 -2.157582043890715617e-04 7.847343712586329900e-03 1.250671988896812081e-02 3.538622207718722379e-03 0.000000000000000000e+00
4.132406770651728123e-03 5.287817327672139633e-04 -2.789772391045275413e-04 8.180802505590278884e-03 1.339149526579763716e-02 4.205533651691073516e-03 0.000000000000000000e+00
3.797743133477721189e-03 5.082317663002156038e-04 -2.993527806355311682e-04 7.242277312858202976e-03 1.220851117284560416e-02 4.228471033584701999e-03 0.000000000000000000e+00
4.094979881712285108e-03 5.715792319616053163e-04 -3.699923643284419583e-04 7.495103797159341497e-03 1.305104153481018159e-02 4.961291631902398080e-03 0.000000000000000000e+00
3.761104792076253034e-03 5.460133886448503837e-04 -3.843440478192294840e-04 6.579436182873266148e-03 1.187627888544051658e-02 4.937161892884178727e-03 0.000000000000000000e+00
4.052940062350324224e-03 6.105666229210826579e-04 -4.631302888727928391e-04 6.745170678856382551e-03 1.267112256624125521e-02 5.740836169910501496e-03 0.000000000000000000e+00
3.720368017587877274e-03 5.806140626102296309e-04 -4.707998784932998504e-04 5.861123249482513842e-03 1.150866521071591819e-02 5.664393469006601123e-03 0.000000000000000000e+00
4.006691964257541594e-03 6.465032035661844034e-04 -5.573576974268190654e-04 5.939436660398200729e-03 1.225428072433665250e-02 6.536859173085884933e-03 0.000000000000000000e+00
3.675428793744398015e-03 6.118538532862149992e-04 -5.587846860726219944e-04 5.090409660472694497e-03 1.110456189694097873e-02 6.409361717274020265e-03 0.000000000000000000e+00
3.955521826680255537e-03 6.781872248093900879e-04 -6.537080184031429653e-04 5.076365478170252743e-03 1.179517708728905490e-02 7.354210303168962071e-03 0.000000000000000000e+00
3.626125693481502266e-03 6.395244946774680805e-04 -6.482623719092361902e-04 4.271317940104157884e-03 1.066265559401369245e-02 7.170101915265236769e-03 0.000000000000000000e+00
3.899891325770787898e-03 7.064260145244749545e-04 -7.511670973484596558e-04 4.166430121283148935e-03 1.129677888066904501e-02 8.184183232256003748e-03 0.000000000000000000e+00
3.572357807917911354e-03 6.634466671978644925e-04 -7.391313839786861628e-04 3.409055518161618892e-03 1.018199868074809444e-02 7.943517307006375816e-03 0.000000000000000000e+00
3.838950686856301697e-03 7.299650476175756353e-04 -8.507191099074717933e-04 3.209473085412195559e-03 1.075323029996999580e-02 9.029507128764935331e-03 0.000000000000000000e+00
3.513929770810580999e-03 6.834301832180367242e-04 -8.315303344644808803e-04 2.509327648621884066e-03 9.661232201499281302e-03 8.726637758514010912e-03 0.000000000000000000e+00
3.773296794648856034e-03 7.496856394772488663e-04 -9.512301730231209618e-04 2.219234470415720750e-03 1.016846037585050766e-02 9.879124457526256009e-03 0.000000000000000000e+00
3.450737562653460877e-03 6.993012480497884376e-04 -9.251943769165715814e-04 1.579677655136002556e-03 9.099790417141928600e-03 9.513684712170622504e-03 0.000000000000000000e+00
3.701952553781667765e-03 7.642944018746433699e-04 -1.053674295755258061e-03 1.197673183296998900e-03 9.536412879934452747e-03 1.073324930245611597e-02 0.000000000000000000e+00
3.382608785107737992e-03 7.108946509680746928e-04 -1.020119279450393268e-03 6.286081442472557512e-04 8.496922825998343143e-03 1.029893546530757931e-02 0.000000000000000000e+00
3.625620181672062348e-03 7.747574018650560390e-04 -1.156878779080328101e-03 1.612041456149349017e-04 8.862127072711167841e-03 1.157858909320186314e-02 0.000000000000000000e+00
3.309388601760526738e-03 7.180563541580031739e-04 -1.116137788661875074e-03 -3.340865265064607570e-04 7.852439742452421712e-03 1.107490516578968354e-02 0.000000000000000000e+00
3.543287524531368859e-03 7.797798227029417717e-04 -1.261647801819476555e-03 -8.850952867853756345e-04 8.140157315724483311e-03 1.241200171626433146e-02 0.000000000000000000e+00
3.230950039847857447e-03 7.206643275252111458e-04 -1.213101457325671539e-03 -1.297594494361842266e-03 7.166632732336974954e-03 1.183306640698411627e-02 0.000000000000000000e+00
3.455675240730315956e-03 7.803986876130930561e-04 -1.366880620070953789e-03 -1.922746827839549866e-03 7.376635217879456974e-03 1.321858640382345129e-02 0.000000000000000000e+00
3.147203030256839895e-03 7.186397483622819493e-04 -1.310778624833863759e-03 -2.249522008341831025e-03 6.440546973852878665e-03 1.256380063680540005e-02 0.000000000000000000e+00
3.361708053254502948e-03 7.753216728356160381e-04 -1.473265373052423666e-03 -2.944368107822725733e-03 6.567023733335286551e-03 1.399239555235753940e-02 0.000000000000000000e+00
3.057947968097302072e-03 7.118627973687341459e-04 -1.408944384955646001e-03 -3.177254951170827013e-03 5.675450552710348262e-03 1.325655603389952475e-02 0.000000000000000000e+00
3.262324921338655148e-03 7.657429439105745139e-04 -1.579527906366673395e-03 -3.929107586152280618e-03 5.719753752948530945e-03 1.471684630102343405e-02 0.000000000000000000e+00
2.963153180612632109e-03 7.003390521056473972e-04 -1.507345807322313380e-03 -4.067248730960315584e-03 4.873877117281821825e-03 1.390070387864561496e-02 0.000000000000000000e+00
3.156306161323396697e-03 7.503695634032969686e-04 -1.686369658753295031e-03 -4.869054012103024576e-03 4.831193373721731632e-03 1.538494007721880052e-02 0.000000000000000000e+00
2.862709506864707931e-03 6.840718458709371674e-04 -1.605672043282102557e-03 -4.906298832492606010e-03 4.038892018855211319e-03 1.448525009816803433e-02 0.000000000000000000e+00
3.044687463332640398e-03 7.304945295784071035e-04 -1.792426772232569299e-03 -5.743235873422847249e-03 3.911770927766067274e-03 1.598034084726718262e-02 0.000000000000000000e+00
2.756557750965143994e-03 6.630952922295763052e-04 -1.703564929063650091e-03 -5.681221467660257929e-03 3.174470675096241479e-03 1.499969995407557377e-02 0.000000000000000000e+00
2.926284585435423580e-03 7.049469783533823808e-04 -1.898360015321898242e-03 -6.544740347701250016e-03 2.959543090013561084e-03 1.649692979322203712e-02 0.000000000000000000e+00
2.644649142063276726e-03 6.375078860945682102e-04 -1.800611324568435201e-03 -6.380002744059698472e-03 2.285387716939091263e-03 1.543449655409334653e-02 0.000000000000000000e+00
2.802242956128214724e-03 6.751188567151178432e-04 -2.002662884709904834e-03 -7.255058619533460984e-03 1.986906100117646901e-03 1.692077107500100652e-02 0.000000000000000000e+00
2.527012611310164303e-03 6.074931822151463656e-04 -1.896497167035493536e-03 -6.993078967150623271e-03 1.377117440366948387e-03 1.578242821089226311e-02 0.000000000000000000e+00
2.671328037100850761e-03 6.399251205558842415e-04 -2.105987334299785907e-03 -7.870372627341915006e-03 9.930516591802884818e-04 1.724900655048910991e-02 0.000000000000000000e+00
2.403589391298532885e-03 5.731964038340198186e-04 -1.990709431210990754e-03 -7.511570563371261500e-03 4.555802166263944741e-04 1.603738436170010218e-02 0.000000000000000000e+00
2.534884682919097409e-03 6.009253764269750775e-04 -2.206702957654016473e-03 -8.377614024682067395e-03 -7.905589321843820017e-06 1.747271945223749512e-02 0.000000000000000000e+00
2.274494935081083913e-03 5.349418780935255580e-04 -2.082842612985302821e-03 -7.930784693736647739e-03 -4.726300654334103513e-04 1.619676376244783000e-02 0.000000000000000000e+00
2.391625647280071210e-03 5.571061541181365762e-04 -2.305392031150488297e-03 -8.777384541943433760e-03 -1.016145124288048152e-03 1.759376116674493673e-02 0.000000000000000000e+00
2.139791843577987240e-03 4.930257667345727679e-04 -2.172334215245153022e-03 -8.247341955267994962e-03 -1.400771244909115865e-03 1.625993152194604718e-02 0.000000000000000000e+00
2.243089057038405443e-03 5.102076622007234441e-04 -2.400475143798319611e-03 -9.064037863743212853e-03 -2.017031443245276279e-03 1.761046069027827343e-02 0.000000000000000000e+00
1.999619271387559349e-03 4.478212915300094910e-04 -2.258683550287854391e-03 -8.462011268782099194e-03 -2.322138278176399950e-03 1.622958658874029680e-02 0.000000000000000000e+00
2.087962862161063526e-03 4.593015772125230711e-04 -2.492326117947474273e-03 -9.243125041419997245e-03 -3.010592323338112664e-03 1.752938384730784449e-02 0.000000000000000000e+00
1.854153993630258679e-03 3.997964136099318999e-04 -2.341360888293897435e-03 -8.577533090085687206e-03 -3.230167993289789763e-03 1.611108269225569600e-02 0.000000000000000000e+00
1.927988374579359121e-03 4.062899087125537712e-04 -2.579478979765181812e-03 -9.315958218631514853e-03 -3.982800232682937036e-03 1.735602179848250159e-02 0.000000000000000000e+00
1.703612900269657615e-03 3.494210270695297105e-04 -2.419800397337190656e-03 -8.599608389150859011e-03 -4.118767802252953913e-03 1.591210072140469833e-02 0.000000000000000000e+00
1.761877964027408483e-03 3.503492139327046839e-04 -2.662122612977879665e-03 -9.292742180647461936e-03 -4.934270945297747346e-03 1.710092972615218088e-02 0.000000000000000000e+00
1.548304068209688245e-03 2.973008750965788760e-04 -2.493425550354422260e-03 -8.535469405889006822e-03 -4.982191278267489309e-03 1.564230614896011673e-02 0.000000000000000000e+00
1.591536176622943000e-03 2.934707219762466845e-04 -2.738865087949404753e-03 -9.179703987318710290e-03 -5.852405729398046930e-03 1.677449562887423085e-02 0.000000000000000000e+00
1.388517143642548080e-03 2.439758680541914693e-04 -2.561653707072231168e-03 -8.394269637685969343e-03 -5.815686931718300201e-03 1.531262729169524661e-02 0.000000000000000000e+00
1.415793708138879392e-03 2.350287732724998246e-04 -2.809802838664110514e-03 -8.989703561054884773e-03 -6.738958726632215956e-03 1.638992044989340258e-02 0.000000000000000000e+00
1.224691653098963773e-03 1.901584849510196129e-04 -2.623907840608896702e-03 -8.185920031883231474e-03 -6.614927120437652519e-03 1.493499300932921159e-02 0.000000000000000000e+00
1.236690767446896322e-03 1.770289167568050992e-04 -2.873624279497416500e-03 -8.731450869267742831e-03 -7.583333936538760867e-03 1.595973284108609391e-02 0.000000000000000000e+00
1.057258633942320669e-03 1.365062816175155458e-04 -2.679640795169024869e-03 -7.920920617803695052e-03 -7.376696722396491879e-03 1.452150839752830436e-02 0.000000000000000000e+00
1.053150890315796007e-03 1.189615794028875406e-04 -2.930286850731073089e-03 -8.417634946550123232e-03 -8.388500477073623784e-03 1.549680872658587560e-02 0.000000000000000000e+00
8.867440786672897701e-04 8.374107661343610509e-05 -2.728185655896997464e-03 -7.608878805446028792e-03 -8.098177652581917130e-03 1.408366049525078267e-02 0.000000000000000000e+00
8.674226600987322566e-04 6.288240580623605247e-05 -2.978695537821152151e-03 -8.058055108050687920e-03 -9.146069835136660942e-03 1.501409549226018214e-02 0.000000000000000000e+00
7.137453135861726583e-04 3.259223452392601139e-05 -2.769058986200889638e-03 -7.259776401481232710e-03 -8.777607285078037336e-03 1.363262893554750832e-02 0.000000000000000000e+00
6.785249782046975930e-04 8.399513709733685829e-06 -3.018672148639101049e-03 -7.663487950939629201e-03 -9.860207939698995006e-03 1.452248246909970675e-02 0.000000000000000000e+00
5.389225624637672407e-04 -1.616297860584925417e-05 -2.801677648077677274e-03 -6.881883367015451114e-03 -9.413753831184035192e-03 1.317850235277617799e-02 0.000000000000000000e+00
4.888523814142453627e-04 -4.255448932605210288e-05 -3.049223297735353944e-03 -7.241894577976637493e-03 -1.052419404143423165e-02 1.403252369008400890e-02 0.000000000000000000e+00
3.630071918945265708e-04 -6.179108031736935125e-05 -2.825511704541205926e-03 -6.483349904912838468e-03 -1.000592672256317428e-02 1.272991670913192763e-02 0.000000000000000000e+00
2.975960512580921868e-04 -9.023379634484629541e-05 -3.070164990876644850e-03 -6.801640359177518746e-03 -1.114318988136808741e-02 1.355264295864477830e-02 0.000000000000000000e+00
1.867931676934331264e-04 -1.035329048107158645e-04 -2.840064531565877903e-03 -6.070628496367636018e-03 -1.055406173111395063e-02 1.229442852079376536e-02 0.000000000000000000e+00
1.072701883829962899e-04 -1.328370734259565200e-04 -3.080685773292846097e-03 -6.348866805558461834e-03 -1.171207130524942741e-02 1.309066391437996302e-02 0.000000000000000000e+00
1.113196343305311586e-05 -1.406910330929989073e-04 -2.844935895229216971e-03 -5.648945663001558870e-03 -1.105860867428720695e-02 1.187813039651475222e-02 0.000000000000000000e+00
-8.277244059348709548e-05 -1.705570261033850787e-04 -3.080493617407809026e-03 -5.889130119381302819e-03 -1.223634122052086326e-02 1.265167399036082330e-02 0.000000000000000000e+00
-1.630748810418081174e-04 -1.725910060191016004e-04 -2.839611586920531838e-03 -5.222621085134271368e-03 -1.152009731888092858e-02 1.148548540566496357e-02 0.000000000000000000e+00
-2.698768032066423128e-04 -2.017777043541724158e-04 -3.069056596626512645e-03 -5.426291646377201516e-03 -1.271216515410733550e-02 1.224082698597817043e-02 0.000000000000000000e+00
-3.348126957643804413e-04 -1.985786240323583751e-04 -2.823736740867055506e-03 -4.795118674899789823e-03 -1.193945792739903311e-02 1.111990544248575574e-02 0.000000000000000000e+00
-4.546156759425157290e-04 -2.267112083098321573e-04 -3.046019851754705465e-03 -4.963230362537096596e-03 -1.314537777318003364e-02 1.186020904500795226e-02 0.000000000000000000e+00
-5.031011162211496135e-04 -2.181079011230879772e-04 -2.796982055393082423e-03 -4.368531019063315313e-03 -1.231799704781044724e-02 1.078348568849296640e-02 0.000000000000000000e+00
-6.342365958710294294e-04 -2.439701349444822753e-04 -3.011076159607384284e-03 -4.502455404621130697e-03 -1.353296240748624868e-02 1.151237889172707085e-02 0.000000000000000000e+00
-6.668761223912467173e-04 -2.306605151718710278e-04 -2.759078668830877712e-03 -3.944682360758733353e-03 -1.265721102583983182e-02 1.047736335269444652e-02 0.000000000000000000e+00
-8.091326553678612754e-04 -2.537644199238353604e-04 -2.963793392286057093e-03 -4.045114572751806747e-03 -1.388059404993624568e-02 1.119686716060064313e-02 0.000000000000000000e+00
-8.250539982419813345e-04 -2.358157088604151408e-04 -2.709771105868730157e-03 -3.524393703663530886e-03 -1.295859966906753868e-02 1.020142924628419934e-02 0.000000000000000000e+00
-9.766432135495106692e-04 -2.550709204103551730e-04 -2.904237828495748186e-03 -3.592062005985940942e-03 -1.418649903925750522e-02 1.091428946093930819e-02 0.000000000000000000e+00
-9.765171200726563416e-04 -2.332359107198034298e-04 -2.648878335238746828e-03 -3.108226569775052184e-03 -1.322385592010544286e-02 9.954754389687625604e-03 0.000000000000000000e+00
-1.136992691639859832e-03 -2.480641520477000483e-04 -2.831833154584989520e-03 -3.143378686162545677e-03 -1.445596519498693056e-02 1.066209151621144713e-02 0.000000000000000000e+00
-1.120180541508197791e-03 -2.226705010787144445e-04 -2.576288509360064038e-03 -2.696164130696843131e-03 -1.345500869733440297e-02 9.735707247257252561e-03 0.000000000000000000e+00
-1.287643532149163050e-03 -2.321589188051531583e-04 -2.746965666687306573e-03 -2.699507701984238395e-03 -1.468800136082260011e-02 1.043906107578651543e-02 0.000000000000000000e+00
-1.254970220597756425e-03 -2.039746162799671581e-04 -2.491941177282741560e-03 -2.288148721691918297e-03 -1.365412843416802247e-02 9.541847908590028737e-03 0.000000000000000000e+00
-1.428696184083477760e-03 -2.074951920827405871e-04 -2.649003796546284262e-03 -2.259381786108516366e-03 -1.488775981816203853e-02 1.024110635910968625e-02 0.000000000000000000e+00
-1.379765462480114779e-03 -1.770285603511501105e-04 -2.395814435647986018e-03 -1.884027348144190483e-03 -1.382333250873069019e-02 9.370148904224606667e-03 0.000000000000000000e+00
-1.557825042704297225e-03 -1.738818604776204424e-04 -2.538705229119531115e-03 -1.823644433714743940e-03 -1.505526900313602923e-02 1.006587808899395142e-02 0.000000000000000000e+00
-1.493614437981877208e-03 -1.419509842141841727e-04 -2.287944115463569350e-03 -1.483180302196185352e-03 -1.396497492127979356e-02 9.216750213353552823e-03 0.000000000000000000e+00
-1.675042435026447007e-03 -1.314415118696121709e-04 -2.415296919625387062e-03 -1.390705196729680182e-03 -1.519533563971853241e-02 9.907685619643391561e-03 0.000000000000000000e+00
-1.595515530807167792e-03 -9.875849614376930319e-05 -2.168468963780700864e-03 -1.085351039058934930e-03 -1.408176915554992803e-02 9.077726127673990675e-03 0.000000000000000000e+00
-1.778384313249919968e-03 -8.039671144485782683e-05 -2.279863804908799363e-03 -9.616954288342860480e-04 -1.530889463830220620e-02 9.763200714226094590e-03 0.000000000000000000e+00
-1.684587156702777033e-03 -4.769257414044547616e-05 -2.037501418061415936e-03 -6.902477247394678272e-04 -1.417615653490678085e-02 8.948087218225708739e-03 0.000000000000000000e+00
-1.867786753569661284e-03 -2.078929151219655047e-05 -2.131597283771435869e-03 -5.350066394189667562e-04 -1.540074746182273913e-02 9.625492282689496193e-03 0.000000000000000000e+00
-1.760023067484073334e-03 1.108263827412359070e-05 -1.895292652629471108e-03 -2.979801833182804671e-04 -1.425125203604027391e-02 8.822862376757889535e-03 0.000000000000000000e+00
-1.941720085909592886e-03 4.677898221652765365e-05 -1.971850796569557529e-03 -1.116155765528148436e-04 -1.547251061895549284e-02 9.490355622015833603e-03 0.000000000000000000e+00
-1.821165912504058015e-03 7.721228083565345734e-05 -1.742088888686932346e-03 9.135320147279912817e-05 -1.430999214714478995e-02 8.696265915748124797e-03 0.000000000000000000e+00
-2.000092759691457500e-03 1.224670455375886924e-04 -1.799759663017541644e-03 3.089649966989682639e-04 -1.552908721748558207e-02 9.349662908633149527e-03 0.000000000000000000e+00
-1.867434882935031792e-03 1.504547303455006091e-04 -1.578244291755265261e-03 4.778217713790056109e-04 -1.435572819011632362e-02 8.562301592514476312e-03 0.000000000000000000e+00
-2.041879884208647189e-03 2.053549371953677927e-04 -1.616996455368779895e-03 7.251332844497859753e-04 -1.557255803590784637e-02 9.198385514279650010e-03 0.000000000000000000e+00
-1.898448658528478772e-03 2.304675208906481476e-04 -1.404116964005858170e-03 8.603532281381554014e-04 -1.439186457925822893e-02 8.414472740016165631e-03 0.000000000000000000e+00
-2.067063070933877755e-03 2.958199115837278903e-04 -1.422511899296499682e-03 1.137401372672819377e-03 -1.560788326195350351e-02 9.026993234340530137e-03 0.000000000000000000e+00
-1.913842258610382041e-03 3.170082426448839197e-04 -1.220115508415192673e-03 1.238078992288116353e-03 -1.442153503387677560e-02 8.245422196728746655e-03 0.000000000000000000e+00
-2.075272335386457723e-03 3.927620819349775250e-04 -1.218499752926566204e-03 1.543052253290433384e-03 -1.563799901166795792e-02 8.830320828771220931e-03 0.000000000000000000e+00
-1.913557471668048127e-03 4.098296399580314553e-04 -1.026719809619450197e-03 1.609302092230091574e-03 -1.444838942035175933e-02 8.047825876232650444e-03 0.000000000000000000e+00
-2.066480024251832193e-03 4.968968570244480798e-04 -1.003638460763123241e-03 1.941612547108118036e-03 -1.566709184000991684e-02 8.596585566417846991e-03 0.000000000000000000e+00
0.000000000000000000e+00 0.000000000000000000e+00 0.000000000000000000e+00 0.000000000000000000e+00 0.000000000000000000e+00 0.000000000000000000e+00 0.000000000000000000e+00
