-2.093453435842683452e-01 -1.470430385934906603e-01 1.008729908681041953e-01 2.353055899611574464e+00 -8.980926140402800684e-03 3.135432870376018588e+00 -7.828115016096814927e-01 6.983602665982878710e-01 -9.000951852249805540e-03 -2.644669285408650806e-03 8.707378955275196786e-01 1.168772847128045876e-03 0.000000000000000000e+00
-2.105934148368759085e-01 -1.489128988891379179e-01 1.023010646373270216e-01 2.350014235315970978e+00 -1.797178459870929501e-02 3.129040343097891252e+00 -7.803349615329895350e-01 6.982405575072887505e-01 -1.763452063212334053e-02 -5.163906284217821378e-03 8.686332658970572496e-01 2.288470189238926960e-03 0.000000000000000000e+00
-2.119065104535219346e-01 -1.508914040374534360e-01 1.039058884938379029e-01 2.346820475905250891e+00 -2.772248403221855284e-02 3.121853480871176867e+00 -7.777680071372895521e-01 6.977105218713357537e-01 -2.656742871852135757e-02 -7.750558189160176512e-03 8.661535966060844860e-01 3.451395135127619494e-03 0.000000000000000000e+00
-2.130821758741266170e-01 -1.526763607137266165e-01 1.054395455153214478e-01 2.343956289305162421e+00 -3.672988906390717290e-02 3.114985936200520111e+00 -7.754929351970619722e-01 6.968626379592818276e-01 -3.443533868499715211e-02 -1.001050420663380722e-02 8.636857783819625878e-01 4.488938508910246886e-03 0.000000000000000000e+00
-2.143156742109253998e-01 -1.545673685657004137e-01 1.071566343446636177e-01 2.340935021181142606e+00 -4.649193214625313431e-02 3.107300283512187900e+00 -7.731177949788748949e-01 6.955653456132768753e-01 -4.255811316779323228e-02 -1.232369055936840749e-02 8.608234128423453146e-01 5.584810572126438187e-03 0.000000000000000000e+00
-2.154164263391052381e-01 -1.562752558156399740e-01 1.087922408669752816e-01 2.338214041895523287e+00 -5.550416671803670710e-02 3.099983576467140178e+00 -7.709970532238175078e-01 6.940247735016933373e-01 -4.969165646367934563e-02 -1.433642032627702699e-02 8.580100494667857181e-01 6.579806046380171948e-03 0.000000000000000000e+00
-2.165670212956972429e-01 -1.580867995108488910e-01 1.106178544005479575e-01 2.335331133179892937e+00 -6.526504397344190522e-02 3.091822468119995726e+00 -7.687649247561676447e-01 6.919938468543989085e-01 -5.703345895681000144e-02 -1.638739766374730858e-02 8.547816990143644045e-01 7.650157016064188485e-03 0.000000000000000000e+00
-2.175896801607670183e-01 -1.597253784409825017e-01 1.123513789249411809e-01 2.332721357589259359e+00 -7.426918002186333467e-02 3.084078560835482818e+00 -7.667535723428852146e-01 6.897956071116202459e-01 -6.346352825075185500e-02 -1.816466029780628919e-02 8.516403007715341866e-01 8.640210037841763308e-03 0.000000000000000000e+00
-2.186538747898186530e-01 -1.614661602032206045e-01 1.142805420736560384e-01 2.329941682387826951e+00 -8.401337667293251599e-02 3.075466088370343076e+00 -7.646162524100421631e-01 6.870731906872867834e-01 -7.006204248364111820e-02 -1.996751216487064814e-02 8.480670043789203527e-01 9.724614903911101699e-03 0.000000000000000000e+00
-2.195947920362439632e-01 -1.630430283575641237e-01 1.161076156950918564e-01 2.327413382988716251e+00 -9.299503487561722181e-02 3.067313039892439086e+00 -7.626718119191481238e-01 6.842518378284567770e-01 -7.581926412817430183e-02 -2.152066355141565510e-02 8.446148152368779805e-01 1.074512887095375839e-02 0.000000000000000000e+00
-2.205681136162372380e-01 -1.647208579512350335e-01 1.181357680049526099e-01 2.324707389881854880e+00 -1.027064883384403160e-01 3.058264730656233610e+00 -7.605849588889619373e-01 6.808709548246012488e-01 -8.170311908254102029e-02 -2.308602386708299634e-02 8.407130845028301103e-01 1.188109087125135098e-02 0.000000000000000000e+00
-2.214232123341731417e-01 -1.662434034867156241e-01 1.200516316877093398e-01 2.322232898873059170e+00 -1.116491878381520308e-01 3.049717364216246285e+00 -7.586670834299414912e-01 6.774607770487547365e-01 -8.681758679798345923e-02 -2.442610364107025353e-02 8.369671486925518433e-01 1.296553318802351994e-02 0.000000000000000000e+00
-2.223014225394944199e-01 -1.678663962661841869e-01 1.221731883902379551e-01 2.319570400849250369e+00 -1.213086336014166378e-01 3.040249369692527015e+00 -7.565880867249711317e-01 6.734620406720007724e-01 -9.202326778076175273e-02 -2.576714673035805647e-02 8.327572902203818073e-01 1.418773583455844138e-02 0.000000000000000000e+00
-2.230663763628597807e-01 -1.693417370397747868e-01 1.241728874246126185e-01 2.317124137208183221e+00 -1.301939207491686901e-01 3.031319157754622573e+00 -7.546587596732632353e-01 6.694965272298455394e-01 -9.652467581326784618e-02 -2.690481169733708114e-02 8.287345853938172802e-01 1.536746522289580454e-02 0.000000000000000000e+00
-2.238442893711167503e-01 -1.709172367683989835e-01 1.263825424547598830e-01 2.314479753656385252e+00 -1.397802027514840617e-01 3.021440725583933062e+00 -7.525474721400756684e-01 6.649124946245194012e-01 -1.010800128578486223e-01 -2.803156810681978542e-02 8.242330442032562710e-01 1.670949659461938228e-02 0.000000000000000000e+00
-2.245145946675741466e-01 -1.723522234529437369e-01 1.284608241301016252e-01 2.312038107964438094e+00 -1.485873690444043937e-01 3.012136268309995923e+00 -7.505707408209643106e-01 6.604248684506541789e-01 -1.049976559794094655e-01 -2.897717130552825843e-02 8.199501485381908150e-01 1.801400236210806347e-02 0.000000000000000000e+00
-2.251877279533727183e-01 -1.738876085033596863e-01 1.307525849449817645e-01 2.309386347062417855e+00 -1.580768277254094301e-01 3.001856839324198667e+00 -7.483898782042983644e-01 6.552946215057526835e-01 -1.089382022863452093e-01 -2.990194151049066149e-02 8.151765654422782337e-01 1.950588023763523415e-02 0.000000000000000000e+00
-2.257588136751761121e-01 -1.752886874972058862e-01 1.329039535045090648e-01 2.306927920053301939e+00 -1.667826564225669550e-01 2.992184444231053675e+00 -7.463321202090213990e-01 6.503176394815853856e-01 -1.123008426367337886e-01 -3.066546979501637640e-02 8.106499905374705550e-01 2.096263559569238460e-02 0.000000000000000000e+00
-2.263217595861413967e-01 -1.767906952792087649e-01 1.352719898766430451e-01 2.304247630900907229e+00 -1.761489017157855663e-01 2.981508014152329356e+00 -7.440456632551339933e-01 6.446731361301897278e-01 -1.156538956071979651e-01 -3.139769137257145820e-02 8.056205442398286509e-01 2.263415200912380007e-02 0.000000000000000000e+00
-2.267890414865721127e-01 -1.781639789334673596e-01 1.374908173717211413e-01 2.301753018238523740e+00 -1.847278867311761275e-01 2.971471779553156001e+00 -7.418751869667192800e-01 6.392388893468557987e-01 -1.184898958520235190e-01 -3.198883823316338998e-02 8.008666685359827619e-01 2.426882317275505865e-02 0.000000000000000000e+00
-2.272373564260872225e-01 -1.796390058975005366e-01 1.399286950040426469e-01 2.299023601627437241e+00 -1.939420518824022110e-01 2.960403420435058663e+00 -7.394509114264201655e-01 6.331178798974176347e-01 -1.212894107899147311e-01 -3.253997109837687696e-02 7.956003340593783557e-01 2.614555487352849747e-02 0.000000000000000000e+00
-2.275963971017160858e-01 -1.809902150599201343e-01 1.422092135602375240e-01 2.296475674617767471e+00 -2.023665683930033765e-01 2.950005547414711771e+00 -7.371382223357952901e-01 6.272581265509162840e-01 -1.236270004367316933e-01 -3.296807008241791487e-02 7.906351365230346318e-01 2.798188558832759645e-02 0.000000000000000000e+00
-2.279247932833790569e-01 -1.824442314503489926e-01 1.447107577346001261e-01 2.293680597862911341e+00 -2.113970337379802444e-01 2.938545782029242215e+00 -7.345441036969764248e-01 6.206917699881897565e-01 -1.258997421110055193e-01 -3.334698797126574993e-02 7.851479594130352790e-01 3.008995028047724979e-02 0.000000000000000000e+00
-2.281712312335625326e-01 -1.837785730195210243e-01 1.470469500947301222e-01 2.291064718790202015e+00 -2.196367048350813533e-01 2.927787876580418391e+00 -7.320617046658862703e-01 6.144378688003566680e-01 -1.277662185609875767e-01 -3.362109590705675277e-02 7.799873524317070261e-01 3.214994491495096890e-02 0.000000000000000000e+00
-2.283756251818518657e-01 -1.852169620849582199e-01 1.496055408472196091e-01 2.288188580652140924e+00 -2.284499948696820937e-01 2.915938970080717674e+00 -7.292701792112652459e-01 6.074623841151666204e-01 -1.295449438530513753e-01 -3.383844730271005213e-02 7.742976419208071892e-01 3.451069366027870178e-02 0.000000000000000000e+00
-2.285053355977341716e-01 -1.865392338761610314e-01 1.519914356192730021e-01 2.285492526665210633e+00 -2.364726689172416130e-01 2.904821528918144935e+00 -7.265925038932451452e-01 6.008448948595104255e-01 -1.309674713493171883e-01 -3.396727563984803383e-02 7.689573381449258394e-01 3.681452357908979178e-02 0.000000000000000000e+00
-2.285808969456668560e-01 -1.879669991543785612e-01 1.546006096563746768e-01 2.282524506856385749e+00 -2.450323733891353051e-01 2.892582777205817024e+00 -7.235757415894306099e-01 5.934909084043928917e-01 -1.322784123959086511e-01 -3.403138292071328230e-02 7.630807403045297699e-01 3.945052458723943140e-02 0.000000000000000000e+00
-2.285899820171488628e-01 -1.892815065546502862e-01 1.570300640022918581e-01 2.279738884666875798e+00 -2.528036669673947578e-01 2.881106472218509573e+00 -7.206790878507787212e-01 5.865401911173405702e-01 -1.332836225493589932e-01 -3.402336847030783262e-02 7.575761860684177007e-01 4.201669667936934471e-02 0.000000000000000000e+00
-2.285331793237586062e-01 -1.907028654878495377e-01 1.596830859948417114e-01 2.276669767797139698e+00 -2.610720821933791846e-01 2.868480032652397593e+00 -7.174139857753142335e-01 5.788423905654938029e-01 -1.341580714932866236e-01 -3.394410821895894187e-02 7.515304774988016412e-01 4.494529586753461675e-02 0.000000000000000000e+00
-2.284180857495541062e-01 -1.920133534601841663e-01 1.621499895428946125e-01 2.273788429421473190e+00 -2.685560214618654129e-01 2.856645968967367111e+00 -7.142767820112010391e-01 5.715880729141724625e-01 -1.347721964406587425e-01 -3.380736529995638506e-02 7.458769859787268697e-01 4.779056308071563675e-02 0.000000000000000000e+00
-2.282246479138715645e-01 -1.934323228769019298e-01 1.648402352408111504e-01 2.270613805005528008e+00 -2.764925502633883703e-01 2.843632434116579955e+00 -7.107391053981668705e-01 5.635764188278598041e-01 -1.352357196283870966e-01 -3.359252310139265035e-02 7.396775464351859064e-01 5.103090608042070569e-02 0.000000000000000000e+00
-2.279821286639728273e-01 -1.947420595930402787e-01 1.673384289014979709e-01 2.267633836413018855e+00 -2.836515764281211105e-01 2.831442824210024245e+00 -7.073414444794438038e-01 5.560477955842603182e-01 -1.354845920322551578e-01 -3.333490179722491120e-02 7.338900979122802148e-01 5.417042762692025892e-02 0.000000000000000000e+00
-2.276493085357571000e-01 -1.961615976757737356e-01 1.700592168818433336e-01 2.264352060250936383e+00 -2.912155805462663949e-01 2.818046679889945061e+00 -7.035125512012095905e-01 5.477553777400261392e-01 -1.355671500260475781e-01 -3.299361562293665756e-02 7.275540382048182320e-01 5.773606327021089252e-02 0.000000000000000000e+00
-2.272764637411656685e-01 -1.974732707616432270e-01 1.725825352015719627e-01 2.261274327506742843e+00 -2.980108058146644368e-01 2.805505702014019054e+00 -6.998363902114914659e-01 5.399811444648940917e-01 -1.354759367587123897e-01 -3.262264976665622818e-02 7.216474798021587089e-01 6.118334220899351861e-02 0.000000000000000000e+00
-2.268007533040334311e-01 -1.988963081615886253e-01 1.753272567124117276e-01 2.257888931502520791e+00 -3.051588877199518102e-01 2.791731420413905873e+00 -6.956957073486362830e-01 5.314371577661881618e-01 -1.352025632728157678e-01 -3.216219129477613375e-02 7.151899133699618494e-01 6.509012046554489561e-02 0.000000000000000000e+00
-2.262950857500839741e-01 -2.002120591726073429e-01 1.778695849797832795e-01 2.254718379966181629e+00 -3.115506133591674498e-01 2.778845609310804043e+00 -6.917248010052736706e-01 5.234455106775647293e-01 -1.347960317324150559e-01 -3.168516296748869615e-02 7.091788258945167511e-01 6.885712853794835608e-02 0.000000000000000000e+00
-2.256745964759521439e-01 -2.016403267322009474e-01 1.806316774692047766e-01 2.251236481557424618e+00 -3.182404368651612359e-01 2.764702835068709952e+00 -6.872576811718020817e-01 5.146817133203865913e-01 -1.341954889066021561e-01 -3.111396484793713807e-02 7.026162643363434990e-01 7.311503210065907477e-02 0.000000000000000000e+00
-2.250340211328355211e-01 -2.029617841360220887e-01 1.831870455001216869e-01 2.247982254812992409e+00 -3.241886543313654556e-01 2.751481488194746916e+00 -6.829774486678266143e-01 5.065002161355541821e-01 -1.334981401751649255e-01 -3.053785860572034647e-02 6.965150288579992077e-01 7.721217227969148778e-02 0.000000000000000000e+00
-2.242661203547561821e-01 -2.043970122331442429e-01 1.859599584515699844e-01 2.244417008799402424e+00 -3.303755213670696023e-01 2.736981580931727276e+00 -6.781670473698437895e-01 4.975450040750264424e-01 -1.325945296173010046e-01 -2.986269109333101676e-02 6.898622527178994712e-01 8.183387196968543165e-02 0.000000000000000000e+00
-2.234889467275573693e-01 -2.057252310387808758e-01 1.885223956443258242e-01 2.241093006136712695e+00 -3.358399076143911977e-01 2.723437961495988713e+00 -6.735645723739688284e-01 4.892008543266173626e-01 -1.316301989865835687e-01 -2.919424390150493487e-02 6.836851171484880085e-01 8.627008248975535920e-02 0.000000000000000000e+00
-2.225726386813159929e-01 -2.071679436053892598e-01 1.912998234063517100e-01 2.237461416436689277e+00 -3.414816478553159840e-01 2.708598105621576657e+00 -6.683999040719781348e-01 4.800843878620853489e-01 -1.304508180978418697e-01 -2.842286969473649047e-02 6.769579056559206220e-01 9.126220292024410374e-02 0.000000000000000000e+00
-2.216576589690333055e-01 -2.085034291566543185e-01 1.938635245136121066e-01 2.234086452652018551e+00 -3.464225992134783993e-01 2.694749338497711477e+00 -6.634640678866525754e-01 4.716041838714870038e-01 -1.292429413854363496e-01 -2.766853971894455561e-02 6.707187184331101504e-01 9.604494895478218885e-02 0.000000000000000000e+00
-2.205912595404748988e-01 -2.099542718481473280e-01 1.966391952791736175e-01 2.230412133230280425e+00 -3.514754347315549587e-01 2.679589644516747526e+00 -6.579316836171492655e-01 4.623540600097466036e-01 -1.278114922995188252e-01 -2.680724845527771016e-02 6.639315858160159678e-01 1.014171274399604666e-01 0.000000000000000000e+00
-2.195376476619564921e-01 -2.112970256758367471e-01 1.991984825551628702e-01 2.227009938277398682e+00 -3.558540906577190022e-01 2.665457501762150905e+00 -6.526527657043941222e-01 4.537638341766142558e-01 -1.263829726908003437e-01 -2.597325251218957076e-02 6.576441953774752047e-01 1.065524843252034642e-01 0.000000000000000000e+00
-2.183211636572099379e-01 -2.127553323740741242e-01 2.019664678175311090e-01 2.223320767833914857e+00 -3.602783251386383334e-01 2.650004617276374930e+00 -6.467454083534076581e-01 4.444087484784111641e-01 -1.247255543863894367e-01 -2.502917230872949567e-02 6.508122550750403690e-01 1.123081829744883714e-01 0.000000000000000000e+00
-2.171285874642585045e-01 -2.141048322729641185e-01 2.045158217751801288e-01 2.219920183018705195e+00 -3.640575624300446123e-01 2.635615490835318209e+00 -6.411154192299528543e-01 4.357340338596961127e-01 -1.230987624345145637e-01 -2.412146089890580478e-02 6.444899772262194793e-01 1.178008278871007092e-01 0.000000000000000000e+00
-2.157612328382400302e-01 -2.155701846233282759e-01 2.072700870854181643e-01 2.216250691739819700e+00 -3.678122471883256139e-01 2.619900270884332638e+00 -6.348227690482590724e-01 4.263007510939855194e-01 -1.212380117808762314e-01 -2.310041742053703731e-02 6.376274771502761229e-01 1.239467878270014978e-01 0.000000000000000000e+00
-2.144298068495727461e-01 -2.169254185157965531e-01 2.098042197783799856e-01 2.212885572828555247e+00 -3.709569973151696232e-01 2.605285537385321426e+00 -6.288352505484612331e-01 4.175664815353935522e-01 -1.194350517228928155e-01 -2.212471634032146459e-02 6.312837608546801871e-01 1.298000913302378156e-01 0.000000000000000000e+00
-2.129125395154346789e-01 -2.183960819916985485e-01 2.125392633357033323e-01 2.209274201834140250e+00 -3.740071562295916863e-01 2.589344988805108994e+00 -6.221533793734523865e-01 4.080821659452943395e-01 -1.173956029601099793e-01 -2.103323017052549995e-02 6.244050820751144704e-01 1.363368285482157161e-01 0.000000000000000000e+00
-2.114427858811640526e-01 -2.197556497118083874e-01 2.150530950543105280e-01 2.205982761772977696e+00 -3.764850400262917951e-01 2.574540553874220983e+00 -6.158031383331857844e-01 3.993127426603133023e-01 -1.154380464008473162e-01 -1.999500930312571659e-02 6.180528436640301271e-01 1.425528379471640017e-01 0.000000000000000000e+00
-2.097758272080040842e-01 -2.212302166657395264e-01 2.177633124090415651e-01 2.202474356290768043e+00 -3.787954434895883793e-01 2.558416187366651329e+00 -6.087250553670003894e-01 3.898032601979128930e-01 -1.132418706079132420e-01 -1.883846918192075975e-02 6.111719677765652392e-01 1.494843138953405037e-01 0.000000000000000000e+00
-2.081687209493724988e-01 -2.225922355586416324e-01 2.202519069980101163e-01 2.199299372066732872e+00 -3.805771539996340991e-01 2.543463031501083993e+00 -6.020084965187932902e-01 3.810226183468398142e-01 -1.111506233619286022e-01 -1.774298202870586844e-02 6.048240570022522800e-01 1.560638364607061790e-01 0.000000000000000000e+00
-2.063539870993966463e-01 -2.240680847797835717e-01 2.229323954362510407e-01 2.195941291398420425e+00 -3.821201559826481464e-01 2.527201143663750038e+00 -5.945334028131044057e-01 3.715136019376301668e-01 -1.088212895144906600e-01 -1.652733013427415756e-02 5.979545661284474400e-01 1.633878623535603425e-01 0.000000000000000000e+00
-2.046109222344019707e-01 -2.254303127869370926e-01 2.253911298316362555e-01 2.192928988859752515e+00 -3.831802447720691340e-01 2.512144116422986961e+00 -5.874482624700303468e-01 3.627449443114625915e-01 -1.066168579221775659e-01 -1.537958780734217067e-02 5.916235664270566019e-01 1.703304736440447165e-01 0.000000000000000000e+00
-2.026495305970013594e-01 -2.269052399040914492e-01 2.280366894716791548e-01 2.189773982766888949e+00 -3.839283097218224583e-01 2.495795740868369528e+00 -5.795720301251482409e-01 3.532614609592039656e-01 -1.041754049928476089e-01 -1.410979468018699022e-02 5.847791758465257228e-01 1.780483644173647684e-01 0.000000000000000000e+00
-2.007723316806327984e-01 -2.282650881720041380e-01 2.304611476851054497e-01 2.186973561188006343e+00 -3.842455037062544321e-01 2.480683376403836959e+00 -5.721174427598528789e-01 3.445275575852618788e-01 -1.018777627623816961e-01 -1.291460543366225629e-02 5.784773377590711751e-01 1.853524998258274104e-01 0.000000000000000000e+00
-1.986670847926084171e-01 -2.297356878731511287e-01 2.330674513145977733e-01 2.184075072424821684e+00 -3.841801800558295454e-01 2.464302372155855014e+00 -5.638422688836770558e-01 3.350936090292788161e-01 -9.934629498820668481e-02 -1.159607021677482377e-02 5.716710303821284089e-01 1.934594950791649060e-01 0.000000000000000000e+00
-1.966579683056511318e-01 -2.310902634914122900e-01 2.354534804217917610e-01 2.181537650691464769e+00 -3.837377625144413607e-01 2.449186074708686434e+00 -5.560186672598376179e-01 3.264165974341234899e-01 -9.697488319554592451e-02 -1.035801343937552133e-02 5.654104712915700715e-01 2.011224415102452479e-01 0.000000000000000000e+00
-1.944108623955917159e-01 -2.325537335316725240e-01 2.380158961636209269e-01 2.178952573382681557e+00 -3.828413590796926336e-01 2.432829547493795097e+00 -5.473431869823091045e-01 3.170563185717947263e-01 -9.437377375886568664e-02 -8.995304078203699566e-03 5.586554963446386246e-01 2.096173927553800220e-01 0.000000000000000000e+00
-1.922724328573467145e-01 -2.338999160600706284e-01 2.403596556434655085e-01 2.176730029955232126e+00 -3.816275364008747673e-01 2.417762472315136080e+00 -5.391522355756068752e-01 3.084578036497695464e-01 -9.194776716385799631e-02 -7.718763582755452414e-03 5.524481006073410638e-01 2.176352886254975250e-01 0.000000000000000000e+00
-1.898870857282804192e-01 -2.353522591909532058e-01 2.428743926320373336e-01 2.174513805137104683e+00 -3.798921544480453605e-01 2.401488498150974316e+00 -5.300814423237697470e-01 2.991936981923062899e-01 -8.929752240506538818e-02 -6.316770514910360207e-03 5.457568084999760982e-01 2.265111384855408583e-01 0.000000000000000000e+00
-1.876223027046039493e-01 -2.366867057912856731e-01 2.451722565847763158e-01 2.172657899616677213e+00 -3.779001571995346254e-01 2.386524869562555384e+00 -5.215260373218901790e-01 2.906946856265091861e-01 -8.683529681923274346e-02 -5.005915812994822175e-03 5.396140942876539448e-01 2.348791401704628801e-01 0.000000000000000000e+00
-1.851015277584984464e-01 -2.381246892202894538e-01 2.476353044608482490e-01 2.170866889129288602e+00 -3.753190916225337403e-01 2.370392607441886845e+00 -5.120612626762893749e-01 2.815498564963678230e-01 -8.415562413039467948e-02 -3.568825454889252430e-03 5.329993347721150299e-01 2.441323433122136455e-01 0.000000000000000000e+00
-1.827136950575639907e-01 -2.394438908719216386e-01 2.498839435155046640e-01 2.169427989559581604e+00 -3.725473059294905909e-01 2.355586614950648805e+00 -5.031454986894084991e-01 2.731707527586514916e-01 -8.167515589109530794e-02 -2.227642185540160656e-03 5.269327203879418109e-01 2.528445419232716040e-01 0.000000000000000000e+00
-1.800618293589194840e-01 -2.408631821486041935e-01 2.522921194321302019e-01 2.168114526433161160e+00 -3.691238451834788492e-01 2.339653711129582092e+00 -4.932942327906100766e-01 2.641662389284437085e-01 -7.898523003206059379e-02 -7.598653977295578149e-04 5.204061447939982710e-01 2.624659104409690080e-01 0.000000000000000000e+00
-1.775545623859202671e-01 -2.421635333232761145e-01 2.544884782000895740e-01 2.167140439922288664e+00 -3.655757866931783617e-01 2.325058353229526809e+00 -4.840233029828534539e-01 2.559268679241725186e-01 -7.650396284443372608e-02 6.078629427886145676e-04 5.144267156460115009e-01 2.715154483383559469e-01 0.000000000000000000e+00
-1.747751169631200086e-01 -2.435606550430031991e-01 2.568383253039252523e-01 2.166355583895775538e+00 -3.613142092735386335e-01 2.309381959504599013e+00 -4.737893741249242230e-01 2.470847569861891191e-01 -7.382255910088764139e-02 2.102499101590306341e-03 5.080008075412728585e-01 2.814992564356563198e-01 0.000000000000000000e+00
-1.721523417773606901e-01 -2.448384781261738474e-01 2.589796427835941439e-01 2.165890554457902795e+00 -3.569984494584370616e-01 2.295048149287552519e+00 -4.641696367933945133e-01 2.390043766989956020e-01 -7.135753719591031441e-02 3.493161251234952816e-03 5.021194160109146987e-01 2.908783105836701410e-01 0.000000000000000000e+00
-1.692502510541342708e-01 -2.462089466288905348e-01 2.612685850154486955e-01 2.165678807822676966e+00 -3.519128318005586564e-01 2.279681270289287909e+00 -4.535628320933405289e-01 2.303440930844374290e-01 -6.870236558910103319e-02 5.010694938794753306e-03 4.958051609348776423e-01 3.012134062735087880e-01 0.000000000000000000e+00
-1.665161403559033693e-01 -2.474605480809708435e-01 2.633523397114205244e-01 2.165762505706248398e+00 -3.468426293358310986e-01 2.265657061962671026e+00 -4.436016442205490407e-01 2.224413456419521984e-01 -6.626996740747737036e-02 6.420869944910733915e-03 4.900323597979673873e-01 3.109132381748225815e-01 0.000000000000000000e+00
-1.634955239941187910e-01 -2.488008422386275842e-01 2.655774968190763308e-01 2.166165266610398987e+00 -3.409475704569091548e-01 2.250650788872966768e+00 -4.326281888174184354e-01 2.139839616129443622e-01 -6.365900427476356427e-02 7.957812979360438105e-03 4.838418085545645453e-01 3.215918816452814633e-01 0.000000000000000000e+00
-1.606544788633179066e-01 -2.500225251127535242e-01 2.676013843301073836e-01 2.166832234111792488e+00 -3.351405505745650437e-01 2.236980940927687733e+00 -4.223339393607988823e-01 2.062768732867959198e-01 -6.127494246692477553e-02 9.384240030058357135e-03 4.781880507183808859e-01 3.316029704989983395e-01 0.000000000000000000e+00
-1.575207584563215191e-01 -2.513282317646735597e-01 2.697607949078956735e-01 2.167882336315068770e+00 -3.284597114289726782e-01 2.222380098903266710e+00 -4.110057176109560562e-01 1.980403152464261241e-01 -5.872469940706470659e-02 1.093704811849409778e-02 4.721314897673226652e-01 3.426122121292768941e-01 0.000000000000000000e+00
-1.545773913953957246e-01 -2.525164025448032312e-01 2.717228447748361031e-01 2.169160875912243824e+00 -3.219376274603957810e-01 2.209104708958907537e+00 -4.003877276343237313e-01 1.905463130969976548e-01 -5.640442030733328060e-02 1.237664273227704649e-02 4.666067620859533083e-01 3.529241383176318081e-01 0.000000000000000000e+00
-1.513351525805353981e-01 -2.537841036107510995e-01 2.738140944245238684e-01 2.170886996386779622e+00 -3.144943177903183340e-01 2.194951962800501200e+00 -3.887131950742298003e-01 1.825505381086846013e-01 -5.393167523519459827e-02 1.394214660897190143e-02 4.606958427570088110e-01 3.642543241487785077e-01 0.000000000000000000e+00
-1.482942660032731119e-01 -2.549352347609001868e-01 2.757125227607782891e-01 2.172799234636320520e+00 -3.072825090094362110e-01 2.182106969253587270e+00 -3.777818176163224018e-01 1.752864666298708796e-01 -5.168995938762055431e-02 1.539197670789754085e-02 4.553100322160006930e-01 3.748559356847068202e-01 0.000000000000000000e+00
-1.449492591466879643e-01 -2.561607523928476349e-01 2.777342087743828736e-01 2.175220329595296320e+00 -2.991080465252529130e-01 2.168437041106788143e+00 -3.657746895255911679e-01 1.675478198448049905e-01 -4.930989232141680390e-02 1.696701803024623992e-02 4.495543418890941556e-01 3.864926180678081025e-01 0.000000000000000000e+00
-1.418157670931008973e-01 -2.572714937491414888e-01 2.795675513767268416e-01 2.177781466990006187e+00 -2.912349105213558609e-01 2.156053212345185432e+00 -3.545410099944462101e-01 1.605298577402281823e-01 -4.716125395394077380e-02 1.842431434289981337e-02 4.443170025788579780e-01 3.973719973054317123e-01 0.000000000000000000e+00
-1.383729397631590918e-01 -2.584516805404586393e-01 2.815176983594592786e-01 2.180911879621133309e+00 -2.823594630792478632e-01 2.142898977981956055e+00 -3.422118724384107247e-01 1.530672309573922196e-01 -4.488957754410294321e-02 2.000601980975751440e-02 4.387277265305677965e-01 4.093037579373137169e-01 0.000000000000000000e+00
-1.351518951079457576e-01 -2.595187990378553522e-01 2.832845907954700815e-01 2.184130555892979331e+00 -2.738560459489582932e-01 2.131002850537758064e+00 -3.306879749274743152e-01 1.463109743641861360e-01 -4.284759877828481223e-02 2.146815142426525963e-02 4.336481795149187968e-01 4.204482548614546511e-01 0.000000000000000000e+00
-1.316171824064306939e-01 -2.606498634408456749e-01 2.851623212737935953e-01 2.187974534538480675e+00 -2.643164300679172740e-01 2.118388383993613733e+00 -3.180521410824026507e-01 1.391391481276299802e-01 -4.069829462053653479e-02 2.305372055529817873e-02 4.282342393348966825e-01 4.326592812231451202e-01 0.000000000000000000e+00
-1.283136950223633110e-01 -2.616703358091539422e-01 2.868616044710467494e-01 2.191852699593294318e+00 -2.552158210502311064e-01 2.107001808129690179e+00 -3.062508087649072341e-01 1.326595523597910997e-01 -3.877602494571719127e-02 2.451820740289496064e-02 4.233215393615411548e-01 4.440556798968939289e-01 0.000000000000000000e+00
-1.246922652187597985e-01 -2.627495304516163088e-01 2.886653835478318886e-01 2.196410010379453936e+00 -2.450469932687737717e-01 2.094950159219253649e+00 -2.933207954879226698e-01 1.257962366907638407e-01 -3.676387358410782014e-02 2.610504153544566594e-02 4.180936875626883320e-01 4.565329224990514190e-01 0.000000000000000000e+00
-1.213115105646611347e-01 -2.637205660560248410e-01 2.902961897084376242e-01 2.200942852543122719e+00 -2.353840432506038027e-01 2.084090193957322423e+00 -2.812556104854276873e-01 1.196076495286649555e-01 -3.497422933157467995e-02 2.756953254423165356e-02 4.133565897737098704e-01 4.681672413266851906e-01 0.000000000000000000e+00
-1.176093753927773544e-01 -2.647445639143244933e-01 2.920255211037527387e-01 2.206203800160644768e+00 -2.246262583848146477e-01 2.072615859915630132e+00 -2.680482456256681467e-01 1.130660853312113051e-01 -3.311174762322766085e-02 2.915515993191341790e-02 4.083230155763784008e-01 4.808937558068741014e-01 0.000000000000000000e+00
-1.141565354138103089e-01 -2.656635683601809572e-01 2.935869844507231763e-01 2.211380592710647797e+00 -2.144369075533085756e-01 2.062296170722648370e+00 -2.557334891395190990e-01 1.071821721201958733e-01 -3.146644670177667358e-02 3.061744342982708131e-02 4.037700420872653018e-01 4.927515804289928081e-01 0.000000000000000000e+00
-1.103789415932077689e-01 -2.666301233350163447e-01 2.952406991571212558e-01 2.217331325738419956e+00 -2.031279066453670623e-01 2.051413640297847785e+00 -2.422629873193029859e-01 1.009788876378311245e-01 -2.976748308436061308e-02 3.219951508133467311e-02 3.989410652406790714e-01 5.057128525592722301e-01 0.000000000000000000e+00
-1.068592062306947532e-01 -2.674947814092092924e-01 2.967322406622767694e-01 2.223135214377588653e+00 -1.924490163952095045e-01 2.041643728457799067e+00 -2.297136396306315720e-01 9.541273115675420746e-02 -2.827824340278839443e-02 3.365749174842297409e-02 3.945804052717833410e-01 5.177791028262032080e-01 0.000000000000000000e+00
-1.030121136139156707e-01 -2.684010956017184868e-01 2.983101110550562818e-01 2.229753513826373990e+00 -1.806306220580173871e-01 2.031359745467991917e+00 -2.159981269901281309e-01 8.955940268638265533e-02 -2.675371683677263412e-02 3.523383344239768705e-02 3.899635159165084075e-01 5.309571895587286150e-01 0.000000000000000000e+00
-9.943063508015856367e-02 -2.692093380382307166e-01 2.997312513528734845e-01 2.236162362420717642e+00 -1.694994455492930818e-01 2.022146144086790276e+00 -2.032297842360681617e-01 8.432340327906991118e-02 -2.543159051360266432e-02 3.668553503616749090e-02 3.858031922406138237e-01 5.432163858466358963e-01 0.000000000000000000e+00
-9.551925661109660071e-02 -2.700537213432589456e-01 3.012324178869723590e-01 2.243422397952439695e+00 -1.572105744734839661e-01 2.012468394223363433e+00 -1.892850067152225257e-01 7.883531902982433837e-02 -2.409441733027373189e-02 3.825403288849407724e-02 3.814081774936560754e-01 5.565954746624350857e-01 0.000000000000000000e+00
-9.188113508161700749e-02 -2.708037336823871932e-01 3.025827262576879506e-01 2.250408998433696794e+00 -1.456645257460671417e-01 2.003815177010856985e+00 -1.763138808889098130e-01 7.394125286172094358e-02 -2.294965753570332723e-02 3.969759519618232257e-02 3.774558466988967020e-01 5.690315714257508928e-01 0.000000000000000000e+00
-8.791127700967311942e-02 -2.715839682021595758e-01 3.040072068015547968e-01 2.258277958477594716e+00 -1.329471247693776448e-01 1.994744547593151340e+00 -1.621590631818409789e-01 6.882854949050044857e-02 -2.180942511498584757e-02 4.125633505982730098e-02 3.732895309105495052e-01 5.825929869076796885e-01 0.000000000000000000e+00
-8.422152914016924063e-02 -2.722742118499289488e-01 3.052863890296284577e-01 2.265810618837571511e+00 -1.210234536303786967e-01 1.986653490427661817e+00 -1.490018656191157975e-01 6.428751445321147229e-02 -2.085188554504768810e-02 4.269000622077942508e-02 3.695526165584639422e-01 5.951896057057000089e-01 0.000000000000000000e+00
-8.019829161888321345e-02 -2.729891672604184416e-01 3.066334818510197402e-01 2.274252549528552159e+00 -1.079164199998543516e-01 1.978193292888695387e+00 -1.346541767924764044e-01 5.956421100644179734e-02 -1.992031179573805488e-02 4.423708643227689669e-02 3.656242875030289441e-01 6.089162703332681170e-01 0.000000000000000000e+00
-7.646185268932109702e-02 -2.736183699664178626e-01 3.078413178316847798e-01 2.282295460927794117e+00 -9.565209996068357867e-02 1.970664514827290770e+00 -1.213281764285322334e-01 5.538668497438103272e-02 -1.915931351424804419e-02 4.565920197081160120e-02 3.621099135495330912e-01 6.216566332511254123e-01 0.000000000000000000e+00
-7.239079241940743481e-02 -2.742664146541998749e-01 3.091112145434206093e-01 2.291268910753216481e+00 -8.219641388781173674e-02 1.962811874629756481e+00 -1.068076983814170988e-01 5.106133685706405745e-02 -1.844465423572527740e-02 4.719295389329106194e-02 3.584256964975175430e-01 6.355293056854571798e-01 0.000000000000000000e+00
-6.861248765572389163e-02 -2.748335658523037850e-01 3.102475563127770064e-01 2.299782501365568166e+00 -6.962787657257285545e-02 1.955844244151512701e+00 -9.333060523750298654e-02 4.725709030248072956e-02 -1.788898567428032216e-02 4.860196168583552634e-02 3.551407205824184121e-01 6.483961687550932051e-01 0.000000000000000000e+00
-6.449852087605535689e-02 -2.754141333476364251e-01 3.114396343317101801e-01 2.309243474018678022e+00 -5.586159871528639798e-02 1.948600141141921593e+00 -7.865573874856893188e-02 4.334243907595680678e-02 -1.740176035285023737e-02 5.012065426458842815e-02 3.517093706759057969e-01 6.623969392378578069e-01 0.000000000000000000e+00
-6.068306068958792543e-02 -2.759184720078556863e-01 3.125042604166086702e-01 2.318185090106331891e+00 -4.302467106438356836e-02 1.942192186888505478e+00 -6.504571225436782400e-02 3.992062245390885084e-02 -1.705927783666605357e-02 5.151508125016471956e-02 3.486603508333877000e-01 6.753729253331599569e-01 0.000000000000000000e+00
-5.653144458652981097e-02 -2.764305010979400401e-01 3.136188410924208858e-01 2.328085116969973889e+00 -2.898718195215632676e-02 1.935551823050249309e+00 -5.023722165773904236e-02 3.642364227128262050e-02 -1.680654384921753675e-02 5.301726639134832914e-02 3.454872609735855638e-01 6.894819533142362289e-01 0.000000000000000000e+00
-5.268340533497325312e-02 -2.768715263253694880e-01 3.146116348557678188e-01 2.337409048594444982e+00 -1.591692877048922483e-02 1.929701448502019634e+00 -3.651274997688098989e-02 3.339269863466343830e-02 -1.668483738740089706e-02 5.439572273276255948e-02 3.426805222112374039e-01 7.025492858349279279e-01 0.000000000000000000e+00
-4.849883854033071318e-02 -2.773149847678703095e-01 3.156481029394572757e-01 2.347697600416586816e+00 -1.645027851377989236e-03 1.923665324805394317e+00 -2.159012212159628491e-02 3.032479323494639833e-02 -1.667591579774940769e-02 5.587982750685804856e-02 3.397739814870385788e-01 7.167478626076582149e-01 0.000000000000000000e+00
-4.462268285556431763e-02 -2.776924426018363978e-01 3.165689634478799364e-01 2.357355664761193292e+00 1.162416765270002372e-02 1.918370352018281322e+00 -7.770103814996486523e-03 2.769251857172827513e-02 -1.678204276718897603e-02 5.724099826832197008e-02 3.372154493382858442e-01 7.298886317954088598e-01 0.000000000000000000e+00
-4.041009000864326239e-02 -2.780667978748271874e-01 3.175276157832887525e-01 2.367979047506014734e+00 2.609303558045805715e-02 1.912933739457312265e+00 7.245428831034550141e-03 2.505909750088465560e-02 -1.702252621362299045e-02 5.870575767381157328e-02 3.345801182815978936e-01 7.441567170725902347e-01 0.000000000000000000e+00
-3.651013421106581031e-02 -2.783806583310272087e-01 3.183763594607718628e-01 2.377920740660872667e+00 3.952766035487087493e-02 1.908192679864575192e+00 2.114187049824391845e-02 2.283258455806452814e-02 -1.736274504288060072e-02 6.004840698213183281e-02 3.322755518322978441e-01 7.573527468529600570e-01 0.000000000000000000e+00
-3.227398399689336561e-02 -2.786863830572343659e-01 3.192565323728938642e-01 2.388823182692571656e+00 5.415808940614841305e-02 1.903356994605490238e+00 3.622991810792536987e-02 2.064367628207415886e-02 -1.786075616672544442e-02 6.149238540874040621e-02 3.299191536102820677e-01 7.716709661376621732e-01 0.000000000000000000e+00
-2.835443086248140912e-02 -2.789368438022860053e-01 3.200329570427302706e-01 2.398995981171741398e+00 6.772531505955026176e-02 1.899168962053617404e+00 5.018333841874617063e-02 1.882935617756564470e-02 -1.844079265214459973e-02 6.281532732499407745e-02 3.278739790511557284e-01 7.849039472781568216e-01 0.000000000000000000e+00
-2.409932400732483701e-02 -2.791738944295126257e-01 3.208349262601081775e-01 2.410119842632622689e+00 8.248179496044905079e-02 1.894930675033061007e+00 6.532236891854582839e-02 1.708879419198201452e-02 -1.920072566919883705e-02 6.423741373520436282e-02 3.258004751159336854e-01 7.992522602831767520e-01 0.000000000000000000e+00
-2.016423978945697595e-02 -2.793613675508850314e-01 3.215387746134363289e-01 2.420469525053352999e+00 9.614959794480260058e-02 1.891295689821750337e+00 7.931318167554703147e-02 1.569238648034498515e-02 -2.002563981685079320e-02 6.553953306068496798e-02 3.240197524530522011e-01 8.125038169722746950e-01 0.000000000000000000e+00
-1.589443086648937090e-02 -2.795306828345155425e-01 3.222617673933513283e-01 2.431754758091394297e+00 1.109980085465327448e-01 1.887658338932616919e+00 9.448208119144760331e-02 1.440879276919723034e-02 -2.105441894594828334e-02 6.693840419633033390e-02 3.222363333395670271e-01 8.268622499894369149e-01 0.000000000000000000e+00
-1.194778435155916321e-02 -2.796557861828206093e-01 3.228927291788368237e-01 2.442225591053895251e+00 1.247349479849284570e-01 1.884577593742469803e+00 1.084904500056973059e-01 1.343534289234061922e-02 -2.212873812968640941e-02 6.821863150541265797e-02 3.207248895524061894e-01 8.401140064156168430e-01 0.000000000000000000e+00
-7.667573872433509560e-03 -2.797577592113464906e-01 3.235368345490401421e-01 2.453611409719266945e+00 1.396415225881915134e-01 1.881540267376334619e+00 1.236675969985987222e-01 1.261097594106880097e-02 -2.342915968997205667e-02 6.959330948703032482e-02 3.192347843434795718e-01 8.544625191577184253e-01 0.000000000000000000e+00
-3.713216321744292753e-03 -2.798213095354388780e-01 3.240945839302793452e-01 2.464146164422311713e+00 1.534168309060737201e-01 1.879016104803988396e+00 1.376736272245162040e-01 1.206481673725049233e-02 -2.475701180948575164e-02 7.085062944954877151e-02 3.179971800954061179e-01 8.676958997723767109e-01 0.000000000000000000e+00
5.733088908202040816e-04 -2.798573088591617131e-01 3.246588486226376635e-01 2.475569424233301508e+00 1.683483995449521764e-01 1.876585377773004826e+00 1.528373502210479407e-01 1.170684523455450994e-02 -2.633466843924869849e-02 7.219987008156697472e-02 3.168069801147360698e-01 8.820144519522149507e-01 0.000000000000000000e+00
4.531606441965110865e-03 -2.798603078748883033e-01 3.251428889934454558e-01 2.486109600137311304e+00 1.821317248121769872e-01 1.874621943901204624e+00 1.668210098938087416e-01 1.159161982492194938e-02 -2.791924928784572657e-02 7.343330481805876442e-02 3.158474431739805577e-01 8.952108812067484100e-01 0.000000000000000000e+00
8.820383693061192854e-03 -2.798311332749913172e-01 3.256272723317665818e-01 2.497507276926825615e+00 1.970558519830776234e-01 1.872799934388379217e+00 1.819497456115195810e-01 1.170073036702033546e-02 -2.977573888373985511e-02 7.475623008955561977e-02 3.149597117141162417e-01 9.094796988532293236e-01 0.000000000000000000e+00
1.277893334462850555e-02 -2.797747694576649402e-01 3.260370860162297713e-01 2.507993613648700659e+00 2.108172816500495372e-01 1.871402691151651476e+00 1.958910110886776523e-01 1.201936198698880590e-02 -3.161984478056534265e-02 7.596483084888243364e-02 3.142821036642591825e-01 9.226208675151436056e-01 0.000000000000000000e+00
1.706599552708263148e-02 -2.796821972606738926e-01 3.264404613437005831e-01 2.519299711193471403e+00 2.257013437584607374e-01 1.870199408023004661e+00 2.109627551590608219e-01 1.260123459714399506e-02 -3.375956155838921724e-02 7.726027562688103645e-02 3.137027995481397324e-01 9.368195108669010729e-01 0.000000000000000000e+00
2.102114955361574292e-02 -2.795678329410791751e-01 3.267753680296331398e-01 2.529671825354869785e+00 2.394111159309826320e-01 1.869375854402124171e+00 2.248415195743861117e-01 1.335594636204532996e-02 -3.586518987426079441e-02 7.844311862503973443e-02 3.133108155251936866e-01 9.498870431246746460e-01 0.000000000000000000e+00
2.530261043279448743e-02 -2.794130380066394692e-01 3.270974693601002570e-01 2.540821913185007830e+00 2.542235113984649963e-01 1.868797092257924009e+00 2.398349833534777209e-01 1.440969054576783127e-02 -3.828826699206921980e-02 7.971027563883466283e-02 3.130417696760684487e-01 9.639963374218598613e-01 0.000000000000000000e+00
2.925077680814492168e-02 -2.792422150840183637e-01 3.273567634415883720e-01 2.551018743349315443e+00 2.678520730054985144e-01 1.868556106468767686e+00 2.536312563540378262e-01 1.560198048371520124e-02 -4.065701562364010258e-02 8.086647870371414804e-02 3.129386720523687493e-01 9.769719240429984852e-01 0.000000000000000000e+00
3.352269237080991726e-02 -2.790273624810954978e-01 3.275962019683392734e-01 2.561944937839169878e+00 2.825600619298755944e-01 1.868615874686992528e+00 2.685242190914925997e-01 1.713174910782985436e-02 -4.336638255863234370e-02 8.210419946508529243e-02 3.129852440819315129e-01 9.909715626822998003e-01 0.000000000000000000e+00
3.746029063622840355e-02 -2.788017934753685978e-01 3.277790147249171060e-01 2.571904924473023879e+00 2.960777515792027970e-01 1.868968396531996756e+00 2.822180436138687076e-01 1.876240264328537036e-02 -4.599905045423002825e-02 8.323288874695289330e-02 3.131740954927317300e-01 1.003837227329445358e+00 0.000000000000000000e+00
4.171887042761258935e-02 -2.785284236641271671e-01 3.279353544260484310e-01 2.582541859116854077e+00 3.106499658478960590e-01 1.869676064932482173e+00 2.969896660741567218e-01 2.076572812259464690e-02 -4.899364194196964561e-02 8.444042424184367013e-02 3.135374172444458374e-01 1.017708501604204896e+00 0.000000000000000000e+00
4.564233040981553052e-02 -2.782499928431543257e-01 3.280407198792485435e-01 2.592203034547015505e+00 3.240269899076269056e-01 1.870634661888295636e+00 3.105612681472550429e-01 2.283479831072065744e-02 -5.189036225964893667e-02 8.554072589096671508e-02 3.140208475613224248e-01 1.030446401098053855e+00 0.000000000000000000e+00
4.988358625997343920e-02 -2.779206632579864222e-01 3.281123870689811595e-01 2.602481708860402865e+00 3.384300045034813742e-01 1.872007858818519832e+00 3.251893462247877342e-01 2.531426786461167533e-02 -5.517190935484461711e-02 8.671695259829224900e-02 3.147056461461226751e-01 1.044169204142041396e+00 0.000000000000000000e+00
5.378930229871113633e-02 -2.775914329331991004e-01 3.281392531419449199e-01 2.611781953521163935e+00 3.516361419020341827e-01 1.873586763410799660e+00 3.386190351012984268e-01 2.782108059275725104e-02 -5.833228262044154455e-02 8.778800940969487543e-02 3.154860855035704348e-01 1.056761761619399387e+00 0.000000000000000000e+00
5.800944433760265445e-02 -2.772080435359454698e-01 3.281255376497593246e-01 2.621636915738997153e+00 3.658380841908730474e-01 1.875638613003964839e+00 3.530833287717913271e-01 3.077265162591906120e-02 -6.189812216200318851e-02 8.893217831539855511e-02 3.164927936851339996e-01 1.070318117095256927e+00 0.000000000000000000e+00
6.189379768366120443e-02 -2.768302487764045527e-01 3.280727905160599756e-01 2.630514186387399533e+00 3.788427330927444103e-01 1.877853408021058712e+00 3.663517299547840445e-01 3.371580041213349810e-02 -6.532121626913656165e-02 8.997313308410487265e-02 3.175723060329976311e-01 1.082747955430010789e+00 0.000000000000000000e+00
6.608870829755686405e-02 -2.763957591072749853e-01 3.279719262380777489e-01 2.639876515274572011e+00 3.928088060090608735e-01 1.880604721635410259e+00 3.806302348497302979e-01 3.714045288462346217e-02 -6.917174773122747311e-02 9.108412066710187827e-02 3.189049518424732499e-01 1.096118289103726440e+00 0.000000000000000000e+00
6.994798495764191493e-02 -2.759718207175775317e-01 3.278382852745054810e-01 2.648269220373362209e+00 4.055805171156228184e-01 1.883472580561685872e+00 3.937180737108157413e-01 4.051778639408868538e-02 -7.285569846713424447e-02 9.209409954337921533e-02 3.202852682354613290e-01 1.108368497222954607e+00 0.000000000000000000e+00
7.411380095803983548e-02 -2.754884992448926595e-01 3.276493439666990359e-01 2.657074574036955461e+00 4.192777007521248933e-01 1.886939425386519265e+00 4.077913487542577098e-01 4.440990061988781684e-02 -7.698679395006502446e-02 9.317115678961290781e-02 3.219436186462536487e-01 1.121535698284524596e+00 0.000000000000000000e+00
7.794425004532468115e-02 -2.750210193531349989e-01 3.274335857623099644e-01 2.664921917749541791e+00 4.317844206410930141e-01 1.890478047594237987e+00 4.206797834287234195e-01 4.821853306789136706e-02 -8.092960394392734180e-02 9.414927760135018142e-02 3.236261705334521066e-01 1.133589564852386822e+00 0.000000000000000000e+00
8.207665681597640928e-02 -2.744922376203677850e-01 3.271546085232054368e-01 2.673102720255132070e+00 4.451759159068906513e-01 1.894683581245929060e+00 4.345262570158314741e-01 5.257744533732174735e-02 -8.534019818326221696e-02 9.519123105546527241e-02 3.256136210759509875e-01 1.146534658279043661e+00 0.000000000000000000e+00
8.587439994945413047e-02 -2.739840058540675694e-01 3.268552557425699057e-01 2.680344997567990273e+00 4.573844270797362555e-01 1.898912052279513762e+00 4.471966453760469751e-01 5.681373152212158828e-02 -8.953853848371751134e-02 9.613659498579454898e-02 3.275995070113094654e-01 1.158376004591917585e+00 0.000000000000000000e+00
8.996937983116641557e-02 -2.734124266221059640e-01 3.264852633782414637e-01 2.687840101365149614e+00 4.704354686145464370e-01 1.903873343911416161e+00 4.607978085372451682e-01 6.163224297786160100e-02 -9.422343831533042113e-02 9.714267066659923455e-02 3.299150257105924466e-01 1.171083011417121789e+00 0.000000000000000000e+00
9.373048462324266861e-02 -2.728664132334611137e-01 3.261009193304222342e-01 2.694419537548022880e+00 4.823117474999869536e-01 1.908810505804300339e+00 4.732320743773114624e-01 6.629179700603750336e-02 -9.867384681296198501e-02 9.805435393151742951e-02 3.322050779319516423e-01 1.182696124824575756e+00 0.000000000000000000e+00
9.778342468559299283e-02 -2.722558466105400310e-01 3.256377890415494414e-01 2.701164708226879263e+00 4.949828700662282088e-01 1.914551341974210841e+00 4.865668548504745727e-01 7.156756073737650936e-02 -1.036303890757630519e-01 9.902331180462912996e-02 3.348513945281360593e-01 1.195146669236805126e+00 0.000000000000000000e+00
1.015037927031808701e-01 -2.716752325479298014e-01 3.251669891630561415e-01 2.707025831476361777e+00 5.064915352769441270e-01 1.920215735443217442e+00 4.987471549910881818e-01 7.664522689550565260e-02 -1.083286047128262375e-01 9.990034068586264859e-02 3.374460457991730333e-01 1.206516236562571454e+00 0.000000000000000000e+00
1.055104846674384117e-01 -2.710287293443636170e-01 3.246096314656293225e-01 2.712965268136759978e+00 5.187458160012807795e-01 1.926752594616303327e+00 5.117982422291305067e-01 8.236946695441399457e-02 -1.135501315040901016e-01 1.008313568358191470e-01 3.404214625270640671e-01 1.218695538017776414e+00 0.000000000000000000e+00
1.091859134611828097e-01 -2.704168754910774020e-01 3.240508467795567005e-01 2.718055677797232672e+00 5.298503778982217582e-01 1.933161956333577347e+00 5.237072994127196512e-01 8.785934051501696762e-02 -1.184910942745140972e-01 1.016727492927160525e-01 3.433208460058333467e-01 1.229806778717804860e+00 0.000000000000000000e+00
1.131414352878630653e-01 -2.697386882662680119e-01 3.233971387611535575e-01 2.723132043275402925e+00 5.416455549855108131e-01 1.940516166636746309e+00 5.364544533913566671e-01 9.402798725845386285e-02 -1.239736108526057201e-01 1.025644838165938599e-01 3.466273602362485162e-01 1.241697659826954236e+00 0.000000000000000000e+00
1.167675609813445675e-01 -2.690991637715905438e-01 3.227488763892443213e-01 2.727403361215507083e+00 5.523082105795245056e-01 1.947686268552011546e+00 5.480753898345127606e-01 9.992338535167025193e-02 -1.291517281181013832e-01 1.033691995518533358e-01 3.498313094751819285e-01 1.252536325989413113e+00 0.000000000000000000e+00
1.206674523071153554e-01 -2.683927377570660688e-01 3.219977092918958617e-01 2.731569791336790232e+00 5.636049894601935506e-01 1.955870451784267550e+00 5.605025982976903354e-01 1.065260857408980438e-01 -1.348871118416956616e-01 1.042207453104061765e-01 3.534664910736264321e-01 1.264125470947056407e+00 0.000000000000000000e+00
1.242398101150332668e-01 -2.677292910898682043e-01 3.212585779079171755e-01 2.734978846854951851e+00 5.737869881409416450e-01 1.963813969091273925e+00 5.718192352967913505e-01 1.128195681604324263e-01 -1.402963914898103237e-01 1.049877024148353627e-01 3.569744401509924447e-01 1.274677980450386494e+00 0.000000000000000000e+00
1.280787608018895685e-01 -2.669993260422506287e-01 3.204078587980097037e-01 2.738188319940364046e+00 5.845402184409116408e-01 1.972843476220038861e+00 5.839071237475792486e-01 1.198504798858097548e-01 -1.462790497206187812e-01 1.057976029918420990e-01 3.609395874084978528e-01 1.285949010815819804e+00 0.000000000000000000e+00
1.315926905727001495e-01 -2.663158958590325920e-01 3.195763284635452228e-01 2.740697647588985930e+00 5.942014506424109221e-01 1.981570113978552872e+00 5.949037153626799412e-01 1.265338157994180812e-01 -1.519121680583543910e-01 1.065256529772209138e-01 3.647507373759693583e-01 1.296202447328733909e+00 0.000000000000000000e+00
1.353659873673490055e-01 -2.655662102195553431e-01 3.186250982905221019e-01 2.742916882059401651e+00 6.043699110182614298e-01 1.991449238436079128e+00 6.066378028626507879e-01 1.339810212150668312e-01 -1.581327797325615681e-01 1.072928930425159078e-01 3.690427210782546430e-01 1.307143778351215646e+00 0.000000000000000000e+00
1.388167249300024664e-01 -2.648669089715055547e-01 3.176999039136055303e-01 2.744496559714537653e+00 6.134697014354033584e-01 2.000962923148249750e+00 6.172993688126194867e-01 1.410452224540701405e-01 -1.639824130669205182e-01 1.079808458087322398e-01 3.731558402238275840e-01 1.317085758174644905e+00 0.000000000000000000e+00
1.425186774837841341e-01 -2.641026145696309113e-01 3.166462296178502722e-01 2.745694232897834652e+00 6.230061143153378111e-01 2.011696172450705866e+00 6.286614127083063330e-01 1.489010649718563173e-01 -1.704337876495829462e-01 1.087038274656614983e-01 3.777751930031108540e-01 1.327682342994015663e+00 0.000000000000000000e+00
1.459012862688918721e-01 -2.633917199186628366e-01 3.156261103383998790e-01 2.746322841042081908e+00 6.315030371413361543e-01 2.021995107916013446e+00 6.389735719232566558e-01 1.563363277744917457e-01 -1.764915470231316341e-01 1.093504013664407110e-01 3.821887500091583068e-01 1.337301414535272848e+00 0.000000000000000000e+00
1.495269064505639345e-01 -2.626169625167977806e-01 3.144692315593195509e-01 2.746484045187696843e+00 6.403651642140473221e-01 2.033573697009215309e+00 6.499507224623998214e-01 1.645873168190184199e-01 -1.831628987118347762e-01 1.100279761267841105e-01 3.871316435713726412e-01 1.347543266297445141e+00 0.000000000000000000e+00
1.528362950523244612e-01 -2.618989061626397774e-01 3.133530937706576758e-01 2.746149958661190382e+00 6.482176039564997438e-01 2.044648602175004992e+00 6.598997596627177442e-01 1.723830717647096555e-01 -1.894198625349212683e-01 1.106318395815811817e-01 3.918438075146452038e-01 1.356828643754115271e+00 0.000000000000000000e+00
1.563795825768558301e-01 -2.611191263399368356e-01 3.120914459688381992e-01 2.745264863374405007e+00 6.563577612722242272e-01 2.057060603891269324e+00 6.704753055094768710e-01 1.810197198245934724e-01 -1.963026692141767171e-01 1.112622347787381449e-01 3.971099755436815482e-01 1.366702446653638603e+00 0.000000000000000000e+00
1.596105326167036875e-01 -2.603984620124116245e-01 3.108783445115125277e-01 2.743967268880043164e+00 6.635243940045612021e-01 2.068893670298253440e+00 6.800483043638757552e-01 1.891645818996804951e-01 -2.027491169488224720e-01 1.118219563384671572e-01 4.021185160267662373e-01 1.375644010013579610e+00 0.000000000000000000e+00
1.630662078574340035e-01 -2.596180633247985314e-01 3.095114638914415739e-01 2.742044522052203614e+00 6.709010292224406591e-01 2.082112256702076891e+00 6.902110602416726692e-01 1.981718088252487908e-01 -2.098309949195611424e-01 1.124038820037846775e-01 4.077034644382850903e-01 1.385141508251074738e+00 0.000000000000000000e+00
1.662134108876908434e-01 -2.588994235764362495e-01 3.082006852666077101e-01 2.739795000043861783e+00 6.773415761962935377e-01 2.094676057338882291e+00 6.993960365252469558e-01 2.066536273572580629e-01 -2.164566733955692879e-01 1.129179636403324499e-01 4.130058514581464446e-01 1.393730335924634689e+00 0.000000000000000000e+00
1.695751189409453463e-01 -2.581241019036006334e-01 3.067274198935552865e-01 2.736850631936039058e+00 6.839085999296288243e-01 2.108668452891239831e+00 7.091307558368408204e-01 2.160200647796076678e-01 -2.237273694875947516e-01 1.134494307253713780e-01 4.189085482772253455e-01 1.402839678433250858e+00 0.000000000000000000e+00
1.726330669090426484e-01 -2.574122391062318993e-01 3.053184755085996405e-01 2.733673376984868231e+00 6.895840504823391726e-01 2.121925008925139355e+00 7.179162579569031699e-01 2.248258402134682421e-01 -2.305212265864413634e-01 1.139162662197054643e-01 4.245018523566642665e-01 1.411067248304941568e+00 0.000000000000000000e+00
1.758953918303813035e-01 -2.566464961623213248e-01 3.037389476022329671e-01 2.729744269398715950e+00 6.953038042352877035e-01 2.136641855226162789e+00 7.272139525336152044e-01 2.345348433757860895e-01 -2.379672918362483180e-01 1.143958183082446622e-01 4.307170378401503075e-01 1.419782576130280471e+00 0.000000000000000000e+00
1.788585450109939357e-01 -2.559461571102156774e-01 3.022316017949106537e-01 2.725677020667755635e+00 7.001776813525695253e-01 2.150542559104808404e+00 7.355896607409415644e-01 2.436508437871273136e-01 -2.449176096491372245e-01 1.148137182175485299e-01 4.365980298963449968e-01 1.427641697665158693e+00 0.000000000000000000e+00
1.820148511723173324e-01 -2.551957875468123804e-01 3.005452321361573587e-01 2.720807966655652610e+00 7.050088747262912570e-01 2.165927499182027205e+00 7.444368150402392859e-01 2.536891135287198118e-01 -2.525270598318205550e-01 1.152391249121750699e-01 4.431239397000160674e-01 1.435952890795078041e+00 0.000000000000000000e+00
1.848775606791820403e-01 -2.545117157009414433e-01 2.989395600928752561e-01 2.715901667823160004e+00 7.090477667451464683e-01 2.180412749280195239e+00 7.523932751129600582e-01 2.631006915315461936e-01 -2.596213215016280884e-01 1.156062916027129350e-01 4.492890244654950127e-01 1.443437039248473219e+00 0.000000000000000000e+00
1.879222481425146807e-01 -2.537812211713630361e-01 2.971471333206426868e-01 2.710158431949737157e+00 7.129595376729125356e-01 2.196393090127462422e+00 7.607828317579549138e-01 2.734500018437031055e-01 -2.673793760731379976e-01 1.159758967501238885e-01 4.561196664768983888e-01 1.451340369257446916e+00 0.000000000000000000e+00
1.906788058934798247e-01 -2.531181258791334598e-01 2.954435683915790367e-01 2.704477210482076899e+00 7.161340083480087770e-01 2.211392790081537996e+00 7.683115215805815801e-01 2.831417943274763260e-01 -2.746045321105230475e-01 1.162904327196190579e-01 4.625648824995400310e-01 1.458444218307178630e+00 0.000000000000000000e+00
1.936050904789152483e-01 -2.524131789007800775e-01 2.935452083762571385e-01 2.697932470134375649e+00 7.190935514380223381e-01 2.227889719874760033e+00 7.762320955576135217e-01 2.937868819682001864e-01 -2.824973426331907067e-01 1.166017562510493349e-01 4.696976934261264947e-01 1.465931695711936378e+00 0.000000000000000000e+00
1.962497396209785250e-01 -2.517756710146855093e-01 2.917445970516887033e-01 2.691552467390315950e+00 7.213789391549614294e-01 2.243324216428853379e+00 7.833254917000668227e-01 3.037426103607570038e-01 -2.898396777585392492e-01 1.168616225167922185e-01 4.764187463586730953e-01 1.472650984300260868e+00 0.000000000000000000e+00
1.990519825771067397e-01 -2.511005521579703914e-01 2.897419341669787984e-01 2.684297408770782489e+00 7.233658452550790763e-01 2.260244987503854386e+00 7.907722893191736491e-01 3.146636680694402943e-01 -2.978512652658247273e-01 1.171127752523435095e-01 4.838469684291766271e-01 1.479721144362203367e+00 0.000000000000000000e+00
2.015789951884169040e-01 -2.504930589757552450e-01 2.878454369999433049e-01 2.677304329803631866e+00 7.247429626954460247e-01 2.276027415714746649e+00 7.974240667738645705e-01 3.248663380740747231e-01 -3.052961320931411038e-01 1.173158496078404445e-01 4.908391977397205119e-01 1.486052410379703037e+00 0.000000000000000000e+00
2.042503232255177548e-01 -2.498531338551993608e-01 2.857394496656435190e-01 2.669433957176289951e+00 7.257360143546263131e-01 2.293276422265235759e+00 8.043878335502583354e-01 3.360461218826592544e-01 -3.134107839346125246e-01 1.175040685178817962e-01 4.985594687132648417e-01 1.492699660460540922e+00 0.000000000000000000e+00
2.066539126168162877e-01 -2.492799374513653410e-01 2.837487402344325282e-01 2.661922386612918690e+00 7.261915945712527076e-01 2.309313806626935861e+00 8.105924662579249151e-01 3.464778237410405248e-01 -3.209430024456836339e-01 1.176480789538278393e-01 5.058178809747622129e-01 1.498640906536398809e+00 0.000000000000000000e+00
2.091887972997353851e-01 -2.486790120749383659e-01 2.815420372767785118e-01 2.653544772588236622e+00 7.261836889819308638e-01 2.326786526079173356e+00 8.170709385046789341e-01 3.578949284922647300e-01 -3.291435412323100440e-01 1.177712251871087801e-01 5.138227440002951507e-01 1.504866045584458911e+00 0.000000000000000000e+00
2.114632922348164690e-01 -2.481440701968448403e-01 2.794591946637932089e-01 2.645613987894499974e+00 7.257110589164974535e-01 2.342983289841621186e+00 8.228242985656316622e-01 3.685369534977349648e-01 -3.367469993025409281e-01 1.178537665361444331e-01 5.213419463115384067e-01 1.510416073296184214e+00 0.000000000000000000e+00
2.138549178820965402e-01 -2.475869640427267038e-01 2.771538026326427206e-01 2.636836603352556541e+00 7.246949137922094053e-01 2.360577051008366123e+00 8.288105520639116319e-01 3.801721045632093787e-01 -3.450159813291824307e-01 1.179087608126545561e-01 5.296271403313158599e-01 1.516216171834267712e+00 0.000000000000000000e+00
2.159947097256745274e-01 -2.470939382759921310e-01 2.749814684173975676e-01 2.628589261397288546e+00 7.232941425473002894e-01 2.376836982530312170e+00 8.341095768428967716e-01 3.910048451922429891e-01 -3.526740342017598007e-01 1.179272947493658213e-01 5.374014068959614976e-01 1.521375380656023513e+00 0.000000000000000000e+00
2.182377987827129329e-01 -2.465837306137914076e-01 2.725809932735992480e-01 2.619525223533545333e+00 7.212771111040550132e-01 2.394447443220590444e+00 8.396040110668666623e-01 4.028351060970793429e-01 -3.609928173407856988e-01 1.179117235793672724e-01 5.459588425581722859e-01 1.526753767635493197e+00 0.000000000000000000e+00
2.202374180541004922e-01 -2.461359093222613981e-01 2.703223097233113936e-01 2.611063212264763234e+00 7.189549728258786132e-01 2.410677029809330740e+00 8.444468363511211662e-01 4.138382224568507017e-01 -3.686881544686242407e-01 1.178635702979072691e-01 5.539820813952267553e-01 1.531523355989770518e+00 0.000000000000000000e+00
2.223253809162615557e-01 -2.456766077450488750e-01 2.678299836053639194e-01 2.601820087223343236e+00 7.159443805025405005e-01 2.428206413656638585e+00 8.494450570849819693e-01 4.258421547542738383e-01 -3.770375639601861728e-01 1.177740215062533652e-01 5.628065655357451513e-01 1.536479765094517225e+00 0.000000000000000000e+00
2.241795349098918144e-01 -2.452768113314389431e-01 2.654886227170700219e-01 2.593242554133257549e+00 7.127142125092507108e-01 2.444317496348894281e+00 8.538311502422879506e-01 4.369943415560624822e-01 -3.847519426898187156e-01 1.176563430755854928e-01 5.710722851900513763e-01 1.540862529300460526e+00 0.000000000000000000e+00
2.261075232844711735e-01 -2.448705214227263893e-01 2.629091437373048401e-01 2.583926595914626034e+00 7.087314122765677737e-01 2.461673518147376782e+00 8.583363532793476525e-01 4.491474774535573200e-01 -3.931118716676864633e-01 1.174901035669156935e-01 5.801550626667938415e-01 1.545403218959045422e+00 0.000000000000000000e+00
2.278111361847408312e-01 -2.445211003956568596e-01 2.604893433399676494e-01 2.575326987525475175e+00 7.046126444743148198e-01 2.477585618868781481e+00 8.622663800999775807e-01 4.604266970393426917e-01 -4.008265167134279494e-01 1.172999122531920013e-01 5.886564720775719906e-01 1.549403020600235603e+00 0.000000000000000000e+00
2.295730141487682396e-01 -2.441707511817241549e-01 2.578272207269897698e-01 2.566034245344827713e+00 6.996783735290170725e-01 2.494686548594933662e+00 8.662769675435824102e-01 4.727054675612620271e-01 -4.091760593630444642e-01 1.170531870229529758e-01 5.979914509095449748e-01 1.553530387657640288e+00 0.000000000000000000e+00
2.311213182169779279e-01 -2.438734503066275761e-01 2.553337951766353475e-01 2.557498775938938707e+00 6.946961822507495832e-01 2.510328854743893778e+00 8.697531251354356785e-01 4.840886835876148653e-01 -4.168712633328282013e-01 1.167873286447574099e-01 6.067212929628247320e-01 1.557152819372366048e+00 0.000000000000000000e+00
2.327128543936008709e-01 -2.435799795846513294e-01 2.525949300886859428e-01 2.548319071951619996e+00 6.888437765213515362e-01 2.527103350372768009e+00 8.732750890980381930e-01 4.964670563343032139e-01 -4.251889812074183261e-01 1.164571049919660012e-01 6.162989523491312349e-01 1.560875918576296817e+00 0.000000000000000000e+00
2.341013715372434190e-01 -2.433360037165971379e-01 2.500332763816137116e-01 2.539924802313934027e+00 6.830280895896332360e-01 2.542415977664463256e+00 8.763007064124772594e-01 5.079305000884948296e-01 -4.328445040769601793e-01 1.161122505979359648e-01 6.252497036148331189e-01 1.564127638267283738e+00 0.000000000000000000e+00
2.355171652453822984e-01 -2.431009749433246381e-01 2.472234735429496011e-01 2.530935098752879142e+00 6.762891308630010201e-01 2.558805898114356658e+00 8.793356447907315632e-01 5.203827422659191848e-01 -4.411076271492035961e-01 1.156943257214968629e-01 6.350631193366388372e-01 1.567452062256029510e+00 0.000000000000000000e+00
2.367418568984812621e-01 -2.429108164583736185e-01 2.445995657023407044e-01 2.522749178720995911e+00 6.696742037425633676e-01 2.573740891123685870e+00 8.819157152548002809e-01 5.319016796393252200e-01 -4.487022967878369073e-01 1.152669799127016143e-01 6.442267903314924382e-01 1.570341325722656611e+00 0.000000000000000000e+00
2.379785476659281584e-01 -2.427337875416168134e-01 2.417259414228432879e-01 2.514017727851728168e+00 6.620908698060246067e-01 2.589700623964771964e+00 8.844726162173852657e-01 5.444001942406897498e-01 -4.568880550304135202e-01 1.147579998941170298e-01 6.542657757976279020e-01 1.573279191879177530e+00 0.000000000000000000e+00
2.390358062998704791e-01 -2.425972812599992978e-01 2.390463006276742630e-01 2.506096807233924473e+00 6.547141730836281148e-01 2.604222132362300268e+00 8.866134648386727601e-01 5.559491254658728288e-01 -4.643999669381726481e-01 1.142444925016793122e-01 6.636340441432269088e-01 1.575815453343314410e+00 0.000000000000000000e+00
2.400889571901862751e-01 -2.424783196805964103e-01 2.361160137769431899e-01 2.497679172287374350e+00 6.463256726065544910e-01 2.619718941088886144e+00 8.886971220755507384e-01 5.684659160102181197e-01 -4.724837261109993136e-01 1.136398051314200103e-01 6.738906098704217085e-01 1.578375816415316768e+00 0.000000000000000000e+00
2.409757012688535649e-01 -2.423945786039829742e-01 2.333878281210461925e-01 2.490070293481928321e+00 6.382274949539725739e-01 2.633802601584136927e+00 8.904066051792726144e-01 5.800183093448183502e-01 -4.798903765766731055e-01 1.130362662493808040e-01 6.834548202932233529e-01 1.580570394311596516e+00 0.000000000000000000e+00
2.418431239289522972e-01 -2.423316961981767381e-01 2.304091325832250403e-01 2.482012238373877633e+00 6.290814251188359130e-01 2.648816697076397109e+00 8.920292692314578664e-01 5.925243140867486602e-01 -4.878479684928571647e-01 1.123321847138127050e-01 6.939181139000356602e-01 1.582768301159238833e+00 0.000000000000000000e+00
2.425568692425384698e-01 -2.422991039636528121e-01 2.276400735970241507e-01 2.474752461972396400e+00 6.203038178337578756e-01 2.662449326011944617e+00 8.933167744604566529e-01 6.040529387086198687e-01 -4.951259882778802357e-01 1.116345696662664616e-01 7.036690784942790655e-01 1.584633712344784673e+00 0.000000000000000000e+00
2.432353942207431674e-01 -2.422907044499430784e-01 2.246214014483850496e-01 2.467088974021456771e+00 6.104436098940588806e-01 2.676971808481044324e+00 8.944867677063557121e-01 6.165178641907357315e-01 -5.029307813265209148e-01 1.108259590579127318e-01 7.143303115491115296e-01 1.586481679825190616e+00 0.000000000000000000e+00
2.437743167832069346e-01 -2.423068674285489277e-01 2.218197238003073724e-01 2.460207090654441320e+00 6.010298560628748454e-01 2.690150310833820502e+00 8.953633471791554443e-01 6.279944905923232623e-01 -5.100560688230277862e-01 1.100299984647368917e-01 7.242586426719542780e-01 1.588032571685998429e+00 0.000000000000000000e+00
2.442631691646211800e-01 -2.423494219178749798e-01 2.187705005025720184e-01 2.452965196076464682e+00 5.905056620214406138e-01 2.704182834523904511e+00 8.960961159530906883e-01 6.403876438830614637e-01 -5.176826298157151118e-01 1.091127974629352015e-01 7.351060972660103943e-01 1.589548975610689530e+00 0.000000000000000000e+00
2.446261763565157066e-01 -2.424112129981923491e-01 2.159449887980308125e-01 2.446481846171551844e+00 5.804997352988774395e-01 2.716912751233036438e+00 8.965744196848689507e-01 6.517831770294559846e-01 -5.246303510465410991e-01 1.082140388516823065e-01 7.452018746423918483e-01 1.590801060797190303e+00 0.000000000000000000e+00
2.449237724077737988e-01 -2.425014467945371954e-01 2.128748238071541676e-01 2.439680205812374325e+00 5.693565454175093521e-01 2.730465394191681217e+00 8.968820147907730078e-01 6.640720675635176651e-01 -5.320501175805834038e-01 1.071826298510082376e-01 7.562258302376930752e-01 1.592002279606870463e+00 0.000000000000000000e+00
2.451105655754672319e-01 -2.426049796993479113e-01 2.100347592755882897e-01 2.433609577316006689e+00 5.588024836863954015e-01 2.742759822712474982e+00 8.969764238514164045e-01 6.753564803134286532e-01 -5.387946396202365484e-01 1.061763960450138322e-01 7.664788672764436539e-01 1.592973134982258898e+00 0.000000000000000000e+00
2.452178357638502282e-01 -2.427378167727738678e-01 2.069540735022954436e-01 2.427260710510448227e+00 5.470904123811459741e-01 2.755850486626854945e+00 8.968777537330289151e-01 6.875088172625964944e-01 -5.459807803476517396e-01 1.050263099282631174e-01 7.776669401739209064e-01 1.593880873439812218e+00 0.000000000000000000e+00
2.452289677272832813e-01 -2.428785078058668667e-01 2.041091376070662267e-01 2.421611764847446668e+00 5.360318037068587671e-01 2.767728617023369697e+00 8.966043136681050019e-01 6.986513501054335551e-01 -5.524956713223125870e-01 1.039077240137809832e-01 7.880665842306803226e-01 1.594589940080046064e+00 0.000000000000000000e+00
2.451461952866897942e-01 -2.430490648319702518e-01 2.010286439896584176e-01 2.415722634728065366e+00 5.237954624863379038e-01 2.780380291013730520e+00 8.961153572919665633e-01 7.106322460594274304e-01 -5.594176264695920331e-01 1.026328022209327950e-01 7.994080552069463552e-01 1.595224305051702762e+00 0.000000000000000000e+00
2.449831204056479861e-01 -2.432216558379893534e-01 1.981890324027378858e-01 2.410500013642931094e+00 5.122753651674569753e-01 2.791865776419395484e+00 8.954918447017518046e-01 7.216010076411367713e-01 -5.656757221361419230e-01 1.013967459352429629e-01 8.099433207422179759e-01 1.595692621929393429e+00 0.000000000000000000e+00
2.447132436024413438e-01 -2.434234335423435258e-01 1.951199758061113732e-01 2.405073721996553893e+00 4.995632000133496398e-01 2.804106603405373654e+00 8.946352389371277081e-01 7.333767070331401738e-01 -5.723053953537853289e-01 9.999211155255111061e-02 8.214250737289039428e-01 1.596079046603563922e+00 0.000000000000000000e+00
2.443784309066769633e-01 -2.436220121663758842e-01 1.922962390652443176e-01 2.400278603321654103e+00 4.876237420859506067e-01 2.815226508847859410e+00 8.936813612136885743e-01 7.441390070513411725e-01 -5.782787990998057293e-01 9.863326689585180662e-02 8.320845091500005397e-01 1.596329383746031061e+00 0.000000000000000000e+00
2.439238152307344476e-01 -2.438487233746857163e-01 1.892502192134896122e-01 2.395315372959117006e+00 4.744783643127705730e-01 2.827086717892867362e+00 8.924770797687547885e-01 7.556722922051201108e-01 -5.845835666644594308e-01 9.709218711918542188e-02 8.436948928173373385e-01 1.596492236046689550e+00 0.000000000000000000e+00
2.434207141145132980e-01 -2.440668312758088043e-01 1.864532371580965298e-01 2.390946841940053691e+00 4.621603672649601258e-01 2.837870203581360329e+00 8.912142753588665478e-01 7.661945082510503990e-01 -5.902435163501774662e-01 9.560496145318747585e-02 8.544666470574081574e-01 1.596549360852071775e+00 0.000000000000000000e+00
2.427864775186422686e-01 -2.443108014107532866e-01 1.834421609984891455e-01 2.386444386535432560e+00 4.486274048574738771e-01 2.849382582473087400e+00 8.896887501074417504e-01 7.774499591241067487e-01 -5.961938837527688273e-01 9.392214324988003293e-02 8.661918129677271816e-01 1.596517669235099968e+00 0.000000000000000000e+00
2.421196013962510218e-01 -2.445414619259251576e-01 1.806830823296582678e-01 2.382499704174673827e+00 4.359701938316340453e-01 2.859859945825781846e+00 8.881403882496696767e-01 7.876976032616500589e-01 -6.015108848691119725e-01 9.230073587683414182e-02 8.770637686438120806e-01 1.596408080156243248e+00 0.000000000000000000e+00
2.413104687408831606e-01 -2.447952263458489930e-01 1.777192889373722107e-01 2.378454589601922020e+00 4.220895997816977996e-01 2.871056812986382489e+00 8.863180536947558030e-01 7.986356053327688942e-01 -6.070722975944972122e-01 9.046884723150951102e-02 8.888910002029086765e-01 1.596210340445304521e+00 0.000000000000000000e+00
2.404854147426411792e-01 -2.450310420547094081e-01 1.750095178315034805e-01 2.374930195898258489e+00 4.091310001126302609e-01 2.881258242232666689e+00 8.845094344194556202e-01 8.085731909403995887e-01 -6.120159901050384876e-01 8.870719113755731744e-02 8.998505072998298493e-01 1.595962533305872899e+00 0.000000000000000000e+00
2.395087715290916686e-01 -2.452861129751197633e-01 1.721052800030077323e-01 2.371338133892272548e+00 3.949445010733727557e-01 2.892172531693605997e+00 8.824205174394248452e-01 8.191568594284834859e-01 -6.171575554845727396e-01 8.672046464197979976e-02 9.117652902797627190e-01 1.595631768698484887e+00 0.000000000000000000e+00
2.385322544090190122e-01 -2.455193488858395667e-01 1.694564016677689855e-01 2.368229907322497496e+00 3.817206451532673128e-01 2.902127286083293622e+00 8.803789381477701292e-01 8.287480343573220276e-01 -6.216969135626129184e-01 8.481227643142438821e-02 9.227992993081789441e-01 1.595276103534905010e+00 0.000000000000000000e+00
2.373952617173791524e-01 -2.457674130378872668e-01 1.666245685131839960e-01 2.365086528636334950e+00 3.672646799582803823e-01 2.912789377599505070e+00 8.780525337775313410e-01 8.389351581590931417e-01 -6.263818799732530085e-01 8.266275589183737227e-02 9.347879184293341748e-01 1.594845470386639263e+00 0.000000000000000000e+00
2.362750811758709546e-01 -2.459900835389659812e-01 1.640482800038239319e-01 2.362390364505638107e+00 3.538096712609459793e-01 2.922525084846762322e+00 8.758072892415127431e-01 8.481426381538786918e-01 -6.304850122647381871e-01 8.060144424098082683e-02 9.458830470047677741e-01 1.594414437764209991e+00 0.000000000000000000e+00
2.349874376437217915e-01 -2.462222424577711344e-01 1.613013143371366254e-01 2.359690856803653869e+00 3.391216699001233792e-01 2.932964145922548838e+00 8.732775525220464186e-01 8.578948011706125643e-01 -6.346812886153485600e-01 7.828290451833624930e-02 9.579302556699046400e-01 1.593920554540054546e+00 0.000000000000000000e+00
2.337324674231240351e-01 -2.464262170740511015e-01 1.588093731598538838e-01 2.357402708081961951e+00 3.254675414659553567e-01 2.942505993831138866e+00 8.708599348844725530e-01 8.666803698697022051e-01 -6.383155048178980051e-01 7.606163675450680617e-02 9.690727219337145204e-01 1.593448509236838229e+00 0.000000000000000000e+00
2.323037712390405574e-01 -2.466337122661338421e-01 1.561603693633075995e-01 2.355143326295853434e+00 3.105797816477933182e-01 2.952747100190248553e+00 8.681608211196772951e-01 8.759528309950854741e-01 -6.419841423775367595e-01 7.356546418715394220e-02 9.811636730197559331e-01 1.592929592298436114e+00 0.000000000000000000e+00
2.309240057765604426e-01 -2.468107408264849922e-01 1.537645549276596135e-01 2.353259298947709244e+00 2.967564491390626280e-01 2.962117249094473159e+00 8.656044527893100859e-01 8.842772733514280281e-01 -6.451158866614152831e-01 7.117714132157088036e-02 9.923392290601100729e-01 1.592453019621366428e+00 0.000000000000000000e+00
2.293661807338561454e-01 -2.469846226869626127e-01 1.512258496985400824e-01 2.351435654513994500e+00 2.817011801359265988e-01 2.972183127183467111e+00 8.627743114988829509e-01 8.930302183271641159e-01 -6.482235293374288831e-01 6.849659894418967665e-02 1.004458076758570240e+00 1.591949682175341385e+00 0.000000000000000000e+00
2.278725662958742681e-01 -2.471265736711767969e-01 1.489379055830765131e-01 2.349952474211798314e+00 2.677362052146468052e-01 2.981399877396820663e+00 8.601146125182208557e-01 9.008534537663537289e-01 -6.508186466616565635e-01 6.593384734958483706e-02 1.015652075189472869e+00 1.591507064802170301e+00 0.000000000000000000e+00
2.261975238608478211e-01 -2.472580151830464090e-01 1.465226086634511260e-01 2.348561769015068634e+00 2.525408695749282728e-01 2.991307563016464055e+00 8.571925255911586605e-01 9.090395449040665765e-01 -6.533241486152031596e-01 6.305963074311680960e-02 1.027782840533811193e+00 1.591062716374290531e+00 0.000000000000000000e+00
2.246020083300406533e-01 -2.473567736791901783e-01 1.443541396996704251e-01 2.347476417976009699e+00 2.384591004193783448e-01 3.000385289144138046e+00 8.544673794267079181e-01 9.163204941662885794e-01 -6.553474186743635244e-01 6.031477302541020380e-02 1.038980301074130974e+00 1.590694933827750734e+00 0.000000000000000000e+00
2.228236240167907334e-01 -2.474371703906350362e-01 1.420742758947616258e-01 2.346514722547175413e+00 2.231502057810761386e-01 3.010148489858364140e+00 8.514958908614247424e-01 9.238982527320001026e-01 -6.572160256532175726e-01 5.723964172064171380e-02 1.051106472465588748e+00 1.590354049208220433e+00 0.000000000000000000e+00
2.211390368600879563e-01 -2.474848629647754816e-01 1.400367744767002098e-01 2.345824474822435945e+00 2.089740492461693577e-01 3.019096577076589849e+00 8.487452449295362911e-01 9.305949044510588575e-01 -6.586316955096764847e-01 5.430475081440112178e-02 1.062291882201976012e+00 1.590103978381862015e+00 0.000000000000000000e+00
2.192712501065182951e-01 -2.475056522562876782e-01 1.379051771929287740e-01 2.345289468183016979e+00 1.935733017843466186e-01 3.028722069359279345e+00 8.457687629372093729e-01 9.375145293323844387e-01 -6.598200645670970754e-01 5.101866386178473961e-02 1.074396348830549686e+00 1.589915160260575444e+00 0.000000000000000000e+00
2.175112270390342217e-01 -2.474945696180135546e-01 1.360098845402993029e-01 2.344991487999698698e+00 1.793220497483063447e-01 3.037544931736037235e+00 8.430350280782429317e-01 9.435838068776477572e-01 -6.605911828607295977e-01 4.788547564525254263e-02 1.085553795375491237e+00 1.589827941734875516e+00 0.000000000000000000e+00
2.155695069531246288e-01 -2.474477906357970269e-01 1.340380337437297453e-01 2.344879872423145883e+00 1.638495391293508519e-01 3.047035287358053068e+00 8.401004242940572908e-01 9.498022880229828324e-01 -6.610634279010279002e-01 4.438066826573499463e-02 1.097619446431177037e+00 1.589840325433943935e+00 0.000000000000000000e+00
2.137483410406205708e-01 -2.473705783549613735e-01 1.322959448550428130e-01 2.344971225624618683e+00 1.495395469822060619e-01 3.055731553273801193e+00 8.374280752982172782e-01 9.552003158154918072e-01 -6.611526437975455694e-01 4.104065646223371139e-02 1.108732684502023114e+00 1.589963097160196792e+00 0.000000000000000000e+00
2.117482482809291133e-01 -2.472481113094237848e-01 1.304961851920252713e-01 2.345280190621317651e+00 1.340104597647204798e-01 3.065081216182434343e+00 8.345854171506668084e-01 9.606651889513615483e-01 -6.608630250289994068e-01 3.730632204745416153e-02 1.120741277331353869e+00 1.590230611691695328e+00 0.000000000000000000e+00
2.098808133979940815e-01 -2.470976565790782842e-01 1.289179409002700061e-01 2.345758012392696656e+00 1.196547315746041562e-01 3.073643517774948819e+00 8.320214588111929377e-01 9.653470261477208325e-01 -6.602317892716234038e-01 3.375062332398088422e-02 1.131793529013237265e+00 1.590613441098394309e+00 0.000000000000000000e+00
2.078389335137854343e-01 -2.468923016418829164e-01 1.273009444449012262e-01 2.346483145677146442e+00 1.040821735386963098e-01 3.082841903289228469e+00 8.293222118883432081e-01 9.700137499048939738e-01 -6.591430890179991176e-01 2.977844781791124523e-02 1.143727020699827790e+00 1.591189349684123622e+00 0.000000000000000000e+00
2.059404848552569556e-01 -2.466618341209922682e-01 1.258968274808953680e-01 2.347343498905284598e+00 8.969030895943808090e-02 3.091256376029244635e+00 8.269158461063749188e-01 9.739335901343543211e-01 -6.577523197177324032e-01 2.599791380000262761e-02 1.154701374919826273e+00 1.591884035254470975e+00 0.000000000000000000e+00
2.038734217843230778e-01 -2.463660142094085403e-01 1.244743155815988683e-01 2.348480900277957417e+00 7.408242569748457740e-02 3.100283369263585165e+00 8.244158036330629935e-01 9.777468373411843938e-01 -6.558166010794083123e-01 2.177630412952264588e-02 1.166540590703827984e+00 1.592828259018958414e+00 0.000000000000000000e+00
2.019595795257126958e-01 -2.460490059667636564e-01 1.232542000731836757e-01 2.349718979270245534e+00 5.966089066360780180e-02 3.108528791460313911e+00 8.222189620498565610e-01 9.808577423895330494e-01 -6.536261510828180743e-01 1.776143898341688010e-02 1.177419204282638132e+00 1.593889395555300403e+00 0.000000000000000000e+00
1.998843071903262381e-01 -2.456562438848286789e-01 1.220357003202571095e-01 2.351262031523535967e+00 4.402289165193984388e-02 3.117359112289085132e+00 8.199741169880014890e-01 9.837717732542977656e-01 -6.508048648030153593e-01 1.328150996928031610e-02 1.189145502036420776e+00 1.595259591936146526e+00 0.000000000000000000e+00
1.979707497186581899e-01 -2.452464142448706474e-01 1.210089805106376593e-01 2.352871333615766059e+00 2.957450223158808456e-02 3.125406938165317783e+00 8.180410615107674976e-01 9.860259393799681860e-01 -6.477739877454234962e-01 9.022527618268653959e-03 1.199910531794738944e+00 1.596743771611647489e+00 0.000000000000000000e+00
1.959042696944063577e-01 -2.447495173878461994e-01 1.200053420498745360e-01 2.354812946162874177e+00 1.390741039157816772e-02 3.134003523731735630e+00 8.161132657766864140e-01 9.879824972538221450e-01 -6.440168000795396530e-01 4.271853949514610102e-03 1.211503405177908332e+00 1.598605720687776399e+00 0.000000000000000000e+00
