-1.160974054268432143e-03 -2.106158060051210867e-03 1.725032596367817583e-03 -4.562350686714733428e-03 -9.492855566210156582e-03 -6.078698986396346982e-03 0.000000000000000000e+00
-1.205950549569179131e-03 -2.223161914431753816e-03 1.904241749143595341e-03 -4.874827715544149953e-03 -1.025136361147982456e-02 -6.779512696680978223e-03 0.000000000000000000e+00
-1.065902610733054923e-03 -2.000724501900752461e-03 1.789671474887011282e-03 -4.444131946135243538e-03 -9.430535397778605500e-03 -6.432071642755943230e-03 0.000000000000000000e+00
-1.103692269057210407e-03 -2.114226742562647088e-03 1.972490111780217381e-03 -4.760924128484056439e-03 -1.017882615747289776e-02 -7.151813273239326918e-03 0.000000000000000000e+00
-9.716908172259230980e-04 -1.904469783077678002e-03 1.851120378289147772e-03 -4.350404026024268234e-03 -9.359080567863831135e-03 -6.768258049961950462e-03 0.000000000000000000e+00
-1.001574257735032836e-03 -2.014609261459660017e-03 2.037306695795479405e-03 -4.671166332899545637e-03 -1.009607625304465017e-02 -7.508631740831717138e-03 0.000000000000000000e+00
-8.774469254168026922e-04 -1.817322496501766471e-03 1.909263476205444454e-03 -4.279178886402057458e-03 -9.277286752495506050e-03 -7.090523414057692264e-03 0.000000000000000000e+00
-8.993377838630300936e-04 -1.925245176572415451e-03 2.098474556984461503e-03 -4.605822254786229308e-03 -1.000131382387436929e-02 -7.850999671472180808e-03 0.000000000000000000e+00
-7.824538445773132622e-04 -1.738994241068964053e-03 1.964054505578363696e-03 -4.228395020161368478e-03 -9.183783221125008112e-03 -7.401984307725761880e-03 0.000000000000000000e+00
-7.956086945579421421e-04 -1.844912295888651022e-03 2.155999388942952955e-03 -4.560731045340382650e-03 -9.893132328016918109e-03 -8.184304555399979364e-03 0.000000000000000000e+00
-6.861160942614186187e-04 -1.669278701327325809e-03 2.015386064528473797e-03 -4.196427944186620351e-03 -9.077008052479129674e-03 -7.705476481589812465e-03 0.000000000000000000e+00
-6.905269105308975419e-04 -1.774105467170578043e-03 2.209747297551051259e-03 -4.536112073794118515e-03 -9.769727999190180867e-03 -8.509521899223493335e-03 0.000000000000000000e+00
-5.880086789083194265e-04 -1.607824389212475502e-03 2.063236984537322738e-03 -4.181561109976250634e-03 -8.955392393128924766e-03 -8.003684059816773555e-03 0.000000000000000000e+00
-5.829109929013365221e-04 -1.711715980571903994e-03 2.259640420288089313e-03 -4.528199885407424574e-03 -9.629009432473800700e-03 -8.830909440204592897e-03 0.000000000000000000e+00
-4.877465422629678748e-04 -1.554256098914158502e-03 2.107486968375538172e-03 -4.182228596947723531e-03 -8.816955555928540633e-03 -8.298627775733535827e-03 0.000000000000000000e+00
-4.732312184395348620e-04 -1.657882807613447751e-03 2.305604133205019224e-03 -4.537129783427573670e-03 -9.469330453121482805e-03 -9.149131356799067305e-03 0.000000000000000000e+00
-3.851150319111318332e-04 -1.508114550004296950e-03 2.148095333131538887e-03 -4.196778934496769864e-03 -8.660000705239756513e-03 -8.592301868233231943e-03 0.000000000000000000e+00
-3.604483505018352130e-04 -1.611651114319573308e-03 2.347536889315771091e-03 -4.559386040339674651e-03 -9.288250418470145320e-03 -9.467465765682803180e-03 0.000000000000000000e+00
-2.799345896111748999e-04 -1.468957874247722728e-03 2.184948017670718112e-03 -4.223636866145241697e-03 -8.482529199407728981e-03 -8.886054529415599035e-03 0.000000000000000000e+00
-2.453395997296103914e-04 -1.572871994377417204e-03 2.385464927293134973e-03 -4.594862993253734373e-03 -9.084504259211367838e-03 -9.786102489230508183e-03 0.000000000000000000e+00
-1.721268496030770034e-04 -1.436274644689927715e-03 2.218006741284694883e-03 -4.261178351788075247e-03 -8.282832948375062898e-03 -9.181130870189235793e-03 0.000000000000000000e+00
-1.268947995170799370e-04 -1.540720096191355859e-03 2.419196263101913713e-03 -4.640135312269144663e-03 -8.855134062601965894e-03 -1.010699540065607138e-02 0.000000000000000000e+00
-6.171217532568995523e-05 -1.409562648443191124e-03 2.247271117521071337e-03 -4.307570660285087172e-03 -8.059236779725420519e-03 -9.478281235921315329e-03 0.000000000000000000e+00
-6.098480076432988284e-06 -1.514761971961681164e-03 2.448769811880746605e-03 -4.694761754400644804e-03 -8.599334584219242572e-03 -1.042963296975685239e-02 0.000000000000000000e+00
5.128627937289742533e-05 -1.388222935883642872e-03 2.272591555074032765e-03 -4.360861512116009919e-03 -7.809803882764754235e-03 -9.777398210422560965e-03 0.000000000000000000e+00
1.179013802682649104e-04 -1.494384037725032810e-03 2.474127667247250084e-03 -4.755097389770313043e-03 -8.314477172589818110e-03 -1.075533636700942708e-02 0.000000000000000000e+00
1.667442500363491842e-04 -1.371762159657369251e-03 2.294065735737288447e-03 -4.419091456598245315e-03 -7.533324541587838041e-03 -1.007872100616502564e-02 0.000000000000000000e+00
2.440122865353111514e-04 -1.478886874848484023e-03 2.495236728858679642e-03 -4.820238724653869156e-03 -7.999873959469105955e-03 -1.108215834895709406e-02 0.000000000000000000e+00
2.845466371889371349e-04 -1.359535377375237220e-03 2.311553449810987981e-03 -4.479903978237054218e-03 -7.228117302232384134e-03 -1.038110999820629488e-02 0.000000000000000000e+00
3.730352570180950345e-04 -1.467786939825688197e-03 2.512069677074457719e-03 -4.886103664742513786e-03 -7.653005542415769469e-03 -1.141037786114562635e-02 0.000000000000000000e+00
4.044581650844425447e-04 -1.350995639757351929e-03 2.325118220664307289e-03 -4.540735781644933411e-03 -6.893171173079082337e-03 -1.068357347411952318e-02 0.000000000000000000e+00
5.037571519251049512e-04 -1.460232658669347039e-03 2.524687172609951791e-03 -4.951414256087360855e-03 -7.274054235532734225e-03 -1.173724899509442920e-02 0.000000000000000000e+00
5.262800659872890474e-04 -1.345586716403862626e-03 2.334800966786787502e-03 -4.599053076656645089e-03 -6.527613868063664171e-03 -1.098461838988118444e-02 0.000000000000000000e+00
6.369534597284454147e-04 -1.455864810381374275e-03 2.532963483730193976e-03 -5.011495898022744200e-03 -6.860447566620297977e-03 -1.206159859268263190e-02 0.000000000000000000e+00
6.497393323840472412e-04 -1.342659812477497994e-03 2.340572450384437175e-03 -4.651578927107991035e-03 -6.130613086804626022e-03 -1.128174666299974760e-02 0.000000000000000000e+00
7.712540699103820341e-04 -1.453744206719176368e-03 2.537160733150134462e-03 -5.064572635376407561e-03 -6.413594149226042873e-03 -1.238018119607708911e-02 0.000000000000000000e+00
7.746413517728811815e-04 -1.341645702823773822e-03 2.342419787427579836e-03 -4.695273682407297144e-03 -5.701531733050657635e-03 -1.157209671728320899e-02 0.000000000000000000e+00
9.074292046835630288e-04 -1.453591771413159650e-03 2.537080101738281579e-03 -5.105320042300576233e-03 -5.931109172713888711e-03 -1.269042176683576884e-02 0.000000000000000000e+00
9.005936232731881486e-04 -1.342035998732893365e-03 2.340537888143617851e-03 -4.726702157727302733e-03 -5.240787807666791309e-03 -1.185324158582234944e-02 0.000000000000000000e+00
1.044088252376701442e-03 -1.454369434129493266e-03 2.533010137420105279e-03 -5.131562871610206855e-03 -5.415210424600580552e-03 -1.298801734687238252e-02 0.000000000000000000e+00
1.027370033076152600e-03 -1.343207503749527243e-03 2.334850396940230111e-03 -4.742207678186005637e-03 -4.748239468271631125e-03 -1.212111511590308055e-02 0.000000000000000000e+00
1.181968225208135381e-03 -1.455992163095498615e-03 2.524823430493899901e-03 -5.137732549484574918e-03 -4.864210727490991815e-03 -1.326982971802204148e-02 0.000000000000000000e+00
1.154577364140318974e-03 -1.344635996394727417e-03 2.325501790597983565e-03 -4.737926660081548391e-03 -4.224796531719920978e-03 -1.237214306676914788e-02 0.000000000000000000e+00
1.319612728182345540e-03 -1.457321923441501355e-03 2.512840655304271476e-03 -5.121311435557274194e-03 -4.281494116082917856e-03 -1.353096039543544293e-02 0.000000000000000000e+00
1.281896742584026638e-03 -1.345825331990596618e-03 2.312640924744202575e-03 -4.710206968022490059e-03 -3.671623991801098441e-03 -1.260250954548469693e-02 0.000000000000000000e+00
1.457764261006466722e-03 -1.458424173379935240e-03 2.496902512906046256e-03 -5.076605918467258505e-03 -3.665848951155847857e-03 -1.376750382514080329e-02 0.000000000000000000e+00
1.409019005951250847e-03 -1.346253366295929732e-03 2.296255384575812686e-03 -4.655226290358527308e-03 -3.089973389943434512e-03 -1.280764700029868308e-02 0.000000000000000000e+00
1.594948033707188628e-03 -1.458155749618050834e-03 2.477439340340392704e-03 -5.001383188421471004e-03 -3.021975027673207137e-03 -1.397469243244131576e-02 0.000000000000000000e+00
1.535570052296819643e-03 -1.345501534286308587e-03 2.276579566964920254e-03 -4.569558745394886046e-03 -2.482094077045360336e-03 -1.298398008208234700e-02 0.000000000000000000e+00
1.731863763518137755e-03 -1.456667801344374569e-03 2.454259578880707560e-03 -4.890014284502974817e-03 -2.349325399059853936e-03 -1.414824525835145508e-02 0.000000000000000000e+00
1.661187092826921230e-03 -1.343118134688986443e-03 2.253679848901596339e-03 -4.449811079786591961e-03 -1.850299172748481880e-03 -1.312728717053479599e-02 0.000000000000000000e+00
1.867053321339240401e-03 -1.452844631300964640e-03 2.427817761799178076e-03 -4.741060715916844970e-03 -1.653739670087084335e-03 -1.428393861528221009e-02 0.000000000000000000e+00
1.785567063423004752e-03 -1.338723040036765566e-03 2.227716677204616413e-03 -4.293208644189583367e-03 -1.197317565417854723e-03 -1.323390486704179025e-02 0.000000000000000000e+00
2.001232353515680629e-03 -1.447026405190815490e-03 2.397986789885286907e-03 -4.549921088737640673e-03 -9.353796687694426737e-04 -1.437816179827100527e-02 0.000000000000000000e+00
1.908312473444612190e-03 -1.331936613950951420e-03 2.198777939459800601e-03 -4.097263852713695087e-03 -5.264070297039680213e-04 -1.330044658547935299e-02 0.000000000000000000e+00
2.132927397079598109e-03 -1.438107930205850815e-03 2.365249898144378138e-03 -4.316302470339650199e-03 -2.011605962781715107e-04 -1.442776269857271032e-02 0.000000000000000000e+00
2.029104210348270376e-03 -1.322507928857796777e-03 2.167123171277152149e-03 -3.860572892807390133e-03 1.588174284048449181e-04 -1.332462461491878969e-02 0.000000000000000000e+00
2.262856069525587266e-03 -1.426506165261798298e-03 2.329397708994429550e-03 -4.036704937136370575e-03 5.483249641855536538e-04 -1.442969615484868129e-02 0.000000000000000000e+00
2.147607131631146249e-03 -1.310125298045083930e-03 2.132798209401071121e-03 -3.581970021599545362e-03 8.546993532307922692e-04 -1.330390899787703418e-02 0.000000000000000000e+00
2.389581344931279716e-03 -1.411230236858657117e-03 2.291022176961976520e-03 -3.712770621136840532e-03 1.305314648322841720e-03 -1.438281542438923921e-02 0.000000000000000000e+00
2.263476279667553381e-03 -1.294609502809518364e-03 2.096090017997181976e-03 -3.261567977844492816e-03 1.557021982079298539e-03 -1.323742508085201663e-02 0.000000000000000000e+00
2.513818197213385508e-03 -1.392811031673768518e-03 2.249827443159824192e-03 -3.342570162525149158e-03 2.068974126590017448e-03 -1.428513922247054424e-02 0.000000000000000000e+00
2.376407466772728627e-03 -1.275750062446928679e-03 2.057062344188120839e-03 -2.899957253610807584e-03 2.261771778215404538e-03 -1.312420851752671425e-02 0.000000000000000000e+00
2.634188282951893667e-03 -1.370354972977494423e-03 2.206503150769645316e-03 -2.929810769253471392e-03 2.831088453634666990e-03 -1.413780085865967706e-02 0.000000000000000000e+00
2.486088583357637383e-03 -1.253439682336932037e-03 2.015895023154551380e-03 -2.498816507165990686e-03 2.964666743097588153e-03 -1.296467964412473250e-02 0.000000000000000000e+00
2.751374543078027868e-03 -1.344470138015863014e-03 2.160742891415490252e-03 -2.474167736614241164e-03 3.590714586255039364e-03 -1.393992709491698179e-02 0.000000000000000000e+00
2.592238242613009724e-03 -1.227604097501111546e-03 1.972789897823706839e-03 -2.060682147477344017e-03 3.661522460270294488e-03 -1.275991322062131061e-02 0.000000000000000000e+00
2.864102326389422748e-03 -1.314353099059750729e-03 2.113134035614028239e-03 -1.981302406000473582e-03 4.339823991880376042e-03 -1.369450231160485032e-02 0.000000000000000000e+00
2.694582895789970900e-03 -1.198200967742257816e-03 1.927877828757307288e-03 -1.588691023432176053e-03 4.348265580590648938e-03 -1.251150400649647665e-02 0.000000000000000000e+00
2.973041438666390590e-03 -1.280753225365693915e-03 2.063444576342554626e-03 -1.452565120453996883e-03 5.077579214106897609e-03 -1.340224386809030221e-02 0.000000000000000000e+00
2.792849397497632058e-03 -1.165231696544921647e-03 1.881325121580013082e-03 -1.086792402730019091e-03 5.020915417071059039e-03 -1.222188347371311323e-02 0.000000000000000000e+00
3.076987629068328456e-03 -1.242952227496318951e-03 2.012318706407500990e-03 -8.951518635376132238e-04 5.796320880372185513e-03 -1.306786068749810070e-02 0.000000000000000000e+00
2.886844863044302212e-03 -1.128755636506495463e-03 1.833256997195775728e-03 -5.594884701380919978e-04 5.675924363055528943e-03 -1.189379248806288203e-02 0.000000000000000000e+00
3.176614618045248140e-03 -1.201752536524935966e-03 1.959371128077480595e-03 -3.114760214657508186e-04 6.495742593481068639e-03 -1.269239190496707081e-02 0.000000000000000000e+00
2.976331282448424487e-03 -1.088868999589986952e-03 1.783845377610282501e-03 -1.174945411541727935e-05 6.309807542510981193e-03 -1.153067717494593580e-02 0.000000000000000000e+00
3.270826779008639829e-03 -1.156559123831168989e-03 1.905314066103835913e-03 2.901503239991498617e-04 7.168883885973365011e-03 -1.228214599262633655e-02 0.000000000000000000e+00
3.061133590495174195e-03 -1.045688813283651708e-03 1.733209045066408382e-03 5.512081027925219701e-04 6.919539147979492100e-03 -1.113596483948953164e-02 0.000000000000000000e+00
3.360292782656565391e-03 -1.108242205216103393e-03 1.849692756930254589e-03 9.067042996377949748e-04 7.816027494385480168e-03 -1.183822683834145906e-02 0.000000000000000000e+00
3.141088085089255300e-03 -9.993882575181634031e-04 1.681469257006240614e-03 1.123878159614122296e-03 7.502395080000390237e-03 -1.071341568446504411e-02 0.000000000000000000e+00
3.444039697000231270e-03 -1.056286849185683607e-03 1.793230018058200592e-03 1.529477808987600440e-03 8.431161306124757004e-03 -1.136759203364645643e-02 0.000000000000000000e+00
3.216069504856616801e-03 -9.501621244462632454e-04 1.628757049124740508e-03 1.700782888305774065e-03 8.056061147370119357e-03 -1.026680667071078190e-02 0.000000000000000000e+00
3.522696030999375449e-03 -1.001638095616708135e-03 1.735495051279678513e-03 2.155224009734446611e-03 9.015004222961309210e-03 -1.087140559809229856e-02 0.000000000000000000e+00
3.285957984998352788e-03 -8.982189898013026585e-04 1.575127370042228581e-03 2.276507730980981137e-03 8.578523145196470523e-03 -9.799541650370446888e-03 0.000000000000000000e+00
3.595454853976665088e-03 -9.438399495389493410e-04 1.677113541736607871e-03 2.775415447956675052e-03 9.562751782707490378e-03 -1.035649314336906102e-02 0.000000000000000000e+00
3.350679879171578057e-03 -8.438373721771919023e-04 1.520757298254515888e-03 2.845712418551471501e-03 9.068152487960112751e-03 -9.315515733272494714e-03 0.000000000000000000e+00
3.662912393351841489e-03 -8.838610116168599262e-04 1.617598932364128217e-03 3.387073150644681618e-03 1.007553335039546027e-02 -9.823116990678837368e-03 0.000000000000000000e+00
3.410180296552933754e-03 -7.872589410421459988e-04 1.465616829498583851e-03 3.403310003881721002e-03 9.523677509817307651e-03 -8.817521913924597499e-03 0.000000000000000000e+00
3.724389744020117909e-03 -8.213390471649706370e-04 1.557689781231330617e-03 3.982293565920613787e-03 1.054954396236107428e-02 -9.278415491809965943e-03 0.000000000000000000e+00
3.464447370823880989e-03 -7.287832959751994188e-04 1.409815072010101034e-03 3.944582412619190848e-03 9.944160365945364788e-03 -8.308650424748265095e-03 0.000000000000000000e+00
3.780464577345377108e-03 -7.572551152159046062e-04 1.496780662680274876e-03 4.558470164447214756e-03 1.098626160062332602e-02 -8.721518621788604264e-03 0.000000000000000000e+00
3.513457261874894377e-03 -6.687126274576571383e-04 1.353436151625753148e-03 4.465024476922430097e-03 1.032880830215754386e-02 -7.791619971055929739e-03 0.000000000000000000e+00
3.830609972247850381e-03 -6.912723658453745479e-04 1.435526470291326184e-03 5.108737908663840699e-03 1.138294353509294865e-02 -8.158758676420241329e-03 0.000000000000000000e+00
3.557260187463440193e-03 -6.073570756122137482e-04 1.296494680737836358e-03 4.960451238319230072e-03 1.067727880246049921e-02 -7.268584307695391544e-03 0.000000000000000000e+00
3.875363318186914041e-03 -6.243898296631744671e-04 1.373344465736170417e-03 5.631048734664467759e-03 1.174112862207543628e-02 -7.588454152973156397e-03 0.000000000000000000e+00
3.595887040102802024e-03 -5.450276365440709370e-04 1.238998903963284270e-03 5.427210247330727100e-03 1.098926668065924872e-02 -6.741289875801026454e-03 0.000000000000000000e+00
3.914337995600120079e-03 -5.563075641251691295e-04 1.310917209145057161e-03 6.119387126575226432e-03 1.205900446238050705e-02 -7.016637468422626256e-03 0.000000000000000000e+00
3.629421111302100211e-03 -4.820403326836197877e-04 1.180946665360449455e-03 5.862084473896800318e-03 1.126479417674097760e-02 -6.211244712600816342e-03 0.000000000000000000e+00
3.948027966087667984e-03 -4.880103535992996733e-04 1.247571549229997689e-03 6.572219316915095533e-03 1.233804584496001056e-02 -6.440365585353546862e-03 0.000000000000000000e+00
3.657946997459811389e-03 -4.187218154627636579e-04 1.122358802121803389e-03 6.261894699590264679e-03 1.150393822103445984e-02 -5.679697702036357043e-03 0.000000000000000000e+00
3.976186935776053477e-03 -4.192050142005077085e-04 1.184011894687586608e-03 6.984878196776733716e-03 1.257726213314525054e-02 -5.865256787531691884e-03 0.000000000000000000e+00
3.681581338904720002e-03 -3.553759388155164345e-04 1.063192375253485533e-03 6.624016445445413126e-03 1.170695304805713377e-02 -5.147304429249821567e-03 0.000000000000000000e+00
3.999252895326002588e-03 -3.508563017821098029e-04 1.119428496972552090e-03 7.356171509240283513e-03 1.277791419727103417e-02 -5.287205436020681049e-03 0.000000000000000000e+00
3.700441041270145781e-03 -2.923221680959375846e-04 1.003483220611833815e-03 6.946151557359669937e-03 1.187413153655825226e-02 -4.614850663450464907e-03 0.000000000000000000e+00
4.017108492881463211e-03 -2.826619873452229648e-04 1.054566363839992693e-03 7.682388004298879025e-03 1.293970427114032873e-02 -4.711490121803940667e-03 0.000000000000000000e+00
3.714677597338192361e-03 -2.298509593796627115e-04 9.431322146309928378e-04 7.226421367088065040e-03 1.200594529937148991e-02 -4.082416027119784019e-03 0.000000000000000000e+00
4.030121157923019504e-03 -2.155780401454365780e-04 9.886264613792050682e-04 7.962763981412379621e-03 1.306351664882132724e-02 -4.133465919901269103e-03 0.000000000000000000e+00
3.724426129474853880e-03 -1.682429445928335099e-04 8.820431588716370896e-04 7.462912217583550500e-03 1.210274747767936532e-02 -3.549810367265759936e-03 0.000000000000000000e+00
4.038293426117358503e-03 -1.492660314593718951e-04 9.223221227140920853e-04 8.194574529228226822e-03 1.314970206035415146e-02 -3.557971292387218654e-03 0.000000000000000000e+00
3.729859649658117532e-03 -1.077871870744373517e-04 8.202741365621046832e-04 7.654426677180303784e-03 1.216511706734824116e-02 -3.017359568049826635e-03 0.000000000000000000e+00
4.041913658782040480e-03 -8.466470834517236810e-05 8.547778366083114143e-04 8.377229698288246595e-03 1.319865472789771843e-02 -2.979708195358199418e-03 0.000000000000000000e+00
3.731119761443562471e-03 -4.873273798244870392e-05 7.576696118773984523e-04 7.799572209789218391e-03 1.219341580661792435e-02 -2.484358012291298934e-03 0.000000000000000000e+00
4.041092398132658386e-03 -2.138509535515309423e-05 7.867010041798239151e-04 8.509154100861948677e-03 1.321130158946592914e-02 -2.403233401292670379e-03 0.000000000000000000e+00
3.728388545777885574e-03 8.669374250092065637e-06 6.941993153761205626e-04 7.897723176720994331e-03 1.218824149774855314e-02 -1.950615594092042215e-03 0.000000000000000000e+00
4.036018057417494961e-03 3.964629147112930241e-05 7.171867023896827398e-04 8.589574928904220030e-03 1.318742674672312987e-02 -1.822908030588266115e-03 0.000000000000000000e+00
3.721801867914580324e-03 6.419709826049890822e-05 6.297310150538693030e-04 7.948014868699004865e-03 1.214990057945852797e-02 -1.415348860834608757e-03 0.000000000000000000e+00
4.026898060664904633e-03 9.886750517223985568e-05 6.470050107534874861e-04 8.618188068977516991e-03 1.312852447007317735e-02 -1.243437261108315539e-03 0.000000000000000000e+00
3.711546347955478262e-03 1.176312936478907112e-04 5.642232004864355943e-04 7.950228577048967793e-03 1.207898763137960074e-02 -8.782657271080296368e-04 0.000000000000000000e+00
4.013809060620239857e-03 1.553666984948631757e-04 5.751953614146487759e-04 8.594095580454652605e-03 1.303372184530582345e-02 -6.588896248143072398e-04 0.000000000000000000e+00
3.697737521902898922e-03 1.687799407955048459e-04 4.975330808544287109e-04 7.904052861919197426e-03 1.197571735444258323e-02 -3.385396134834017801e-04 0.000000000000000000e+00
3.997044344979352321e-03 2.096455993628731918e-04 5.025264624179404116e-04 8.518243409434855806e-03 1.290502756650946381e-02 -7.401583392852018051e-05 0.000000000000000000e+00
3.680543246640317206e-03 2.174656935902130606e-04 4.295987587139560304e-04 7.809661419261981763e-03 1.184058203682791799e-02 2.042541522171426038e-04 0.000000000000000000e+00
3.976554521562699479e-03 2.608001033226337029e-04 4.279293254528804269e-04 8.389513885414423555e-03 1.274083859027452803e-02 5.174072502751592140e-04 0.000000000000000000e+00
3.660067669214492336e-03 2.635151092648113647e-04 3.603270032459526817e-04 7.667299929618565102e-03 1.167379465685414175e-02 7.505033328185639618e-04 0.000000000000000000e+00
3.952710006480626703e-03 3.093953863835263718e-04 3.523244917079670913e-04 8.210124905006832563e-03 1.254371879821114533e-02 1.110025313174389794e-03 0.000000000000000000e+00
3.636427792033873618e-03 3.067911059538852570e-04 2.895778066309140364e-04 7.477782374797570242e-03 1.147563655398453619e-02 1.300804192948312732e-03 0.000000000000000000e+00
3.925347077655350070e-03 3.545159229958461111e-04 2.746389515177471985e-04 7.978985814553141154e-03 1.231147624330120038e-02 1.709671109365373809e-03 0.000000000000000000e+00
3.609706689049689554e-03 3.471472368663519603e-04 2.172876871571194357e-04 7.241949600468533532e-03 1.124628446116826552e-02 1.855214924232129192e-03 0.000000000000000000e+00
3.894860394550316018e-03 3.968058572559884922e-04 1.957044692203480096e-04 7.699478834387818438e-03 1.204698921023883429e-02 2.311116837308002658e-03 0.000000000000000000e+00
3.579993707514557422e-03 3.844712963761987012e-04 1.433333518269797047e-04 6.960950387614683876e-03 1.098598681561568924e-02 2.413888402747588202e-03 0.000000000000000000e+00
3.860976723109608988e-03 4.353406932493530945e-04 1.144360777667330353e-04 7.370716871170301943e-03 1.174750584466366377e-02 2.919823062268900316e-03 0.000000000000000000e+00
3.547334802672871823e-03 4.186408704417998727e-04 6.769603442186022946e-05 6.636595910622489214e-03 1.069488749906000180e-02 2.976340576924307868e-03 0.000000000000000000e+00
3.824130893112079321e-03 4.708263442335658411e-04 3.179453381224606190e-05 6.997352798031819532e-03 1.141641719640240638e-02 3.529725349850298954e-03 0.000000000000000000e+00
3.511773214544683386e-03 4.495687152115679375e-04 -9.740144756908986068e-06 6.270778083074191045e-03 1.037316519345310439e-02 3.542285868206374033e-03 0.000000000000000000e+00
3.783904082299727190e-03 5.023167335307388015e-04 -5.339031138140715171e-05 6.578839721898432913e-03 1.105036460887376393e-02 4.145877216136462096e-03 0.000000000000000000e+00
3.473309666705393095e-03 4.771557630253164817e-04 -8.900657273758216803e-05 5.866022984516661154e-03 1.002096217675685352e-02 4.110734354675571467e-03 0.000000000000000000e+00
3.740812401278964527e-03 5.305959109927482764e-04 -1.400677532359395627e-04 6.120807700054964329e-03 1.065340393888991599e-02 4.761487509817641239e-03 0.000000000000000000e+00
3.431950190420932079e-03 5.013395650823038174e-04 -1.702707468644870659e-04 5.424980610090113231e-03 9.638461848729740211e-03 4.681011435666349030e-03 0.000000000000000000e+00
3.694269289630416897e-03 5.546795542311078187e-04 -2.293424478269634470e-04 5.623836031833029381e-03 1.022167081845193337e-02 5.380544893873739909e-03 0.000000000000000000e+00
3.387647647384584015e-03 5.220336834466654530e-04 -2.533972525562977474e-04 4.950947313777209757e-03 9.225934495200593943e-03 5.250941624028726551e-03 0.000000000000000000e+00
3.644830693113179643e-03 5.754294275120974689e-04 -3.202590521072523622e-04 5.094936475978251167e-03 9.759743474053728107e-03 5.996096232656178415e-03 0.000000000000000000e+00
3.340375514639767895e-03 5.391958252155548692e-04 -3.385538683099431623e-04 4.447650138297287725e-03 8.783723890846584226e-03 5.819135181654555566e-03 0.000000000000000000e+00
3.591809487075381391e-03 5.918377008053976596e-04 -4.138255242194244232e-04 4.534770379022390330e-03 9.263590020994527663e-03 6.610869215183168279e-03 0.000000000000000000e+00
3.290048877678253270e-03 5.527658369602894695e-04 -4.256807533302153779e-04 3.919340255040371090e-03 8.312229359635381343e-03 6.383032005027100553e-03 0.000000000000000000e+00
3.535759460396581400e-03 6.048195436414993686e-04 -5.089978114614090998e-04 3.951875847879371406e-03 8.738370317206367588e-03 7.217025781682817609e-03 0.000000000000000000e+00
3.236586513470779414e-03 5.627043827152178324e-04 -5.147283446510497740e-04 3.371057432196788994e-03 7.812113831379363660e-03 6.939759441298765097e-03 0.000000000000000000e+00
3.475930628163037550e-03 6.133601879525496514e-04 -6.068190792404837275e-04 3.347749133765898222e-03 8.180082964285517733e-03 7.816483830736409288e-03 0.000000000000000000e+00
3.179862983638218066e-03 5.689745657869171858e-04 -6.056990860752176076e-04 2.807472373967723200e-03 7.284015379164010540e-03 7.486337349320582035e-03 0.000000000000000000e+00
3.412893456102128464e-03 6.184368012633889578e-04 -7.061312637040018103e-04 2.732292962285054472e-03 7.594605410280674818e-03 8.400634753471081240e-03 0.000000000000000000e+00
3.119802187203452037e-03 5.715845985438949839e-04 -6.985748362479116125e-04 2.234233892641324104e-03 6.728999972425153686e-03 8.019554775024584359e-03 0.000000000000000000e+00
3.345744315507603872e-03 6.189971215788681036e-04 -8.079417022043289265e-04 2.107654467419894928e-03 6.977889834435480054e-03 8.970353770297645468e-03 0.000000000000000000e+00
3.056246924766192752e-03 5.705065059948832840e-04 -7.931628395952405874e-04 1.657395173233489061e-03 6.148281639510422281e-03 8.535198703726543101e-03 0.000000000000000000e+00
3.275165122582801569e-03 6.161122548165587354e-04 -9.110642699480808737e-04 1.484108947317874794e-03 6.336827967478697587e-03 9.516878711026244275e-03 0.000000000000000000e+00
2.989098625483854743e-03 5.657785250310354286e-04 -8.894146186397833276e-04 1.083080852557483098e-03 5.543429235872476823e-03 9.029595242935783972e-03 0.000000000000000000e+00
3.200142101360714531e-03 6.087211563790551061e-04 -1.016452903994713441e-03 8.646220173056384795e-04 5.667591488977219427e-03 1.004036011957909480e-02 0.000000000000000000e+00
2.918143048861121525e-03 5.573861758668696709e-04 -9.871211345880426258e-04 5.173992878582112098e-04 4.916048084665725071e-03 9.498370363279828865e-03 0.000000000000000000e+00
3.121429058110081201e-03 5.979717428663544609e-04 -1.122773893511175292e-03 2.601129535730883902e-04 4.978117146264615656e-03 1.053182518564366177e-02 0.000000000000000000e+00
2.843302387352419913e-03 5.454241459465491992e-04 -1.086194840584253640e-03 -3.349766694249467491e-05 4.268322727720708087e-03 9.937980057558526426e-03 0.000000000000000000e+00
3.037913167928091296e-03 5.827947320182769175e-04 -1.230955077700768285e-03 -3.266448803072030671e-04 4.264890234951579373e-03 1.099123682014857550e-02 0.000000000000000000e+00
2.764379014012274816e-03 5.299229536825378339e-04 -1.186336663623166476e-03 -5.629492231427057902e-04 3.602630947870721911e-03 1.034402133576506344e-02 0.000000000000000000e+00
2.950451349556404423e-03 5.644476995751435133e-04 -1.339641846702877004e-03 -8.856698971309029389e-04 3.536744850200612689e-03 1.141063335145053870e-02 0.000000000000000000e+00
2.681282670530721335e-03 5.110137544311887936e-04 -1.287333777271360002e-03 -1.065419177127768791e-03 2.921767553392129457e-03 1.071322864837709332e-02 0.000000000000000000e+00
2.857806789251016166e-03 5.418389460384864798e-04 -1.449674816327295446e-03 -1.413921627326342190e-03 2.790485814699650291e-03 1.179008359627475855e-02 0.000000000000000000e+00
2.593856982955528023e-03 4.888002899191001838e-04 -1.388877649720288154e-03 -1.535538167396044429e-03 2.228748333720886876e-03 1.104219401192985117e-02 0.000000000000000000e+00
2.761008250076468773e-03 5.163651198850649493e-04 -1.559604662933311570e-03 -1.902734744211098672e-03 2.036010160013201897e-03 1.212301373919189018e-02 0.000000000000000000e+00
2.501999081411104831e-03 4.634476454121183586e-04 -1.490680684982093052e-03 -1.968284989951829544e-03 1.526767264639072863e-03 1.132871911298583001e-02 0.000000000000000000e+00
2.658735332853989775e-03 4.869450056711466246e-04 -1.670128115185742779e-03 -2.350345308155254997e-03 1.270541761237975464e-03 1.241012057243295885e-02 0.000000000000000000e+00
2.405597510506146675e-03 4.351334924349581357e-04 -1.592400379040015412e-03 -2.359647916665874590e-03 8.193453681260010057e-04 1.157086095287773730e-02 0.000000000000000000e+00
2.552125786061648638e-03 4.550786148097007988e-04 -1.779863827567729206e-03 -2.749947936199870213e-03 5.042945993931624571e-04 1.264737611043820209e-02 0.000000000000000000e+00
2.304574489264993309e-03 4.040733395758722146e-04 -1.693614176619229195e-03 -2.706303399533815934e-03 1.101496628010956158e-04 1.176759584523390245e-02 0.000000000000000000e+00
2.439876735559148857e-03 4.197602598888239278e-04 -1.889397714903207071e-03 -3.101129264737600977e-03 -2.649773044725023396e-04 1.283667203167926374e-02 0.000000000000000000e+00
2.198921877062276486e-03 3.705749416765269366e-04 -1.793971143213557440e-03 -3.006323884092942933e-03 -5.970065028888527081e-04 1.191916785239977017e-02 0.000000000000000000e+00
2.323182827032088671e-03 3.825351613474525792e-04 -1.997156889646578559e-03 -3.398959316976757350e-03 -1.026866815705407276e-03 1.297583680952829610e-02 0.000000000000000000e+00
2.088590148355162768e-03 3.348742980466834496e-04 -1.892974284923909511e-03 -3.257659876504170882e-03 -1.298345476084872274e-03 1.202611980006684789e-02 0.000000000000000000e+00
2.200834408939755793e-03 3.425370110552439229e-04 -2.103717536551474865e-03 -3.645613828921590027e-03 -1.783361356672230613e-03 1.306874451358153166e-02 0.000000000000000000e+00
1.973620065208764318e-03 2.973705177162777602e-04 -1.990162583617505199e-03 -3.460302848843799239e-03 -1.990012757517867215e-03 1.209038701055353826e-02 0.000000000000000000e+00
2.074100634896575146e-03 3.013461820922658241e-04 -2.207601472499987061e-03 -3.838216224709700697e-03 -2.524538456474267889e-03 1.311580546666935021e-02 0.000000000000000000e+00
1.854073063556394008e-03 2.584013216315184103e-04 -2.085050186508341508e-03 -3.614637419580457589e-03 -2.668405225945580383e-03 1.211456516721121091e-02 0.000000000000000000e+00
1.941827907252391405e-03 2.582293203902130685e-04 -2.309159005063010639e-03 -3.980256369453538667e-03 -3.252205168848387729e-03 1.312199855972506768e-02 0.000000000000000000e+00
1.730078327602913024e-03 2.184161673664530845e-04 -2.177067882231931151e-03 -3.721670849454294938e-03 -3.329786309499205288e-03 1.210186481582020690e-02 0.000000000000000000e+00
1.805494648854044648e-03 2.148402669999160963e-04 -2.406895681013987431e-03 -4.071052688811693798e-03 -3.956771107776368979e-03 1.308966146441026268e-02 0.000000000000000000e+00
1.601795585456172732e-03 1.778559775086896444e-04 -2.265728820510126695e-03 -3.783644119096152281e-03 -3.970964249746522512e-03 1.205641985173322439e-02 0.000000000000000000e+00
1.663925603965416000e-03 1.704906703036690452e-04 -2.501077023456754755e-03 -4.115149792712546883e-03 -4.640520220074328961e-03 1.302465221258586325e-02 0.000000000000000000e+00
1.469438170496967233e-03 1.372289774355661685e-04 -2.350422230805448987e-03 -3.802989940692835802e-03 -4.588732493707503579e-03 1.198250330686434495e-02 0.000000000000000000e+00
1.518820377393564902e-03 1.269364841559872392e-04 -2.590273256574460170e-03 -4.113583511069940357e-03 -5.294553451082428808e-03 1.293087027734207695e-02 0.000000000000000000e+00
1.333310141780841285e-03 9.704332271046056668e-05 -2.430609857633658777e-03 -3.782431030349364676e-03 -5.180294943231800175e-03 1.188487541392868607e-02 0.000000000000000000e+00
1.369087149094838640e-03 8.358615282955117465e-05 -2.674614538030417599e-03 -4.071391929003631560e-03 -5.921393106282479835e-03 1.281433802826503765e-02 0.000000000000000000e+00
1.193772936216280778e-03 5.786988806147363995e-05 -2.505657521066462223e-03 -3.725357919810878826e-03 -5.742994908666254616e-03 1.176828124322426561e-02 0.000000000000000000e+00
1.216604689137368300e-03 4.221470055487674955e-05 -2.752749815326832605e-03 -3.990860254391659367e-03 -6.513219476412146491e-03 1.267967622175225628e-02 0.000000000000000000e+00
1.051229051873103781e-03 2.025977340405771265e-05 -2.575011514481667652e-03 -3.634766915873388626e-03 -6.274702737934845231e-03 1.163755481632566813e-02 0.000000000000000000e+00
1.060372063349662719e-03 2.310857281362377336e-06 -2.824730554951970785e-03 -3.876483986985146402e-03 -7.072929690844276251e-03 1.253254999163733174e-02 0.000000000000000000e+00
9.061735186339237025e-04 -1.515563408960307612e-05 -2.638042425179398798e-03 -3.514371459402809705e-03 -6.773423068862527430e-03 1.149733535065511347e-02 0.000000000000000000e+00
9.024655244281032385e-04 -3.439290090734292704e-05 -2.889251742151849323e-03 -3.730824112136765791e-03 -7.593615456149116483e-03 1.237727290466095198e-02 0.000000000000000000e+00
7.591687812355252252e-04 -4.782663098548689540e-05 -2.694238248080099707e-03 -3.367158353576371610e-03 -7.237697828080591478e-03 1.135201748795822141e-02 0.000000000000000000e+00
7.420287995794916380e-04 -6.828429439040273330e-05 -2.946242671614363040e-03 -3.558156271366019752e-03 -8.078334147877619387e-03 1.221862140424256893e-02 0.000000000000000000e+00
6.108443775638960904e-04 -7.711616601493997969e-05 -2.742957800028256177e-03 -3.196213178345619355e-03 -7.666113224058079822e-03 1.120546938648070423e-02 0.000000000000000000e+00
5.812557993275235813e-04 -9.775623206473293969e-05 -2.994666645355470447e-03 -3.361190331548247201e-03 -8.521704948821984260e-03 1.206059944879012136e-02 0.000000000000000000e+00
4.618871718347627997e-04 -1.024838332653321693e-04 -2.783670689339490245e-03 -3.004290108907792245e-03 -8.057805072728463358e-03 1.106113392036922605e-02 0.000000000000000000e+00
4.195006364017539457e-04 -1.230765454374727064e-04 -3.034268086265057285e-03 -3.143003631837615330e-03 -8.926631683844554743e-03 1.190656553190061473e-02 0.000000000000000000e+00
3.130594743425696436e-04 -1.233524100456295791e-04 -2.815816282398353465e-03 -2.793861059015689818e-03 -8.411956960678868001e-03 1.092183552979308914e-02 0.000000000000000000e+00
2.590619273789562804e-04 -1.428070086063604194e-04 -3.064193152939820308e-03 -2.906172061769130011e-03 -9.288951352335761413e-03 1.175952677539271463e-02 0.000000000000000000e+00
1.652117982224865500e-04 -1.391805973465221058e-04 -2.838917198034335287e-03 -2.567422992435286488e-03 -8.728251872971881653e-03 1.079003023985469767e-02 0.000000000000000000e+00
9.943014210997414004e-05 -1.571968988013927593e-04 -3.084128328081220394e-03 -2.652795580475153514e-03 -9.611703118492798126e-03 1.162138221326847187e-02 0.000000000000000000e+00
1.921476208552319598e-05 -1.494575292513289355e-04 -2.852470326905054421e-03 -2.326871741038072372e-03 -9.006552792770516902e-03 1.066745719604611509e-02 0.000000000000000000e+00
-5.700207665093603993e-05 -1.650028719744067729e-04 -3.093441973729293970e-03 -2.385310508800309037e-03 -9.891890676610337607e-03 1.149406981182776732e-02 0.000000000000000000e+00
-1.239901295235212864e-04 -1.537805006153192267e-04 -2.856020720986007788e-03 -2.073723733273524772e-03 -9.246863143284933528e-03 1.055501402147784873e-02 0.000000000000000000e+00
-2.105649496723094316e-04 -1.664049510130549692e-04 -3.091731205831282914e-03 -2.104976214254428157e-03 -1.013255933429979549e-02 1.137809412008072840e-02 0.000000000000000000e+00
-2.634116632321270579e-04 -1.517155978305040342e-04 -2.849195623251282727e-03 -1.809915797304384455e-03 -9.449690994348891593e-03 1.045342966787510264e-02 0.000000000000000000e+00
-3.588562558194674512e-04 -1.604706705394809418e-04 -3.078570980947520352e-03 -1.813654857121704822e-03 -1.033169361161245803e-02 1.127397100960436660e-02 0.000000000000000000e+00
-3.980954687224647071e-04 -1.429685745484854387e-04 -2.831621567770808978e-03 -1.536198720170744991e-03 -9.615801762851816648e-03 1.036258021934921558e-02 0.000000000000000000e+00
-5.020602279895702846e-04 -1.473457011141321438e-04 -3.053549864945576120e-03 -1.512402345938745896e-03 -1.049257787589752411e-02 1.118103143892446028e-02 0.000000000000000000e+00
-5.269410626983495050e-04 -1.272355628891830293e-04 -2.802977625772168357e-03 -1.254117296186407771e-03 -9.745937085486211515e-03 1.028177392304296944e-02 0.000000000000000000e+00
-6.378260589371687050e-04 -1.264281519824939082e-04 -3.016475318757511070e-03 -1.202777208098471107e-03 -1.061417560439359420e-02 1.109852554595036622e-02 0.000000000000000000e+00
-6.490165126556979303e-04 -1.044175351948006814e-04 -2.763024397143321043e-03 -9.642841802164348053e-04 -9.841512589036760517e-03 1.020978284714013640e-02 0.000000000000000000e+00
-7.661918643808440788e-04 -9.780646279178295543e-05 -2.966844700970028281e-03 -8.850200191683477158e-04 -1.069979760579897743e-02 1.102448083844809190e-02 0.000000000000000000e+00
-7.632140738026982341e-04 -7.431513415473434137e-05 -2.711525883483834054e-03 -6.679982621187185998e-04 -9.903920253712783506e-03 1.014497688671855968e-02 0.000000000000000000e+00
-8.850015733842253596e-04 -6.123610419389580173e-05 -2.904860486140609099e-03 -5.609753067972178542e-04 -1.074989133426917931e-02 1.095746271895681190e-02 0.000000000000000000e+00
-8.685827670907864118e-04 -3.696717504125812681e-05 -2.648297007827260519e-03 -3.658614775225998983e-04 -9.934866588073631988e-03 1.008494912390123233e-02 0.000000000000000000e+00
-9.941783906715073726e-04 -1.680577067236788125e-05 -2.829855756055571492e-03 -2.306234490485614685e-04 -1.076756580197457680e-02 1.089393415218564698e-02 0.000000000000000000e+00
-9.641371553356370416e-04 7.667049093162958684e-06 -2.573280183848003499e-03 -5.882793631206695295e-05 -9.936646476766064495e-03 1.002731720263616566e-02 0.000000000000000000e+00
-1.091828781263570747e-03 3.538430355859434329e-05 -2.742349782431985350e-03 1.041431128991909816e-04 -1.075445505686012382e-02 1.083174407688414220e-02 0.000000000000000000e+00
-1.048987118011796005e-03 5.944037413729841290e-05 -2.486412394098969081e-03 2.523351962882003363e-04 -9.911526960862282465e-03 9.968861109037607804e-03 0.000000000000000000e+00
-1.177773893112438186e-03 9.536032077217537761e-05 -2.641589822857920433e-03 4.435515891048069648e-04 -1.071383196897723877e-02 1.076627831229837184e-02 0.000000000000000000e+00
-1.122297276788836173e-03 1.182306620985396073e-04 -2.387643603020878080e-03 5.670608272994037691e-04 -9.862159080829435709e-03 9.906091824543050706e-03 0.000000000000000000e+00
-1.250527397116091288e-03 1.626671538269008899e-04 -2.528474073796693755e-03 7.854708638279639388e-04 -1.064858231321474946e-02 1.069493344300909143e-02 0.000000000000000000e+00
-1.183339190061832857e-03 1.838204313090452402e-04 -2.277092847382755636e-03 8.840913001755268397e-04 -9.791629850649297140e-03 9.835323574502563559e-03 0.000000000000000000e+00
-1.309844818086269846e-03 2.374531060246876102e-04 -2.402064616682159093e-03 1.130423288077775368e-03 -1.056192671248190607e-02 1.061180582214538148e-02 0.000000000000000000e+00
-1.231485719050018357e-03 2.560281068566538920e-04 -2.154833551442386641e-03 1.202860311985798347e-03 -9.703264525230181903e-03 9.752508455085795447e-03 0.000000000000000000e+00
-1.354686709426206059e-03 3.190115098981038955e-04 -2.263599660820903026e-03 1.475916340995642173e-03 -1.045776683453247813e-02 1.051406815576827469e-02 0.000000000000000000e+00
-1.266170310977920987e-03 3.345997633452668651e-04 -2.021019838457788209e-03 1.522174549845267677e-03 -9.600204096551934185e-03 9.653006429261701271e-03 0.000000000000000000e+00
-1.384897290057918173e-03 4.076890259634424751e-04 -2.112123634369605929e-03 1.822357312002864660e-03 -1.033988456839640691e-02 1.039511032088302755e-02 0.000000000000000000e+00
-1.287076953598864648e-03 4.193425996399657851e-04 -1.875824341742049484e-03 1.841574497630116269e-03 -9.486451751071101057e-03 9.532419852951168338e-03 0.000000000000000000e+00
-1.399947315896044042e-03 5.025648117147618610e-04 -1.949183576020280251e-03 2.167381092703646317e-03 -1.021256022513128414e-02 1.025175020534607739e-02 0.000000000000000000e+00
-1.293939471330135538e-03 5.100875837480700614e-04 -1.719533044870935612e-03 2.159641798701983362e-03 -9.365783114485548566e-03 9.385956963740671455e-03 0.000000000000000000e+00
-1.399704437466703366e-03 6.042857484843400240e-04 -1.773553471258959569e-03 2.511515289474797186e-03 -1.007935550367600186e-02 1.007615968039088372e-02 0.000000000000000000e+00
-1.286694694795614824e-03 6.067277621840394541e-04 -1.552457436786364164e-03 2.475687236944690284e-03 -9.242134809531954431e-03 9.208566567599607566e-03 0.000000000000000000e+00
-1.384321984720465748e-03 7.118740960095903958e-04 -1.587269235273733314e-03 2.851663695966344392e-03 -9.945493833484864155e-03 9.865870385005415244e-03 0.000000000000000000e+00
-1.265473468103739396e-03 7.091905097755257792e-04 -1.374918476311506876e-03 2.788498262448424470e-03 -9.119212807350507433e-03 8.994975459165832632e-03 0.000000000000000000e+00
-1.353768997774229543e-03 8.263679503186793784e-04 -1.388943570385589577e-03 3.188816487099899177e-03 -9.814183042753388264e-03 9.611909626056291955e-03 0.000000000000000000e+00
0.000000000000000000e+00 0.000000000000000000e+00 0.000000000000000000e+00 0.000000000000000000e+00 0.000000000000000000e+00 0.000000000000000000e+00 0.000000000000000000e+00
