-1.961180851978466810e-03 -1.197674331378378865e-03 1.375926426363763277e-03 3.505354016350992197e-03 -8.873566980307501240e-03 -8.926694642707122540e-03 0.000000000000000000e+00
-1.782746717378130841e-03 -1.076101823265951385e-03 1.327770077382120495e-03 3.174811503014574043e-03 -8.302560656594959454e-03 -8.321503837662724834e-03 0.000000000000000000e+00
-1.899723632650979210e-03 -1.135975610823569681e-03 1.500001795734465238e-03 3.369108006095355989e-03 -9.110235524775855964e-03 -9.100018012006660939e-03 0.000000000000000000e+00
-1.722691141267496118e-03 -1.022918757818236379e-03 1.440731801498978948e-03 3.041297805078002625e-03 -8.511740039162329907e-03 -8.476600263930933465e-03 0.000000000000000000e+00
-1.831013951909071791e-03 -1.082514983537841147e-03 1.620547136197358906e-03 3.216172670374550790e-03 -9.326061269767205175e-03 -9.263721192039220398e-03 0.000000000000000000e+00
-1.656250592574931568e-03 -9.774838237672778263e-04 1.549823774859460102e-03 2.892754816637754800e-03 -8.699677885022794044e-03 -8.623445544478691716e-03 0.000000000000000000e+00
-1.755775294273093090e-03 -1.037467987558493565e-03 1.736262957185458200e-03 3.047535036786008789e-03 -9.516828375431884979e-03 -9.419200070276634307e-03 0.000000000000000000e+00
-1.583383982818153957e-03 -9.396385425560205285e-04 1.654568925571947569e-03 2.730182678895243242e-03 -8.863762818148046563e-03 -8.765386026986288215e-03 0.000000000000000000e+00
-1.673177630794220327e-03 -1.000521847453250679e-03 1.847375335248147010e-03 2.864257389804780729e-03 -9.681093750620206606e-03 -9.572340749701702123e-03 0.000000000000000000e+00
-1.504181229039752710e-03 -9.092891006103887008e-04 1.754569965347688165e-03 2.554583933423781872e-03 -9.001845710871592132e-03 -8.905943041548791683e-03 0.000000000000000000e+00
-1.584184159749812970e-03 -9.715983135864803000e-04 1.952800102684074113e-03 2.667354489727102873e-03 -9.815260025399119570e-03 -9.724421225535628821e-03 0.000000000000000000e+00
-1.418739852676403901e-03 -8.862086116404321867e-04 1.849437679488544206e-03 2.366928704633952663e-03 -9.111606590271215111e-03 -9.048087924389935921e-03 0.000000000000000000e+00
-1.488092321843381693e-03 -9.505116993376583334e-04 2.052833243169502331e-03 2.457861920766468700e-03 -9.918232061861154136e-03 -9.881050012151337825e-03 0.000000000000000000e+00
-1.327242960398961058e-03 -8.702540256927682183e-04 1.938879457304865106e-03 2.168047023169972221e-03 -9.191034889332705404e-03 -9.194765875216504014e-03 0.000000000000000000e+00
-1.386016492693792346e-03 -9.368804459455870592e-04 2.146526377537302799e-03 2.236847292256260999e-03 -9.986891402306241616e-03 -1.004290160265508547e-02 0.000000000000000000e+00
-1.229916078883674935e-03 -8.610914937486613407e-04 2.022585772165713669e-03 1.959030852137555456e-03 -9.238237871509902277e-03 -9.348476157830187816e-03 0.000000000000000000e+00
-1.277287245637998003e-03 -9.306622557226917891e-04 2.234160938347690140e-03 2.005108104293107374e-03 -1.002010279464782272e-02 -1.021486606830368515e-02 0.000000000000000000e+00
-1.127025863351671653e-03 -8.584918667636221024e-04 2.100324076068138535e-03 1.740717753251797006e-03 -9.251511871990469871e-03 -9.511542086868551849e-03 0.000000000000000000e+00
-1.163186000300631129e-03 -9.311549740477764736e-04 2.314941101814960156e-03 1.764033867493353114e-03 -1.001540005391365895e-02 -1.039685400800038906e-02 0.000000000000000000e+00
-1.018899522409355551e-03 -8.621139698160584786e-04 2.171933258397318323e-03 1.514096070493575752e-03 -9.229458249731425923e-03 -9.685951069779541456e-03 0.000000000000000000e+00
-1.043032390872888904e-03 -9.383997382873543458e-04 2.389148051567813180e-03 1.514384358028753041e-03 -9.971473116550555460e-03 -1.059279702769178044e-02 0.000000000000000000e+00
-9.058114779468551259e-04 -8.715714299311616564e-04 2.237159220794315839e-03 1.280240664899068292e-03 -9.170300448726020903e-03 -9.872859251299548333e-03 0.000000000000000000e+00
-9.182850909729423083e-04 -9.515084937354867378e-04 2.456241013396198714e-03 1.257702268357085984e-03 -9.886999662305218095e-03 -1.080212856085971396e-02 0.000000000000000000e+00
-7.881596773414711876e-04 -8.864358495947188832e-04 2.295897569220328727e-03 1.040402523825978420e-03 -9.072972130691692172e-03 -1.007336352637633325e-02 0.000000000000000000e+00
-7.882234641500562855e-04 -9.705594994877386750e-04 2.516411943552621100e-03 9.949589794451263458e-04 -9.760324876081583056e-03 -1.102752782139093668e-02 0.000000000000000000e+00
-6.663058802252319612e-04 -9.063173909532318273e-04 2.348061676420543087e-03 7.957926483550537000e-04 -8.936326040613451482e-03 -1.028802227420477777e-02 0.000000000000000000e+00
-6.544261700975051443e-04 -9.944270905262453386e-04 2.569326440007957402e-03 7.281664526166409246e-04 -9.591048185566997120e-03 -1.126746598861183557e-02 0.000000000000000000e+00
-5.406562379889623404e-04 -9.307247145083630269e-04 2.393637168442097618e-03 5.479193251809455489e-04 -8.759605314418550392e-03 -1.051693501309047818e-02 0.000000000000000000e+00
-5.160761038284222835e-04 -1.023234937796102528e-03 2.615039348717540513e-03 4.586892429556677087e-04 -9.376810353423081779e-03 -1.152290063146699239e-02 0.000000000000000000e+00
-4.116030523026725785e-04 -9.591340761794520109e-04 2.432517925730737218e-03 2.986789496959296741e-04 -8.541813342438864254e-03 -1.075928593849306836e-02 0.000000000000000000e+00
-3.749026641104991064e-04 -1.055789492650505146e-03 2.653567058763850461e-03 1.887748115079190825e-04 -9.118890208553942500e-03 -1.179202775352461430e-02 0.000000000000000000e+00
-2.795427897341329349e-04 -9.909782650590337472e-04 2.464702568597654242e-03 5.021014647166310851e-05 -8.282292838116767086e-03 -1.101372611787621025e-02 0.000000000000000000e+00
-2.300594955615686832e-04 -1.092222008731713601e-03 2.684872429101592406e-03 -7.943092743856183802e-05 -8.814657457481445135e-03 -1.207422476818731383e-02 0.000000000000000000e+00
-1.448916309602088504e-04 -1.025815844481331451e-03 2.490319319190026359e-03 -1.954476134700122714e-04 -7.980924038319514580e-03 -1.127891980502937486e-02 0.000000000000000000e+00
-8.328553774053504277e-05 -1.131063544838134538e-03 2.709059703547705977e-03 -3.426062054430190074e-04 -8.465904944313873415e-03 -1.236581321308349857e-02 0.000000000000000000e+00
-8.054709870392029458e-06 -1.063026743896661186e-03 2.509359817753659128e-03 -4.353869168296498060e-04 -7.637401995377768316e-03 -1.155215730492731296e-02 0.000000000000000000e+00
6.628879940084875244e-05 -1.172683764669196771e-03 2.726153166929506932e-03 -5.983741732751290954e-04 -8.070384823682275055e-03 -1.266541723657343965e-02 0.000000000000000000e+00
1.305424044729663891e-04 -1.102077674371065852e-03 2.521963954978834188e-03 -6.665990802221521960e-04 -7.251931261284205732e-03 -1.183057241137985827e-02 0.000000000000000000e+00
2.169211234835377589e-04 -1.215480367566357245e-03 2.736375260226436845e-03 -8.425930368058942577e-04 -7.630804007622060681e-03 -1.296793462512990658e-02 0.000000000000000000e+00
2.705076751816082314e-04 -1.142332148609814801e-03 2.528211624423071235e-03 -8.854670285982635392e-04 -6.824835190248457195e-03 -1.211028783895518046e-02 0.000000000000000000e+00
3.694602954467662848e-04 -1.259829201955220412e-03 2.739745525717679486e-03 -1.071755847264377337e-03 -7.145142346904886921e-03 -1.327049640814470521e-02 0.000000000000000000e+00
4.114571167560532317e-04 -1.183343695846217347e-03 2.528302421128919564e-03 -1.088550593924431098e-03 -6.356900527696218717e-03 -1.238746785485478341e-02 0.000000000000000000e+00
5.221886289593913322e-04 -1.304113045204308152e-03 2.736614847558382912e-03 -1.281321841570370879e-03 -6.617364084019250470e-03 -1.356712325281739240e-02 0.000000000000000000e+00
5.529725263118401291e-04 -1.224471876542343463e-03 2.522408909099660423e-03 -1.271530886787886061e-03 -5.849308869370961617e-03 -1.265728738635996109e-02 0.000000000000000000e+00
6.759901130753975806e-04 -1.348803518957664149e-03 2.726959442637372222e-03 -1.466980699797115761e-03 -6.045557488503661148e-03 -1.385354405983596493e-02 0.000000000000000000e+00
6.946983915408488919e-04 -1.265196566272497325e-03 2.510680999249031986e-03 -1.430107029768201699e-03 -5.303386933491083255e-03 -1.291456385056388712e-02 0.000000000000000000e+00
8.291438613620416564e-04 -1.392244351331922703e-03 2.711319873794165725e-03 -1.623843048511375287e-03 -5.435211264570583012e-03 -1.412330411104401051e-02 0.000000000000000000e+00
8.362462113493396298e-04 -1.305048790057106167e-03 2.493406132840658707e-03 -1.560059532079272060e-03 -4.721218329212462095e-03 -1.315421873087485594e-02 0.000000000000000000e+00
9.825848669273995473e-04 -1.434979983419237826e-03 2.689561974736659478e-03 -1.747141218775727367e-03 -4.784696850481662267e-03 -1.437106948548283469e-02 0.000000000000000000e+00
9.772664398747799019e-04 -1.343481297097215421e-03 2.470754048454260055e-03 -1.656699797718985678e-03 -4.104996506055780259e-03 -1.337044246746943443e-02 0.000000000000000000e+00
1.134593565883884603e-03 -1.475399259697501853e-03 2.662383575083859810e-03 -1.832179623690866066e-03 -4.100954116927013615e-03 -1.459046579684875056e-02 0.000000000000000000e+00
1.117406825738520570e-03 -1.380066963101417299e-03 2.443048913396361765e-03 -1.715934564868959455e-03 -3.457656336283587706e-03 -1.355801110391174902e-02 0.000000000000000000e+00
1.286105575686702363e-03 -1.514134282171675228e-03 2.629598141588918025e-03 -1.874283035184554080e-03 -3.382974747009992456e-03 -1.477592107484193562e-02 0.000000000000000000e+00
1.256332085372929841e-03 -1.414361645560413550e-03 2.410508878812722688e-03 -1.733603171826914036e-03 -2.782287711133868413e-03 -1.371139449210501127e-02 0.000000000000000000e+00
1.435495581056822623e-03 -1.549605290738553798e-03 2.591993547971516154e-03 -1.869641599376414831e-03 -2.638847667812971309e-03 -1.492169794471154276e-02 0.000000000000000000e+00
1.393703378568200701e-03 -1.445992306467636102e-03 2.373467707240117797e-03 -1.706367571494560309e-03 -2.082734367879535142e-03 -1.382599018626118337e-02 0.000000000000000000e+00
1.583696104099557855e-03 -1.582554823963855384e-03 2.549347498846304960e-03 -1.814359232167550573e-03 -1.868095898575727887e-03 -1.502265185227313893e-02 0.000000000000000000e+00
1.529240539526716125e-03 -1.474592668068985812e-03 2.332148017032492637e-03 -1.631229432588199302e-03 -1.362757935684300037e-03 -1.389710763464169219e-02 0.000000000000000000e+00
1.729101355634615755e-03 -1.611467947658762334e-03 2.502541351121490010e-03 -1.706248246225339216e-03 -1.080054898736193536e-03 -1.507473365775569007e-02 0.000000000000000000e+00
1.662651556625510674e-03 -1.499850890537057779e-03 2.286878721298624129e-03 -1.506177405443231976e-03 -6.267680845448708737e-04 -1.392126190665488039e-02 0.000000000000000000e+00
1.872658900751084099e-03 -1.637192817786597976e-03 2.451301481078166367e-03 -1.542937894742912874e-03 -2.746379965641310150e-04 -1.507399543134813058e-02 0.000000000000000000e+00
1.793646291145006844e-03 -1.521499440036572226e-03 2.237958453710608975e-03 -1.330061850147057356e-03 1.206746105841816075e-04 -1.389567591413776171e-02 0.000000000000000000e+00
2.012865260471036200e-03 -1.658324171338598774e-03 2.396597905680891705e-03 -1.324646326414047337e-03 5.381387769114454045e-04 -1.501882563999501485e-02 0.000000000000000000e+00
1.921975796873393039e-03 -1.539300579022517823e-03 2.185627452551436312e-03 -1.102673872774850850e-03 8.749345846279510397e-04 -1.381840850880111660e-02 0.000000000000000000e+00
2.150636416578061150e-03 -1.675751574280848200e-03 2.338076012155992922e-03 -1.050780241269144710e-03 1.358196738127315228e-03 -1.490666973358223402e-02 0.000000000000000000e+00
2.047386775436060846e-03 -1.553104285533735140e-03 2.130273370567759006e-03 -8.252035045104300082e-04 1.631130110776091158e-03 -1.368902012531636458e-02 0.000000000000000000e+00
2.284551748696350693e-03 -1.688172478733290793e-03 2.276724601734947395e-03 -7.240410975200006760e-04 2.175303681684948032e-03 -1.473852095537386830e-02 0.000000000000000000e+00
2.169698754939608509e-03 -1.562748992550988536e-03 2.072106494005465649e-03 -4.996552241220975077e-04 2.384705265725983736e-03 -1.350755625379340685e-02 0.000000000000000000e+00
2.415506176020404405e-03 -1.696574406184953032e-03 2.212168972335504247e-03 -3.461013098307041957e-04 2.989416370743125384e-03 -1.451384931323529415e-02 0.000000000000000000e+00
2.288655638746528442e-03 -1.568122002890887101e-03 2.011453123911155494e-03 -1.290683429218120182e-04 3.130893420636216007e-03 -1.327538822954510422e-02 0.000000000000000000e+00
2.542238039954514139e-03 -1.699825735126281323e-03 2.145442693576637971e-03 7.765070701371001860e-05 3.790763935315411004e-03 -1.423642477139264173e-02 0.000000000000000000e+00
2.404083060322942389e-03 -1.569185783812432344e-03 1.948616005087722147e-03 2.824014022388965373e-04 3.865313227632505289e-03 -1.299490886161880354e-02 0.000000000000000000e+00
2.665574288837180283e-03 -1.698871248826394620e-03 2.076042315903914304e-03 5.440955474305120276e-04 4.579637589947171961e-03 -1.390679738648437080e-02 0.000000000000000000e+00
2.515834489029117327e-03 -1.565914097806153649e-03 1.883821190195200668e-03 7.298507425352873668e-04 4.583960190907454546e-03 -1.266902945071723963e-02 0.000000000000000000e+00
2.784344221560652866e-03 -1.692746776283393650e-03 2.005129021855345250e-03 1.045569395216716657e-03 5.346860784935181243e-03 -1.353142736543189173e-02 0.000000000000000000e+00
2.623765387112009240e-03 -1.558319477956204846e-03 1.817320357126506192e-03 1.207754257765536465e-03 5.283118348309745471e-03 -1.230142761187513756e-02 0.000000000000000000e+00
2.899368239314498163e-03 -1.682441948038682078e-03 1.932073940251077815e-03 1.577836143050070916e-03 6.093493789501192026e-03 -1.311157465286427737e-02 0.000000000000000000e+00
2.727724203687109661e-03 -1.546459216317852547e-03 1.749421229432834846e-03 1.709984553969423615e-03 5.959361504746407689e-03 -1.189645525387339475e-02 0.000000000000000000e+00
3.009592650266040836e-03 -1.667067317943693450e-03 1.858013357758980799e-03 2.132107692403018007e-03 6.811406463967717428e-03 -1.265507803409660070e-02 0.000000000000000000e+00
2.827633015631075830e-03 -1.530402416068388227e-03 1.680284331436743273e-03 2.230227532758366493e-03 6.609919883866943735e-03 -1.145844721839672786e-02 0.000000000000000000e+00
3.115802107108156527e-03 -1.647678489057696760e-03 1.782310691211430598e-03 2.703308965556150412e-03 7.502366150654804500e-03 -1.216363721876279058e-02 0.000000000000000000e+00
2.923391539029013275e-03 -1.510263043479759260e-03 1.610146366371245641e-03 2.761985250952836424e-03 7.232339379604102447e-03 -1.099199011428897421e-02 0.000000000000000000e+00
3.217061951717836710e-03 -1.623472197952169349e-03 1.706106852593702872e-03 3.282404866817856259e-03 8.159453056992838071e-03 -1.164583151260778493e-02 0.000000000000000000e+00
3.014931356968092446e-03 -1.486166846939862562e-03 1.539211153271324850e-03 3.298680827845679175e-03 7.824605698443676260e-03 -1.050182769103491509e-02 0.000000000000000000e+00
3.314116260629829114e-03 -1.595514459822700015e-03 1.628683958553089894e-03 3.864427548863069717e-03 8.785142659641920204e-03 -1.110283282406765437e-02 0.000000000000000000e+00
3.102200029096946476e-03 -1.458273501873053046e-03 1.467666137021428341e-03 3.834054662712915729e-03 8.385178053730069081e-03 -9.992350384667503249e-03 0.000000000000000000e+00
3.406143879389089690e-03 -1.563083977174528627e-03 1.551147732308244542e-03 4.440679914780698567e-03 9.373756497612628635e-03 -1.054317241053137622e-02 0.000000000000000000e+00
3.185165927826527632e-03 -1.426742581430107126e-03 1.395670655793102011e-03 4.362027927374612091e-03 8.912928123725905039e-03 -9.467743877994649893e-03 0.000000000000000000e+00
3.493850753604504922e-03 -1.527238198247071743e-03 1.472702416276949755e-03 5.006776282316049986e-03 9.928322250918775183e-03 -9.967053012227999886e-03 0.000000000000000000e+00
3.263797752590252843e-03 -1.391760783384154987e-03 1.323354142008403844e-03 4.876909188993749922e-03 9.407040136043764988e-03 -8.931740441397550967e-03 0.000000000000000000e+00
3.576531427716439504e-03 -1.487347943579186982e-03 1.394506815434459757e-03 5.554767631516188686e-03 1.044429757341847065e-02 -9.382849089927258746e-03 0.000000000000000000e+00
3.338109231023789203e-03 -1.353525518924758586e-03 1.250840512573236918e-03 5.373428919410727644e-03 9.867148671458103593e-03 -8.387773117456642780e-03 0.000000000000000000e+00
3.654822355504849796e-03 -1.444442876671780951e-03 1.315668165713490545e-03 6.081132946567091579e-03 1.092500881417635128e-02 -8.789381689967790123e-03 0.000000000000000000e+00
3.408066606894438744e-03 -1.312238131085441406e-03 1.178311689251920757e-03 5.846624341287132154e-03 1.029291110773034035e-02 -7.839032123007960706e-03 0.000000000000000000e+00
3.728144372127567552e-03 -1.397943976779725261e-03 1.237278126368535069e-03 6.579130721988235564e-03 1.136698579534822784e-02 -8.194227054652891695e-03 0.000000000000000000e+00
3.473723941403189519e-03 -1.268111014056105823e-03 1.105775738618863802e-03 6.292445456446138508e-03 1.068458560812945990e-02 -7.287699573330641556e-03 0.000000000000000000e+00
3.797059524709003875e-03 -1.348877208351584311e-03 1.158484872154141865e-03 7.045798709708339658e-03 1.177359333635585870e-02 -7.595237629124174106e-03 0.000000000000000000e+00
3.535079534087173792e-03 -1.221349780119340700e-03 1.033329056151888192e-03 6.706764087708094735e-03 1.104231568024172105e-02 -6.735900270094852260e-03 0.000000000000000000e+00
3.861103660896425538e-03 -1.296702158084417356e-03 1.080329565845694617e-03 7.476061970830283343e-03 1.214226264841355984e-02 -6.999173998637031602e-03 0.000000000000000000e+00
3.592165121474491518e-03 -1.172170949342743462e-03 9.609672995516405081e-04 7.086425018156816691e-03 1.136657556834741456e-02 -6.184982646324055366e-03 0.000000000000000000e+00
3.920755444718024285e-03 -1.242399193032373006e-03 1.001855028154530203e-03 7.867319933535288357e-03 1.247622095780398510e-02 -6.402429509051454914e-03 0.000000000000000000e+00
3.645013613659625618e-03 -1.120805904159805078e-03 8.888844433760367814e-04 7.428237831367923150e-03 1.165780682428030346e-02 -5.636714360508721100e-03 0.000000000000000000e+00
3.975642147479863109e-03 -1.185466930693046539e-03 9.240652431879992079e-04 8.216029515362599511e-03 1.277358016092700055e-02 -5.811071636592668455e-03 0.000000000000000000e+00
3.693671472291062963e-03 -1.067459260440384305e-03 8.169707426520234073e-04 7.729700118670912445e-03 1.191672451234015995e-02 -5.091304994890410995e-03 0.000000000000000000e+00
4.026162807950040001e-03 -1.126861779781940243e-03 8.460315978194299369e-04 8.520064839711238847e-03 1.303725041656722539e-02 -5.220756560572636928e-03 0.000000000000000000e+00
3.738159310503086363e-03 -1.012337568487786665e-03 7.452370837801036707e-04 7.988752476232097166e-03 1.214388410849664979e-02 -4.549182078185998179e-03 0.000000000000000000e+00
4.072044474800917691e-03 -1.066111293359428558e-03 7.687399377833692427e-04 8.776884080868185833e-03 1.326596404137303509e-02 -4.636936013380665855e-03 0.000000000000000000e+00
3.778510928955813863e-03 -9.556633556669913432e-04 6.737511091101655580e-04 8.203596945879354507e-03 1.233995565701873076e-02 -4.010735535712850464e-03 0.000000000000000000e+00
4.113580526070886867e-03 -1.004121059185847376e-03 6.911158466051947613e-04 8.984874832295375313e-03 1.346214492743502689e-02 -4.054003077193168991e-03 0.000000000000000000e+00
3.814749655281321483e-03 -8.976393682652572537e-04 6.024603199435429879e-04 8.372518945068740948e-03 1.250553851438951369e-02 -3.475664439738013201e-03 0.000000000000000000e+00
4.150595017636496409e-03 -9.404438907376633239e-04 6.141737006200576054e-04 9.142691221865728579e-03 1.362503598706243935e-02 -3.477145573777651322e-03 0.000000000000000000e+00
3.846915318290136665e-03 -8.384687743418495209e-04 5.313009148727454445e-04 8.494410789220196989e-03 1.264132709050791448e-02 -2.943395929700720615e-03 0.000000000000000000e+00
4.183257414408586561e-03 -8.759712275837050477e-04 5.369159243328036624e-04 9.248627397720365906e-03 1.375640127470312279e-02 -2.900535060295528211e-03 0.000000000000000000e+00
3.875007985850824344e-03 -7.783535923753248653e-04 4.602388149418934482e-04 8.568202624066323381e-03 1.274778980785873372e-02 -2.413359506788337328e-03 0.000000000000000000e+00
4.211484779830590441e-03 -8.102506744144810646e-04 4.602096132889643698e-04 9.302460519878597012e-03 1.385594545463275651e-02 -2.328568708826139755e-03 0.000000000000000000e+00
3.899049398958319423e-03 -7.174937656969082589e-04 3.892366052012374844e-04 8.593185568379624328e-03 1.282548528805360633e-02 -1.884799781814328057e-03 0.000000000000000000e+00
4.235333594531091872e-03 -7.441614201245116966e-04 3.830666874502508534e-04 9.302534228409875539e-03 1.392477077507070504e-02 -1.755055625401791275e-03 0.000000000000000000e+00
3.919030872096121443e-03 -6.560823789894532077e-04 3.182079547797700414e-04 8.568772393840795587e-03 1.287477109103285500e-02 -1.356668387751946980e-03 0.000000000000000000e+00
4.254793545792980025e-03 -6.772573770487677614e-04 3.063815331892927318e-04 9.249469131723309090e-03 1.396291339314004176e-02 -1.184335303496597547e-03 0.000000000000000000e+00
3.934953766030702127e-03 -5.943176021040441626e-04 2.471100696823103071e-04 8.494514143992493160e-03 1.289602805176315314e-02 -8.280451704787417100e-04 0.000000000000000000e+00
4.269807666509344707e-03 -6.103934942035538214e-04 2.290255665088336556e-04 9.141448315391986768e-03 1.397077700390525479e-02 -6.094777848821841815e-04 0.000000000000000000e+00
3.946787308276324818e-03 -5.323968308959536877e-04 1.758879330919782547e-04 8.370234696327027990e-03 1.288941530328902019e-02 -2.978811789282609368e-04 0.000000000000000000e+00
4.280443488185150386e-03 -5.431388127060676752e-04 1.519742403737200931e-04 8.980259553870606481e-03 1.394872936867663782e-02 -3.505937229064670646e-05 0.000000000000000000e+00
3.954514394278810241e-03 -4.705039108391928515e-04 1.043854421625689533e-04 8.195757747991638809e-03 1.285512497840590740e-02 2.352645797711883091e-04 0.000000000000000000e+00
4.286521494866756682e-03 -4.763495815077734008e-04 7.416266173554397767e-05 8.763603728044522256e-03 1.389640426371041571e-02 5.457234875749783498e-04 0.000000000000000000e+00
3.958082182680524273e-03 -4.088384850925441683e-04 3.258701316943835025e-05 7.971402227178625566e-03 1.279311305325014914e-02 7.723235538374950693e-04 0.000000000000000000e+00
4.288186342529087813e-03 -4.095865533149667392e-04 -3.566706779922768078e-06 8.494245406041045499e-03 1.381447562908100224e-02 1.128715945974079204e-03 0.000000000000000000e+00
3.957458053604374915e-03 -3.475952526246217644e-04 -3.955747218925553810e-05 7.697320894820336434e-03 1.270337966918244632e-02 1.314358580359886730e-03 0.000000000000000000e+00
4.285132769433569466e-03 -3.437059202059944418e-04 -8.228062955917270216e-05 8.169716181886776951e-03 1.370180546644039765e-02 1.720745085978858668e-03 0.000000000000000000e+00
3.952575105957724204e-03 -2.869680785041461846e-04 -1.121875202773070512e-04 7.373963676698735981e-03 1.258566878290112712e-02 1.862601658348950195e-03 0.000000000000000000e+00
4.277598459633668443e-03 -2.782736846656530538e-04 -1.610191666949201128e-04 7.793756017816733106e-03 1.355942016708899800e-02 2.317132043064384916e-03 0.000000000000000000e+00
3.943363110739292812e-03 -2.271500393294378917e-04 -1.853904483480883769e-04 7.001976958717737176e-03 1.243970547775985480e-02 2.418169436065875644e-03 0.000000000000000000e+00
4.265152070380102273e-03 -2.141638028202996757e-04 -2.408307246782315225e-04 7.364001379506213141e-03 1.338541489256472872e-02 2.924399450282999524e-03 0.000000000000000000e+00
3.929763139947511225e-03 -1.683407178194595843e-04 -2.592188708736564706e-04 6.582106816269472915e-03 1.226512627022779967e-02 2.981809142751812303e-03 0.000000000000000000e+00
4.248103011226463804e-03 -1.509132055783068971e-04 -3.209124549385378167e-04 6.884782632228247934e-03 1.318105666095004125e-02 3.538223271340790177e-03 0.000000000000000000e+00
3.911681351692928438e-03 -1.107459559960277673e-04 -3.336541286981242749e-04 6.115952836359461742e-03 1.206144787561003184e-02 3.553897046691512074e-03 0.000000000000000000e+00
4.225932686008480876e-03 -8.941592020511590633e-05 -4.022649460779792463e-04 6.353717307011841342e-03 1.294383169846380355e-02 4.164670089349398197e-03 0.000000000000000000e+00
3.889032273427621422e-03 -5.455342353560821422e-05 -4.088891956220974677e-04 5.604239934065891049e-03 1.182805912588857922e-02 4.135472527534655995e-03 0.000000000000000000e+00
4.199027094555329853e-03 -2.921671058669916832e-05 -4.838886524566876624e-04 5.776849028188646429e-03 1.267533487447636276e-02 4.798210395767554814e-03 0.000000000000000000e+00
3.861729949344291923e-03 3.382298291443319727e-08 -4.848723952640687784e-04 5.049002433802129985e-03 1.156439920412921651e-02 4.726351464434896954e-03 0.000000000000000000e+00
4.166752542347267052e-03 2.879273934436321625e-05 -5.669059246175556233e-04 5.151490672908209945e-03 1.237235415326054522e-02 5.444871242148208168e-03 0.000000000000000000e+00
3.829697327998121681e-03 5.281879159685365366e-05 -5.617077631049349762e-04 4.452513962250215229e-03 1.126979993775467648e-02 5.326709766810377999e-03 0.000000000000000000e+00
4.129595399795508992e-03 8.509752140967163925e-05 -6.503053066089781176e-04 4.484802010110922055e-03 1.203689432808641158e-02 6.098563215989560859e-03 0.000000000000000000e+00
3.792820327170466632e-03 1.035994831423692197e-04 -6.393001276791543397e-04 3.816910614549584579e-03 1.094355788052681078e-02 5.935568583665062903e-03 0.000000000000000000e+00
4.086826182997160828e-03 1.387690031942612201e-04 -7.350932333914927952e-04 3.775232058324640150e-03 1.166523750071135623e-02 6.764069231387281889e-03 0.000000000000000000e+00
3.751018975201858563e-03 1.521932753008048422e-04 -7.177801627936131190e-04 3.145346425166728466e-03 1.058494587765945738e-02 6.552491840695617853e-03 0.000000000000000000e+00
4.039028555191323533e-03 1.903414225967736684e-04 -8.203566012663920937e-04 3.030698558484257177e-03 1.125982374446365952e-02 7.434934867297071648e-03 0.000000000000000000e+00
3.704219410236422871e-03 1.984201604872670721e-04 -7.970680257717299710e-04 2.441276766311339941e-03 1.019338994296337120e-02 7.175848790572203484e-03 0.000000000000000000e+00
3.985381121354908407e-03 2.388664975984111649e-04 -9.068909972615446513e-04 2.250810343378706335e-03 1.081659842478632783e-02 8.114136155653373095e-03 0.000000000000000000e+00
3.652320000369038699e-03 2.420884214912044641e-04 -8.771397042394157850e-04 1.708721001961066577e-03 9.768219383675891265e-03 7.803601024291229038e-03 0.000000000000000000e+00
3.926588863185268008e-03 2.849225305955882526e-04 -9.937924950336185503e-04 1.444885133415230172e-03 1.033863272851132109e-02 8.794296595514339288e-03 0.000000000000000000e+00
3.595267003194860256e-03 2.830540375988177537e-04 -9.579827138736507486e-04 9.522472788847657910e-04 9.309035735453718985e-03 8.433426462751469899e-03 0.000000000000000000e+00
3.861724300917759867e-03 3.275667606656429420e-04 -1.081975411209190607e-03 6.134789053113820501e-04 9.821519373586884427e-03 9.477611339200553431e-03 0.000000000000000000e+00
3.532973042791612284e-03 3.211429455090564211e-04 -1.039446739509064521e-03 1.773823831405785256e-04 8.815463031076387068e-03 9.061762355578206751e-03 0.000000000000000000e+00
3.791617300195920803e-03 3.674213753624422374e-04 -1.170330339185732260e-03 -2.322893727377817186e-04 9.269235740953174485e-03 1.015487465812459078e-02 0.000000000000000000e+00
3.465406191545408743e-03 3.562343079012153524e-04 -1.121515934031036554e-03 -6.099778491437390926e-04 8.287439650717320916e-03 9.685105054052289830e-03 0.000000000000000000e+00
3.715291480823376680e-03 4.035641682319512924e-04 -1.259745994896588339e-03 -1.090902000195459465e-03 8.677430874986846732e-03 1.082685339463695939e-02 0.000000000000000000e+00
3.392499454523842384e-03 3.882017973850238057e-04 -1.204008257862210218e-03 -1.403177116193976559e-03 7.725083863787673977e-03 1.029868779786280442e-02 0.000000000000000000e+00
3.633673027010397849e-03 4.366763801031403602e-04 -1.349108409900712235e-03 -1.949305624577402085e-03 8.050976227218065162e-03 1.148329502771172628e-02 0.000000000000000000e+00
3.314247220476088107e-03 4.169658793041763900e-04 -1.286857247961514794e-03 -2.195448069253203016e-03 7.128892524137064868e-03 1.089778260403218013e-02 0.000000000000000000e+00
3.545716757566486077e-03 4.658462887646153128e-04 -1.439158880406132823e-03 -2.805029702946271186e-03 7.385847405145362643e-03 1.212310735639032799e-02 0.000000000000000000e+00
3.230619998024597539e-03 4.424335966281556232e-04 -1.369854400098236002e-03 -2.978397228573292921e-03 6.499667839662048863e-03 1.147654453262569874e-02 0.000000000000000000e+00
3.452487889371691487e-03 4.918566570391580406e-04 -1.528840453904778407e-03 -3.643961673664541934e-03 6.688044753909938578e-03 1.273561050225824332e-02 0.000000000000000000e+00
3.141630040369242094e-03 4.645811690751622258e-04 -1.452816782446408883e-03 -3.744645472802954345e-03 5.838666733451347568e-03 1.202912620670737454e-02 0.000000000000000000e+00
3.352902144059172196e-03 5.138175160298019684e-04 -1.618834378576516908e-03 -4.462392720156582726e-03 5.954127854949753385e-03 1.331847169382127660e-02 0.000000000000000000e+00
3.047312896203385746e-03 4.833909325802077106e-04 -1.535506902260785900e-03 -4.485147904499164895e-03 5.147634606267992297e-03 1.254912322224877030e-02 0.000000000000000000e+00
3.248140309359576205e-03 5.326043455998741294e-04 -1.707966372967939517e-03 -5.246300638773071512e-03 5.191376836409578033e-03 1.386064779838225292e-02 0.000000000000000000e+00
2.947694452453186731e-03 4.988739716336176855e-04 -1.617707194127737669e-03 -5.191869904581647432e-03 4.428678245796735524e-03 1.303031260634357480e-02 0.000000000000000000e+00
3.137082149511555285e-03 5.473892180220540915e-04 -1.796914932667426079e-03 -5.991523578002144745e-03 4.397032730409033974e-03 1.435958632302902771e-02 0.000000000000000000e+00
2.842856064882798295e-03 5.110932620475128196e-04 -1.699171207250493865e-03 -5.856618900607735156e-03 3.684419213352718714e-03 1.346671885960093462e-02 0.000000000000000000e+00
3.021042897787928894e-03 5.591135998026519616e-04 -1.884412524714385029e-03 -6.684506814370827499e-03 3.579740220888805169e-03 1.480468997448580737e-02 0.000000000000000000e+00
2.732900425089862528e-03 5.201470617028358667e-04 -1.779642552776239395e-03 -6.471558288420276028e-03 2.917990702710593354e-03 1.385269401119648691e-02 0.000000000000000000e+00
2.898875559246200107e-03 5.670270054073389687e-04 -1.971026126240726928e-03 -7.321786063984259130e-03 2.737563446074009477e-03 1.519385771713244182e-02 0.000000000000000000e+00
2.617948424829819043e-03 5.261600440528702016e-04 -1.858711023636883120e-03 -7.029777592957309196e-03 2.133014902359064990e-03 1.418300252273008155e-02 0.000000000000000000e+00
2.772008792483127149e-03 5.721779528763404343e-04 -2.055689850129605034e-03 -7.892077611574510598e-03 1.879959023791677453e-03 1.551934873426308314e-02 0.000000000000000000e+00
2.498136493105262979e-03 5.292972763952241699e-04 -1.936117837992634705e-03 -7.525147060861048232e-03 1.333304130527235287e-03 1.445379000169877415e-02 0.000000000000000000e+00
2.639326618150028558e-03 5.738933104454391199e-04 -2.138686518059040864e-03 -8.393549565222535591e-03 1.005985166484091309e-03 1.577988763833770847e-02 0.000000000000000000e+00
2.373660051223080991e-03 5.297813239243942540e-04 -2.011512551831295958e-03 -7.952673063231774364e-03 5.231465988755346075e-04 1.466218131890917320e-02 0.000000000000000000e+00
2.502365919943128070e-03 5.732931084025949531e-04 -2.218918813876258334e-03 -8.817741616752083900e-03 1.258271303279379083e-04 1.597053994969366286e-02 0.000000000000000000e+00
2.244723470992721071e-03 5.278573420227639090e-04 -2.084519035380927310e-03 -8.309162265903946576e-03 -2.930819218218694289e-04 1.480676940358849336e-02 0.000000000000000000e+00
2.360028871967095876e-03 5.698125811007814789e-04 -2.296745825285662068e-03 -9.165322654781871137e-03 -7.612406320709474983e-04 1.609304344241291318e-02 0.000000000000000000e+00
2.111586262893400123e-03 5.238246588442074803e-04 -2.154743884374588081e-03 -8.592509821999438913e-03 -1.110772223182898699e-03 1.488733677505171826e-02 0.000000000000000000e+00
2.213995450390360276e-03 5.646514809606872909e-04 -2.370995916892604249e-03 -9.431833686322388388e-03 -1.644647638270324563e-03 1.614576581851956405e-02 0.000000000000000000e+00
1.974519794697898734e-03 5.180082625075854708e-04 -2.221809340745506400e-03 -8.802357602914590018e-03 -1.925501274119945094e-03 1.490544902518919912e-02 0.000000000000000000e+00
2.063148566198880207e-03 5.573216635819666642e-04 -2.441923575138782443e-03 -9.620283449066846515e-03 -2.525181938170639739e-03 1.613292460387949490e-02 0.000000000000000000e+00
1.833853829036252714e-03 5.107917494582281392e-04 -2.285306816840526611e-03 -8.939866008606411896e-03 -2.732821513923955337e-03 1.486393520505036037e-02 0.000000000000000000e+00
1.909297541274584953e-03 5.490894846900684634e-04 -2.508434369736634029e-03 -9.730075388067582765e-03 -3.392698448708930670e-03 1.605674894386677209e-02 0.000000000000000000e+00
1.689919596068845120e-03 5.025483576551748044e-04 -2.344800180958617197e-03 -9.007085898595335038e-03 -3.528597330805904875e-03 1.476673074113188378e-02 0.000000000000000000e+00
1.751427134420835419e-03 5.396026480673499215e-04 -2.570739748184724949e-03 -9.767156003377852613e-03 -4.248314605459491133e-03 1.592390309639535317e-02 0.000000000000000000e+00
1.543141774486250783e-03 4.937360779889710116e-04 -2.399901663590831014e-03 -9.007964313765270958e-03 -4.309000302664234283e-03 1.461925077283066088e-02 0.000000000000000000e+00
1.591394485713187867e-03 5.301106726204873887e-04 -2.627712644614588200e-03 -9.733041674973019752e-03 -5.082649771449787579e-03 1.573893734347553419e-02 0.000000000000000000e+00
1.393928400690691571e-03 4.847933966914963477e-04 -2.450152459654408865e-03 -8.946722123313488595e-03 -5.070571965720471752e-03 1.442740866707303837e-02 0.000000000000000000e+00
1.428271847096151959e-03 5.203992543384439173e-04 -2.679533210570239632e-03 -9.635923802609358546e-03 -5.897614448326926606e-03 1.551027729586351711e-02 0.000000000000000000e+00
1.242777784499077276e-03 4.762301494989906736e-04 -2.495149769059401557e-03 -8.828721291564090023e-03 -5.810326201481696984e-03 1.419799631604456991e-02 0.000000000000000000e+00
1.264019956325607152e-03 5.116828200268930260e-04 -2.725159454741277187e-03 -9.479176003432066011e-03 -6.684952495532137107e-03 1.524401546266185292e-02 0.000000000000000000e+00
1.090170037800347602e-03 4.685277254987130213e-04 -2.534545583551928161e-03 -8.659791057340715525e-03 -6.525966293476237468e-03 1.393817875910574600e-02 0.000000000000000000e+00
1.097780625190447612e-03 5.038623135616981941e-04 -2.764639993676321073e-03 -9.271193506757313685e-03 -7.447318904028499276e-03 1.494882595481472620e-02 0.000000000000000000e+00
9.366614753255342318e-04 4.622127215898053088e-04 -2.567811089665111846e-03 -8.445350339009838336e-03 -7.215291579519167442e-03 1.365471858873190669e-02 0.000000000000000000e+00
9.315905844366478838e-04 4.981137759270670706e-04 -2.797173868798547014e-03 -9.016635803470229860e-03 -8.178091991332347988e-03 1.463172799278966707e-02 0.000000000000000000e+00
7.828431535560342880e-04 4.577766666868932077e-04 -2.594635779498533079e-03 -8.191675661725295043e-03 -7.876886676982497448e-03 1.335456708109150625e-02 0.000000000000000000e+00
7.646761173355776098e-04 4.944373771941235063e-04 -2.822690136072864009e-03 -8.722893577277623933e-03 -8.880643053043257851e-03 1.430056601605844691e-02 0.000000000000000000e+00
6.293196527303868137e-04 4.557721257177904661e-04 -2.614621944909439888e-03 -7.903918733570325372e-03 -8.509818985342754161e-03 1.304435638868106651e-02 0.000000000000000000e+00
5.991368019258869193e-04 4.938836364366538945e-04 -2.840363078395524710e-03 -8.394909324870525325e-03 -9.549284862091056425e-03 1.396120192697125617e-02 0.000000000000000000e+00
4.767438067369289545e-04 4.566852371821750189e-04 -2.627409607346614662e-03 -7.587663423167079202e-03 -9.113516184388270602e-03 1.272998918385193079e-02 0.000000000000000000e+00
4.342680057483061518e-04 4.965619936264098477e-04 -2.850251283823074244e-03 -8.038669609673476657e-03 -1.018851064222436875e-02 1.362072532394842383e-02 0.000000000000000000e+00
3.257727159877987777e-04 4.610201014071391157e-04 -2.632650632278077385e-03 -7.247387215063572086e-03 -9.687845462607924674e-03 1.241674197194164719e-02 0.000000000000000000e+00
2.722235966247099626e-04 5.033907981864538250e-04 -2.851656404247449039e-03 -7.658604554282355537e-03 -1.079376829293554607e-02 1.328375692881733627e-02 0.000000000000000000e+00
1.771130565409451130e-04 4.692527301549120899e-04 -2.630015400764962319e-03 -6.887406993825617718e-03 -1.023300106911628760e-02 1.210913054574858094e-02 0.000000000000000000e+00
1.123677778172849084e-04 5.145513222450381896e-04 -2.844494495828353564e-03 -7.259304587030168676e-03 -1.136991285778998773e-02 1.295541130768063098e-02 0.000000000000000000e+00
3.146060375505688178e-05 4.818404507860307717e-04 -2.619263731300058851e-03 -6.511062024590952291e-03 -1.074963612395452017e-02 1.181101033077291973e-02 0.000000000000000000e+00
-4.318115882612216794e-05 5.307642481325314243e-04 -2.828334966415685381e-03 -6.844263540763506626e-03 -1.191355711912889248e-02 1.263881796079857622e-02 0.000000000000000000e+00
-1.104749242031022316e-04 4.991926921803502282e-04 -2.600114670788800098e-03 -6.121696972588352992e-03 -1.123861826359195959e-02 1.152532582392229443e-02 0.000000000000000000e+00
-1.949520406330784716e-04 5.522879599363372805e-04 -2.802928356961303935e-03 -6.416393398291475592e-03 -1.242966316181437492e-02 1.233703280117826040e-02 0.000000000000000000e+00
-2.479775157974151156e-04 5.217194185855866806e-04 -2.572355756468691634e-03 -5.721552128770124312e-03 -1.170109418601494866e-02 1.125427834280667838e-02 0.000000000000000000e+00
-3.409193844002844642e-04 5.796246829913309639e-04 -2.768102102816138999e-03 -5.978377100945841960e-03 -1.291588010803401687e-02 1.205176938970264899e-02 0.000000000000000000e+00
-3.803138126770300165e-04 5.497547956220261156e-04 -2.535797423122265748e-03 -5.313192501219088371e-03 -1.213834935424706885e-02 1.099918503177477191e-02 0.000000000000000000e+00
-4.815348195879864956e-04 6.131151202645179765e-04 -2.723613781293432456e-03 -5.531788461224262932e-03 -1.337744402807583555e-02 1.178439023476895997e-02 0.000000000000000000e+00
-5.068775489578958293e-04 5.835824747810192115e-04 -2.490247463246358928e-03 -4.897761726853300246e-03 -1.255201486204970962e-02 1.076061174997722247e-02 0.000000000000000000e+00
-6.149038114736382621e-04 6.529855599540224098e-04 -2.669435532870162442e-03 -5.078776916690674881e-03 -1.381257808529046116e-02 1.153481842134285174e-02 0.000000000000000000e+00
-6.269158201128999242e-04 6.235097749974216619e-04 -2.435635862653329209e-03 -4.476861724026282019e-03 -1.294374327259628643e-02 1.053852776263397573e-02 0.000000000000000000e+00
-7.414679013270919494e-04 6.996846383031107841e-04 -2.605256595294036526e-03 -4.619764255759939431e-03 -1.422671202284897518e-02 1.130294974031587074e-02 0.000000000000000000e+00
-7.398838375983485260e-04 6.697228910148567138e-04 -2.371883118734485763e-03 -4.051213595177571847e-03 -1.331555930847505564e-02 1.033212727650312246e-02 0.000000000000000000e+00
-8.595392532053103274e-04 7.531166003669209630e-04 -2.531274463671157049e-03 -4.156800457084663947e-03 -1.461862118907442110e-02 1.108708327833562990e-02 0.000000000000000000e+00
-8.452056063661395058e-04 7.224008996440933750e-04 -2.298940022880280321e-03 -3.621709986772359002e-03 -1.366941311094738154e-02 1.013991941545011599e-02 0.000000000000000000e+00
-9.695012010465797747e-04 8.138876354926161127e-04 -2.447197525834027276e-03 -3.689462106222229920e-03 -1.499398308275523561e-02 1.088590437463432536e-02 0.000000000000000000e+00
-9.423796066792000659e-04 7.816927748042767909e-04 -2.216801260513601157e-03 -3.189195118947996122e-03 -1.400749300364978467e-02 9.959772263101296375e-03 0.000000000000000000e+00
-1.069983502787696938e-03 8.815930760661672139e-04 -2.353374907960059659e-03 -3.219700352148802125e-03 -1.535190617160520077e-02 1.069618085188217549e-02 0.000000000000000000e+00
-1.031020730878323688e-03 8.476773517680502579e-04 -2.125544357214681490e-03 -2.753961340858701590e-03 -1.433224035752678205e-02 9.789103688583100649e-03 0.000000000000000000e+00
-1.161434387127707746e-03 9.569388900956266042e-04 -2.249477188687842855e-03 -2.746700529715262462e-03 -1.569823851843654694e-02 1.051520234004899024e-02 0.000000000000000000e+00
-1.110783666331660591e-03 9.204753129995468797e-04 -2.025232032413920580e-03 -2.317004486633855720e-03 -1.464603537630226882e-02 9.624541975341571742e-03 0.000000000000000000e+00
-1.242827372792493223e-03 1.039260474743841645e-03 -2.136103460271571164e-03 -2.272837375625780254e-03 -1.603260961693209197e-02 1.033865036591086195e-02 0.000000000000000000e+00
-1.181533483262720008e-03 1.000087614701550276e-03 -1.916027582817225738e-03 -1.878666101783554865e-03 -1.495161557598301272e-02 9.462327748749110867e-03 0.000000000000000000e+00
-1.314648681956270826e-03 1.129466006064561157e-03 -2.012873876599374778e-03 -1.797358326867115608e-03 -1.636082564146201790e-02 1.016223204834743044e-02 0.000000000000000000e+00
-1.243163840058625347e-03 1.086553463649497786e-03 -1.798098150149057828e-03 -1.440220102810751968e-03 -1.525145102167169142e-02 9.297703369080867475e-03 0.000000000000000000e+00
-1.376394279715503766e-03 1.226597156329306548e-03 -1.880655034074280030e-03 -1.323238720598141072e-03 -1.668309586884042517e-02 9.980684372602244281e-03 0.000000000000000000e+00
-1.295788893399041353e-03 1.179876132719803739e-03 -1.671648171807552097e-03 -1.002527449209367205e-03 -1.554840202523877224e-02 9.125628725322076917e-03 0.000000000000000000e+00
-1.428675764430509254e-03 1.331757874474731596e-03 -1.739013520691362613e-03 -8.498717094589380849e-04 -1.700513017953886319e-02 9.787887129359074123e-03 0.000000000000000000e+00
-1.339629389259522352e-03 1.280116839412176466e-03 -1.537001722694483763e-03 -5.675269306193442276e-04 -1.584536268530323255e-02 8.940283737732812597e-03 0.000000000000000000e+00
0.000000000000000000e+00 0.000000000000000000e+00 0.000000000000000000e+00 0.000000000000000000e+00 0.000000000000000000e+00 0.000000000000000000e+00 0.000000000000000000e+00
