-2.098988140127185098e-01 -1.462671955713132077e-01 1.007070296301467993e-01 2.359489668834107601e+00 -8.070320225391114377e-03 3.133437930671825633e+00 -7.873940694764081094e-01 6.988656679941576133e-01 -9.672334763058954010e-03 1.077819524080872546e-04 8.701303619038454062e-01 1.263161231862501262e-03 0.000000000000000000e+00
-2.118599948646969766e-01 -1.474648699026915866e-01 1.020829560565105626e-01 2.362995022850458593e+00 -1.694388720569861562e-02 3.124511236029118511e+00 -7.895455041630287107e-01 6.993049564159662390e-01 -1.980885850411828741e-02 2.560769015514530590e-04 8.672418973855453572e-01 2.634596346719211401e-03 0.000000000000000000e+00
-2.136427415820751075e-01 -1.485409717259575380e-01 1.034107261338926831e-01 2.366169834353473167e+00 -2.524644786229357507e-02 3.116189732191455786e+00 -7.915132473134609548e-01 6.993839857213143274e-01 -2.884882566633772960e-02 4.256804553630991737e-04 8.644499058777335154e-01 3.910468711226011522e-03 0.000000000000000000e+00
-2.155424652147260867e-01 -1.496769473367811076e-01 1.049107279296271483e-01 2.369538942359568523e+00 -3.435668338706943103e-02 3.107089714179449125e+00 -7.936161458892146969e-01 6.991241943569771466e-01 -3.830411280055501244e-02 6.444048809070131384e-04 8.612923955103083395e-01 5.311390792999918370e-03 0.000000000000000000e+00
-2.172651563559935828e-01 -1.506998660945993440e-01 1.063514597311261273e-01 2.372580240164646526e+00 -4.286842342623176094e-02 3.098613113915518191e+00 -7.955223700184662627e-01 6.985712555356493603e-01 -4.672289763851367184e-02 8.783864041925107218e-04 8.582573905530267444e-01 6.628983500532817201e-03 0.000000000000000000e+00
-2.190961703079026546e-01 -1.517823810781371852e-01 1.079720068673234862e-01 2.375796412835021076e+00 -5.219448469599896612e-02 3.089349392723478971e+00 -7.975407132296101764e-01 6.976413462620209005e-01 -5.551385923881091422e-02 1.166160140457056212e-03 8.548425522452727243e-01 8.090495097849278658e-03 0.000000000000000000e+00
-2.207524209004775861e-01 -1.527598649019044630e-01 1.095218306421829463e-01 2.378689167651658831e+00 -6.089416258102176016e-02 3.080725947179000279e+00 -7.993533938255724669e-01 6.964868659294716213e-01 -6.333116914457481705e-02 1.462849939793956638e-03 8.515768509585631696e-01 9.477470433859847346e-03 0.000000000000000000e+00
-2.225081961947506792e-01 -1.537973328894629566e-01 1.112580935993684045e-01 2.381736702688444840e+00 -7.041099095645364514e-02 3.071306747108723645e+00 -8.012542250536165422e-01 6.949234572115405850e-01 -7.148310524130740973e-02 1.817452569718421528e-03 8.479193986755027002e-01 1.102813342926131299e-02 0.000000000000000000e+00
-2.240915801775688332e-01 -1.547369714320189771e-01 1.129126625249403520e-01 2.384466885367340083e+00 -7.927475377460169170e-02 3.062541361081737357e+00 -8.029432018169447849e-01 6.931973959300330446e-01 -7.871838129083452706e-02 2.175192736302136286e-03 8.444352516003793552e-01 1.251041768308039023e-02 0.000000000000000000e+00
-2.257647578083630535e-01 -1.557374932794722278e-01 1.147600378601884991e-01 2.387331142757144864e+00 -8.895584752522189831e-02 3.052969020332035655e+00 -8.046939639175628711e-01 6.910291167495177245e-01 -8.624846927303364552e-02 2.595235397971355946e-03 8.405469032508090521e-01 1.417811516512052991e-02 0.000000000000000000e+00
-2.272689390374028062e-01 -1.566467823800826165e-01 1.165146078255361872e-01 2.389885726690568646e+00 -9.795769323609349044e-02 3.044063077290486863e+00 -8.062308076036204252e-01 6.887611687652063219e-01 -9.292141885839066973e-02 3.012368608164528363e-03 8.368563611912045452e-01 1.578009706666836515e-02 0.000000000000000000e+00
-2.288531231971526192e-01 -1.576183806936690968e-01 1.184674079282202613e-01 2.392553081180295749e+00 -1.077729532614926100e-01 3.034338656064951234e+00 -8.078026052789851752e-01 6.860235057436321338e-01 -9.985469244030298341e-02 3.495665506912333520e-03 8.327516975820927758e-01 1.758954857980907574e-02 0.000000000000000000e+00
-2.302718630498290231e-01 -1.585045893053095289e-01 1.203168456077088055e-01 2.394920009884929701e+00 -1.168845598517638251e-01 3.025290568140561298e+00 -8.091606842768710450e-01 6.832428992494803399e-01 -1.059847566374474415e-01 3.970544840050616205e-03 8.288667447629123330e-01 1.933395446391920555e-02 0.000000000000000000e+00
-2.317599553716724048e-01 -1.594551010046471873e-01 1.223696788508783079e-01 2.397377871805696170e+00 -1.268027919136249793e-01 3.015409518128409960e+00 -8.105244224920734597e-01 6.799639487363475787e-01 -1.123389258403217905e-01 4.515697556230388945e-03 8.245574172240278665e-01 2.130992012421711879e-02 0.000000000000000000e+00
-2.330871983320713658e-01 -1.603253550303399555e-01 1.243085583081831730e-01 2.399545918828866142e+00 -1.359938268029576847e-01 3.006214752253193456e+00 -8.116786365085137955e-01 6.766996456092101431e-01 -1.179459451993747354e-01 5.046676221686595236e-03 8.204901710282316296e-01 2.321799182147482946e-02 0.000000000000000000e+00
-2.344732148247651582e-01 -1.612622354762855426e-01 1.264550846857204758e-01 2.401782766121122403e+00 -1.459807182052639263e-01 2.996171850650538371e+00 -8.128094147073614550e-01 6.729136292245262441e-01 -1.237456442632949294e-01 5.651532120108630416e-03 8.159904274714065986e-01 2.538153348808219398e-02 0.000000000000000000e+00
-2.357031309036488331e-01 -1.621233269700342039e-01 1.284776704578861894e-01 2.403741796973259959e+00 -1.552189560767738286e-01 2.986823374492708183e+00 -8.137365276618452326e-01 6.691940587090398074e-01 -1.288490598602136661e-01 6.236973990302908943e-03 8.117527389658452108e-01 2.747292429509442732e-02 0.000000000000000000e+00
-2.369804181492868311e-01 -1.630539892257568957e-01 1.307118313962338796e-01 2.405746905077553066e+00 -1.652390588714216513e-01 2.976608508424404498e+00 -8.146084466027372351e-01 6.649286733281416506e-01 -1.341123982805918491e-01 6.900122427827305553e-03 8.070741641418212042e-01 2.984577585921981135e-02 0.000000000000000000e+00
-2.381074440126385028e-01 -1.639124810925205178e-01 1.328121554723020181e-01 2.407487622830804863e+00 -1.744905707434121211e-01 2.967096966337535946e+00 -8.152866871533531734e-01 6.607819983528337993e-01 -1.387319175074432920e-01 7.538390074808177729e-03 8.026778843933456420e-01 3.213871386529140034e-02 0.000000000000000000e+00
-2.392706300129391339e-01 -1.648436360665682943e-01 1.351270965741169783e-01 2.409251656698298216e+00 -1.845059707973257801e-01 2.956700112329535557e+00 -8.158787078636777768e-01 6.560703337522656442e-01 -1.434831300501990814e-01 8.257710405387230432e-03 7.978343933188185577e-01 3.473845219012931806e-02 0.000000000000000000e+00
-2.402895295353484895e-01 -1.657057500363843527e-01 1.372990298325142966e-01 2.410765752768791792e+00 -1.937354290470572060e-01 2.947014161259756015e+00 -8.162879691441956576e-01 6.515241846134458559e-01 -1.476384602990499229e-01 8.947174723581622149e-03 7.932912402362251036e-01 3.724965081169511610e-02 0.000000000000000000e+00
-2.413325619262213784e-01 -1.666441497746717071e-01 1.396881778840821098e-01 2.412280137126820545e+00 -2.037069021636077615e-01 2.936421364232064235e+00 -8.165773881756599462e-01 6.463934050363263628e-01 -1.518957896176502675e-01 9.721244340656470459e-03 7.882944842409639330e-01 4.009508447244426038e-02 0.000000000000000000e+00
-2.422383734041682335e-01 -1.675157212046028687e-01 1.419253371048764256e-01 2.413560377791719613e+00 -2.128772026123337824e-01 2.926548504980764687e+00 -8.166990280584494055e-01 6.414751457141953939e-01 -1.556063719644578125e-01 1.046027674463996353e-02 7.836161757330489808e-01 4.283987977231283606e-02 0.000000000000000000e+00
-2.431566584951411758e-01 -1.684672296983383555e-01 1.443815781182726243e-01 2.414818080060076699e+00 -2.227642022746390005e-01 2.915746376419904973e+00 -8.166684017059133716e-01 6.359570759355511749e-01 -1.593939196667686353e-01 1.128700413048732212e-02 7.784797369386130539e-01 4.594528372853495107e-02 0.000000000000000000e+00
-2.439448181724826470e-01 -1.693536655479330744e-01 1.466774756874929531e-01 2.415858482583902678e+00 -2.318371744053306927e-01 2.905673012893528639e+00 -8.164854425390249970e-01 6.306936043571185202e-01 -1.626791951874904107e-01 1.207398383706525039e-02 7.736777911770913452e-01 4.893756991745595170e-02 0.000000000000000000e+00
-2.447330416366327033e-01 -1.703242250474208130e-01 1.491938876310455742e-01 2.416853441563347804e+00 -2.415974992814122757e-01 2.894645485072137703e+00 -8.161151299894494615e-01 6.248148759878503489e-01 -1.660153370850325771e-01 1.295193026051809707e-02 7.684131877551954037e-01 5.231893145806991441e-02 0.000000000000000000e+00
-2.453993475168579352e-01 -1.712305424383740449e-01 1.515419493074661172e-01 2.417649234211702858e+00 -2.505338253220257272e-01 2.884357462797932925e+00 -8.156119257014791124e-01 6.192327571849898238e-01 -1.688948800136806927e-01 1.378523440590119324e-02 7.634991229117812361e-01 5.557129197219396605e-02 0.000000000000000000e+00
-2.460537736869554404e-01 -1.722249695289002902e-01 1.541112757474740746e-01 2.418377400664319499e+00 -2.601248735075927243e-01 2.873089996809321089e+00 -8.148880119381681775e-01 6.130239299986063317e-01 -1.718033182401563774e-01 1.471233903800662178e-02 7.581195375098211953e-01 5.923975892307528635e-02 0.000000000000000000e+00
-2.465944299249444027e-01 -1.731556942434086532e-01 1.565049129159161723e-01 2.418925319989500444e+00 -2.688844788220112747e-01 2.862573061796230611e+00 -8.140504477753383039e-01 6.071491297919460184e-01 -1.742965696526885822e-01 1.559035204048672338e-02 7.531046720191473254e-01 6.276339984492673718e-02 0.000000000000000000e+00
-2.471105060287728250e-01 -1.741789291812047558e-01 1.591199522646337128e-01 2.419384009232456112e+00 -2.782612891754343565e-01 2.851050161164763619e+00 -8.129562214624519445e-01 6.006363693461571618e-01 -1.767955468615642900e-01 1.656516054561819537e-02 7.476218225459194677e-01 6.673223391606616928e-02 0.000000000000000000e+00
-2.475221090810754976e-01 -1.751380632573842078e-01 1.615524701903644500e-01 2.419682688182152042e+00 -2.868031025178732207e-01 2.840290875226270551e+00 -8.117716474095847401e-01 5.944946538192437124e-01 -1.789218146758835282e-01 1.748626370259523735e-02 7.425174082635919159e-01 7.053710048784078701e-02 0.000000000000000000e+00
-2.478970117451859967e-01 -1.761938527500347129e-01 1.642060372491283005e-01 2.419871462993659961e+00 -2.959219927264271632e-01 2.828498847472745936e+00 -8.102963227447079753e-01 5.877072548860404755e-01 -1.810348998428070733e-01 1.850674125923236490e-02 7.369439447342740479e-01 7.481450338315792647e-02 0.000000000000000000e+00
-2.481765545349201296e-01 -1.771848310150937467e-01 1.666707398177259547e-01 2.419921673140131624e+00 -3.042042855645439303e-01 2.817485121354869726e+00 -8.087535535252251551e-01 5.813238574902024336e-01 -1.828132256607073458e-01 1.946932419048469365e-02 7.317612335158981685e-01 7.890925503958766407e-02 0.000000000000000000e+00
-2.484066140304816983e-01 -1.782770530238254603e-01 1.693556122468275471e-01 2.419842242212693062e+00 -3.130189430220253755e-01 2.805410896586682412e+00 -8.068832820706897113e-01 5.742873864160494835e-01 -1.845587945971998156e-01 2.053399981824412940e-02 7.261086075231776293e-01 8.350586275868601693e-02 0.000000000000000000e+00
-2.485515056614419072e-01 -1.793028688683067917e-01 1.718459315660175735e-01 2.419646794599223050e+00 -3.209998670603448900e-01 2.794131976781653037e+00 -8.049722642514761661e-01 5.676870745494243531e-01 -1.860084863365845109e-01 2.153644902265818006e-02 7.208586514872773465e-01 8.789793970606629703e-02 0.000000000000000000e+00
-2.486347911991824422e-01 -1.804339324131449263e-01 1.745549912695652794e-01 2.419304188393780031e+00 -3.294657720046587634e-01 2.781766163568569539e+00 -8.026995891562298535e-01 5.604295611047949155e-01 -1.874093090699660014e-01 2.264331078656015364e-02 7.151393798882775821e-01 9.281917843966690229e-02 0.000000000000000000e+00
-2.486428459090528342e-01 -1.814969591570415874e-01 1.770643510873189386e-01 2.418868801476950381e+00 -3.371031740000365318e-01 2.770214006263642226e+00 -8.004117340427698846e-01 5.536367359808707089e-01 -1.885492751745745377e-01 2.368402004510347658e-02 7.098330979953219044e-01 9.751480581704577433e-02 0.000000000000000000e+00
-2.485765571096519855e-01 -1.826696429217107842e-01 1.797905042542484455e-01 2.418270427303675252e+00 -3.451735588237188068e-01 2.757548589027068786e+00 -7.977254034512070158e-01 5.461831140114705718e-01 -1.896238606744213850e-01 2.483157823941322534e-02 7.040584326456486020e-01 1.027688065288517721e-01 0.000000000000000000e+00
-2.484460147051790191e-01 -1.837717205960818501e-01 1.823124682092272797e-01 2.417603828223453100e+00 -3.524254900850030126e-01 2.745718016615688928e+00 -7.950533873505032378e-01 5.392217773695715533e-01 -1.904731427460477633e-01 2.590893301067495949e-02 6.987066772770799128e-01 1.077730526646787923e-01 0.000000000000000000e+00
-2.482290935816954813e-01 -1.849872009636482073e-01 1.850488434694537165e-01 2.416761235186647205e+00 -3.600562940926250732e-01 2.732750081990559021e+00 -7.919487407307161941e-01 5.315988782233832532e-01 -1.912437284074621768e-01 2.709520274814252588e-02 6.928887355596928810e-01 1.133626283185916184e-01 0.000000000000000000e+00
-2.479585859065138731e-01 -1.861295331122580221e-01 1.875770550938767878e-01 2.415875768158048942e+00 -3.668811292828735304e-01 2.720639794151603841e+00 -7.888866381093431190e-01 5.244924658811022100e-01 -1.918208354156822892e-01 2.820759681309021466e-02 6.875022259388985368e-01 1.186794047307178357e-01 0.000000000000000000e+00
-2.475891256110671068e-01 -1.873893623142132425e-01 1.903168006195944673e-01 2.414804012310784564e+00 -3.740262716297784173e-01 2.707369297743459136e+00 -7.853552199248707844e-01 5.167245243240454755e-01 -1.923059302082401612e-01 2.943106758203483178e-02 6.816522597094032410e-01 1.246102977678379270e-01 0.000000000000000000e+00
-2.471776684943110536e-01 -1.885727060100594599e-01 1.928451030407233868e-01 2.413715461716860133e+00 -3.803831721574746361e-01 2.694981829888604352e+00 -7.818980373557844477e-01 5.094961724933523284e-01 -1.926296374387392873e-01 3.057689056044681983e-02 6.762415819017164598e-01 1.302424423872999837e-01 0.000000000000000000e+00
-2.466554798653516622e-01 -1.898768190552637680e-01 1.955817178882817697e-01 2.412434139875289763e+00 -3.870005362414938865e-01 2.681414706635786960e+00 -7.779379168148364831e-01 5.016087548718919376e-01 -1.928508129672705795e-01 3.183559619896994541e-02 6.703711093318276415e-01 1.365150023475203978e-01 0.000000000000000000e+00
-2.461025073390398221e-01 -1.911012909318061115e-01 1.981041267973814302e-01 2.411162608988501876e+00 -3.928498451108648482e-01 2.668757419249426999e+00 -7.740821256095925529e-01 4.942810005535116513e-01 -1.929394962315700290e-01 3.301324187181377962e-02 6.649467162445269475e-01 1.424642545514052394e-01 0.000000000000000000e+00
-2.454265172259644245e-01 -1.924500944507637756e-01 2.008310862400188024e-01 2.409695628288704761e+00 -3.988954025993685093e-01 2.654903875189591034e+00 -7.696873105997165121e-01 4.862977424223220435e-01 -1.929152614656504117e-01 3.430565314288321760e-02 6.590669891898499611e-01 1.490819435441431418e-01 0.000000000000000000e+00
-2.447318188344235756e-01 -1.937152910170362730e-01 2.033417672392678344e-01 2.408265521258936559e+00 -4.041987895328595926e-01 2.641989311339027147e+00 -7.654304473343066517e-01 4.788927564323294250e-01 -1.927870302591632168e-01 3.551350696874804036e-02 6.536392005721595178e-01 1.553490273793720899e-01 0.000000000000000000e+00
-2.439026749730615340e-01 -1.951075353683681957e-01 2.060530871130620001e-01 2.406641678210425184e+00 -4.096340007974301756e-01 2.627866007227983136e+00 -7.606016036457750040e-01 4.708378925573302731e-01 -1.925384241714040989e-01 3.683768059700587294e-02 6.477613377302456898e-01 1.623099312575939646e-01 0.000000000000000000e+00
-2.430664287617121944e-01 -1.964125841584253018e-01 2.085464932459026588e-01 2.405081618678345912e+00 -4.143552191266426377e-01 2.614711788497108280e+00 -7.559422701606268724e-01 4.633774129481231796e-01 -1.922115211475969865e-01 3.807413635685922421e-02 6.423403401733348561e-01 1.688945304737876074e-01 0.000000000000000000e+00
-2.420838438947847948e-01 -1.978475641418445397e-01 2.112360552206393183e-01 2.403334477459570184e+00 -4.191399159771242999e-01 2.600340719011625445e+00 -7.506758025259678835e-01 4.552737799356619819e-01 -1.917566532334114004e-01 3.942851605754344596e-02 6.364753936627077779e-01 1.761999142390112405e-01 0.000000000000000000e+00
-2.411065774549100149e-01 -1.991910454389417551e-01 2.137068092690935783e-01 2.401677777661851199e+00 -4.232449124831800802e-01 2.586970276544156011e+00 -7.456137990839997176e-01 4.477790454169337520e-01 -1.912487884135334326e-01 4.069196129056906752e-02 6.310712405996917740e-01 1.831007638346518196e-01 0.000000000000000000e+00
-2.399719838890261303e-01 -2.006664446986392569e-01 2.163691928441774381e-01 2.399845598038160333e+00 -4.273458666001070938e-01 2.572379810747307260e+00 -7.399127701384671241e-01 4.396496796104395477e-01 -1.906081650133146788e-01 4.207462043307856614e-02 6.252299296437391352e-01 1.907466161004852390e-01 0.000000000000000000e+00
-2.388545770632876097e-01 -2.020465116617406742e-01 2.188122417575737999e-01 2.398129663473291373e+00 -4.308035229363906815e-01 2.558821799643395511e+00 -7.344488956880060870e-01 4.321413962596655778e-01 -1.899370484186149177e-01 4.336344892024400488e-02 6.198525413496784875e-01 1.979614856781597987e-01 0.000000000000000000e+00
-2.375684714876009074e-01 -2.035606459439123495e-01 2.214418398991627179e-01 2.396255380438106819e+00 -4.341864976834006740e-01 2.544045878568553576e+00 -7.283120404300820194e-01 4.240084684752134514e-01 -1.891286458697212236e-01 4.477280209149234885e-02 6.140456517508151579e-01 2.059470074962760078e-01 0.000000000000000000e+00
-2.363121394022279775e-01 -2.049750075894727630e-01 2.238523487779754406e-01 2.394521777266279905e+00 -4.369687853945345424e-01 2.530334484076448565e+00 -7.224481591838910477e-01 4.165069761852191466e-01 -1.883117212053395662e-01 4.608539513019754147e-02 6.087048819217431017e-01 2.134727844864605095e-01 0.000000000000000000e+00
-2.348766438211711549e-01 -2.065246128802113168e-01 2.264443423259469568e-01 2.392652135666903490e+00 -4.396076330623475137e-01 2.515412786131737022e+00 -7.158807373567283028e-01 4.083921246066659627e-01 -1.873551137417828194e-01 4.751954066671883886e-02 6.029426668501658426e-01 2.217920170339204577e-01 0.000000000000000000e+00
-2.334829404426029542e-01 -2.079706051866789529e-01 2.288178100331870746e-01 2.390945768095408930e+00 -4.416903674302270488e-01 2.501586795945475838e+00 -7.096197122129793700e-01 4.009172306380587303e-01 -1.864096915548048017e-01 4.885427955436372205e-02 5.976480362869793783e-01 2.296246900502229293e-01 0.000000000000000000e+00
-2.318992443385033964e-01 -2.095531600106428083e-01 2.313671575320333795e-01 2.389131408863241379e+00 -4.435584633288027767e-01 2.486564144093202700e+00 -7.026225893439324022e-01 3.928418271331524103e-01 -1.853225891978345086e-01 5.031161539831472546e-02 5.919412149660757683e-01 2.382748869421525140e-01 0.000000000000000000e+00
-2.303700037989766802e-01 -2.110277526787117941e-01 2.336993055490658722e-01 2.387500179430653180e+00 -4.449212212644870768e-01 2.472667036458561007e+00 -6.959682153071786725e-01 3.854129059828627080e-01 -1.842655805611819186e-01 5.166688143229923591e-02 5.867022444696718964e-01 2.464095790708267508e-01 0.000000000000000000e+00
-2.286409024433420645e-01 -2.126392206263705564e-01 2.362018469001873622e-01 2.385793931184427841e+00 -4.460012761632232703e-01 2.457592302800805317e+00 -6.885487816682724915e-01 3.773973570234558372e-01 -1.830668917545372754e-01 5.314551008140325911e-02 5.810606040164481012e-01 2.553830004953078769e-01 0.000000000000000000e+00
-2.269782508867165538e-01 -2.141390715169076142e-01 2.384887256214859863e-01 2.384287753778984609e+00 -4.466280442477681412e-01 2.443671040894150437e+00 -6.815057858494488752e-01 3.700331839771687781e-01 -1.819149414250236241e-01 5.451968039793813475e-02 5.758866146506420591e-01 2.638140525190375563e-01 0.000000000000000000e+00
-2.251055919859654697e-01 -2.157762643346942122e-01 2.409400271025641527e-01 2.382744815884241696e+00 -4.469026822443322722e-01 2.428597045462802306e+00 -6.736669709178824128e-01 3.620980957721959270e-01 -1.806221098738445274e-01 5.601797066602750425e-02 5.703206079723764921e-01 2.731061211679466361e-01 0.000000000000000000e+00
-2.233119456948204629e-01 -2.172977637747307844e-01 2.431779855562747616e-01 2.381414754034094639e+00 -4.467820076337480906e-01 2.414701369548664545e+00 -6.662410125343054546e-01 3.548170466414328761e-01 -1.793917294502280768e-01 5.740941824013427036e-02 5.652207876429292677e-01 2.818270582763314769e-01 0.000000000000000000e+00
-2.212990804343494267e-01 -2.189560879460693832e-01 2.455745834619556534e-01 2.380090107707680591e+00 -4.462438688568366452e-01 2.399682543908669530e+00 -6.579920042158394766e-01 3.469814607926881012e-01 -1.780228646499273371e-01 5.892548926968912276e-02 5.597396692244098748e-01 2.914284197963396550e-01 0.000000000000000000e+00
-2.193771046374760336e-01 -2.204953885250919010e-01 2.477602109145070897e-01 2.378987433834905740e+00 -4.453689342722086941e-01 2.385864135399868413e+00 -6.501896080121798427e-01 3.398014120462664045e-01 -1.767300330987482404e-01 6.033259123757851033e-02 5.547229728104867696e-01 3.004320680991930947e-01 0.000000000000000000e+00
-2.172264682208979725e-01 -2.221711400993727492e-01 2.500982869266630826e-01 2.377936653593636596e+00 -4.440107375340813789e-01 2.370957465666286179e+00 -6.415353331548311333e-01 3.320850692353299327e-01 -1.753021792803024503e-01 6.186478271410675300e-02 5.493370291114241244e-01 3.103363974827114680e-01 0.000000000000000000e+00
-2.151790814454619116e-01 -2.237242443849064844e-01 2.522285602972308416e-01 2.377111450089126166e+00 -4.423796074233052877e-01 2.357268445540969815e+00 -6.333638228240865420e-01 3.250234312888758414e-01 -1.739630087261558877e-01 6.328589956723267018e-02 5.444123116236496696e-01 3.196148174310338708e-01 0.000000000000000000e+00
-2.128945296967655609e-01 -2.254124168636397751e-01 2.545052848989657890e-01 2.376387408991606165e+00 -4.402043037416203397e-01 2.342529924585595946e+00 -6.243152669673515121e-01 3.174440748265102696e-01 -1.724933432785957788e-01 6.483234727797125563e-02 5.391303976546681920e-01 3.298113288756475137e-01 0.000000000000000000e+00
-2.107248309418259524e-01 -2.269751658561907637e-01 2.565773913929712546e-01 2.375887753767484067e+00 -4.378195984758943560e-01 2.329022368331802539e+00 -6.157826985718193313e-01 3.105176255948913222e-01 -1.711231468977501002e-01 6.626584366897683709e-02 5.343062810770714544e-01 3.393558984854097571e-01 0.000000000000000000e+00
-2.083093247658055480e-01 -2.286717402623757167e-01 2.587895603653067589e-01 2.375541652457653363e+00 -4.348301821051512306e-01 2.314508519018567245e+00 -6.063466527764779235e-01 3.030941639248363462e-01 -1.696283145778885171e-01 6.782484984873081435e-02 5.291383504027454832e-01 3.498366690868757178e-01 0.000000000000000000e+00
-2.060206691270590196e-01 -2.302398622652666038e-01 2.608010134892179144e-01 2.375412584114731551e+00 -4.316992886845150146e-01 2.301233130789022141e+00 -5.974620144848372671e-01 2.963192818487565550e-01 -1.682424055466111845e-01 6.926908626906999600e-02 5.244233568508146481e-01 3.596381005837760991e-01 0.000000000000000000e+00
-2.034784310871045054e-01 -2.319396880003928851e-01 2.629464561827945523e-01 2.375490234821745261e+00 -4.279085247491996036e-01 2.286996706017629499e+00 -5.876507958709308310e-01 2.890681599907432564e-01 -1.667387847951524726e-01 7.083880334983314042e-02 5.193777651390641958e-01 3.703910462486481592e-01 0.000000000000000000e+00
-2.010743480267815630e-01 -2.335088737842053175e-01 2.648950721878822745e-01 2.375772636223984158e+00 -4.240432115215670983e-01 2.274001797156010696e+00 -5.784237416421332822e-01 2.824606908786885806e-01 -1.653522099736028927e-01 7.229212364620299369e-02 5.147802169912059078e-01 3.804394859366533321e-01 0.000000000000000000e+00
-1.984087737379443828e-01 -2.352077450330317121e-01 2.669711145037861888e-01 2.376316731771414670e+00 -4.194635739316199263e-01 2.260094999769526325e+00 -5.682459389041775166e-01 2.753998352358046353e-01 -1.638556465990326227e-01 7.387082057326675721e-02 5.098666514904960367e-01 3.914552190220890182e-01 0.000000000000000000e+00
-1.958929392489152654e-01 -2.367736591308378657e-01 2.688549356939813895e-01 2.377046582513949957e+00 -4.148796137407124718e-01 2.247425970318809085e+00 -5.586867884874470169e-01 2.689750922640429809e-01 -1.624829202151514274e-01 7.533158107593201924e-02 5.053946380985213649e-01 4.017401474148932783e-01 0.000000000000000000e+00
-1.931085950273546126e-01 -2.384664059071212594e-01 2.708600647158367347e-01 2.378092151909166674e+00 -4.095327529557772905e-01 2.233894542953377194e+00 -5.481561501945694248e-01 2.621196495649882885e-01 -1.610091268679014753e-01 7.691741860366856087e-02 5.006209884235814922e-01 4.130053854049556827e-01 0.000000000000000000e+00
-1.904848296402426033e-01 -2.400247253850774642e-01 2.726773850729632409e-01 2.379299906166932210e+00 -4.042496346074675451e-01 2.221593115341502056e+00 -5.382758891294027181e-01 2.558923966328128241e-01 -1.596643636754659923e-01 7.838395483694794719e-02 4.962824326917334439e-01 4.235157836735488068e-01 0.000000000000000000e+00
-1.875854614009281052e-01 -2.417071673331161463e-01 2.746094590132143187e-01 2.380877742309982281e+00 -3.981561408179663530e-01 2.208481540688637779e+00 -5.274025685832589572e-01 2.492594111085637554e-01 -1.582286535318044862e-01 7.997516862113505931e-02 4.916580864854062649e-01 4.350198406343640523e-01 0.000000000000000000e+00
-1.848577371972409955e-01 -2.432536265494339989e-01 2.763588802426471536e-01 2.382587726863951705e+00 -3.921967793132199454e-01 2.196585085434764384e+00 -5.172128814889387360e-01 2.432439627068336552e-01 -1.569259682845920434e-01 8.144581610934725768e-02 4.874608114493868549e-01 4.457441240280041184e-01 0.000000000000000000e+00
-1.818481445469749547e-01 -2.449206938673776923e-01 2.782168936004061344e-01 2.384719834556354723e+00 -3.853853728492522279e-01 2.183930007400667783e+00 -5.060118922601744007e-01 2.368471829265178241e-01 -1.555428555724593931e-01 8.304057522673555236e-02 4.829931256941835671e-01 4.574727520477403497e-01 0.000000000000000000e+00
-1.790205115313438788e-01 -2.464510962834460805e-01 2.798971779318428776e-01 2.386950062089113089e+00 -3.787754529653852842e-01 2.172471560182271055e+00 -4.955249963882012998e-01 2.310572210453333553e-01 -1.542955640759207103e-01 8.451366949419925056e-02 4.789446214945586866e-01 4.683988697624948405e-01 0.000000000000000000e+00
-1.759047094242357223e-01 -2.480987747725037773e-01 2.816794886230543082e-01 2.389653371054669240e+00 -3.712730868147304797e-01 2.160307922963508265e+00 -4.840079232275582566e-01 2.249127591335457199e-01 -1.529798293393671571e-01 8.611016798867450472e-02 4.746426509381856396e-01 4.803400846162466653e-01 0.000000000000000000e+00
-1.729813178852067090e-01 -2.496090378159835366e-01 2.832896349894255539e-01 2.392415356305622076e+00 -3.640407474351263772e-01 2.149315932849219291e+00 -4.732366350406783106e-01 2.193615329993300889e-01 -1.518011142408981495e-01 8.758402791495160933e-02 4.707503744260075340e-01 4.914555197949920795e-01 0.000000000000000000e+00
-1.697642559334888723e-01 -2.512325100139357059e-01 2.849957418420192568e-01 2.395697761172439932e+00 -3.558812943781335392e-01 2.137670101336611506e+00 -4.614195567832377609e-01 2.134817726551394845e-01 -1.505663396014829125e-01 8.918044318564280482e-02 4.666209767082715176e-01 5.035942413330869449e-01 0.000000000000000000e+00
-1.667493245765207799e-01 -2.527186768608755685e-01 2.865349529952905816e-01 2.398996442000285612e+00 -3.480566886796898629e-01 2.127168273645576591e+00 -4.503772253764150024e-01 2.081818989935568520e-01 -1.494688509162611645e-01 9.065338765029518076e-02 4.628920185499426077e-01 5.148860110655092415e-01 0.000000000000000000e+00
-1.634352083158909508e-01 -2.543141913206982685e-01 2.881636369538436715e-01 2.402860869549148681e+00 -3.392715460200479427e-01 2.116065440821508936e+00 -4.382730583534640290e-01 2.025819536561495604e-01 -1.483291511277617936e-01 9.224788877395287412e-02 4.589439155234137924e-01 5.272091897986056486e-01 0.000000000000000000e+00
-1.603330082867940043e-01 -2.557724648225713215e-01 2.896313030908650998e-01 2.406694924211861597e+00 -3.308863679663178736e-01 2.106073090436841433e+00 -4.269735321643667869e-01 1.975455831396734641e-01 -1.473252725548563902e-01 9.371822001178563288e-02 4.553852665167953950e-01 5.386639782792544962e-01 0.000000000000000000e+00
-1.569268644074049146e-01 -2.573355487997458502e-01 2.911824508231733444e-01 2.411135604126642296e+00 -3.215126114687052450e-01 2.095529918026310057e+00 -4.145992873173681703e-01 1.922365215723300658e-01 -1.462931644743961090e-01 9.530897606516038068e-02 4.516248164785762187e-01 5.511558016883800759e-01 0.000000000000000000e+00
-1.537416984795783870e-01 -2.587622913811759573e-01 2.925781214789664464e-01 2.415497632054016908e+00 -3.125996833449793399e-01 2.086062174148315407e+00 -4.030568808368556466e-01 1.874751723726751085e-01 -1.453947470806578046e-01 9.677500463335698966e-02 4.482432343949345199e-01 5.627598936376415617e-01 0.000000000000000000e+00
-1.502478477259738820e-01 -2.602895295794230290e-01 2.940508238952433961e-01 2.420504408336332958e+00 -3.026713610940605648e-01 2.076095121136087407e+00 -3.904266729195867702e-01 1.824710427501457510e-01 -1.444834133556329725e-01 9.836015140368577214e-02 4.446787597234316269e-01 5.754063801270735690e-01 0.000000000000000000e+00
-1.469840499733836292e-01 -2.616812903628071840e-01 2.953741780372518000e-01 2.425381317525326708e+00 -2.932643209580167998e-01 2.067163380694689856e+00 -3.786561666917090951e-01 1.779957669858357461e-01 -1.437019087337492174e-01 9.982014624753764165e-02 4.414808025969507721e-01 5.871457273701973234e-01 0.000000000000000000e+00
-1.434075185456671897e-01 -2.631686383063863710e-01 2.967686848526862597e-01 2.430936085156842896e+00 -2.828200233845983291e-01 2.057780531604762597e+00 -3.657877390149326113e-01 1.733062898460992762e-01 -1.429229341149009791e-01 1.013978611339494407e-01 4.381181289570486026e-01 5.999304984992317458e-01 0.000000000000000000e+00
-1.400694093146434005e-01 -2.645221638253111296e-01 2.980195253652594967e-01 2.436309514076253624e+00 -2.729528747131402255e-01 2.049392758487305954e+00 -3.538042464788757613e-01 1.691275071348991299e-01 -1.422692612253408928e-01 1.028501244882616822e-01 4.351101217953177169e-01 6.117907532558450878e-01 0.000000000000000000e+00
-1.364145869591385507e-01 -2.659666067019829105e-01 2.993351935309729872e-01 2.442390647022820716e+00 -2.620278658989638743e-01 2.040603376797338164e+00 -3.407128123503187500e-01 1.647656820330264671e-01 -1.416350294117385555e-01 1.044185016661013654e-01 4.319572053807729239e-01 6.246990284804319060e-01 0.000000000000000000e+00
-1.330065203522441120e-01 -2.672788448330683519e-01 3.005135052202249080e-01 2.448237271364107848e+00 -2.517349547912335339e-01 2.032764344674330204e+00 -3.285319462879734420e-01 1.608932960052399386e-01 -1.411199740569173411e-01 1.058613024761654170e-01 4.291452734542991476e-01 6.366654767855122188e-01 0.000000000000000000e+00
-1.292783759801165444e-01 -2.686767888098480772e-01 3.017507833465934430e-01 2.454816402086096083e+00 -2.403679689958853061e-01 2.024570117619677312e+00 -3.152358482296438447e-01 1.568674619643944113e-01 -1.406407382187573329e-01 1.074185193445619940e-01 4.262073407187509932e-01 6.496804781907840054e-01 0.000000000000000000e+00
-1.258046520387133549e-01 -2.699448998239041830e-01 3.028565590852123068e-01 2.461108847542542222e+00 -2.296833833877558462e-01 2.017282418046346670e+00 -3.028734211599823922e-01 1.533107770390799707e-01 -1.402742872527626972e-01 1.088501182332909101e-01 4.235974095609597589e-01 6.617384060793084499e-01 0.000000000000000000e+00
-1.220075925140043510e-01 -2.712937770322557673e-01 3.040150439573664487e-01 2.468154646252250561e+00 -2.179097900513999875e-01 2.009687180417222496e+00 -2.893888045859888125e-01 1.496328517051396523e-01 -1.399617652988416339e-01 1.103942190333188633e-01 4.208820505135149048e-01 6.748445541728881336e-01 0.000000000000000000e+00
-1.184725129799171772e-01 -2.725151268123751080e-01 3.050483730135183369e-01 2.474861410339958656e+00 -2.068674743711582664e-01 2.002951280147127644e+00 -2.768610285021470552e-01 1.464006063796240986e-01 -1.397535061015977575e-01 1.118128683012472452e-01 4.184797793417225908e-01 6.869787816266434977e-01 0.000000000000000000e+00
-1.146114093190207517e-01 -2.738118289704595254e-01 3.061287025793640315e-01 2.482337472310788939e+00 -1.947252117227447066e-01 1.995952106148490612e+00 -2.632066686981745507e-01 1.430775639056936777e-01 -1.396168859376767379e-01 1.133420470767923377e-01 4.159916545142887667e-01 7.001592319146363597e-01 0.000000000000000000e+00
-1.110192441975462602e-01 -2.749839999198022689e-01 3.070896698789156720e-01 2.489423897328945756e+00 -1.833586361543972920e-01 1.989767123502166557e+00 -2.505300052646405318e-01 1.401779474003290171e-01 -1.395757400988346664e-01 1.147459990244548700e-01 4.138025028087299884e-01 7.123545789154089869e-01 0.000000000000000000e+00
-1.070984887528282359e-01 -2.762263991128346419e-01 3.080915249070702022e-01 2.497291217262481045e+00 -1.708824151965933069e-01 1.983364693993115102e+00 -2.367228632378815811e-01 1.372205486216880599e-01 -1.396256743692736446e-01 1.162582500823211434e-01 4.115488360257640865e-01 7.255930195361384172e-01 0.000000000000000000e+00
-1.034534751391686103e-01 -2.773472050169944469e-01 3.089804093504462390e-01 2.504719455093848968e+00 -1.592246083723130035e-01 1.977727979632606381e+00 -2.239140071457387526e-01 1.346611259784458170e-01 -1.397605634784864215e-01 1.176457403654956185e-01 4.095779636610509256e-01 7.378341063286331103e-01 0.000000000000000000e+00
-9.947783299168874716e-02 -2.785326719476874935e-01 3.099044745936342382e-01 2.512935484609211567e+00 -1.464510282113860029e-01 1.971916907996013713e+00 -2.099731910770146204e-01 1.320750051452755369e-01 -1.400049085085011136e-01 1.191392411048120409e-01 4.075628162432152202e-01 7.511136262091768767e-01 0.000000000000000000e+00
-9.578416151939768419e-02 -2.796001312081278778e-01 3.107214453362862616e-01 2.520665184727882480e+00 -1.345343036990458430e-01 1.966825603001123302e+00 -1.970490034649145517e-01 1.298627838067739626e-01 -1.403238220490381494e-01 1.205084970568978814e-01 4.058152499359052867e-01 7.633848733010168974e-01 0.000000000000000000e+00
-9.175799871144764419e-02 -2.807269929879098180e-01 3.115674769341056916e-01 2.529185249567593718e+00 -1.214970532824786176e-01 1.961604846440550665e+00 -1.829921401516902135e-01 1.276575116542418009e-01 -1.407722983766075409e-01 1.219812084949548903e-01 4.040453463649522070e-01 7.766888276845621553e-01 0.000000000000000000e+00
-8.801983940094455783e-02 -2.817393305563976047e-01 3.123127140178857952e-01 2.537174002043825816e+00 -1.093531691739819678e-01 1.957055664362364666e+00 -1.699697151848798549e-01 1.257988998518539125e-01 -1.412826931995210256e-01 1.233304324822162845e-01 4.025258465154938903e-01 7.889747221623975015e-01 0.000000000000000000e+00
-8.394779492614364014e-02 -2.828054418497570333e-01 3.130814539556691645e-01 2.545950886124694001e+00 -9.608720513260893270e-02 1.952418728348984001e+00 -1.558160459660311303e-01 1.239787540824608542e-01 -1.419420918854248370e-01 1.247805486628996430e-01 4.010046821903542891e-01 8.022860668179677690e-01 0.000000000000000000e+00
-8.016928399718782627e-02 -2.837611052054240246e-01 3.137552050647793300e-01 2.554154483070573356e+00 -8.374724947559020194e-02 1.948407992813271150e+00 -1.427125943230551364e-01 1.224795608363143662e-01 -1.426511585256582393e-01 1.261079513739792046e-01 3.997177428830871460e-01 8.145710957684487719e-01 0.000000000000000000e+00
-7.605570347111693941e-02 -2.847652262646098720e-01 3.144463209113845248e-01 2.563139357902868731e+00 -7.028510454815517505e-02 1.944353989736077981e+00 -1.284802869506433687e-01 1.210528971179805208e-01 -1.435298685273300734e-01 1.275333667355520728e-01 3.984516095218362253e-01 8.278729196231220389e-01 0.000000000000000000e+00
-7.224095381583561792e-02 -2.856628656328751292e-01 3.150487812313280678e-01 2.571511876847937472e+00 -5.777956603376566136e-02 1.940878325296339968e+00 -1.153131607904792771e-01 1.199183405593363255e-01 -1.444441317295541705e-01 1.288371338919571951e-01 3.974014585249906473e-01 8.401413703958172663e-01 0.000000000000000000e+00
-6.809035879819912152e-02 -2.866033095236127926e-01 3.156629549319481254e-01 2.580654568069803201e+00 -4.415453004670322201e-02 1.937401179722562317e+00 -1.010214399586235462e-01 1.188880550797471319e-01 -1.455476125272285870e-01 1.302360424783053638e-01 3.963932856048275610e-01 8.534168955347261054e-01 0.000000000000000000e+00
-6.424344347990898485e-02 -2.874417782979546421e-01 3.161942558468208708e-01 2.589148978859023398e+00 -3.151320295619530754e-02 1.934457783792861596e+00 -8.780799976262727846e-02 1.181227374838640376e-01 -1.466729312458416867e-01 1.315143514791649870e-01 3.955839509495525097e-01 8.656531886372585971e-01 0.000000000000000000e+00
-6.006018606550039829e-02 -2.883177495255383471e-01 3.167311717711536745e-01 2.598397606256743764e+00 -1.775680168149218474e-02 1.931557248732566068e+00 -7.347544934230926250e-02 1.174959541989354789e-01 -1.480087728486252363e-01 1.328845977942812173e-01 3.948395308458480524e-01 8.788853042503990132e-01 0.000000000000000000e+00
-5.618517807964957395e-02 -2.890961031179136720e-01 3.171914105860955679e-01 2.606965808880810087e+00 -5.009011873633451017e-03 1.929143889225777730e+00 -6.023316794394528717e-02 1.171038869522053744e-01 -1.493504734058070937e-01 1.341356093939675420e-01 3.942747409576695117e-01 8.910738601903920308e-01 0.000000000000000000e+00
-5.197369329981898350e-02 -2.899063537923281531e-01 3.176516201993845323e-01 2.616268269400688684e+00 8.846933580999305491e-03 1.926815320516951591e+00 -4.587887114885109974e-02 1.168821122124290152e-01 -1.509226705553354808e-01 1.354753874817375414e-01 3.937963706468640135e-01 9.042460546790056508e-01 0.000000000000000000e+00
-4.807464390086066408e-02 -2.906238475580250613e-01 3.180408568045857698e-01 2.624861454969068308e+00 2.167241886905291182e-02 1.924930520735137263e+00 -3.262517560850260179e-02 1.168666742004849657e-01 -1.524855466410484084e-01 1.366972624346227128e-01 3.934796209247127252e-01 9.163714271221364838e-01 0.000000000000000000e+00
-4.383931030632957221e-02 -2.913680089781495730e-01 3.184239234920360206e-01 2.634163989197478184e+00 3.559718964412361686e-02 1.923175465109735471e+00 -1.826795973918233715e-02 1.170557669602590029e-01 -1.543004909239373834e-01 1.380043668647688015e-01 3.932725934394726841e-01 9.294666562552467148e-01 0.000000000000000000e+00
-3.992027943423345077e-02 -2.920240913571390262e-01 3.187421314468157907e-01 2.642732761591318980e+00 4.847196073515647186e-02 1.921818796721983524e+00 -5.020300523921802753e-03 1.174197295351103593e-01 -1.560886704378712242e-01 1.391952409580897720e-01 3.932071462556839814e-01 9.415135320252474571e-01 0.000000000000000000e+00
-3.566548588844047074e-02 -2.927013487341877940e-01 3.190485129800050834e-01 2.651982230723042289e+00 6.243487412829651362e-02 1.920634461418486927e+00 9.321021163088000216e-03 1.180198146301108669e-01 -1.581491581732654694e-01 1.404678491297409737e-01 3.932731593612043275e-01 9.545156836782595633e-01 0.000000000000000000e+00
-3.173053212240976861e-02 -2.932956663362918381e-01 3.192956230496873937e-01 2.660476744867034782e+00 7.533090218005966676e-02 1.919806416248008185e+00 2.254530021666143608e-02 1.187653166430081147e-01 -1.601662363828915137e-01 1.416258581507346681e-01 3.934619774824909544e-01 9.664688161778894893e-01 0.000000000000000000e+00
-2.746072445590042391e-02 -2.939060598304953920e-01 3.195246486161962274e-01 2.669618193182426769e+00 8.930167918396492155e-02 1.919196938463126001e+00 3.685179535078329793e-02 1.197809214470882400e-01 -1.624770612607533415e-01 1.428617146993427511e-01 3.938057915792201324e-01 9.793609126988540581e-01 0.000000000000000000e+00
-2.351393714762409909e-02 -2.944384566613913456e-01 3.197005365492882056e-01 2.677988427878753797e+00 1.021910944872539417e-01 1.918899057284197740e+00 5.003538733662465932e-02 1.209094942156581642e-01 -1.647261008013252148e-01 1.439849528233541065e-01 3.942515714561858342e-01 9.912053216469814965e-01 0.000000000000000000e+00
-1.923349365943894870e-02 -2.949815954740974133e-01 3.198525107896619257e-01 2.686968687432624403e+00 1.161398238559305796e-01 1.918863997911907093e+00 6.428866710262078066e-02 1.223393703720569159e-01 -1.672887275602539248e-01 1.451822601151832870e-01 3.948742850980735963e-01 1.003971983280603331e+00 0.000000000000000000e+00
-1.527897926516013846e-02 -2.954520993849366062e-01 3.199568962318244947e-01 2.695164445180616042e+00 1.289949488343364870e-01 1.919099262491678282e+00 7.741443936448300089e-02 1.238518960684106135e-01 -1.697718589606438400e-01 1.462688298399356102e-01 3.955794568652130083e-01 1.015692754975123790e+00 0.000000000000000000e+00
-1.099245777029338178e-02 -2.959284489664443796e-01 3.200310588935600387e-01 2.703928048908660564e+00 1.428913530980469027e-01 1.919644985979253260e+00 9.159561404396521223e-02 1.256992144033008962e-01 -1.725900160261655270e-01 1.474252409642752837e-01 3.964852645309761559e-01 1.028317203806535352e+00 0.000000000000000000e+00
-7.034375587612857507e-03 -2.963372874515369237e-01 3.200636459067294770e-01 2.711899451135839190e+00 1.556844661512970518e-01 1.920417309533090755e+00 1.046465265120610083e-01 1.275959426987905432e-01 -1.753089703410819489e-01 1.484732281427350864e-01 3.974519920066749701e-01 1.039899890598535270e+00 0.000000000000000000e+00
-2.746189245083769694e-03 -2.967468740048518905e-01 3.200600791999495542e-01 2.720393696541880235e+00 1.694989417803780540e-01 1.921546025479064834e+00 1.187377695704825986e-01 1.298580816629742729e-01 -1.783825245551424743e-01 1.495869454658494135e-01 3.986413264599906747e-01 1.052367412662714052e+00 0.000000000000000000e+00
1.211268808520605221e-03 -2.970944692574765122e-01 3.200205217277602987e-01 2.728091017436700572e+00 1.822023214495605004e-01 1.922860384059424721e+00 1.316970360075660207e-01 1.321386214058148101e-01 -1.813385002070759811e-01 1.505944193062263847e-01 3.998715404360391745e-01 1.063797700061334117e+00 0.000000000000000000e+00
5.496401577954174687e-03 -2.974381751776825067e-01 3.199382410982011260e-01 2.736260733618587349e+00 1.959041269160008980e-01 1.924581129145403580e+00 1.456796220935124009e-01 1.348173536658925920e-01 -1.846695820985471137e-01 1.516630459831342925e-01 4.013480302338927608e-01 1.076091916917575997e+00 0.000000000000000000e+00
9.448976683911898891e-03 -2.977251432561866529e-01 3.198260535779238189e-01 2.743634697295286085e+00 2.084897956989020251e-01 1.926443730803752530e+00 1.585306393546625225e-01 1.374806645587831333e-01 -1.878628454036066486e-01 1.526280590488813260e-01 4.028432620279177034e-01 1.087355823327093240e+00 0.000000000000000000e+00
1.372657514354556733e-02 -2.980034169408523059e-01 3.196650344112288988e-01 2.751428453313102818e+00 2.220492158659910231e-01 1.928760862846816915e+00 1.723874659805083032e-01 1.405719787283630506e-01 -1.914501233919432277e-01 1.536497808010902355e-01 4.046067740122545331e-01 1.099462886537729611e+00 0.000000000000000000e+00
1.766993825428486015e-02 -2.982305669801817438e-01 3.194796439628808105e-01 2.758430430271820555e+00 2.344889213437508779e-01 1.931179032282882790e+00 1.851138805921563324e-01 1.436163879732439419e-01 -1.948802748759652648e-01 1.545703690109033746e-01 4.063683884943147251e-01 1.110546763257557634e+00 0.000000000000000000e+00
2.193509032466496242e-02 -2.984447307830020435e-01 3.192388132382025789e-01 2.765794431651326768e+00 2.478743362363156066e-01 1.934103431733165790e+00 1.988265469792447893e-01 1.471206419145974775e-01 -1.987246810675491471e-01 1.555427390591617443e-01 4.084219187213611879e-01 1.122451026751184688e+00 0.000000000000000000e+00
2.586485346461247364e-02 -2.986130715008215031e-01 3.189795943673289225e-01 2.772376538467596241e+00 2.601394625065434063e-01 1.937085240875917602e+00 2.114123300405797989e-01 1.505438026007580588e-01 -2.023906554660979129e-01 1.564169383317370599e-01 4.104509145768653333e-01 1.133341491396845813e+00 0.000000000000000000e+00
3.011295647583893745e-02 -2.987639847063998100e-01 3.186586819123903846e-01 2.779261321099824489e+00 2.733205191674934476e-01 1.940623464147258392e+00 2.249645409719909783e-01 1.544555701231641320e-01 -2.064889940676208901e-01 1.573381091080386651e-01 4.127936640982944327e-01 1.145029972263149176e+00 0.000000000000000000e+00
3.402463782753186589e-02 -2.988747306623958377e-01 3.183250277836922604e-01 2.785377273936183951e+00 2.853819670431034794e-01 1.944177361193949904e+00 2.373939465430679185e-01 1.582544861943781245e-01 -2.103893266420961972e-01 1.581639220725586104e-01 4.150907404070285911e-01 1.155714441398492331e+00 0.000000000000000000e+00
3.825057051354034676e-02 -2.989641465826009536e-01 3.179227628376142811e-01 2.791730991243195792e+00 2.983257987415672829e-01 1.948342031283299303e+00 2.507678255499846687e-01 1.625726687438870943e-01 -2.147407987052312173e-01 1.590314135081382918e-01 4.177251393573350180e-01 1.167172026198285861e+00 0.000000000000000000e+00
4.213960278696796818e-02 -2.990187000061365619e-01 3.175138736419921837e-01 2.797335231177261683e+00 3.101538578674558622e-01 1.952477503810833959e+00 2.630254572307514360e-01 1.667436783536555833e-01 -2.188728262945438541e-01 1.598068095042716741e-01 4.202907621724901177e-01 1.177637849808133685e+00 0.000000000000000000e+00
4.633862988152329804e-02 -2.990479167167232610e-01 3.170299849895354960e-01 2.803112080205450329e+00 3.228291927419322249e-01 1.957275714206601513e+00 2.762056744921490004e-01 1.714614848694877569e-01 -2.234731707615467133e-01 1.606187740311232071e-01 4.232153125235605939e-01 1.188852953790675571e+00 0.000000000000000000e+00
5.020035983086758996e-02 -2.990478828937403466e-01 3.165451125942714272e-01 2.808161082639252459e+00 3.343935919460614414e-01 1.962002065671036410e+00 2.882765353567172117e-01 1.760002437362825634e-01 -2.278338307304423882e-01 1.613417223985388338e-01 4.260496150031910512e-01 1.199088147650122504e+00 0.000000000000000000e+00
5.436711237321485701e-02 -2.990190901543959834e-01 3.159782066696538716e-01 2.813312573312160669e+00 3.467659460993219867e-01 1.967446936913184619e+00 3.012458302597804671e-01 1.811150609916182819e-01 -2.326805175982775697e-01 1.620956133688698508e-01 4.292660810992479092e-01 1.210046389745526030e+00 0.000000000000000000e+00
5.819680970121297869e-02 -2.989662713627991297e-01 3.154164989065489366e-01 2.817765087274410885e+00 3.580357460370766631e-01 1.972773646679994997e+00 3.131153727906955120e-01 1.860165923331523197e-01 -2.372658152051214664e-01 1.627640834472365294e-01 4.323689300852991968e-01 1.220039768577993788e+00 0.000000000000000000e+00
6.232640510100848769e-02 -2.988811738413894581e-01 3.147661935999399585e-01 2.822249889284521807e+00 3.700726403651630747e-01 1.978872209895984557e+00 3.258595307131061936e-01 1.915201978181259868e-01 -2.423528523613363017e-01 1.634580033587703096e-01 4.358751813974702793e-01 1.230730629299953360e+00 0.000000000000000000e+00
6.611922542817895432e-02 -2.987775743582470889e-01 3.141268934722608042e-01 2.826066799899071391e+00 3.810161982456898855e-01 1.984807778479649620e+00 3.375135902223201922e-01 1.967788091275692042e-01 -2.471583933903298558e-01 1.640699311982432573e-01 4.392460775472381007e-01 1.240471007828863881e+00 0.000000000000000000e+00
7.020605161117611515e-02 -2.986388053550528277e-01 3.133918002388693114e-01 2.829842031957396031e+00 3.926814357464012417e-01 1.991571847711036902e+00 3.500161328548334061e-01 2.026670915872480494e-01 -2.524817860932893065e-01 1.647012834689169924e-01 4.430432126294730488e-01 1.250881437688037945e+00 0.000000000000000000e+00
7.395707058637797371e-02 -2.984866120797520228e-01 3.126740200760756982e-01 2.832987378382562760e+00 4.032663816240606991e-01 1.998124339551732520e+00 3.614410606417597926e-01 2.082764245674978698e-01 -2.575019779061429315e-01 1.652545884748945759e-01 4.466813569946302964e-01 1.260358562743193911e+00 0.000000000000000000e+00
7.799609914156929724e-02 -2.982962706571552491e-01 3.118536634748093062e-01 2.836018076941047017e+00 4.145262053685243586e-01 2.005559274419029592e+00 3.736890050740613867e-01 2.145397799772007230e-01 -2.630538698306312817e-01 1.658214922471883679e-01 4.507665795277846499e-01 1.270479240675767674e+00 0.000000000000000000e+00
8.170031855180572011e-02 -2.980978504966679821e-01 3.110565954490375762e-01 2.838459353707358357e+00 4.247195953114877298e-01 2.012735123209601795e+00 3.848717183598450164e-01 2.204927772513684547e-01 -2.682825871568381704e-01 1.663140605355553359e-01 4.546709068438952728e-01 1.279683391719190322e+00 0.000000000000000000e+00
8.568569967316062852e-02 -2.978589839990695709e-01 3.101497044517760315e-01 2.840710164050737063e+00 4.355361937362740576e-01 2.020849259365255168e+00 3.968495183890717315e-01 2.271254798147516740e-01 -2.740575188226206382e-01 1.668138360036223455e-01 4.590446495916459813e-01 1.289502466658312585e+00 0.000000000000000000e+00
8.933801967352966722e-02 -2.976168955775783664e-01 3.092725647475366157e-01 2.842418885052698130e+00 4.453044131199499489e-01 2.028652860389546397e+00 4.077774004480483883e-01 2.334144182156761282e-01 -2.794878374433467094e-01 1.672435536902634468e-01 4.632136951201105135e-01 1.298424455784241704e+00 0.000000000000000000e+00
9.326460853671493523e-02 -2.973319730469827782e-01 3.082787722525029972e-01 2.843863770186113360e+00 4.556430458484612700e-01 2.037447156985060737e+00 4.194734713234584134e-01 2.404054657484863411e-01 -2.854764877866078354e-01 1.676742867070701304e-01 4.678724626835270572e-01 1.307934071404696530e+00 0.000000000000000000e+00
9.685987553990979548e-02 -2.970489190093839604e-01 3.073207895386293464e-01 2.844816017464998126e+00 4.649520815839149890e-01 2.045880583447812207e+00 4.301345712202362948e-01 2.470219063844632246e-01 -2.911005513766371511e-01 1.680390399078701136e-01 4.723045286591505132e-01 1.316565376497643491e+00 0.000000000000000000e+00
1.007215998408275553e-01 -2.967213522487183175e-01 3.062388141274201558e-01 2.845429496370309508e+00 4.747736009575018734e-01 2.055358194787012760e+00 4.415344320034022552e-01 2.543639751937026849e-01 -2.972951972302160240e-01 1.683979840885423407e-01 4.772480214326101366e-01 1.325755013313125286e+00 0.000000000000000000e+00
1.042545728836191676e-01 -2.964002093032092611e-01 3.051993673879110913e-01 2.845606878753450086e+00 4.835890639885782605e-01 2.064419957142590967e+00 4.519173314348077786e-01 2.612987800932418114e-01 -3.031046168321149814e-01 1.686955923403586910e-01 4.819410439055477058e-01 1.334087911205928734e+00 0.000000000000000000e+00
1.080461901838150884e-01 -2.960327879278468188e-01 3.040290370487253591e-01 2.845374589380712305e+00 4.928582997295314350e-01 2.074574831800715558e+00 4.630108621135874403e-01 2.689794698350848057e-01 -3.094944723935966202e-01 1.689808668273766190e-01 4.871651006998471423e-01 1.342951310787875885e+00 0.000000000000000000e+00
1.115115963753604972e-01 -2.956765536199456035e-01 3.029075211146943225e-01 2.844764611531568566e+00 5.011457393802487559e-01 2.084259936854767847e+00 4.731048751457466173e-01 2.762228352364232142e-01 -3.154797937854951773e-01 1.692091496670668493e-01 4.921166828251179459e-01 1.350978877261701738e+00 0.000000000000000000e+00
1.152268878561838739e-01 -2.952729894517136522e-01 3.016477751197977342e-01 2.843673709531373106e+00 5.098231702552356026e-01 2.095086790249404807e+00 4.838789263622575443e-01 2.842331577421907673e-01 -3.220552716749554012e-01 1.694178915622586434e-01 4.976202716653347902e-01 1.359506851704353370e+00 0.000000000000000000e+00
1.186193873107077162e-01 -2.948847876543286284e-01 3.004437668619355239e-01 2.842270532415179130e+00 5.175482541190232766e-01 2.105385478047267611e+00 4.936739662725417310e-01 2.917744975799954066e-01 -3.282063748447112683e-01 1.695746518819234161e-01 5.028276837028212709e-01 1.367222828330640017e+00 0.000000000000000000e+00
1.222530603377181141e-01 -2.944481112742254880e-01 2.990946584520348117e-01 2.840321226790601727e+00 5.255992303462413417e-01 2.116868773074979337e+00 5.041200159112957380e-01 3.001006709910463699e-01 -3.349549582050266316e-01 1.697049803277691782e-01 5.086059443199660857e-01 1.375411116576252146e+00 0.000000000000000000e+00
1.255673075581942022e-01 -2.940311453949213116e-01 2.978078012040732969e-01 2.838125778721348524e+00 5.327281228703784066e-01 2.127766555679011518e+00 5.136067949254032872e-01 3.079287334097117190e-01 -3.412606578760615239e-01 1.697880043747523882e-01 5.140661236344147289e-01 1.382809777558655862e+00 0.000000000000000000e+00
1.291130243157606883e-01 -2.935652991061566963e-01 2.963686423236671641e-01 2.835320749018402253e+00 5.401139702755237693e-01 2.139889663035401846e+00 5.237130584985768555e-01 3.165600717921721041e-01 -3.481710282725993810e-01 1.698369732492962247e-01 5.201172916842655702e-01 1.390650656440067134e+00 0.000000000000000000e+00
1.323436443137852858e-01 -2.931228655095285407e-01 2.949987879235689281e-01 2.832342351789828960e+00 5.466136381151858181e-01 2.151366207568027544e+00 5.328829546324785893e-01 3.246629058563063053e-01 -3.546194733780625441e-01 1.698440472709417670e-01 5.258268094557727590e-01 1.397727607562789132e+00 0.000000000000000000e+00
1.357961322031569773e-01 -2.926310088524893827e-01 2.934699474696641497e-01 2.828698390116164418e+00 5.533016828690957567e-01 2.164101818070285788e+00 5.426426743688056442e-01 3.335841959024491432e-01 -3.616772497409361797e-01 1.698097424271501621e-01 5.321453255895538526e-01 1.405218680235018613e+00 0.000000000000000000e+00
1.389377622435262194e-01 -2.921664276834142204e-01 2.920171306872177408e-01 2.824953744643361464e+00 5.591403496025471043e-01 2.176130944276993162e+00 5.514878978763130268e-01 3.419490850178471542e-01 -3.682556571075954466e-01 1.697385694470177897e-01 5.381004866821073040e-01 1.411969793598369494e+00 0.000000000000000000e+00
1.422906643875853916e-01 -2.916526101673844185e-01 2.903982963086412239e-01 2.820491351923204881e+00 5.650944774574968577e-01 2.189449415970814439e+00 5.608908871846238764e-01 3.511479763181171165e-01 -3.754473904732997802e-01 1.696180281181780825e-01 5.446837210282423625e-01 1.419105334265073237e+00 0.000000000000000000e+00
1.453379772837887773e-01 -2.911692192348042107e-01 2.888627894063804380e-01 2.816006204018705716e+00 5.702421120637648499e-01 2.201998539193063209e+00 5.694044805573892365e-01 3.597614715212740233e-01 -3.821421779795957097e-01 1.694663278045844546e-01 5.508804308316659348e-01 1.425527946707962679e+00 0.000000000000000000e+00
1.485861175931483535e-01 -2.906366148892043366e-01 2.871548230334124985e-01 2.810759903379932645e+00 5.754334889001744280e-01 2.215859186991445462e+00 5.784458458791810198e-01 3.692213193188580989e-01 -3.894518893815905880e-01 1.692575859093926882e-01 5.577221915406204156e-01 1.432307289578868659e+00 0.000000000000000000e+00
1.515338120456015403e-01 -2.901377409175707189e-01 2.855371158392847608e-01 2.805568033475350997e+00 5.798621671459711635e-01 2.228889499597789037e+00 5.866216172676697038e-01 3.780692725664828724e-01 -3.962485427995816600e-01 1.690230779306543807e-01 5.641559892600883641e-01 1.438399270572424893e+00 0.000000000000000000e+00
1.546708941951130956e-01 -2.895903516995486648e-01 2.837402009066173347e-01 2.799576509897348853e+00 5.842591998763801975e-01 2.243249085920818064e+00 5.952929363559950060e-01 3.877759288180900321e-01 -4.036605195874358731e-01 1.687230728338569574e-01 5.712528475119587057e-01 1.444818687222006126e+00 0.000000000000000000e+00
1.575137502599958939e-01 -2.890792584375011520e-01 2.820410296993668409e-01 2.793719890996741118e+00 5.879436190897329162e-01 2.256715804780418999e+00 6.031256260170543282e-01 3.968434596975918827e-01 -4.105435925828000432e-01 1.684034102792633936e-01 5.779190060365360093e-01 1.450578971501793157e+00 0.000000000000000000e+00
1.605347931577838227e-01 -2.885201448376985001e-01 2.801566171746524558e-01 2.787035384182370290e+00 5.915233593106217214e-01 2.271520494754904806e+00 6.114239693947139953e-01 4.067789147763504198e-01 -4.180402578933186675e-01 1.680101778995563566e-01 5.852640043229746514e-01 1.456639926668650054e+00 0.000000000000000000e+00
1.632676935828736853e-01 -2.879999977759956642e-01 2.783769746218762164e-01 2.780563825893950014e+00 5.944413500133323147e-01 2.285373188766101293e+00 6.189092496915724606e-01 4.160504105058386304e-01 -4.249932388672974515e-01 1.676030305031536993e-01 5.921572639095084023e-01 1.462068514234667660e+00 0.000000000000000000e+00
1.661665691421198854e-01 -2.874329707705883252e-01 2.764059484956354895e-01 2.773242039829965755e+00 5.971789134594063242e-01 2.300567046483233735e+00 6.268280926138958264e-01 4.261986521556945795e-01 -4.325568826792314248e-01 1.671134249814994477e-01 5.997461411727709191e-01 1.467769410022145449e+00 0.000000000000000000e+00
1.687845175669497044e-01 -2.869068107265354550e-01 2.745472374719986064e-01 2.766212262237008446e+00 5.993119283617653892e-01 2.314750049005963817e+00 6.339625680161635746e-01 4.356577010049517140e-01 -4.395627274008484520e-01 1.666164125430633913e-01 6.068611089200539599e-01 1.472867099822720904e+00 0.000000000000000000e+00
1.715565263594328316e-01 -2.863346327736591146e-01 2.724915476218690014e-01 2.758320184625433935e+00 6.011918873855570666e-01 2.330269397740226900e+00 6.415010449557964067e-01 4.459993880184882076e-01 -4.471735091640769433e-01 1.660284697981579960e-01 6.146862085720065094e-01 1.478211664656346347e+00 0.000000000000000000e+00
1.740546628525380946e-01 -2.858053354972638904e-01 2.705554297838763667e-01 2.750795037564572887e+00 6.025251915160843019e-01 2.344723187741925674e+00 6.482822520394651011e-01 4.556288791775104374e-01 -4.542139749798648207e-01 1.654391788279506725e-01 6.220169589466131299e-01 1.482980454062296616e+00 0.000000000000000000e+00
1.766939894706881231e-01 -2.852314421868184513e-01 2.684167432658173258e-01 2.742401487999350351e+00 6.035311766825683932e-01 2.360503075380263382e+00 6.554359687806087242e-01 4.661461350859104624e-01 -4.618521207232939574e-01 1.647496697769723628e-01 6.300732209811845674e-01 1.487969220574287821e+00 0.000000000000000000e+00
1.790676495219112041e-01 -2.847016608628940570e-01 2.664052307139860298e-01 2.734448814936118577e+00 6.040543232814439278e-01 2.375165256699172556e+00 6.618625093861061348e-01 4.759281587963668514e-01 -4.689079662943771432e-01 1.640657034300127826e-01 6.376134289755258644e-01 1.492412305378921555e+00 0.000000000000000000e+00
1.815700154418543322e-01 -2.841283677544914621e-01 2.641863119001097715e-01 2.725631073319366493e+00 6.041801504117718657e-01 2.391135796648866219e+00 6.686327975093055986e-01 4.866001776536141299e-01 -4.765520375712315460e-01 1.632726140573871609e-01 6.458924644352824762e-01 1.497051265681730303e+00 0.000000000000000000e+00
1.838147389128470532e-01 -2.836005104124686982e-01 2.621017928647288442e-01 2.717321911053462546e+00 6.038870684899499963e-01 2.405942566052454712e+00 6.747042721624683104e-01 4.965161250773879598e-01 -4.836032226104070020e-01 1.624915255544237547e-01 6.536356053046878944e-01 1.501172773784736902e+00 0.000000000000000000e+00
1.861747677848141491e-01 -2.830306978313679167e-01 2.598050470394431821e-01 2.708156588398680675e+00 6.031258278578790488e-01 2.422035609494867625e+00 6.810890011388515131e-01 5.073232327809295006e-01 -4.912309154465577254e-01 1.615915601983018979e-01 6.621314220771769010e-01 1.505465123671672290e+00 0.000000000000000000e+00
1.882863540477075492e-01 -2.825068731725237092e-01 2.576503031550685940e-01 2.699564078576681236e+00 6.020150556346961501e-01 2.436922946269919343e+00 6.868061422089790646e-01 5.173536628420630779e-01 -4.982563344021866403e-01 1.607108861153263291e-01 6.700704384447575546e-01 1.509270381395231730e+00 0.000000000000000000e+00
1.905003494980979095e-01 -2.819422216915630219e-01 2.552793072381759898e-01 2.690132244890358848e+00 6.003704079964258256e-01 2.453068712088438907e+00 6.928090404640722122e-01 5.282736552863103174e-01 -5.058444127171222160e-01 1.597020141153770445e-01 6.787739152032455925e-01 1.513224376665672555e+00 0.000000000000000000e+00
1.924748692927958083e-01 -2.814242134290554365e-01 2.530574978974304834e-01 2.681329887287444258e+00 5.984449067223058805e-01 2.467974161113628107e+00 6.981736455849005818e-01 5.383984278290598890e-01 -5.128220279311841434e-01 1.587192410941105636e-01 6.869014833760038741e-01 1.516719908754456059e+00 0.000000000000000000e+00
1.945380178589946885e-01 -2.808668917654734698e-01 2.506155743222917009e-01 2.671709603838377411e+00 5.959197247841352407e-01 2.484107085717507601e+00 7.037949128557853262e-01 5.494096335406424281e-01 -5.203457909057944697e-01 1.575980835647008138e-01 6.958056293226293487e-01 1.520341408362800184e+00 0.000000000000000000e+00
1.963718716880309412e-01 -2.803561000160152417e-01 2.483302675054511743e-01 2.662769737829771000e+00 5.931869032702112854e-01 2.498971020922557962e+00 7.088099780835407371e-01 5.596077761714237653e-01 -5.272524994558329681e-01 1.565107148916214941e-01 7.041140261334040140e-01 1.523534804825914302e+00 0.000000000000000000e+00
1.982811692293055261e-01 -2.798070105313251732e-01 2.458218331357145403e-01 2.653039662441703417e+00 5.897942048215023547e-01 2.515027769866424734e+00 7.140557396407243296e-01 5.706865928851806435e-01 -5.346868467968437511e-01 1.552752078829064686e-01 7.132091207301881619e-01 1.526834727732631736e+00 0.000000000000000000e+00
1.999710888253743712e-01 -2.793044621736699984e-01 2.434770329547559231e-01 2.644032576543108082e+00 5.862656074906964498e-01 2.529794500607556618e+00 7.187253262960693334e-01 5.809363675515958336e-01 -5.414986136540211881e-01 1.540806969102218593e-01 7.216901569586272602e-01 1.529735043317782317e+00 0.000000000000000000e+00
2.017225159597952067e-01 -2.787648595256026485e-01 2.409062932065711982e-01 2.634265420539730229e+00 5.820172928852369587e-01 2.545718403703951971e+00 7.235985116167508169e-01 5.920592595813934933e-01 -5.488163145392865871e-01 1.527273616680276669e-01 7.309682773013270740e-01 1.532721778480306218e+00 0.000000000000000000e+00
2.032656577342814574e-01 -2.782711234476136775e-01 2.385063915429803671e-01 2.625257456225964958e+00 5.777082925825727244e-01 2.560337654476782632e+00 7.279280126008925711e-01 6.023381958617451959e-01 -5.555080394103284469e-01 1.514231284584317827e-01 7.396134308319423090e-01 1.535339133199635997e+00 0.000000000000000000e+00
2.048570522199946453e-01 -2.777410127749931901e-01 2.358786788983657789e-01 2.615524414550991938e+00 5.726256428111229368e-01 2.576076591820258166e+00 7.324372103795874223e-01 6.134800629143096762e-01 -5.626821293338111207e-01 1.499499176776704079e-01 7.490640574342519731e-01 1.538026529055634972e+00 0.000000000000000000e+00
2.062509806206853369e-01 -2.772562193783016937e-01 2.334285264387113701e-01 2.606577692427678450e+00 5.675550708454024651e-01 2.590504000487331204e+00 7.364331504371969261e-01 6.237648581490593536e-01 -5.692277798190623628e-01 1.485333822938572357e-01 7.578644066773915222e-01 1.540372507659885759e+00 0.000000000000000000e+00
2.076792524677814888e-01 -2.767358201239632498e-01 2.307489932281411305e-01 2.596941768625069091e+00 5.616574563970755385e-01 2.606014277783194721e+00 7.405840864702489812e-01 6.349001338779258763e-01 -5.762284313765537735e-01 1.469367007070570552e-01 7.674786845286866166e-01 1.542771749485938093e+00 0.000000000000000000e+00
2.089220302522805661e-01 -2.762595899744642591e-01 2.282538434590817289e-01 2.588113047333505001e+00 5.558471301955938415e-01 2.620212274099239291e+00 7.442543885055689090e-01 6.451666864592087158e-01 -5.826008432328954045e-01 1.454052332774501688e-01 7.764249084205352425e-01 1.544859268306396638e+00 0.000000000000000000e+00
2.101860502086061733e-01 -2.757479071544373661e-01 2.255286840043404517e-01 2.578633871330072935e+00 5.491621777000617044e-01 2.635456289561901144e+00 7.480583146485835222e-01 6.562689389905582704e-01 -5.893992277055950524e-01 1.436830002900095771e-01 7.861915190861827885e-01 1.546986867701261037e+00 0.000000000000000000e+00
2.112762202464065209e-01 -2.752793794289386531e-01 2.229941384207885235e-01 2.569974080272732220e+00 5.426362114065854669e-01 2.649394468321006890e+00 7.514120999883475704e-01 6.664924815202362129e-01 -5.955701048464450142e-01 1.420339542982756997e-01 7.952738970887618386e-01 1.548830041491705112e+00 0.000000000000000000e+00
2.123740008715969685e-01 -2.747755171153769549e-01 2.202294984271122025e-01 2.560702886765974906e+00 5.351888925025569677e-01 2.664343294275821616e+00 7.548776715148676208e-01 6.775340139787319194e-01 -6.021338648271087335e-01 1.401825080636957821e-01 8.051829868727286010e-01 1.550700379525267403e+00 0.000000000000000000e+00
2.133106623469225027e-01 -2.743133043937871496e-01 2.176616873374470906e-01 2.552257536426965068e+00 5.279736009230378002e-01 2.677998012864553523e+00 7.579254596453816051e-01 6.876887137942313544e-01 -6.080739790595032224e-01 1.384131953816096217e-01 8.143914655529229663e-01 1.552315054094182800e+00 0.000000000000000000e+00
2.142422529313591506e-01 -2.738151906178600825e-01 2.148645134686485436e-01 2.543240900623494838e+00 5.197955089317054522e-01 2.692629740857343190e+00 7.610667247301573513e-01 6.986418293045364436e-01 -6.143722218794861467e-01 1.364304136933967848e-01 8.244310502303037191e-01 1.553947438684346594e+00 0.000000000000000000e+00
2.150250960849151849e-01 -2.733574139511731893e-01 2.122698776891500105e-01 2.535049224961769543e+00 5.119186222547229548e-01 2.705984307938434696e+00 7.638203667182720258e-01 7.087013211110655408e-01 -6.200512797460255854e-01 1.345381545151114189e-01 8.337549769437527791e-01 1.555350391946600297e+00 0.000000000000000000e+00
2.157897722022507625e-01 -2.728629765739790658e-01 2.094471875530771465e-01 2.526326331384491919e+00 5.030379792016796969e-01 2.720284873954493143e+00 7.666491098491270417e-01 7.195362588479983224e-01 -6.260488516789385338e-01 1.324202756582258944e-01 8.439142041331052502e-01 1.556762799430724042e+00 0.000000000000000000e+00
2.164190918549811493e-01 -2.724072044482612753e-01 2.068325656081677066e-01 2.518422412650921594e+00 4.945281602163369428e-01 2.733329230343174210e+00 7.691219215002927934e-01 7.294731786653565475e-01 -6.314352947207056976e-01 1.304023235988671925e-01 8.533426599193401074e-01 1.557972806672001553e+00 0.000000000000000000e+00
2.170182286569070362e-01 -2.719133208118246214e-01 2.039922025297721819e-01 2.510027503326051068e+00 4.849788753542458863e-01 2.747290432270145466e+00 7.716550537501488671e-01 7.401606438569263702e-01 -6.370995720431952281e-01 1.281472170444369341e-01 8.636087464474321296e-01 1.559187208129077629e+00 0.000000000000000000e+00
2.174949724636439652e-01 -2.714566355746424464e-01 2.013647929224255673e-01 2.502439839902883989e+00 4.758653591698576157e-01 2.760020421453997397e+00 7.738617490293885348e-01 7.499469619146404975e-01 -6.421609762739179939e-01 1.260008173967523681e-01 8.731304128718195834e-01 1.560224109899500000e+00 0.000000000000000000e+00
2.179292404693922713e-01 -2.709600735810160366e-01 1.985145416386024930e-01 2.494401170293210512e+00 4.656768485276332470e-01 2.773641146777945821e+00 7.761143172584048511e-01 7.604551297858206382e-01 -6.474538092033687020e-01 1.236046215611967536e-01 8.834913745137455976e-01 1.561262076934358589e+00 0.000000000000000000e+00
2.182550131853800701e-01 -2.704990534796088975e-01 1.958818910063244156e-01 2.487153783078146940e+00 4.559890030650253223e-01 2.786057888749887468e+00 7.780710748693405732e-01 7.700618842070361403e-01 -6.521564856352578543e-01 1.213269863284201083e-01 8.930944670884622960e-01 1.562147444838755117e+00 0.000000000000000000e+00
2.185272367820047801e-01 -2.699956626814224436e-01 1.930302346020769666e-01 2.479495178523864585e+00 4.451952347720897762e-01 2.799341645678704804e+00 7.800630527856925456e-01 7.803601949843180785e-01 -6.570433196565260703e-01 1.187875290709750620e-01 9.035368548807175548e-01 1.563034144323697250e+00 0.000000000000000000e+00
2.187043498385457252e-01 -2.695264099512675315e-01 1.904002192013120043e-01 2.472607771530038967e+00 4.349622337029734886e-01 2.811450776224453385e+00 7.817875827495733843e-01 7.897576249438535978e-01 -6.613525806163831344e-01 1.163758369668265458e-01 9.132091896437762868e-01 1.563791014705497417e+00 0.000000000000000000e+00
2.188167176163630101e-01 -2.690118586290224933e-01 1.875557247054836507e-01 2.465348466943008798e+00 4.235923208451835009e-01 2.824406187532134016e+00 7.835374793228371271e-01 7.998119901652842589e-01 -6.657924696277088827e-01 1.136891734801273590e-01 9.237200206760465271e-01 1.564551480354769541e+00 0.000000000000000000e+00
2.188481782201180670e-01 -2.685300181782364626e-01 1.849364609741835919e-01 2.458837404918417846e+00 4.128426847212289807e-01 2.836217197862906936e+00 7.850490229785388463e-01 8.089695358896306088e-01 -6.696722958617907784e-01 1.111405782511919738e-01 9.334488810332423059e-01 1.565204753770166324e+00 0.000000000000000000e+00
2.188049970612919448e-01 -2.679992539301039312e-01 1.821081260077679065e-01 2.451993141377654339e+00 4.009291276021000883e-01 2.848856015823705512e+00 7.865798745521437318e-01 8.187480642011563114e-01 -6.736285548191580652e-01 1.083045114273393367e-01 9.440138408146683258e-01 1.565867215091323539e+00 0.000000000000000000e+00
2.186945221370888426e-01 -2.675000612379235809e-01 1.795080113369791064e-01 2.445871444405065986e+00 3.896905093385081287e-01 2.860381341647627806e+00 7.878992045561689084e-01 8.276343669684782522e-01 -6.770419949673397442e-01 1.056161418530668084e-01 9.537862438556869993e-01 1.566443123677053073e+00 0.000000000000000000e+00
2.184995700964557641e-01 -2.669477732779872436e-01 1.767050829800178025e-01 2.439455051006774511e+00 3.772608461766937538e-01 2.872718374448806067e+00 7.892331819461896325e-01 8.371006396421920570e-01 -6.804708148708169535e-01 1.026266020490199660e-01 9.643912176324914709e-01 1.567036475967922504e+00 0.000000000000000000e+00
2.182515925806583490e-01 -2.664260538594016570e-01 1.741327272235491108e-01 2.433733498878004387e+00 3.655597519906788051e-01 2.883972652791612745e+00 7.903827354307223496e-01 8.456834086242721593e-01 -6.833795194134013595e-01 9.979554529696803289e-02 9.741936478148005563e-01 1.567563249231540334e+00 0.000000000000000000e+00
2.179106731962580645e-01 -2.658464291764103260e-01 1.713646251207329718e-01 2.427755121777058545e+00 3.526438718826447882e-01 2.896024422181315394e+00 7.915460707738961599e-01 8.548041361465483767e-01 -6.862422178481548674e-01 9.665033540482766139e-02 9.848236553058519194e-01 1.568119050951039872e+00 0.000000000000000000e+00
2.175303593835810345e-01 -2.652966743807882999e-01 1.688288276976107061e-01 2.422441929275839456e+00 3.405055225283977194e-01 2.907023607213090166e+00 7.925499493468015633e-01 8.630504147248968527e-01 -6.886069717380907118e-01 9.367366199779723901e-02 9.946421976127559628e-01 1.568626116822591232e+00 0.000000000000000000e+00
2.170488245639930480e-01 -2.646835592605237819e-01 1.661052139163172736e-01 2.416910140814615193e+00 3.271280785003218838e-01 2.918807997447859126e+00 7.935686750427841663e-01 8.717870478389563305e-01 -6.908566104899077631e-01 9.036859586122483745e-02 1.005281925641785978e+00 1.569177391168237401e+00 0.000000000000000000e+00
2.165419470150351522e-01 -2.640999767857427627e-01 1.636149664530709147e-01 2.412012379087761893e+00 3.145760636382721742e-01 2.929568609197836349e+00 7.944524450505270341e-01 8.796627475516204386e-01 -6.926367339415441249e-01 8.724333471012482577e-02 1.015102265582426000e+00 1.569696174948584932e+00 0.000000000000000000e+00
2.159270432035615139e-01 -2.634469912257887403e-01 1.609455309202007522e-01 2.406933602171071218e+00 3.007634855529817131e-01 2.941103427619179200e+00 7.953561221874180243e-01 8.879806651632922154e-01 -6.942326998038012009e-01 8.377617360932906876e-02 1.025735934919976167e+00 1.570277809330658192e+00 0.000000000000000000e+00
2.153001273834486140e-01 -2.628234814507913186e-01 1.585098950575474230e-01 2.402456740447044936e+00 2.878197422803854266e-01 2.951641955381813176e+00 7.961473473472805429e-01 8.954510983370735921e-01 -6.953865143460782328e-01 8.049932865793309189e-02 1.035543225371274634e+00 1.570841467375373446e+00 0.000000000000000000e+00
2.145586594821215221e-01 -2.621237968124882078e-01 1.559046384622533865e-01 2.397836976191284997e+00 2.735930302575364514e-01 2.962944905122129047e+00 7.969660030663709982e-01 9.033092877655702901e-01 -6.962786067322274119e-01 7.686581153516985898e-02 1.046154457576640828e+00 1.571490746049134746e+00 0.000000000000000000e+00
2.138187756445231735e-01 -2.614540739214733511e-01 1.535327553435189007e-01 2.393785762596107425e+00 2.602774709490613958e-01 2.973277032398632169e+00 7.976937784132623888e-01 9.103388346208889370e-01 -6.967631023135401058e-01 7.343433679298116967e-02 1.055933451941357459e+00 1.572134298926552542e+00 0.000000000000000000e+00
2.129592363913178632e-01 -2.607009573211064302e-01 1.510014808798477437e-01 2.389628962139022761e+00 2.456588497599869747e-01 2.984364115676967799e+00 7.984603027540144726e-01 9.177012766124674759e-01 -6.969087106461401282e-01 6.963218331656707838e-02 1.066505668836754017e+00 1.572889305095589885e+00 0.000000000000000000e+00
2.121140307849517237e-01 -2.599785564214623368e-01 1.487025408569674634e-01 2.386007252152250402e+00 2.319894366490395932e-01 2.994504035092417915e+00 7.991555209565797124e-01 9.242534518423894951e-01 -6.966797453714205224e-01 6.604304111546728528e-02 1.076240654464456936e+00 1.573649504428752843e+00 0.000000000000000000e+00
2.111445295839051439e-01 -2.591646687859697207e-01 1.462553433311334361e-01 2.382317790046028172e+00 2.169954535662843575e-01 3.005389939467052240e+00 7.999042686970554428e-01 9.310770031873905062e-01 -6.960255398496426604e-01 6.206786123079290063e-02 1.086756345765716558e+00 1.574552049722180769e+00 0.000000000000000000e+00
2.102021499772259439e-01 -2.583829760111654439e-01 1.440385420706198349e-01 2.379128594927080176e+00 2.029879605626345729e-01 3.015349711730153537e+00 8.005996866367023346e-01 9.371143893786001433e-01 -6.950376402432777434e-01 5.831794316244719167e-02 1.096431077373756224e+00 1.575467378188841083e+00 0.000000000000000000e+00
2.091321664744382469e-01 -2.575013829350992767e-01 1.416851671626597753e-01 2.375908894574931374e+00 1.876360543910293721e-01 3.026045892582035712e+00 8.013670765048086508e-01 9.433614995056535113e-01 -6.935388131817811219e-01 5.416744405426152792e-02 1.106872799375739014e+00 1.576559141077718884e+00 0.000000000000000000e+00
2.081011457435599232e-01 -2.566537055833312264e-01 1.395596228054450938e-01 2.373154933234072672e+00 1.733038140335025901e-01 3.035834996270618813e+00 8.020971821176539063e-01 9.488460134545626534e-01 -6.917455070827490671e-01 5.025362922676745309e-02 1.116470765365357387e+00 1.577670211884499851e+00 0.000000000000000000e+00
2.069397113564322155e-01 -2.556967666932355998e-01 1.373101456167572509e-01 2.370408232704357410e+00 1.576055755150660431e-01 3.046350198610667803e+00 8.029218299491969191e-01 9.544711423090279645e-01 -6.893454663083696810e-01 4.592331681073100191e-02 1.126819809361405245e+00 1.578997531371795437e+00 0.000000000000000000e+00
2.058289276901005549e-01 -2.547762913802360529e-01 1.352849135843433304e-01 2.368091228217723554e+00 1.429595401387637743e-01 3.055974740586009375e+00 8.037231751212017272e-01 9.593635689685854340e-01 -6.866986836589944465e-01 4.184243439791569125e-02 1.136323832343571150e+00 1.580346688780029485e+00 0.000000000000000000e+00
2.045861003173080617e-01 -2.537370309054922113e-01 1.331488101240717592e-01 2.365818390842097774e+00 1.269269305218316823e-01 3.066313390951920237e+00 8.046450949115599993e-01 9.643278343985475232e-01 -6.833506241155741234e-01 3.732997840807462941e-02 1.146562088838271709e+00 1.581954838604274105e+00 0.000000000000000000e+00
2.034045668340453417e-01 -2.527369432907906610e-01 1.312327825412545335e-01 2.363939724740314219e+00 1.119753149458486696e-01 3.075775718700669348e+00 8.055558960043670558e-01 9.685882929314290068e-01 -6.798012961727708525e-01 3.307884926138680154e-02 1.155954791686872207e+00 1.583586557404165651e+00 0.000000000000000000e+00
2.020899181520890708e-01 -2.516074772847260999e-01 1.292199086646551587e-01 2.362142366413447103e+00 9.561448930438665172e-02 3.085937950749016778e+00 8.066184307002813858e-01 9.728436914582393458e-01 -6.754451635777283247e-01 2.837963493891473496e-02 1.166062153813995250e+00 1.585526670258288195e+00 0.000000000000000000e+00
2.008467543120304455e-01 -2.505209238210766021e-01 1.274218105145061009e-01 2.360702146310636351e+00 8.036303828271496030e-02 3.095235654118097646e+00 8.076789680253781967e-01 9.764313023417124926e-01 -6.709427568598130831e-01 2.395502581434346204e-02 1.175325293875563393e+00 1.587487156294750124e+00 0.000000000000000000e+00
1.994703600323149417e-01 -2.492943266647472955e-01 1.255411554804318208e-01 2.359378907590038210e+00 6.367994241387453513e-02 3.105216338490699890e+00 8.089257934687259510e-01 9.799376202329107555e-01 -6.655296156281179654e-01 1.906669792615134709e-02 1.185282986349424306e+00 1.589808101184754241e+00 0.000000000000000000e+00
1.981745711389159004e-01 -2.481144505320274918e-01 1.238695073086242687e-01 2.358376380140828843e+00 4.813154038863576289e-02 3.114341967216021967e+00 8.101782115503630699e-01 9.828106384168882048e-01 -6.600225313889703793e-01 1.446535165284778927e-02 1.194398187812438339e+00 1.592145823989625564e+00 0.000000000000000000e+00
1.967458953744853911e-01 -2.467826926575527602e-01 1.221304937879329061e-01 2.357526508431369905e+00 3.112641020909689971e-02 3.124129854345381041e+00 8.116573977988204014e-01 9.855174753488447070e-01 -6.534889317076517656e-01 9.383183088000733238e-03 1.204184772186261521e+00 1.594903793614511844e+00 0.000000000000000000e+00
1.954062659852258688e-01 -2.455025758181405837e-01 1.205934920652384224e-01 2.356958981500750561e+00 1.528104752379366715e-02 3.133070138083113854e+00 8.131460382691473310e-01 9.876332902558854210e-01 -6.469240398835247596e-01 4.601799322778062258e-03 1.213132993448927888e+00 1.597669086932395732e+00 0.000000000000000000e+00
