-1.621277363194950638e-03 -7.186083792573572104e-04 1.353853628722978542e-03 -1.273719633749337277e-03 -8.145157742518449595e-03 -4.845745199682838233e-03 0.000000000000000000e+00
-1.720258430328913679e-03 -7.161098032122670265e-04 1.492262640917590977e-03 -1.311879219144440611e-03 -8.814168736018590522e-03 -5.240208111512600908e-03 0.000000000000000000e+00
-1.554140917330443239e-03 -6.070693076178912406e-04 1.400729066791159272e-03 -1.153173719903310968e-03 -8.129229433367690660e-03 -4.829167945329615463e-03 0.000000000000000000e+00
-1.646399657145497519e-03 -6.029203734786436897e-04 1.542324720324686482e-03 -1.191372923062150591e-03 -8.801252586609020767e-03 -5.224367573849253432e-03 0.000000000000000000e+00
-1.484486592458644783e-03 -5.090530812682236839e-04 1.446332013017331830e-03 -1.050013670590210779e-03 -8.120348639549579417e-03 -4.817010436585889011e-03 0.000000000000000000e+00
-1.569279684785873652e-03 -5.037243635616361903e-04 1.591100792996055779e-03 -1.088237448604090218e-03 -8.794544898580003434e-03 -5.214634556275576927e-03 0.000000000000000000e+00
-1.412081805976433957e-03 -4.243080485257511025e-04 1.490676514240188433e-03 -9.636632488381202677e-04 -8.116586161821093270e-03 -4.811588636352226445e-03 0.000000000000000000e+00
-1.489481510339840664e-03 -4.191149765443435982e-04 1.638363641891016353e-03 -1.004018467743339471e-03 -8.792311416776055211e-03 -5.212922956193466462e-03 0.000000000000000000e+00
-1.336794236000360403e-03 -3.524061278678269904e-04 1.533653849281779724e-03 -8.934601581405132720e-04 -8.115628042051348245e-03 -4.814585290808359730e-03 0.000000000000000000e+00
-1.406120730842813638e-03 -3.479304513353265182e-04 1.684218571874049331e-03 -9.362345504380087391e-04 -8.792032515223979772e-03 -5.221749978943979187e-03 0.000000000000000000e+00
-1.258599934147730526e-03 -2.930437694015075589e-04 1.575238309770091161e-03 -8.391061654036136019e-04 -8.115807389191154186e-03 -4.828110229813553644e-03 0.000000000000000000e+00
-1.320059319760730210e-03 -2.902862478099677013e-04 1.728434372028783694e-03 -8.860392355751756099e-04 -8.792072365411129908e-03 -5.242560523414319107e-03 0.000000000000000000e+00
-1.177541302894186126e-03 -2.457287530664709063e-04 1.615384437643752058e-03 -8.001237682511153082e-04 -8.115295338408046177e-03 -4.853879906199676242e-03 0.000000000000000000e+00
-1.230484905674095186e-03 -2.452802172467349884e-04 1.771104041920254502e-03 -8.516457468048521662e-04 -8.790227047886567391e-03 -5.277824104854555998e-03 0.000000000000000000e+00
-1.093681055226641829e-03 -2.099521416003280461e-04 1.653926679561934510e-03 -7.761057835429241436e-04 -8.112088162202990560e-03 -4.893243107837452754e-03 0.000000000000000000e+00
-1.138445244002389556e-03 -2.126367991520106138e-04 1.812003948328561043e-03 -8.339620233108746561e-04 -8.784983083325759168e-03 -5.328545464827971756e-03 0.000000000000000000e+00
-1.007210873710140397e-03 -1.852586721196036734e-04 1.690930251148470287e-03 -7.668989875124765376e-04 -8.104987151864584405e-03 -4.948162491908547622e-03 0.000000000000000000e+00
-1.043131241220435212e-03 -1.916116520750132945e-04 1.851178438079637001e-03 -8.315878973839119226e-04 -8.774045869275326481e-03 -5.396868530340270809e-03 0.000000000000000000e+00
-9.182091854748886117e-04 -1.710084417608226381e-04 1.726163756347265377e-03 -7.721503428670395408e-04 -8.091781118208629664e-03 -5.019435579089126520e-03 0.000000000000000000e+00
-9.457315414815314902e-04 -1.816071760979975913e-04 1.888405376533175417e-03 -8.452414158592880256e-04 -8.756241051774527051e-03 -5.483542045105593843e-03 0.000000000000000000e+00
-8.269471649785531397e-04 -1.666500890132593948e-04 1.759654427109347274e-03 -7.916254902440300611e-04 -8.071307687760320704e-03 -5.108661110001744277e-03 0.000000000000000000e+00
-8.454242290410751703e-04 -1.820620929575134106e-04 1.923747038935136322e-03 -8.738812162727427335e-04 -8.729290899397668113e-03 -5.590605448789975895e-03 0.000000000000000000e+00
-7.335905156250488446e-04 -1.716078520563046883e-04 1.791351652823486296e-03 -8.252754235065218325e-04 -8.042043604211457364e-03 -5.217029800102856996e-03 0.000000000000000000e+00
-7.434505878754771313e-04 -1.920702748419711448e-04 1.956964594739568630e-03 -9.180080471757889882e-04 -8.692011097142682274e-03 -5.718153197399100662e-03 0.000000000000000000e+00
-6.383019900776387701e-04 -1.851538396654139884e-04 1.821096189336707249e-03 -8.727955906668860564e-04 -8.002133475070394297e-03 -5.345114922704841121e-03 0.000000000000000000e+00
-6.390373291411399759e-04 -2.112827983650200636e-04 1.988190193564165487e-03 -9.768200963939932535e-04 -8.642469441384914575e-03 -5.868470642165668494e-03 0.000000000000000000e+00
-5.412989178318339256e-04 -2.066543202121629008e-04 1.848844556728901356e-03 -9.339773145775609464e-04 -7.950119910927977429e-03 -5.493785872510148494e-03 0.000000000000000000e+00
-5.333506580913471851e-04 -2.384822428201927025e-04 2.017103048539470311e-03 -1.050604322183623651e-03 -8.579150924615142060e-03 -6.040658556439204574e-03 0.000000000000000000e+00
-4.428024691053300543e-04 -2.354475861189586627e-04 1.874597169936487173e-03 -1.008663833829803735e-03 -7.884752275246320607e-03 -5.663872853851170674e-03 0.000000000000000000e+00
-4.256279960211106772e-04 -2.735046374035821071e-04 2.043907224937302480e-03 -1.138678623696876002e-03 -8.500177753597348840e-03 -6.236975526943577819e-03 0.000000000000000000e+00
-3.429399010028144623e-04 -2.708150126632669075e-04 1.898196941373969659e-03 -1.096558503516309457e-03 -7.804112928611495192e-03 -5.855427746923602683e-03 0.000000000000000000e+00
-3.170713748937015186e-04 -3.149298496418206916e-04 2.068326451252405773e-03 -1.240981682563813138e-03 -8.404373775912965527e-03 -6.456031861064470689e-03 0.000000000000000000e+00
-2.419136171533387003e-04 -3.120638825501453884e-04 1.919675760019723398e-03 -1.197336962028838769e-03 -7.706953777493197322e-03 -6.068852078669806360e-03 0.000000000000000000e+00
-2.068252955770844004e-04 -3.626815985746101312e-04 2.090442922725477271e-03 -1.356770805021501047e-03 -8.289287621666474593e-03 -6.699391375312391261e-03 0.000000000000000000e+00
-1.399303067950996571e-04 -3.585184362392690449e-04 1.939035537334043990e-03 -1.310539857561909827e-03 -7.591926918593117080e-03 -6.304247820093422661e-03 0.000000000000000000e+00
-9.609118440906394554e-05 -4.152575103806843693e-04 2.110126977112880553e-03 -1.485799290446454535e-03 -8.154237141462683525e-03 -6.965337684818884156e-03 0.000000000000000000e+00
-3.706478466145024520e-05 -4.093723994138265265e-04 1.956105184979822775e-03 -1.435392215443087593e-03 -7.456982500371189815e-03 -6.560671409893359396e-03 0.000000000000000000e+00
1.598915618400420513e-05 -4.727160802429908326e-04 2.127470763869904191e-03 -1.627176383212969313e-03 -7.996701474048073521e-03 -7.255081874025570698e-03 0.000000000000000000e+00
6.647323023983853219e-05 -4.639921223121012961e-04 1.970986219584081045e-03 -1.571268878045373185e-03 -7.301136730693880139e-03 -6.838028969435860915e-03 0.000000000000000000e+00
1.282079368855604251e-04 -5.333657687239534706e-04 2.142340656751451355e-03 -1.779816274557699529e-03 -7.816092497132665073e-03 -7.565810895286961824e-03 0.000000000000000000e+00
1.706056643336895107e-04 -5.216164024250402598e-04 1.983574800034942909e-03 -1.717070976038126418e-03 -7.122536862829598192e-03 -7.134878700992164369e-03 0.000000000000000000e+00
2.415264490158719468e-04 -5.974250860001917296e-04 2.154797758385090800e-03 -1.942799175448151061e-03 -7.609560079218091744e-03 -7.898148295366613780e-03 0.000000000000000000e+00
2.751339085575732479e-04 -5.815975988086863335e-04 1.993954960106320007e-03 -1.871623861442905934e-03 -6.920153074142731953e-03 -7.450256960218393232e-03 0.000000000000000000e+00
3.547070867776502823e-04 -6.631263180390811751e-04 2.164791728246212577e-03 -2.114323941936557816e-03 -7.377071624516950976e-03 -8.248517329968230172e-03 0.000000000000000000e+00
3.799980279651782311e-04 -6.432413144777937575e-04 2.002075277696968580e-03 -2.033468369389002106e-03 -6.692419897411205909e-03 -7.782245269123855280e-03 0.000000000000000000e+00
4.686817908009788258e-04 -7.307960630020815529e-04 2.172369433776855097e-03 -2.292882151956554537e-03 -7.115711752862186046e-03 -8.616774466509991015e-03 0.000000000000000000e+00
4.850529630378574986e-04 -7.058537558497779418e-04 2.007945407148076233e-03 -2.200636791601429110e-03 -6.438072633505154130e-03 -8.128585685131195504e-03 0.000000000000000000e+00
5.822794251089946638e-04 -7.986402559139460511e-04 2.177547851201333540e-03 -2.476045434044227278e-03 -6.825865569615174877e-03 -8.998385153711208062e-03 0.000000000000000000e+00
5.901722587720592550e-04 -7.688368781196275314e-04 2.011614484683149628e-03 -2.371160604399236149e-03 -6.156166039136934387e-03 -8.486890861755025384e-03 0.000000000000000000e+00
6.964199717933439171e-04 -8.670842068806416947e-04 2.180325617479966782e-03 -2.661626052050891644e-03 -6.504560728305186501e-03 -9.392236281569932288e-03 0.000000000000000000e+00
6.952496409324271376e-04 -8.315259324344348446e-04 2.013088266818813254e-03 -2.542375328101975640e-03 -5.845609797597184354e-03 -8.853939078438344268e-03 0.000000000000000000e+00
8.099308696977447486e-04 -9.343250205570141631e-04 2.180755892862540346e-03 -2.846334156892282863e-03 -6.152827872112354157e-03 -9.792748805883988439e-03 0.000000000000000000e+00
8.001538156381937661e-04 -8.933694388087165539e-04 2.012431662553604284e-03 -2.711583408766315983e-03 -5.505820078862022626e-03 -9.226450237848737856e-03 0.000000000000000000e+00
9.236939997079862685e-04 -1.000891836598710727e-03 2.178853143806502857e-03 -3.027212913742083344e-03 -5.767939268916055795e-03 -1.019792166909549991e-02 0.000000000000000000e+00
9.047773627702815347e-04 -9.537675520641941684e-04 2.009624815134114506e-03 -2.875438906676741624e-03 -5.136042340922131189e-03 -9.600132548275297495e-03 0.000000000000000000e+00
1.036554701759812014e-03 -1.065069408707125520e-03 2.174755689893559385e-03 -3.200455150215830713e-03 -5.351842804837581014e-03 -1.060151846048551505e-02 0.000000000000000000e+00
1.008968803362014777e-03 -1.012211752839553558e-03 2.004770788308157803e-03 -3.030462474251649496e-03 -4.736286216059593102e-03 -9.970931394851501040e-03 0.000000000000000000e+00
1.149378635202730203e-03 -1.127416797249036762e-03 2.168385764425406759e-03 -3.362172764417969972e-03 -4.901951436178553223e-03 -1.100023841171360317e-02 0.000000000000000000e+00
1.112587263216863187e-03 -1.068213663412698189e-03 1.997905941636429761e-03 -3.172887509026445230e-03 -4.306647312227074309e-03 -1.033413889834111643e-02 0.000000000000000000e+00
1.261018997151558407e-03 -1.186264451083107740e-03 2.159896697461749504e-03 -3.507861154098179668e-03 -4.421107926243283970e-03 -1.138698862579223814e-02 0.000000000000000000e+00
1.215472662739414123e-03 -1.121316850739184634e-03 1.989103676096504181e-03 -3.298591725957145115e-03 -3.847641436350190958e-03 -1.068470362374895899e-02 0.000000000000000000e+00
1.372271868122693084e-03 -1.242350709538264653e-03 2.149271210174386049e-03 -3.633395420094664985e-03 -3.907510894485266562e-03 -1.175820825587647889e-02 0.000000000000000000e+00
1.317473052969697633e-03 -1.171099375924383734e-03 1.978399130994290545e-03 -3.403440928646084274e-03 -3.360128321201916179e-03 -1.101741714663440064e-02 0.000000000000000000e+00
1.481996516845884848e-03 -1.294030267755902353e-03 2.136698687624505322e-03 -3.733867269750668072e-03 -3.365126179875499446e-03 -1.210636084491456543e-02 0.000000000000000000e+00
1.418433137360064489e-03 -1.217212114351301500e-03 1.965846931676007436e-03 -3.483252999386010629e-03 -2.845397483755451873e-03 -1.132699523652114237e-02 0.000000000000000000e+00
1.590934614288191939e-03 -1.342123582768833812e-03 2.122097248919874168e-03 -3.804920854548754505e-03 -2.792769726359889404e-03 -1.242733639500315235e-02 0.000000000000000000e+00
1.518137527470736492e-03 -1.259270783288995998e-03 1.951495120499580072e-03 -3.533627597028576872e-03 -2.305253529172990312e-03 -1.160795379199974775e-02 0.000000000000000000e+00
1.697992803626480196e-03 -1.385177313177304859e-03 2.105709517237819295e-03 -3.842390453557165131e-03 -2.195604862410327485e-03 -1.271434611410482418e-02 0.000000000000000000e+00
1.616419917813638474e-03 -1.297088771360560555e-03 1.935472975303831333e-03 -3.551070721405480413e-03 -1.742016220350972588e-03 -1.185569156726007378e-02 0.000000000000000000e+00
1.803819163166991979e-03 -1.423966399785869807e-03 2.087358731330368755e-03 -3.841642397766520389e-03 -1.573091153146854992e-03 -1.296260187831066446e-02 0.000000000000000000e+00
1.713059703762231933e-03 -1.330383457822659210e-03 1.917806954330469882e-03 -3.531848123103031867e-03 -1.158354139858541743e-03 -1.206526908336069681e-02 0.000000000000000000e+00
1.907346207670301830e-03 -1.457231563329608459e-03 2.067382859046673627e-03 -3.799792556490544371e-03 -9.317049517116871016e-04 -1.316693550266556656e-02 0.000000000000000000e+00
1.807877804592517013e-03 -1.358955371961623193e-03 1.898487493732337050e-03 -3.472905404159121190e-03 -5.571767635341728919e-04 -1.223211576796856548e-02 0.000000000000000000e+00
2.009157348437512480e-03 -1.485871621909717888e-03 2.045621917226458919e-03 -3.713401262504412159e-03 -2.717469585085119377e-04 -1.332354936192636785e-02 0.000000000000000000e+00
1.900626611534367294e-03 -1.382720408443782745e-03 1.877688981054642658e-03 -3.372051208390125510e-03 5.778491275432173779e-05 -1.235314202775228409e-02 0.000000000000000000e+00
2.108247669891705200e-03 -1.508677775492128781e-03 2.022307912948911879e-03 -3.580837448692975045e-03 3.996941953925414737e-04 -1.342825157942151293e-02 0.000000000000000000e+00
1.991085070202902596e-03 -1.401546495010813631e-03 1.855411970510090214e-03 -3.227615394964189477e-03 6.827882530107132197e-04 -1.242518944699355643e-02 0.000000000000000000e+00
2.205106829070629937e-03 -1.526667588796964958e-03 1.997342314789374296e-03 -3.400307026449667092e-03 1.081452827293105656e-03 -1.347898078299536451e-02 0.000000000000000000e+00
2.079070135752231208e-03 -1.415440087125185986e-03 1.831680331151330776e-03 -3.039033512724387265e-03 1.313954600686173535e-03 -1.244627250873175939e-02 0.000000000000000000e+00
2.298790827529928471e-03 -1.538755915250711315e-03 1.970924352633574017e-03 -3.172236651961313214e-03 1.765913686734510435e-03 -1.347365470389982889e-02 0.000000000000000000e+00
2.164316116971432002e-03 -1.424380412617748393e-03 1.806580934585966247e-03 -2.806477225253622976e-03 1.946863864361159102e-03 -1.241532617223572998e-02 0.000000000000000000e+00
2.389732808845662637e-03 -1.546028711255476029e-03 1.942931040904316564e-03 -2.896582266819436313e-03 2.451597367001401295e-03 -1.341167753404670648e-02 0.000000000000000000e+00
2.246615170047788768e-03 -1.428435531094424116e-03 1.780138644913498158e-03 -2.531150342350407811e-03 2.577271948039694394e-03 -1.233217490428950569e-02 0.000000000000000000e+00
2.477079724401504146e-03 -1.547583062227519957e-03 1.913613712009487600e-03 -2.576332207146592168e-03 3.130727169105007590e-03 -1.329369306941785567e-02 0.000000000000000000e+00
2.325765771196253162e-03 -1.427706821805707627e-03 1.752360603551217366e-03 -2.215171470437482526e-03 3.200933982896447816e-03 -1.219752697103482220e-02 0.000000000000000000e+00
2.561167600572206160e-03 -1.544505955159730659e-03 1.882786532079461228e-03 -2.212873995130593130e-03 3.801672773618314238e-03 -1.312042600596363684e-02 0.000000000000000000e+00
2.401559000756225970e-03 -1.422358251131045082e-03 1.723322892052625566e-03 -1.861697257980132747e-03 3.813574525447727126e-03 -1.201310988631432153e-02 0.000000000000000000e+00
2.641242446462882532e-03 -1.536053506586809725e-03 1.850728902024867395e-03 -1.811440341914938301e-03 4.456976117679811722e-03 -1.289495178255295471e-02 0.000000000000000000e+00
2.473801288681382049e-03 -1.412552937515243467e-03 1.692980056448356585e-03 -1.474242424439609067e-03 4.411229375287373244e-03 -1.178110174530999643e-02 0.000000000000000000e+00
2.717623873294078285e-03 -1.523335250995822010e-03 1.817105052524525810e-03 -1.374794894763553543e-03 5.095425988292934250e-03 -1.261874788781947032e-02 0.000000000000000000e+00
2.542308622372424498e-03 -1.398549841018392748e-03 1.661430896649274125e-03 -1.057540937067891207e-03 4.990001174375535697e-03 -1.150484787596539604e-02 0.000000000000000000e+00
2.789642202961239992e-03 -1.505760730264177338e-03 1.782306340160022540e-03 -9.097628824541459380e-04 5.710125042742042467e-03 -1.229716309564654608e-02 0.000000000000000000e+00
2.606921564236058808e-03 -1.380583358715825604e-03 1.628619901279437787e-03 -6.163313164675443545e-04 5.546469057200908992e-03 -1.118765024999834878e-02 0.000000000000000000e+00
2.857576656211890942e-03 -1.484481856008801337e-03 1.745980252988943437e-03 -4.202286562975388051e-04 6.300268858069557609e-03 -1.193238749904335094e-02 0.000000000000000000e+00
2.667502417882827714e-03 -1.358957994248094492e-03 1.594555967212085701e-03 -1.559389923446730108e-04 6.077508537382758647e-03 -1.083342912585516515e-02 0.000000000000000000e+00
2.920877997387660852e-03 -1.458992854937501971e-03 1.708472881223443984e-03 8.624803030432559581e-05 6.860002192323300108e-03 -1.153077570552962783e-02 0.000000000000000000e+00
2.723935009073502611e-03 -1.333988220816345605e-03 1.559198694726648959e-03 3.181782298966595590e-04 6.580400627247851020e-03 -1.044619792539736025e-02 0.000000000000000000e+00
2.979803936086766747e-03 -1.430471263983046359e-03 1.669372569496674341e-03 6.054508788277956910e-04 7.389136891010394947e-03 -1.109447150082454314e-02 0.000000000000000000e+00
2.776107975178632170e-03 -1.306015822111594726e-03 1.522545028653732313e-03 8.004462794133360148e-04 7.052714781235813746e-03 -1.003012663458413556e-02 0.000000000000000000e+00
3.033932220048135564e-03 -1.398517733920717765e-03 1.629108171167681363e-03 1.129542613612422031e-03 7.882914614247837903e-03 -1.063074420695420130e-02 0.000000000000000000e+00
2.823971018438786729e-03 -1.275423334792052943e-03 1.484601741832736188e-03 1.285280951814016248e-03 7.492580813542204510e-03 -9.589530851661809407e-03 0.000000000000000000e+00
3.083480953813028114e-03 -1.364287714130163476e-03 1.587156929537092420e-03 1.654581649456865478e-03 8.341675858980046598e-03 -1.014087027544041675e-02 0.000000000000000000e+00
2.867476164615023748e-03 -1.242569278351646211e-03 1.445248943244548112e-03 1.767577335196612864e-03 7.898451002169348811e-03 -9.127967133326642113e-03 0.000000000000000000e+00
3.128193146794744361e-03 -1.327454336342959174e-03 1.543915881499269283e-03 2.172998238658685466e-03 8.761992230129855841e-03 -9.632069085069527858e-03 0.000000000000000000e+00
2.906602730048474248e-03 -1.207863872462133781e-03 1.404576155553227679e-03 2.242129415239269008e-03 8.269109795742579649e-03 -8.649674716876720737e-03 0.000000000000000000e+00
3.168249666627181993e-03 -1.289169058515782229e-03 1.498859899775384363e-03 2.681532430534261380e-03 9.144557573853351329e-03 -9.104834017494845000e-03 0.000000000000000000e+00
2.941369020000819678e-03 -1.171676263015536401e-03 1.362378707331857175e-03 2.704285658064797815e-03 8.603805745000858707e-03 -8.157404546774937870e-03 0.000000000000000000e+00
3.203547289232930306e-03 -1.249161222817846140e-03 1.452483705367491051e-03 3.173341799681317354e-03 9.487126196674910972e-03 -8.566415000164528948e-03 0.000000000000000000e+00
2.971822717849598172e-03 -1.134413202572570611e-03 1.318660392647996726e-03 3.149822697734450117e-03 8.902095198793702480e-03 -7.654465031307733369e-03 0.000000000000000000e+00
3.234226075570459380e-03 -1.208543107786008708e-03 1.404168522269821917e-03 3.645701721292304853e-03 9.790634266610531711e-03 -8.016002751231265933e-03 0.000000000000000000e+00
2.998016379140377996e-03 -1.096459352763090589e-03 1.273341926623650089e-03 3.574829455810224488e-03 9.163699923804280445e-03 -7.143414342813070306e-03 0.000000000000000000e+00
3.260343582817820662e-03 -1.167034700508717826e-03 1.354284670664229751e-03 4.093195194517562641e-03 1.005404872024318053e-02 -7.459797280029878408e-03 0.000000000000000000e+00
3.020059274282310691e-03 -1.058201201811992398e-03 1.226375209584518178e-03 3.975731173500918203e-03 9.388768332996733079e-03 -6.626603515298867819e-03 0.000000000000000000e+00
3.282007267064096512e-03 -1.125736729242932110e-03 1.302276638869781511e-03 4.513612891548390849e-03 1.027833518540610669e-02 -6.896338121056277970e-03 0.000000000000000000e+00
3.038062216346781863e-03 -1.019999662642989691e-03 1.177627333101727292e-03 4.349685696128702261e-03 9.577576983952340584e-03 -6.105718276025573488e-03 0.000000000000000000e+00
3.299404942214437253e-03 -1.084360788112914697e-03 1.248634912094925831e-03 4.902594865578535632e-03 1.046335852239543840e-02 -6.331629230897917182e-03 0.000000000000000000e+00
3.052171151831303830e-03 -9.822015360216318491e-04 1.127007270020130569e-03 4.693885073171699673e-03 9.730651265946299588e-03 -5.582246839693105755e-03 0.000000000000000000e+00
3.312602365307518171e-03 -1.043937530864735841e-03 1.192613497607242223e-03 5.258787054065905409e-03 1.061007196914420803e-02 -5.762626272774795666e-03 0.000000000000000000e+00
3.062542708451340689e-03 -9.451414974436245231e-04 1.074438292827384345e-03 5.006263667096000347e-03 9.848617477961951749e-03 -5.057450293989518286e-03 0.000000000000000000e+00
3.321932861977905382e-03 -1.004144944584339783e-03 1.134721872732669112e-03 5.578910985362561803e-03 1.071922289940907547e-02 -5.194852797983262604e-03 0.000000000000000000e+00
3.069353552191289580e-03 -9.091161624803500985e-04 1.019817865672068002e-03 5.285007486611981165e-03 9.932272231678140884e-03 -4.532163055173565880e-03 0.000000000000000000e+00
3.327401377207744870e-03 -9.659597184770718492e-04 1.074215270697453928e-03 5.862080817784054432e-03 1.079149292345427114e-02 -4.624560823666357123e-03 0.000000000000000000e+00
3.072791157445978194e-03 -8.744017256610558952e-04 9.630208132675455168e-04 5.528466051992531050e-03 9.982478109169967695e-03 -4.006901209530511210e-03 0.000000000000000000e+00
3.329450341536727143e-03 -9.290007986321180411e-04 1.011680671204717719e-03 6.106245589149850161e-03 1.082834951171030013e-02 -4.057095836484059248e-03 0.000000000000000000e+00
3.073061952496791704e-03 -8.412415058056676997e-04 9.039439762310030879e-04 5.735693794907348320e-03 1.000024868467885852e-02 -3.482095288914965892e-03 0.000000000000000000e+00
3.328025346328866707e-03 -8.941736749670248230e-04 9.462114388281150923e-04 6.310868302121797058e-03 1.083017288732968098e-02 -3.487612949012675045e-03 0.000000000000000000e+00
3.070357906042389673e-03 -8.098454006719713050e-04 8.424885036959484097e-04 5.905786208116658997e-03 9.986543343101672576e-03 -2.957939090349803735e-03 0.000000000000000000e+00
3.323663462111284272e-03 -8.610217506828110601e-04 8.785040368354812834e-04 6.474719130374673171e-03 1.079901937705507464e-02 -2.921439170774142724e-03 0.000000000000000000e+00
3.064895959380149748e-03 -7.803853066127852678e-04 7.785069126320376398e-04 6.038245994459678911e-03 9.942468549276384238e-03 -2.434333437470570516e-03 0.000000000000000000e+00
3.316232494183363189e-03 -8.303862448377774541e-04 8.075743235745891369e-04 6.597748855981855343e-03 1.073487660635086272e-02 -2.353180456900361150e-03 0.000000000000000000e+00
3.056869477513490807e-03 -7.530016246453663520e-04 7.119044632892812530e-04 6.132754929149442091e-03 9.869040770281944930e-03 -1.911239867383063284e-03 0.000000000000000000e+00
3.306343031610946281e-03 -8.017192108694670694e-04 7.341891505449060773e-04 6.679712889041233836e-03 1.064034070998642889e-02 -1.788144997460161534e-03 0.000000000000000000e+00
3.046486024683062177e-03 -7.277992514498343724e-04 6.426049129441002705e-04 6.189479759710181384e-03 9.767428181190584979e-03 -1.388670448100981503e-03 0.000000000000000000e+00
3.293772209174698762e-03 -7.757961881750263800e-04 6.573346660994627833e-04 6.720514417213330205e-03 1.051490382391317979e-02 -1.220637098405141785e-03 0.000000000000000000e+00
3.033922935697208612e-03 -7.048350103990297377e-04 5.704117966938149209e-04 6.208530091417863161e-03 9.638620636807981867e-03 -8.660256839032598464e-04 0.000000000000000000e+00
3.279182749301393779e-03 -7.519683592110970594e-04 5.777762286978127548e-04 6.721005922371681152e-03 1.036164074620726794e-02 -6.558069283495449042e-04 0.000000000000000000e+00
3.019364707659517866e-03 -6.841387966892154004e-04 4.952872162680699297e-04 6.190284642181964614e-03 9.483767237647544590e-03 -3.433378071133752485e-04 0.000000000000000000e+00
3.262255632248124010e-03 -7.309528677649224093e-04 4.944871549801832522e-04 6.681211643780660125e-03 1.017958197834012424e-02 -8.792663195578143132e-05 0.000000000000000000e+00
3.002954730097425612e-03 -6.656993709444614105e-04 4.170873661233365226e-04 6.135591131964712730e-03 9.303837542327553223e-03 1.797808061301253701e-04 0.000000000000000000e+00
3.243683500049651669e-03 -7.119993747914388216e-04 4.083329970805404940e-04 6.602756582571700505e-03 9.972178596244773985e-03 4.776495151568305175e-04 0.000000000000000000e+00
2.984842559432333495e-03 -6.494680828984522591e-04 3.357796712313287912e-04 6.045315117149563378e-03 9.099920291136154304e-03 7.033642313900578813e-04 0.000000000000000000e+00
3.223042684970244334e-03 -6.957661429350392446e-04 3.182214726228371759e-04 6.485802087844216857e-03 9.738005777015334985e-03 1.046756592215203341e-03 0.000000000000000000e+00
2.965141726171093006e-03 -6.353633442169326351e-04 2.511718403059859384e-04 5.920452387568886365e-03 8.872993816317009674e-03 1.227889133194715043e-03 0.000000000000000000e+00
3.201029990524201056e-03 -6.814053157378485714e-04 2.250856069683782046e-04 6.332724246755461195e-03 9.480810908052195174e-03 1.613876792737833910e-03 0.000000000000000000e+00
2.943949208989570399e-03 -6.232699329255519949e-04 1.632943744903081473e-04 5.762456549515793114e-03 8.624061130699356426e-03 1.753099330380258891e-03 0.000000000000000000e+00
3.177124105406941776e-03 -6.695245076785427685e-04 1.278183198177851310e-04 6.143855610997839278e-03 9.198815036920660049e-03 2.184662489288946574e-03 0.000000000000000000e+00
2.921320668765276050e-03 -6.130368075309977627e-04 7.204390464932153293e-05 5.572744789632988471e-03 8.354002498903945195e-03 2.279161458309530985e-03 0.000000000000000000e+00
3.152029999577908061e-03 -6.591845847106481138e-04 2.741614932288971573e-05 5.922390234379459883e-03 8.896058509323179209e-03 2.753458347669379691e-03 0.000000000000000000e+00
2.897316212560182604e-03 -6.044877254479108508e-04 -2.258456650422457912e-05 5.353190659738604751e-03 8.063855963482247091e-03 2.805778129143732258e-03 0.000000000000000000e+00
3.125106077635112639e-03 -6.509421462869702246e-04 -7.725239413042261916e-05 5.668463198826412253e-03 8.570321722182416835e-03 3.325764930523611440e-03 0.000000000000000000e+00
2.871946047591654796e-03 -5.974115588403550170e-04 -1.206251401096314346e-04 5.105533380514337694e-03 7.754484964070051944e-03 3.332792379471705146e-03 0.000000000000000000e+00
3.097058267658471531e-03 -6.437880915085014699e-04 -1.850478271734345981e-04 5.386355483920635123e-03 8.226006748012881786e-03 3.895365842945253121e-03 0.000000000000000000e+00
2.845200330890383655e-03 -5.915733299554082336e-04 -2.221170353328694169e-04 4.831905736272013030e-03 7.426790331998667227e-03 3.859968274855241077e-03 0.000000000000000000e+00
3.067149732832320785e-03 -6.382268789197342862e-04 -2.970902005092757037e-04 5.076209618233296084e-03 7.860578479846225264e-03 4.467567198831012831e-03 0.000000000000000000e+00
2.817063576050542195e-03 -5.867144297306281508e-04 -3.269918643211133791e-04 4.534606296589416274e-03 7.081742042089889111e-03 4.386583445428193784e-03 0.000000000000000000e+00
3.036082936174855362e-03 -6.331815408730512296e-04 -4.122350222161008659e-04 4.742972225429298305e-03 7.478677179613590909e-03 5.036177371430028415e-03 0.000000000000000000e+00
2.787469242582985701e-03 -5.825493424697070211e-04 -4.351540366443473751e-04 4.216159584208067912e-03 6.720221280057447899e-03 4.911947477652667260e-03 0.000000000000000000e+00
3.003020328979595643e-03 -6.291163503260310819e-04 -5.315475685678250350e-04 4.386848904913698277e-03 7.077541027893374803e-03 5.606016610665953692e-03 0.000000000000000000e+00
2.756364490330377726e-03 -5.787771766289639963e-04 -5.466154289264224531e-04 3.879067434876315446e-03 6.343226086937381325e-03 5.435476658984139675e-03 0.000000000000000000e+00
2.968672405157482541e-03 -6.249092866666972057e-04 -6.536821512601043160e-04 4.013389806243328195e-03 6.662110324362480185e-03 6.170314482234040554e-03 0.000000000000000000e+00
2.723675070856142189e-03 -5.750634469844362329e-04 -6.612063232994125350e-04 3.526120060167503567e-03 5.951745991887413822e-03 5.956194838763195776e-03 0.000000000000000000e+00
2.932150421712832744e-03 -6.209734177224923712e-04 -7.797983447444534200e-04 3.622917687967408540e-03 6.229542036533697313e-03 6.733985660515084959e-03 0.000000000000000000e+00
2.689287011705572550e-03 -5.710653147419919584e-04 -7.788167267136492100e-04 3.160099135341098986e-03 5.546727779485394194e-03 6.473193585047276599e-03 0.000000000000000000e+00
2.894151943000945748e-03 -6.161617271857044997e-04 -9.083916556111848450e-04 3.221407569962586592e-03 5.784965583675028000e-03 7.289898238993508528e-03 0.000000000000000000e+00
2.653129577283086515e-03 -5.664329041794036179e-04 -8.991649394873846290e-04 2.784308701543558584e-03 5.129413469564525485e-03 6.984955036935414086e-03 0.000000000000000000e+00
2.853763148658719495e-03 -6.108215147179185678e-04 -1.040584025903734666e-03 2.809199408040363721e-03 5.325540710269027755e-03 7.842804456156482473e-03 0.000000000000000000e+00
2.615077129718063054e-03 -5.607776295864508320e-04 -1.022163544021070791e-03 2.401465044464590193e-03 4.700758979333752308e-03 7.490807239187713407e-03 0.000000000000000000e+00
2.811713720479523670e-03 -6.038049555643354438e-04 -1.174719735264950771e-03 2.392611267455269086e-03 4.856728990199954410e-03 8.385246589907691117e-03 0.000000000000000000e+00
2.575060979964363672e-03 -5.537218991476522412e-04 -1.147416732606820755e-03 2.014732843250488514e-03 4.262184661724788270e-03 7.988954057730257574e-03 0.000000000000000000e+00
2.767047127669522433e-03 -5.954136025288492284e-04 -1.311889238728547458e-03 1.972199128280838210e-03 4.375645013650064641e-03 8.921817773191786927e-03 0.000000000000000000e+00
2.532989104154725890e-03 -5.448471472697669071e-04 -1.274698738945811982e-03 1.627186009557579638e-03 3.814841574625305043e-03 8.478506880004399449e-03 0.000000000000000000e+00
2.720542783266527431e-03 -5.844865530324483416e-04 -1.450386767241351738e-03 1.553892287539770933e-03 3.887954499092405314e-03 9.445367073659394208e-03 0.000000000000000000e+00
2.488813968595640636e-03 -5.337640079959848904e-04 -1.403588705298386419e-03 1.241866026053362049e-03 3.360297304880965896e-03 8.957714334461908123e-03 0.000000000000000000e+00
2.671288514244349321e-03 -5.712715556734915268e-04 -1.591139830706911340e-03 1.138407340695923864e-03 3.391046906247474624e-03 9.960072224921567852e-03 0.000000000000000000e+00
2.442461239778828674e-03 -5.200411898662604671e-04 -1.533753710743601673e-03 8.620532273750924901e-04 2.899879983712327913e-03 9.425526649854631955e-03 0.000000000000000000e+00
2.620107731458917733e-03 -5.546437885127764034e-04 -1.732294527658551075e-03 7.313736879197563212e-04 2.890735769619290352e-03 1.045872706994011025e-02 0.000000000000000000e+00
2.393943625362424110e-03 -5.032587912467412217e-04 -1.664714823478741224e-03 4.902130114521341397e-04 2.435202857364870965e-03 9.880579736642580713e-03 0.000000000000000000e+00
2.566158531421211531e-03 -5.347743120590053856e-04 -1.874765971259184649e-03 3.336311333157482295e-04 2.384679830601754702e-03 1.094570226574997918e-02 0.000000000000000000e+00
2.343259853574239382e-03 -4.829795106257583903e-04 -1.796001041526440467e-03 1.292522499816151083e-04 1.967875253709117089e-03 1.032167043023246578e-02 0.000000000000000000e+00
2.510318850937429125e-03 -5.105958821854383878e-04 -2.016604676447875111e-03 -4.997636235026803320e-05 1.878665558402659030e-03 1.141413387700662696e-02 0.000000000000000000e+00
2.290482169690036263e-03 -4.587794663268307538e-04 -1.927113639589916882e-03 -2.184413089860726132e-04 1.499555085887394057e-03 1.074779912906320689e-02 0.000000000000000000e+00
2.451854776204506758e-03 -4.822162756295544916e-04 -2.158576074079876506e-03 -4.189768940312532663e-04 1.370689735202823556e-03 1.186823366322231621e-02 0.000000000000000000e+00
2.235721522100136971e-03 -4.302236593967112555e-04 -2.057386672087713197e-03 -5.502304412630110164e-04 1.032151594893448987e-03 1.115757167798925309e-02 0.000000000000000000e+00
2.391703759638361126e-03 -4.486378187431583342e-04 -2.298740276353683498e-03 -7.686221621430178175e-04 8.663287131831509669e-04 1.230187840147278777e-02 0.000000000000000000e+00
2.179114118217070906e-03 -3.969099800578690385e-04 -2.186285574337809567e-03 -8.646526100513085566e-04 5.672992703038559625e-04 1.155033038457986549e-02 0.000000000000000000e+00
2.329278725972716568e-03 -4.098854137448149082e-04 -2.437695652951932246e-03 -1.099345286152075829e-03 3.639971538831332509e-04 1.271914394049344921e-02 0.000000000000000000e+00
2.120883757913583079e-03 -3.583968651786340054e-04 -2.313148153237409854e-03 -1.159399431211571851e-03 1.068063820355291682e-04 1.192535036666209081e-02 0.000000000000000000e+00
2.265602685801323957e-03 -3.650996180485366338e-04 -2.573380064266772571e-03 -1.407146848387164084e-03 -1.308630420262524297e-04 1.311408510587686038e-02 0.000000000000000000e+00
2.061288454254531222e-03 -3.142892003698549708e-04 -2.437292789901013279e-03 -1.433571558370427823e-03 -3.475271836026472272e-04 1.228195998968928393e-02 0.000000000000000000e+00
2.200245512112175561e-03 -3.142259388734247594e-04 -2.706387833878054483e-03 -1.692727699296181498e-03 -6.197867422299552231e-04 1.349125496893321952e-02 0.000000000000000000e+00
2.000633379970570558e-03 -2.642171983375796174e-04 -2.557960643927825739e-03 -1.685678540904511635e-03 -7.940062727787022823e-04 1.261949025909459010e-02 0.000000000000000000e+00
2.134295511566172698e-03 -2.565111731321900734e-04 -2.834663353006861009e-03 -1.953212411159643835e-03 -1.097824644428868623e-03 1.384548243299477122e-02 0.000000000000000000e+00
1.939316306691821201e-03 -2.077974306596841458e-04 -2.674443617434463238e-03 -1.915154835623322782e-03 -1.230952571695809183e-03 1.293771282742373074e-02 0.000000000000000000e+00
2.067485651845946126e-03 -1.918706189374952409e-04 -2.958623773189394957e-03 -2.189867019485980393e-03 -1.566236620984984285e-03 1.418091267489574037e-02 0.000000000000000000e+00
1.877744121184132808e-03 -1.446954293879421094e-04 -2.785989667065169595e-03 -2.121418430087285145e-03 -1.656931677823880733e-03 1.323635868270001126e-02 0.000000000000000000e+00
2.001020474813958172e-03 -1.197256570120153185e-04 -3.076190448995319571e-03 -2.400397664355402583e-03 -2.020513886868080533e-03 1.449267028470657692e-02 0.000000000000000000e+00
1.816402560803148658e-03 -7.460726603225609210e-05 -2.891862760181218572e-03 -2.304727592474353770e-03 -2.070646947782250891e-03 1.351534753939009903e-02 0.000000000000000000e+00
1.934766447058783312e-03 -3.989416709643256453e-05 -3.187726552331238139e-03 -2.586929647721447623e-03 -2.462083037522155848e-03 1.478516542073871065e-02 0.000000000000000000e+00
1.755869686887734371e-03 2.782313301308292353e-06 -2.991221249557585171e-03 -2.464901173733657913e-03 -2.470763845362711209e-03 1.377442271210949087e-02 0.000000000000000000e+00
1.869929860772417962e-03 4.795059832740644623e-05 -3.291272264129396774e-03 -2.747625823921850952e-03 -2.887364612228715544e-03 1.505390175859000479e-02 0.000000000000000000e+00
1.696607884015183254e-03 8.765904548951874986e-05 -3.083336501766176241e-03 -2.602664862756842723e-03 -2.856610729290665063e-03 1.401351197602451748e-02 0.000000000000000000e+00
1.806642271742375794e-03 1.441144944692163143e-04 -3.387052910853532994e-03 -2.885492877053419392e-03 -3.297633953513567917e-03 1.530305058751402214e-02 0.000000000000000000e+00
1.639360530332645283e-03 1.802758207644639121e-04 -3.167391098792993187e-03 -2.718547029043172358e-03 -3.227182910418679995e-03 1.423234045913668311e-02 0.000000000000000000e+00
1.745999405603076982e-03 2.486475057849046877e-04 -3.473251216461858970e-03 -2.999322937842663350e-03 -3.690461994501514909e-03 1.552826137660323624e-02 0.000000000000000000e+00
1.584663350080256494e-03 2.807798002576467056e-04 -3.242663138790596866e-03 -2.813799919111570347e-03 -3.582379012004643926e-03 1.443088109136425601e-02 0.000000000000000000e+00
1.688345138028485293e-03 3.619356386057592800e-04 -3.549971136121155002e-03 -3.091899043353496523e-03 -4.067198462272880732e-03 1.573321445547026798e-02 0.000000000000000000e+00
1.533188649922717639e-03 3.893034447817189658e-04 -3.308463828346874802e-03 -2.889360133079499349e-03 -3.922167407098609004e-03 1.460892504970612293e-02 0.000000000000000000e+00
1.634651531834535598e-03 4.837741725779998170e-04 -3.615579727224177420e-03 -3.163231506456476438e-03 -4.426594511680370658e-03 1.591364625455993220e-02 0.000000000000000000e+00
1.485609577581370466e-03 5.059205114817388882e-04 -3.364033893704210243e-03 -2.946603645398671034e-03 -4.246625304669571221e-03 1.476573747355924837e-02 0.000000000000000000e+00
1.585450161220636200e-03 6.146666212671902940e-04 -3.670145605505326092e-03 -3.216240720326890568e-03 -4.770307790283645488e-03 1.607278559488900527e-02 0.000000000000000000e+00
1.442538057585401878e-03 6.307057631697032818e-04 -3.408752966994138545e-03 -2.986883185890576442e-03 -4.556561942536063725e-03 1.490091241455271387e-02 0.000000000000000000e+00
1.541444397342633943e-03 7.540927246991180333e-04 -3.712281556799423843e-03 -3.250838439890380016e-03 -5.098450438381973981e-03 1.620622390518366984e-02 0.000000000000000000e+00
1.404562079261512109e-03 7.636326677557536691e-04 -3.441956238590782036e-03 -3.011706373674538639e-03 -4.852898241632708221e-03 1.501336967840671832e-02 0.000000000000000000e+00
1.503348163833573281e-03 9.027180912929422263e-04 -3.741952228589251472e-03 -3.270429688028375637e-03 -5.412779466420936103e-03 1.631623891693401163e-02 0.000000000000000000e+00
1.372279113201507750e-03 9.047320954775894819e-04 -3.463146733885341666e-03 -3.022502873386567757e-03 -5.137098984647536781e-03 1.510222721372223020e-02 0.000000000000000000e+00
1.471564933791219554e-03 1.059750910376411337e-03 -3.758068703381273190e-03 -3.274894518332072124e-03 -5.714756150203559315e-03 1.639833818561475809e-02 0.000000000000000000e+00
1.346128723581918596e-03 1.053935018151264114e-03 -3.471797036981305595e-03 -3.020959294107949944e-03 -5.410885167184353861e-03 1.516595092958006319e-02 0.000000000000000000e+00
1.446879882499918502e-03 1.226015597985907757e-03 -3.760544004713373134e-03 -3.267391648303696883e-03 -6.006414152043948462e-03 1.645373014610740370e-02 0.000000000000000000e+00
1.326586837409798880e-03 1.211231256274647450e-03 -3.467486512237827334e-03 -3.008398243435017605e-03 -5.676302206978345311e-03 1.520287582106361057e-02 0.000000000000000000e+00
1.429234690217245918e-03 1.400488368724306376e-03 -3.748646972768943098e-03 -3.247965942212438506e-03 -6.290569379026056396e-03 1.647781310602036697e-02 0.000000000000000000e+00
1.313869058790162470e-03 1.376541628547722773e-03 -3.449852940359515729e-03 -2.986170402403676150e-03 -5.935877498732367030e-03 1.521101721586903821e-02 0.000000000000000000e+00
1.419458980036425455e-03 1.584219508371231822e-03 -3.722209763304007435e-03 -3.219869688617649217e-03 -6.569365381881464572e-03 1.647053212268012601e-02 0.000000000000000000e+00
1.308265942490616229e-03 1.549876047834852777e-03 -3.418569407464516763e-03 -2.955871444866975395e-03 -6.192043005741165729e-03 1.518781598495522189e-02 0.000000000000000000e+00
1.416995144408017548e-03 1.775986577074617490e-03 -3.680915982860855085e-03 -3.182427301791079799e-03 -6.846663125221752466e-03 1.642707724948477832e-02 0.000000000000000000e+00
1.309673629697777342e-03 1.731176197310502207e-03 -3.373492551580037357e-03 -2.918383408342606344e-03 -6.447979867245212660e-03 1.513076144353497909e-02 0.000000000000000000e+00
1.422614884913547817e-03 1.977151356077289091e-03 -3.624487489477246083e-03 -3.139326286116350673e-03 -7.124625780023041699e-03 1.634602434193066500e-02 0.000000000000000000e+00
1.318080902405704968e-03 1.920556573016984903e-03 -3.314478891056849008e-03 -2.875218042360128123e-03 -6.706564422907845824e-03 1.503664318921060783e-02 0.000000000000000000e+00
1.435046641531129152e-03 2.186280140987095777e-03 -3.553024883983180171e-03 -3.089172626585590109e-03 -7.407859851664255757e-03 1.622231167004528629e-02 0.000000000000000000e+00
1.333100520541363743e-03 2.118057354245417301e-03 -3.241432858244491788e-03 -2.827287518565757551e-03 -6.970861822931162521e-03 1.490190217156239783e-02 0.000000000000000000e+00
1.455007747659442519e-03 2.405162179477338125e-03 -3.466229966603034951e-03 -3.035678573426459081e-03 -7.698270983619082131e-03 1.605308361362345337e-02 0.000000000000000000e+00
1.354146906683117990e-03 2.323892048683051659e-03 -3.154427038802420924e-03 -2.775863105421105814e-03 -7.244273479269480731e-03 1.472293461600848730e-02 0.000000000000000000e+00
1.480404880003671764e-03 2.632239392919177856e-03 -3.364594486918698335e-03 -2.977603495575298354e-03 -8.000810473489217145e-03 1.583319736210420103e-02 0.000000000000000000e+00
1.380463100686346589e-03 2.538270493774030800e-03 -3.053592375108354906e-03 -2.721758928530881860e-03 -7.529434378196420141e-03 1.449520523118685844e-02 0.000000000000000000e+00
1.511756698381688802e-03 2.869787782664390274e-03 -3.247692554570746903e-03 -2.918882064698369305e-03 -8.316798970489536202e-03 1.555818717034140874e-02 0.000000000000000000e+00
1.410953392455421840e-03 2.761553289192808514e-03 -2.939045425929209809e-03 -2.666254213651964022e-03 -7.829069905058716472e-03 1.421396680124642486e-02 0.000000000000000000e+00
1.546033220410691911e-03 3.116100072258820575e-03 -3.116557662566160625e-03 -2.857948528353748685e-03 -8.650840463004350056e-03 1.522279522050506984e-02 0.000000000000000000e+00
1.444211883127904938e-03 2.994172399447853072e-03 -2.811121146112607883e-03 -2.610878249548420627e-03 -8.145606668079174995e-03 1.387436521181406590e-02 0.000000000000000000e+00
1.583403084453649523e-03 3.374013150047705523e-03 -2.970572111620384259e-03 -2.799370607387885457e-03 -9.003067897144667597e-03 1.482066213610222505e-02 0.000000000000000000e+00
0.000000000000000000e+00 0.000000000000000000e+00 0.000000000000000000e+00 0.000000000000000000e+00 0.000000000000000000e+00 0.000000000000000000e+00 0.000000000000000000e+00
