-4.615167543392528771e-04 5.381968876952969438e-04 5.981381832120269415e-04 1.343057035051664627e-03 -3.282029612502235238e-03 -1.649512098311989305e-03 0.000000000000000000e+00
-3.917351065540197741e-04 5.171585194558292464e-04 5.406816579918705123e-04 1.361078288249828461e-03 -3.028794422129443831e-03 -1.495805044528397687e-03 0.000000000000000000e+00
-3.866777235978779981e-04 5.808889753780577259e-04 5.728885787091853032e-04 1.602597382362347389e-03 -3.279429137302614095e-03 -1.589666562354929980e-03 0.000000000000000000e+00
-3.214381327072690642e-04 5.541192807730910275e-04 5.165027977331593245e-04 1.595369106408561777e-03 -3.024647170425609488e-03 -1.437297848605245676e-03 0.000000000000000000e+00
-3.092615822464783726e-04 6.184266440282248922e-04 5.456847174969969849e-04 1.850984965165558549e-03 -3.273075887476828427e-03 -1.522699144761885393e-03 0.000000000000000000e+00
-2.493406616543569765e-04 5.863361311925219255e-04 4.906431846351255732e-04 1.818002370139737423e-03 -3.017267080215546571e-03 -1.372389954808150847e-03 0.000000000000000000e+00
-2.306313449302044294e-04 6.507573394631260832e-04 5.169850718353130592e-04 2.084720917395088691e-03 -3.263583207148368359e-03 -1.449273080161184168e-03 0.000000000000000000e+00
-1.759173096639032874e-04 6.140948094821019332e-04 4.633371939452290977e-04 2.028486338211621387e-03 -3.007126338785415243e-03 -1.301223830276088123e-03 0.000000000000000000e+00
-1.502668164525267080e-04 6.786253641056783081e-04 4.865508110853677959e-04 2.306908541141794444e-03 -3.251125088747919278e-03 -1.368378043525630972e-03 0.000000000000000000e+00
-1.015244251159341804e-04 6.377191544905125298e-04 4.347047562259231945e-04 2.226676990156661873e-03 -2.994434759910902244e-03 -1.223689345946965545e-03 0.000000000000000000e+00
-6.952709286869862559e-05 7.020822757682343429e-04 4.549473673276516195e-04 2.514216169805294498e-03 -3.236163998136643016e-03 -1.281109904305077762e-03 0.000000000000000000e+00
-2.651922272758899801e-05 6.576020882478883500e-04 4.048139181665466602e-04 2.412548623276222770e-03 -2.979476994866114836e-03 -1.139526637523813335e-03 0.000000000000000000e+00
1.212847158896246391e-05 7.217474007674695713e-04 4.218753137263664410e-04 2.709424919762781769e-03 -3.218808502245096292e-03 -1.186176684858430974e-03 0.000000000000000000e+00
4.872443727033104466e-05 6.740280531342124348e-04 3.738480814979572298e-04 2.585775223799657851e-03 -2.962446865503398641e-03 -1.048868824653936827e-03 0.000000000000000000e+00
9.338608271428072705e-05 7.377730815151251065e-04 3.879231606877808769e-04 2.889481364888979442e-03 -3.199375657898517744e-03 -1.084803447146009958e-03 0.000000000000000000e+00
1.238669457404029117e-04 6.873518183105886692e-04 3.419250983782151643e-04 2.746266317736001383e-03 -2.943524468851599352e-03 -9.517315329981013150e-04 0.000000000000000000e+00
1.748642608988271174e-04 7.506583389312870835e-04 3.527501901786078697e-04 3.056963720501570947e-03 -3.177728760288101029e-03 -9.755805875888423628e-04 0.000000000000000000e+00
1.986144795367017490e-04 6.978628342316772759e-04 3.091549664380466300e-04 2.893786956569499580e-03 -2.922679563744257081e-03 -8.479153421090401821e-04 0.000000000000000000e+00
2.552608651694154851e-04 7.606746176270773319e-04 3.169170102062801586e-04 3.209290016900290254e-03 -3.154286536164008226e-03 -8.598871232099458695e-04 0.000000000000000000e+00
2.726504517934214000e-04 7.058890232267689413e-04 2.756795988554938681e-04 3.028268151910928907e-03 -2.900064656978784683e-03 -7.376388953921342306e-04 0.000000000000000000e+00
3.352455913367136109e-04 7.681536177411851796e-04 2.801624777070410577e-04 3.348462741501911921e-03 -3.128618340859645741e-03 -7.364014005206698243e-04 0.000000000000000000e+00
3.457429939549561126e-04 7.117552706368823756e-04 2.415147791903493601e-04 3.149751138201928313e-03 -2.875606671532970893e-03 -6.205063898265805733e-04 0.000000000000000000e+00
4.135527514919912218e-04 7.734407773188345381e-04 2.430215707393545976e-04 3.472341797936095986e-03 -3.101222403554260154e-03 -6.065588827266488181e-04 0.000000000000000000e+00
4.176161436630909662e-04 7.157017301364088091e-04 2.068851042250074990e-04 3.257952809084585510e-03 -2.849233189004429789e-03 -4.971756006357797020e-04 0.000000000000000000e+00
4.909075991854083831e-04 7.767927347014369488e-04 2.051402408615454753e-04 3.582861326490771603e-03 -3.071482316914231347e-03 -4.689786896960868035e-04 0.000000000000000000e+00
4.880623950534457300e-04 7.180299675011991845e-04 1.718359827666271489e-04 3.352910212615967112e-03 -2.820872772873794787e-03 -3.673470945702028700e-04 0.000000000000000000e+00
5.661096039488999754e-04 7.785787585009584788e-04 1.670876335629067899e-04 3.678188790192216118e-03 -3.039871020289464099e-03 -3.252813527154785334e-04 0.000000000000000000e+00
5.568532767621092727e-04 7.189881286238652969e-04 1.365009360583258058e-04 3.434603295873195350e-03 -2.790499460992190706e-03 -2.313759555581107463e-04 0.000000000000000000e+00
6.398935043394893274e-04 7.789192823957624690e-04 1.285773957041269622e-04 3.759810504057270464e-03 -3.005671360534201142e-03 -1.742373396822483045e-04 0.000000000000000000e+00
6.238261613961126884e-04 7.188024960881334025e-04 1.009732083765979560e-04 3.502944184353928847e-03 -2.757879943733776429e-03 -8.939354307990754478e-05 0.000000000000000000e+00
7.111499008391197751e-04 7.782366856542433098e-04 9.013267075791420169e-05 3.826378941394814603e-03 -2.969290063817631165e-03 -1.764179274643673523e-05 0.000000000000000000e+00
6.887926381507480933e-04 7.177057105247630631e-04 6.532489119739914862e-05 3.558115473151879371e-03 -2.723025005979096136e-03 5.842515350962251830e-05 0.000000000000000000e+00
7.806294254133205879e-04 7.765585105559136281e-04 5.143606894464358703e-05 3.879118409193971218e-03 -2.929927250713060261e-03 1.456672785009605064e-04 0.000000000000000000e+00
7.515979103510650461e-04 7.158561906971949718e-04 2.974621315346426265e-05 3.599901508663627681e-03 -2.685717358137829081e-03 2.114414811662523874e-04 0.000000000000000000e+00
8.472451507972322826e-04 7.743182765707623538e-04 1.300803152090579395e-05 3.917102408199646391e-03 -2.888281084744814819e-03 3.139838327341770707e-04 0.000000000000000000e+00
8.121738416946855388e-04 7.134645131166572618e-04 -5.736791034938182321e-06 3.628553212266183436e-03 -2.645662926974878815e-03 3.695441503532848060e-04 0.000000000000000000e+00
9.117904335600723886e-04 7.714266054603124978e-04 -2.540282165991447627e-05 3.941186027636156552e-03 -2.843299396004361768e-03 4.880319547653222401e-04 0.000000000000000000e+00
8.703512769589749620e-04 7.106811246984645614e-04 -4.099795031550779179e-05 3.644109228120306909e-03 -2.602916334882188210e-03 5.321218219629386681e-04 0.000000000000000000e+00
9.732853571169652884e-04 7.683096676693867977e-04 -6.333622861948162708e-05 3.950819745386802140e-03 -2.795593680529062652e-03 6.660635338362475011e-04 0.000000000000000000e+00
9.260517615624630494e-04 7.076308169006173543e-04 -7.593697209787308999e-05 3.646652977651321237e-03 -2.557308526662804837e-03 6.987510776410577051e-04 0.000000000000000000e+00
1.032483871651501683e-03 7.648257964711357992e-04 -1.010743169907735162e-04 3.946708636950901905e-03 -2.744315081961268277e-03 8.488609890482390341e-04 0.000000000000000000e+00
9.792196567041389077e-04 7.043988204122331176e-04 -1.104354334837964746e-04 3.636288362519835005e-03 -2.508601013150979497e-03 8.687642876548107296e-04 0.000000000000000000e+00
1.088469739539132952e-03 7.613808126658017095e-04 -1.380951746267067293e-04 3.928508851130274593e-03 -2.690118346166947561e-03 1.034409665206847961e-03 0.000000000000000000e+00
1.029812390987677739e-03 7.011361925260417571e-04 -1.444825617217537772e-04 3.613331772235994777e-03 -2.456748693111521220e-03 1.041922519006810433e-03 0.000000000000000000e+00
1.142031103477353371e-03 7.577275316931197935e-04 -1.747204254309298044e-04 3.896794348928089846e-03 -2.632034498514013166e-03 1.223365364139361589e-03 0.000000000000000000e+00
1.077739270283900597e-03 6.978552616968003441e-04 -1.778977523486657830e-04 3.577787703291868127e-03 -2.401741370051890812e-03 1.217184985972119549e-03 0.000000000000000000e+00
1.192329199628083813e-03 7.542752283174469774e-04 -2.104452605747320071e-04 3.851550512633750145e-03 -2.570829014958420089e-03 1.413633787935353325e-03 0.000000000000000000e+00
1.123020694795695551e-03 6.946303073602222433e-04 -2.106207353517741687e-04 3.529931418645659846e-03 -2.343398829996345967e-03 1.393815393782249501e-03 0.000000000000000000e+00
1.240135664468428045e-03 7.507274030192911951e-04 -2.456026631589836029e-04 3.793145438399925240e-03 -2.505599483958231843e-03 1.606051920131967847e-03 0.000000000000000000e+00
1.165623725204845140e-03 6.914633078285437051e-04 -2.425712113008349213e-04 3.469994829378819645e-03 -2.281771056282355659e-03 1.571327691351820377e-03 0.000000000000000000e+00
1.284678739999892128e-03 7.474479216278417937e-04 -2.796825815226666734e-04 3.721859685360762171e-03 -2.437204424968086869e-03 1.798073578737069411e-03 0.000000000000000000e+00
1.205587966044530113e-03 6.883980207815776353e-04 -2.736945690446912494e-04 3.398303977140137988e-03 -2.216766448495555153e-03 1.748906684592377303e-03 0.000000000000000000e+00
1.326710807350639509e-03 7.440750804307283417e-04 -3.130124622711116800e-04 3.637848942578791878e-03 -2.364790862854349029e-03 1.990537420125004786e-03 0.000000000000000000e+00
1.242930597227728806e-03 6.854165971905135102e-04 -3.039036963954910853e-04 3.315117776220510848e-03 -2.148415214005439111e-03 1.925726419083950702e-03 0.000000000000000000e+00
1.365579951259382474e-03 7.409862058552763031e-04 -3.451390493420802841e-04 3.541804297264583568e-03 -2.289249593680153794e-03 2.181214506774997730e-03 0.000000000000000000e+00
1.277660874420216697e-03 6.824697305369831213e-04 -3.330925346187174618e-04 3.220718234699049276e-03 -2.076869798326441696e-03 2.100787245443047624e-03 0.000000000000000000e+00
1.402000898749589108e-03 7.377290931602220603e-04 -3.763587149925862185e-04 3.433592453037981329e-03 -2.209744070088781598e-03 2.370435121617386898e-03 0.000000000000000000e+00
1.309873545580250709e-03 6.795781441771842069e-04 -3.613178302730446489e-04 3.115658840001422902e-03 -2.002128746932285708e-03 2.273955197003463269e-03 0.000000000000000000e+00
1.435402423906551039e-03 7.346810615155296986e-04 -4.062380917184971185e-04 3.314233581081182933e-03 -2.127295461954670230e-03 2.555928383450201125e-03 0.000000000000000000e+00
1.339629267804412494e-03 6.766558488576213115e-04 -3.884655083669918962e-04 3.000260044305314011e-03 -1.924312306182951460e-03 2.444143583445690382e-03 0.000000000000000000e+00
1.466482597950583000e-03 7.313510305256287758e-04 -4.350877341067205251e-04 3.183509494569136677e-03 -2.041139565520211363e-03 2.738343322843617145e-03 0.000000000000000000e+00
1.367005313630195729e-03 6.736306020285187657e-04 -4.144316434206152255e-04 2.874840879703022267e-03 -1.843531150328203694e-03 2.610072774144489571e-03 0.000000000000000000e+00
1.494749709957624018e-03 7.281514249448672871e-04 -4.625761259788030433e-04 3.042813096062246814e-03 -1.952390641984269593e-03 2.915752723190667695e-03 0.000000000000000000e+00
1.392105645815960857e-03 6.704632452362857542e-04 -4.392870364693657326e-04 2.740063128651826219e-03 -1.759996954531661828e-03 2.771668741413213510e-03 0.000000000000000000e+00
1.520885430532081806e-03 7.244680573020856329e-04 -4.888834771449024341e-04 2.891563315809975165e-03 -1.860224948944555479e-03 3.088007305449114170e-03 0.000000000000000000e+00
1.415045558063349196e-03 6.670840263601762743e-04 -4.629740408589322342e-04 2.596412714037654723e-03 -1.673868107632259239e-03 2.928012880308639154e-03 0.000000000000000000e+00
1.544486244790491125e-03 7.207779344964859725e-04 -5.138120999010620249e-04 2.731642946232959446e-03 -1.765834771813246107e-03 3.253904983220978764e-03 0.000000000000000000e+00
1.435944316501333584e-03 6.633953871586495410e-04 -4.854322317115467023e-04 2.444389536099045301e-03 -1.585355096651586138e-03 3.078200124292385098e-03 0.000000000000000000e+00
1.566198860342454813e-03 7.164295885033755695e-04 -5.375563083067080861e-04 2.562305271318621180e-03 -1.668476759694836886e-03 3.413257874613551124e-03 0.000000000000000000e+00
1.454947873577180917e-03 6.593247859129625077e-04 -5.067181783149909968e-04 2.284660335936550268e-03 -1.494630970598986863e-03 3.221904251286211718e-03 0.000000000000000000e+00
1.585694326208156313e-03 7.119239368015839453e-04 -5.598795581432391977e-04 2.385661680330386503e-03 -1.569370996788777006e-03 3.564823957798335385e-03 0.000000000000000000e+00
1.472184159998723985e-03 6.547508591184247884e-04 -5.267321281708925440e-04 2.117715414441612154e-03 -1.401975241747788203e-03 3.357949223071310385e-03 0.000000000000000000e+00
1.603602487279739974e-03 7.065934409705154629e-04 -5.810454141377541237e-04 2.200969269092745151e-03 -1.467771044732835151e-03 3.708734022373594286e-03 0.000000000000000000e+00
1.487829678153404500e-03 6.496652028004090695e-04 -5.456051206010337218e-04 1.944430705174582386e-03 -1.307577810273130581e-03 3.486629829950516068e-03 0.000000000000000000e+00
1.619645494036106581e-03 7.008501559785385027e-04 -6.007214536501437330e-04 2.010330510564983797e-03 -1.364886759631644964e-03 3.843059038006524375e-03 0.000000000000000000e+00
1.502050349305839028e-03 6.439700135764114819e-04 -5.632960931440111896e-04 1.765379874922423653e-03 -1.211662772488075746e-03 3.606994445555233852e-03 0.000000000000000000e+00
1.634441453893034635e-03 6.941701611450357134e-04 -6.193410706282209688e-04 1.813158984924179151e-03 -1.260021671103839225e-03 3.969076180025954415e-03 0.000000000000000000e+00
1.515000095541688130e-03 6.375389629202365960e-04 -5.798136843842005561e-04 1.581277500073419162e-03 -1.114467678445585364e-03 3.718553791151268939e-03 0.000000000000000000e+00
1.647773591244461322e-03 6.869737680344489839e-04 -6.365862851579751069e-04 1.611780940252494077e-03 -1.154344694500597512e-03 4.085143049461947840e-03 0.000000000000000000e+00
1.526870604828117761e-03 6.303245005078172980e-04 -5.951722365245548652e-04 1.392877447519147438e-03 -1.016189218347562928e-03 3.820797920747409648e-03 0.000000000000000000e+00
1.660206820963378016e-03 6.785891453006676066e-04 -6.527164581147104627e-04 1.405228883135656304e-03 -1.047156932190151934e-03 4.191247666751607426e-03 0.000000000000000000e+00
1.537846828287114942e-03 6.223687406730349370e-04 -6.095226518483265465e-04 1.201055318213128942e-03 -9.170346206954782531e-04 3.914359870153205634e-03 0.000000000000000000e+00
1.671592793324142012e-03 6.695734952266996221e-04 -6.675898199161034441e-04 1.196254974963117945e-03 -9.395668347398355991e-04 4.286931051796338821e-03 0.000000000000000000e+00
1.548100390818429872e-03 6.134918809002076756e-04 -6.228032718960385683e-04 1.006422850934995950e-03 -8.171827647793783456e-04 3.998091962258421006e-03 0.000000000000000000e+00
1.682462189400740771e-03 6.593037344624907981e-04 -6.814426011887420032e-04 9.837301768289563597e-04 -8.308766587696858608e-04 4.372243658224528318e-03 0.000000000000000000e+00
1.557808346543371192e-03 6.036582796069556167e-04 -6.350521268158326738e-04 8.098517317964848417e-04 -7.168373123418447790e-04 4.071889605266498791e-03 0.000000000000000000e+00
1.692698441706580459e-03 6.483575672288910408e-04 -6.942102740060407395e-04 7.705615716009361904e-04 -7.221354262503254517e-04 4.447270981281947755e-03 0.000000000000000000e+00
1.567172088849225209e-03 5.929292469022129364e-04 -6.464022303744321185e-04 6.120878608841806567e-04 -6.160616422166143025e-04 4.136195027337752350e-03 0.000000000000000000e+00
1.702783291970280666e-03 6.360043100015477791e-04 -7.060243787547770822e-04 5.555102368424158499e-04 -6.126265364954086579e-04 4.511371347818426969e-03 0.000000000000000000e+00
1.576348808950189806e-03 5.812011597212674019e-04 -6.568248230164885904e-04 4.138892142835359778e-04 -5.150578990140708413e-04 4.190361532486974738e-03 0.000000000000000000e+00
1.712637138748501764e-03 6.229168454571221147e-04 -7.168313166633355493e-04 3.414619236332683272e-04 -5.032985210657869857e-04 4.564863417803488588e-03 0.000000000000000000e+00
1.585518680907296862e-03 5.684716897563779625e-04 -6.664157967913864056e-04 2.160882730573021604e-04 -4.138896626879606799e-04 4.234729248460800122e-03 0.000000000000000000e+00
1.722691516799455813e-03 6.084951042502062535e-04 -7.268763477554229802e-04 1.271039378023530730e-04 -3.934469527053785498e-04 4.607873774542081691e-03 0.000000000000000000e+00
1.594840542482593715e-03 5.547491278125593617e-04 -6.752421009252607131e-04 1.940621587159796491e-05 -3.126396347279403187e-04 4.269405872968645710e-03 0.000000000000000000e+00
1.732882124309872984e-03 5.932894032511515370e-04 -7.360101937297913732e-04 -8.457515059578923911e-05 -2.839158342324843431e-04 4.640276255433839481e-03 0.000000000000000000e+00
1.604471010497307559e-03 5.400879790796175861e-04 -6.833547577026755082e-04 -1.755021973322001827e-04 -2.113382045982881152e-04 4.294493503782970123e-03 0.000000000000000000e+00
1.743586599107643798e-03 5.766772249702900588e-04 -7.444433342154166411e-04 -2.950026936971994473e-04 -1.740175648117237017e-04 4.662042547736611198e-03 0.000000000000000000e+00
1.614541910924596757e-03 5.244770744901317006e-04 -6.908211061749380821e-04 -3.679221616685879326e-04 -1.100609442987732223e-04 4.310166443025176264e-03 0.000000000000000000e+00
1.754743630010532907e-03 5.594646798581515146e-04 -7.521867527067738202e-04 -5.013129002691130154e-04 -6.447928949793180209e-05 4.674228309283545713e-03 0.000000000000000000e+00
1.625189864145532015e-03 5.078991221150186419e-04 -6.976440782873460922e-04 -5.571819173937342384e-04 -8.813342026847692523e-06 4.316361329607998343e-03 0.000000000000000000e+00
1.766681069021204531e-03 5.408038726986141853e-04 -7.592705691888967934e-04 -7.049267930687719286e-04 4.538277136889590224e-05 4.675703114486395862e-03 0.000000000000000000e+00
1.636517566253756217e-03 4.904950321991952134e-04 -7.039780118043015289e-04 -7.427278119234159703e-04 9.245687657344348054e-05 4.313997415618553433e-03 0.000000000000000000e+00
1.779326165043289276e-03 5.216227248353022539e-04 -7.657776562723928038e-04 -9.031475491632079411e-04 1.548945354779007744e-04 4.668118153278832949e-03 0.000000000000000000e+00
1.648629353697736444e-03 4.721587712403774173e-04 -7.097089771762321586e-04 -9.240026049743832459e-04 1.936910152227078186e-04 4.302149264696186748e-03 0.000000000000000000e+00
1.792938242479578947e-03 5.011309740415859082e-04 -7.717647253735471224e-04 -1.097460790018267573e-03 2.647043886918609701e-04 4.650621278333266773e-03 0.000000000000000000e+00
1.661605381978327467e-03 4.530030562905906777e-04 -7.149761104999485806e-04 -1.100401250843319190e-03 2.949553557334283482e-04 4.281871462207487156e-03 0.000000000000000000e+00
1.807437956958077296e-03 4.802172988513375707e-04 -7.772480684082316849e-04 -1.285314674739801433e-03 3.742542649209923411e-04 4.624603033215324288e-03 0.000000000000000000e+00
1.675484657134948541e-03 4.331339085461016758e-04 -7.198303652307114220e-04 -1.271603784575248142e-03 3.962089204838648016e-04 4.253492235408495858e-03 0.000000000000000000e+00
1.823025642231919374e-03 4.580865845593140584e-04 -7.822562136414468181e-04 -1.468301770530366923e-03 4.841630847165490081e-04 4.589059684901641845e-03 0.000000000000000000e+00
1.690317682279611489e-03 4.125500674845294924e-04 -7.242474430618761616e-04 -1.437172530120989222e-03 4.975301849698965384e-04 4.216985841710929606e-03 0.000000000000000000e+00
1.839598404555303768e-03 4.356176433698011330e-04 -7.868423010252145744e-04 -1.643924314486788774e-03 5.938440143626877443e-04 4.545711861144718924e-03 0.000000000000000000e+00
1.706140083938167268e-03 3.912686331256909344e-04 -7.282400647661696480e-04 -1.596706062958475059e-03 5.989521949256726430e-04 4.172553752062935217e-03 0.000000000000000000e+00
1.857295653458840984e-03 4.119708511692854458e-04 -7.909039195395511923e-04 -1.813853507634632933e-03 7.038821551907936680e-04 4.492826643991199020e-03 0.000000000000000000e+00
1.722923386395507073e-03 3.693961273610046891e-04 -7.318499412591605857e-04 -1.749965913477424806e-03 7.004081597492550770e-04 4.120707239126719656e-03 0.000000000000000000e+00
1.875975161002924746e-03 3.882005522546361220e-04 -7.946263727444391467e-04 -1.975910611539788420e-03 8.137470763678322783e-04 4.433220253911462905e-03 0.000000000000000000e+00
1.740656134356557277e-03 3.469803055913267542e-04 -7.350753748306682045e-04 -1.896797033289487899e-03 8.019938437451301638e-04 4.061682369069119503e-03 0.000000000000000000e+00
1.895719532790895306e-03 3.633496634495858579e-04 -7.978462558676513439e-04 -2.131774730786517580e-03 9.239276244095151469e-04 4.364672016625270601e-03 0.000000000000000000e+00
1.759325972834648727e-03 3.239244294949705782e-04 -7.378022350821439312e-04 -2.036714784014570512e-03 9.035889551776143946e-04 3.994945032115504446e-03 0.000000000000000000e+00
1.916372546922888442e-03 3.384153959187785610e-04 -8.006506914708805267e-04 -2.279350965283200026e-03 1.033923530302960359e-03 4.289561804711183868e-03 0.000000000000000000e+00
1.778820981534878082e-03 3.004710704883062355e-04 -7.401618390966008265e-04 -2.169969772233493188e-03 1.005212955730083735e-03 3.921815511878534721e-03 0.000000000000000000e+00
1.937948630390467358e-03 3.124732994685686105e-04 -8.029014788250854462e-04 -2.420342414111154028e-03 1.144038045798545511e-03 4.205850322622550763e-03 0.000000000000000000e+00
1.799087215141555174e-03 2.765038541175657283e-04 -7.420216063202672574e-04 -2.296234181739187363e-03 1.106729997010891253e-03 3.841658503866973717e-03 0.000000000000000000e+00
1.960288995661155220e-03 2.864650694477943738e-04 -8.046350901098481279e-04 -2.552820046867410042e-03 1.253882600285471938e-03 4.115709113518217777e-03 0.000000000000000000e+00
1.820037504181436228e-03 2.520779674262119130e-04 -7.433549929709432069e-04 -2.415481972295907553e-03 1.208097023386756064e-03 3.754776119296865389e-03 0.000000000000000000e+00
1.983301357830480338e-03 2.595427119376769731e-04 -8.057702947947276151e-04 -2.678783246414795371e-03 1.363664549541176996e-03 4.017540043949718864e-03 0.000000000000000000e+00
1.841535193505862856e-03 2.272085680285196307e-04 -7.441196557285978397e-04 -2.527740519176369105e-03 1.309118889693650090e-03 3.661271421827816397e-03 0.000000000000000000e+00
2.006831947243332970e-03 2.326040481850366604e-04 -8.063001166653677165e-04 -2.796177304507985184e-03 1.472829536706576903e-03 3.913337067913413847e-03 0.000000000000000000e+00
1.863473053868098389e-03 2.018690369317843736e-04 -7.442182531931657019e-04 -2.632990664506174028e-03 1.409747806490280198e-03 3.561041414484433787e-03 0.000000000000000000e+00
2.030763944035837015e-03 2.046652390533532095e-04 -8.060276038149016831e-04 -2.906824496755611165e-03 1.581489851298023552e-03 3.800718432030336658e-03 0.000000000000000000e+00
1.885673250233782083e-03 1.760719660938436792e-04 -7.436302834188807109e-04 -2.731272233670090088e-03 1.509635617262361507e-03 3.454363851621122805e-03 0.000000000000000000e+00
2.054903478426749891e-03 1.767122742058757634e-04 -8.050074224594111483e-04 -3.009222533514765985e-03 1.689233441172000028e-03 3.682182697583691322e-03 0.000000000000000000e+00
1.908013780061081771e-03 1.497760261459368802e-04 -7.422464475034529219e-04 -2.822665312358196843e-03 1.608689407245567082e-03 3.341038732793233379e-03 0.000000000000000000e+00
2.079078598730944860e-03 1.477174217516252774e-04 -8.029872290844092264e-04 -3.104890885111899479e-03 1.795889287834917525e-03 3.555103487006050500e-03 0.000000000000000000e+00
1.930280047248465053e-03 1.229797912555841144e-04 -7.399925970328208313e-04 -2.907259739382439534e-03 1.706479430252372254e-03 3.221120523682063919e-03 0.000000000000000000e+00
2.103124320059785585e-03 1.186083222939338100e-04 -8.000584460592374825e-04 -3.192382911437974258e-03 1.901065414311897683e-03 3.422134501863460798e-03 0.000000000000000000e+00
1.952324242120408865e-03 9.560250357060207094e-05 -7.367418038628920085e-04 -2.985004532567003821e-03 1.802786932109334828e-03 3.094363127680965775e-03 0.000000000000000000e+00
2.126779709002147439e-03 8.838509730094146200e-05 -7.959093231540009805e-04 -3.273406204696627242e-03 2.004462510446725076e-03 3.280376020154518457e-03 0.000000000000000000e+00
1.973940442076521640e-03 6.761959574522191652e-05 -7.324133450306857807e-04 -3.056143833735092130e-03 1.897285795118275331e-03 2.960763015471101767e-03 0.000000000000000000e+00
2.149925913933460608e-03 5.791831143803216619e-05 -7.906363386857295783e-04 -3.346393761701982328e-03 2.105699233521107772e-03 3.132510222126017041e-03 0.000000000000000000e+00
1.994936282241302483e-03 3.894841878254728940e-05 -7.268915267372999534e-04 -3.120595997824437973e-03 1.989490306705476996e-03 2.820082312394278645e-03 0.000000000000000000e+00
2.172218390047421510e-03 2.624156411104583420e-05 -7.839146095182658591e-04 -3.413129085184429812e-03 2.204246611928528665e-03 2.975588283441465975e-03 0.000000000000000000e+00
2.015127900900342411e-03 9.508075421132966554e-06 -7.200433495593017152e-04 -3.178504410778160150e-03 2.079203507209026469e-03 2.672148315048028522e-03 0.000000000000000000e+00
2.193584190435710762e-03 -5.817413087028100449e-06 -7.758183485579439598e-04 -3.471934063156822958e-03 2.299753920659508566e-03 2.812231802900022615e-03 0.000000000000000000e+00
2.034288454381576183e-03 -2.072798316662960438e-05 -7.118027873378729442e-04 -3.229898416778453907e-03 2.165788064600437934e-03 2.517017401881149752e-03 0.000000000000000000e+00
2.213659929204192522e-03 -3.931139285853757492e-05 -7.659936709972225977e-04 -3.524473945332395886e-03 2.391682988532650711e-03 2.639221753549358951e-03 0.000000000000000000e+00
2.052206586548574463e-03 -5.185390361628350320e-05 -7.020112156632674072e-04 -3.274870621317482744e-03 2.248842397903239032e-03 2.354289843137014060e-03 0.000000000000000000e+00
2.232357654628105981e-03 -7.329006142126059942e-05 -7.545810001350211627e-04 -3.569363331288322172e-03 2.479585212243229364e-03 2.459658807692610694e-03 0.000000000000000000e+00
2.068684473026681514e-03 -8.394304331726942792e-05 -6.905688196885834129e-04 -3.313396627063092126e-03 2.327896817107877325e-03 2.183927882122072006e-03 0.000000000000000000e+00
2.249292675153391485e-03 -1.088744983557821122e-04 -7.411721892794098654e-04 -3.607875604064503250e-03 2.562713423094553633e-03 2.270000652954795584e-03 0.000000000000000000e+00
2.083520198877239493e-03 -1.171117300560187147e-04 -6.773339018340540640e-04 -3.345374473571638418e-03 2.402369318691643940e-03 2.005514848230749436e-03 0.000000000000000000e+00
2.264456821170761358e-03 -1.451108043564741656e-04 -7.259072785782555437e-04 -3.638952906793946340e-03 2.640994068438207165e-03 2.073313388128106283e-03 0.000000000000000000e+00
2.096492451983934802e-03 -1.513409808715227012e-04 -6.622441572242399044e-04 -3.371095110759725344e-03 2.471852881607450314e-03 1.819325624468071112e-03 0.000000000000000000e+00
2.277367649511453929e-03 -1.831346178523263202e-04 -7.083915111794208963e-04 -3.663267416615489935e-03 2.713065288828087063e-03 1.866181010494072368e-03 0.000000000000000000e+00
2.107440733208176820e-03 -1.867907882334707281e-04 -6.451115576545929375e-04 -3.390140027650367927e-03 2.535790768319667876e-03 1.624724956848622170e-03 0.000000000000000000e+00
2.288077046378109158e-03 -2.218935658443443870e-04 -6.888155456899192064e-04 -3.680364055719920202e-03 2.779220001390303452e-03 1.651978552285271462e-03 0.000000000000000000e+00
2.116134022221272115e-03 -2.234737722726087839e-04 -6.258851998498377034e-04 -3.402702799308876536e-03 2.593593008806127642e-03 1.421890826940108710e-03 0.000000000000000000e+00
2.296140938895928352e-03 -2.625869519631285343e-04 -6.667048156257654457e-04 -3.690533433062803681e-03 2.838168115552264226e-03 1.426798379533300576e-03 0.000000000000000000e+00
2.122357640074838681e-03 -2.614017368679499853e-04 -6.044634768248846601e-04 -3.408718489390061279e-03 2.644584194879229244e-03 1.210808840252264318e-03 0.000000000000000000e+00
2.301639470289482126e-03 -3.041616963136983820e-04 -6.423014262837145605e-04 -3.693100756534839491e-03 2.889994922685268364e-03 1.194252544255647308e-03 0.000000000000000000e+00
2.126033067430477264e-03 -3.006587221947576438e-04 -5.807027103485462582e-04 -3.407906995144927009e-03 2.688619349243470680e-03 9.912182302636018960e-04 0.000000000000000000e+00
2.304013064872170724e-03 -3.476621222395226418e-04 -6.151935153324017413e-04 -3.688742173170389549e-03 2.933228724852465774e-03 9.508947493432895470e-04 0.000000000000000000e+00
2.126930366144849649e-03 -3.412568464158105552e-04 -5.545244107506008824e-04 -3.400241406431803171e-03 2.724866470770859195e-03 7.630708352148740659e-04 0.000000000000000000e+00
2.303498525382322026e-03 -3.920522878504695274e-04 -5.856344052662942889e-04 -3.676711514073893738e-03 2.968389645660263199e-03 7.003738029691675138e-04 0.000000000000000000e+00
2.124889061800069867e-03 -3.831488089863221980e-04 -5.258851382369950089e-04 -3.385709255017133046e-03 2.752925574593501068e-03 5.266764679634494684e-04 0.000000000000000000e+00
2.299577992979889851e-03 -4.384500594340479118e-04 -5.530746539267744621e-04 -3.657017357117986478e-03 2.993903302584310921e-03 4.385134343307672822e-04 0.000000000000000000e+00
2.119783137603928336e-03 -4.263453828921848210e-04 -4.946780254182769898e-04 -3.364054564101159883e-03 2.772251402764158712e-03 2.819121892012610431e-04 0.000000000000000000e+00
2.292438004106861493e-03 -4.856381721519420491e-04 -5.179766912048605620e-04 -3.629647455010598378e-03 3.010229770018302276e-03 1.700198509397843338e-04 0.000000000000000000e+00
2.111506604783708330e-03 -4.707754838774724782e-04 -4.608374554512101318e-04 -3.335106809053023369e-03 2.782500569563417514e-03 2.903076569715778987e-05 0.000000000000000000e+00
2.281584409884254705e-03 -5.346556562172144478e-04 -4.797829987184809575e-04 -3.594540916454391777e-03 3.015965922299024271e-03 -1.091530963108766628e-04 0.000000000000000000e+00
2.099929319935606165e-03 -5.163742657519343471e-04 -4.243298504412740257e-04 -3.298750553189400136e-03 2.783137248582256973e-03 -2.317749330116303241e-04 0.000000000000000000e+00
2.267320465801109242e-03 -5.843587366885782952e-04 -4.389022642821982512e-04 -3.551163196643614128e-03 3.011593004121237982e-03 -3.947485183841692447e-04 0.000000000000000000e+00
2.084991258523821722e-03 -5.629992416019413692e-04 -3.851052835298074406e-04 -3.255054297973458688e-03 2.774027090079123070e-03 -5.001243831039836607e-04 0.000000000000000000e+00
2.249159277060458484e-03 -6.356699996779013873e-04 -3.947973569309176645e-04 -3.499514085141264275e-03 2.995854606520520491e-03 -6.905161263222048262e-04 0.000000000000000000e+00
2.066568722564179894e-03 -6.105466880105547833e-04 -3.431678566015866627e-04 -3.203627264949382436e-03 2.754481181079793117e-03 -7.756163947081340382e-04 0.000000000000000000e+00
2.227467043610695252e-03 -6.873480708519397187e-04 -3.480001109062852427e-04 -3.439674826571703647e-03 2.969455263289066949e-03 -9.917229679874406401e-04 0.000000000000000000e+00
2.044686687141070158e-03 -6.588055253247682153e-04 -2.984746659440290495e-04 -3.144519742889428926e-03 2.724654032409734583e-03 -1.057795707114506101e-03 0.000000000000000000e+00
2.201747878671334036e-03 -7.402608958160805663e-04 -2.979304005469307626e-04 -3.371123386946450751e-03 2.931032421867652005e-03 -1.302060281085148929e-03 0.000000000000000000e+00
2.019296392613639801e-03 -7.076357139091937754e-04 -2.510347815791180714e-04 -3.077377749551857278e-03 2.684094144802973148e-03 -1.346245242086707705e-03 0.000000000000000000e+00
2.172457443099629071e-03 -7.930671468621974807e-04 -2.452117461616276639e-04 -3.294270959128375864e-03 2.881544933170054890e-03 -1.616489310200197593e-03 0.000000000000000000e+00
1.990426325075442260e-03 -7.567877711236736804e-04 -2.008392096051053732e-04 -3.002126088724743624e-03 2.632768711208655077e-03 -1.640331356035140686e-03 0.000000000000000000e+00
2.139179563978910181e-03 -8.466266989524129372e-04 -1.892221723091974672e-04 -3.208249517711259102e-03 2.819888092043143502e-03 -1.938829820192333742e-03 0.000000000000000000e+00
1.958108813368358847e-03 -8.059273556643986591e-04 -1.479755782187869295e-04 -2.918920917527323411e-03 2.570824037113617067e-03 -1.939075507110921137e-03 0.000000000000000000e+00
2.102455145065115771e-03 -8.995093490124506097e-04 -1.306639795479319632e-04 -3.113743178404959622e-03 2.747252831169610943e-03 -2.263676196756270187e-03 0.000000000000000000e+00
1.922419062264632550e-03 -8.548391356599238655e-04 -9.244423804549706247e-05 -2.827294769236488037e-03 2.498131422921101574e-03 -2.241954767849607677e-03 0.000000000000000000e+00
2.061868723135282244e-03 -9.524334410183632471e-04 -6.895281957569610043e-05 -3.009947097088350176e-03 2.662505597369246857e-03 -2.594579168499588917e-03 0.000000000000000000e+00
1.883462242867908754e-03 -9.031181514148889367e-04 -3.434036895200165418e-05 -2.727394961289597575e-03 2.414968402899564381e-03 -2.547856841473628009e-03 0.000000000000000000e+00
2.018104628641881337e-03 -1.004034125020147883e-03 -4.793890971660497158e-06 -2.897338038811980709e-03 2.567260665908399631e-03 -2.926254932418714816e-03 0.000000000000000000e+00
1.841393550063158413e-03 -9.504091572134498733e-04 2.625350686472072148e-05 -2.619029051567522970e-03 2.321707530702710187e-03 -2.855789165008504327e-03 0.000000000000000000e+00
1.970785441331446286e-03 -1.054821649473680623e-03 6.235942141688544105e-05 -2.774883145260531592e-03 2.460513988291168630e-03 -3.261707759611098822e-03 0.000000000000000000e+00
1.796382038959459804e-03 -9.963360761234274499e-04 8.925614598828679469e-05 -2.502064562992067920e-03 2.218643565451650090e-03 -3.164839123563245593e-03 0.000000000000000000e+00
1.920715999794209150e-03 -1.103443683496407868e-03 1.317074904693543713e-04 -2.643865497823583155e-03 2.344342377213148865e-03 -3.595638728664640738e-03 0.000000000000000000e+00
1.748729112636265848e-03 -1.040477835077907587e-03 1.545540842093490186e-04 -2.376386157658672005e-03 2.106655074318286580e-03 -3.473789737237664710e-03 0.000000000000000000e+00
1.867556838361539295e-03 -1.150295722701283330e-03 2.037890473348402676e-04 -2.502427850316735203e-03 2.217737587732138138e-03 -3.930734744621799948e-03 0.000000000000000000e+00
1.698622715677639006e-03 -1.082342027208027524e-03 2.220025498834987676e-04 -2.241811104097379825e-03 1.986011670015663810e-03 -3.781448318179503332e-03 0.000000000000000000e+00
1.812249699334356201e-03 -1.194007619693349120e-03 2.777460437279610783e-04 -2.352303806844702194e-03 2.083311992348679809e-03 -4.261524484048262451e-03 0.000000000000000000e+00
1.646456476349034137e-03 -1.121497962713324803e-03 2.914692153240944217e-04 -2.098034242870916444e-03 1.857925033711627094e-03 -4.086503344794101267e-03 0.000000000000000000e+00
1.754566094684217870e-03 -1.234948938182045541e-03 3.541794159356015381e-04 -2.191092898618407503e-03 1.940330124330813533e-03 -4.591000520998367307e-03 0.000000000000000000e+00
1.592530768278949127e-03 -1.157384575396103177e-03 3.627044827108627523e-04 -1.945104423709764774e-03 1.723120105716624550e-03 -4.387362581245612958e-03 0.000000000000000000e+00
1.695532016714240697e-03 -1.271710115954116649e-03 4.321087925691913245e-04 -2.020704785335780684e-03 1.791633196640773917e-03 -4.913305946131707458e-03 0.000000000000000000e+00
1.537324692370528600e-03 -1.189564443846047315e-03 4.356169318023295212e-04 -1.782415322370667354e-03 1.582992789299186853e-03 -4.682938451410878500e-03 0.000000000000000000e+00
1.635054538413588388e-03 -1.304490883164088899e-03 5.120732182910953112e-04 -1.838636320014686021e-03 1.636975466134060753e-03 -5.230972890951646193e-03 0.000000000000000000e+00
1.481242701549173590e-03 -1.217477553964840808e-03 5.099420586372610531e-04 -1.609661013142194008e-03 1.438557935457662751e-03 -4.971658111675880676e-03 0.000000000000000000e+00
1.574213207219482547e-03 -1.332035731839598114e-03 5.930752813673445534e-04 -1.646546251719449572e-03 1.479311211559419803e-03 -5.538403292177251913e-03 0.000000000000000000e+00
1.424849290511370770e-03 -1.240603728189293431e-03 5.854561594111906686e-04 -1.426427256639328789e-03 1.291457767717218985e-03 -5.251927768239239569e-03 0.000000000000000000e+00
1.513061786627856176e-03 -1.354404869199299366e-03 6.756582130764826610e-04 -1.441359352881477207e-03 1.318854535090174807e-03 -5.837938597939018592e-03 0.000000000000000000e+00
1.368700769999758871e-03 -1.258369344889209707e-03 6.619291820520456504e-04 -1.232216884726078376e-03 1.143389850065901214e-03 -5.522307715645435877e-03 0.000000000000000000e+00
1.452746229325535543e-03 -1.370457752928044837e-03 7.587310819492376623e-04 -1.225106777933859803e-03 1.158812884561655210e-03 -6.124011858928302132e-03 0.000000000000000000e+00
1.313431516733548632e-03 -1.270320863450857818e-03 7.391445286476505672e-04 -1.025947458695775083e-03 9.959153572483003813e-04 -5.781514068999404898e-03 0.000000000000000000e+00
1.393447449962059714e-03 -1.380078209259505417e-03 8.427779696757731198e-04 -9.943730024009056478e-04 9.998607696495298569e-04 -6.398564265387873817e-03 0.000000000000000000e+00
1.259648639112709301e-03 -1.275822530018178025e-03 8.167021408647390235e-04 -8.070099507824224361e-04 8.509385253789858439e-04 -6.027321314549638487e-03 0.000000000000000000e+00
1.336394852352762452e-03 -1.382334031120535656e-03 9.267819010926742207e-04 -7.504748182176612659e-04 8.451582103168320259e-04 -6.656676896182656122e-03 0.000000000000000000e+00
1.208095388258029201e-03 -1.274458122238808500e-03 8.944437720473652487e-04 -5.743049412929579489e-04 7.105926335269074912e-04 -6.258872621435429551e-03 0.000000000000000000e+00
1.281951068748454770e-03 -1.376953603701991380e-03 1.011143342860010286e-03 -4.896951142780991972e-04 6.962597339468246105e-04 -6.899794518256063824e-03 0.000000000000000000e+00
1.159482510986159509e-03 -1.265653614567208152e-03 9.719724559060921587e-04 -3.266379462285584623e-04 5.768554023113381390e-04 -6.474111954223094045e-03 0.000000000000000000e+00
1.231289463478696389e-03 -1.363164210730571924e-03 1.094715132465340357e-03 -2.135627333057499300e-04 5.561318515452384759e-04 -7.122950533234861936e-03 0.000000000000000000e+00
1.114588522905440859e-03 -1.248942105849970563e-03 1.049006485013714851e-03 -6.264099558972446857e-05 4.520511674441785033e-04 -6.671770567592272272e-03 0.000000000000000000e+00
1.184903483662180790e-03 -1.340570161796894588e-03 1.177926528411213369e-03 8.278487240609422315e-05 4.264387404249170288e-04 -7.327351839605755757e-03 0.000000000000000000e+00
1.074236534003208954e-03 -1.223825765851727088e-03 1.125194149281250056e-03 2.192986939393293255e-04 3.385552596943952608e-04 -6.850078008947546593e-03 0.000000000000000000e+00
1.144012792956117242e-03 -1.308661533157340351e-03 1.259710034344760365e-03 3.977240499235534799e-04 3.106171488465037100e-04 -7.508963561307924195e-03 0.000000000000000000e+00
1.039177562776383290e-03 -1.189879172928121065e-03 1.200202843006231701e-03 5.208590055207906744e-04 2.385779265727805409e-04 -7.007642790873624961e-03 0.000000000000000000e+00
1.109234709187667534e-03 -1.266816990576513646e-03 1.340290146368675051e-03 7.368439632093881642e-04 2.107118446179612192e-04 -7.667942482426193251e-03 0.000000000000000000e+00
1.010326329180633032e-03 -1.146604029234610245e-03 1.273662489678598075e-03 8.441015615021640883e-04 1.548521559264770531e-04 -7.142729125894975439e-03 0.000000000000000000e+00
1.081656485698967440e-03 -1.214833995273223444e-03 1.418747170691098125e-03 1.098497011210675112e-03 1.296087448441340939e-04 -7.801223577995397562e-03 0.000000000000000000e+00
9.884222559243815986e-04 -1.093620278847129423e-03 1.345177148148524182e-03 1.191094621616706206e-03 8.952754015378872054e-05 -7.253736358738382961e-03 0.000000000000000000e+00
1.062083093468058070e-03 -1.151864123409174212e-03 1.495181755410843194e-03 1.489256303435659845e-03 7.024867360794218030e-05 -7.908152403426793597e-03 0.000000000000000000e+00
9.743508679570522801e-04 -1.030486168023647675e-03 1.414424026626545650e-03 1.563982189122015143e-03 4.548132462911524954e-05 -7.339269320852936929e-03 0.000000000000000000e+00
1.051378943946856825e-03 -1.077955370992700335e-03 1.568663507049303241e-03 1.907272901161327638e-03 3.482287911804604619e-05 -7.986085687626598428e-03 0.000000000000000000e+00
9.688792206260232742e-04 -9.567894124838938197e-04 1.480973159162166097e-03 1.965452883619711599e-03 2.502876423093880476e-05 -7.397548403475839862e-03 0.000000000000000000e+00
1.050490086608013574e-03 -9.920675068600393054e-04 1.639320654810066946e-03 2.359885154490370951e-03 2.683606527043025380e-05 -8.034134924546965095e-03 0.000000000000000000e+00
9.727958545929782375e-04 -8.721258427364930732e-04 1.544468194900269764e-03 2.397943791035750394e-03 3.091612805850019186e-05 -7.427023813683542031e-03 0.000000000000000000e+00
1.060000432767771450e-03 -8.944625932427174853e-04 1.706140912907827545e-03 2.844885148890696769e-03 4.800301741081369755e-05 -8.049729033870356432e-03 0.000000000000000000e+00
9.867809441258812431e-04 -7.761281395953223416e-04 1.604544319895970239e-03 2.863966780804361179e-03 6.552424446937266111e-05 -7.426331451881651446e-03 0.000000000000000000e+00
1.081018305477382535e-03 -7.838307203089089903e-04 1.769289371439122793e-03 3.370734424855470479e-03 1.025446172686628188e-04 -8.031570993158876348e-03 0.000000000000000000e+00
1.011513427361776518e-03 -6.682796703016968820e-04 1.660764045215881723e-03 3.366598325576397599e-03 1.313881570830233159e-04 -7.393384760287835533e-03 0.000000000000000000e+00
1.113711713628423583e-03 -6.607319893822682921e-04 1.827838725175987000e-03 3.934235898246818408e-03 1.914480724662936950e-04 -7.978059160757000612e-03 0.000000000000000000e+00
1.047553524296890304e-03 -5.481772898588421761e-04 1.712755766204859809e-03 3.908209404241524965e-03 2.311130924015358801e-04 -7.326760523630682087e-03 0.000000000000000000e+00
1.159262671517086174e-03 -5.234555376831817597e-04 1.881853423756810195e-03 4.544804967964388709e-03 3.196039801682815096e-04 -7.886817903947962449e-03 0.000000000000000000e+00
1.095378961647464067e-03 -4.152916182096899611e-04 1.760130119497910206e-03 4.491462355685982288e-03 3.672798965004275829e-04 -7.224697769244503576e-03 0.000000000000000000e+00
0.000000000000000000e+00 0.000000000000000000e+00 0.000000000000000000e+00 0.000000000000000000e+00 0.000000000000000000e+00 0.000000000000000000e+00 0.000000000000000000e+00
