-1.483759672678311159e-01 -3.003561457182861716e-01 1.507006219154157500e-01 1.575722078150419314e+00 2.880846727384422934e-04 1.571294644647766692e+00 -5.006960229872945423e-01 8.532364663708732477e-01 2.492661522350732017e-01 -5.505213035586687953e-01 -1.163268364672447541e+00 2.432999556687525655e-01 0.000000000000000000e+00
-1.488374840221703688e-01 -2.998179488305908746e-01 1.512987600986277770e-01 1.577065135185470979e+00 -2.993944939763792945e-03 1.569645132549454702e+00 -5.018611892537178099e-01 8.500070506540158277e-01 2.517431583649556437e-01 -5.480266872760779506e-01 -1.163730423121576596e+00 2.440181103462060463e-01 0.000000000000000000e+00
-1.492292191287243885e-01 -2.993007903111350454e-01 1.518394417566196475e-01 1.578426213473720807e+00 -6.022739361893236776e-03 1.568149327504926305e+00 -5.028393683221039634e-01 8.469310330159471878e-01 2.542582476984267537e-01 -5.455990827844161561e-01 -1.164222841607132075e+00 2.446950692505474034e-01 0.000000000000000000e+00
-1.496158968523222665e-01 -2.987199013357569877e-01 1.524123303353288328e-01 1.580028810856083155e+00 -9.302168499195850870e-03 1.566559660942571375e+00 -5.037890182773125947e-01 8.435001491626252790e-01 2.572224791497392804e-01 -5.428317920957148601e-01 -1.164822718642672505e+00 2.454414534355557342e-01 0.000000000000000000e+00
-1.499373349850295356e-01 -2.981657820549838966e-01 1.529288331330619921e-01 1.581624179962491716e+00 -1.232681566962146036e-02 1.565122363093966129e+00 -5.045593709121316550e-01 8.402455665734667178e-01 2.601740605858740008e-01 -5.401479582176738070e-01 -1.165433914112845804e+00 2.461405498664583358e-01 0.000000000000000000e+00
-1.502465965672760140e-01 -2.975473554109556718e-01 1.534745178505589891e-01 1.583475164927657275e+00 -1.559989155709828879e-02 1.563599663949204244e+00 -5.052744962438451282e-01 8.366293267082752783e-01 2.635974210091165393e-01 -5.370982725848831851e-01 -1.166154032871603130e+00 2.469066913778036887e-01 0.000000000000000000e+00
-1.504959372289303710e-01 -2.969610192797631498e-01 1.539651610351941147e-01 1.585293167297797012e+00 -1.861715863731383536e-02 1.562227273994396093e+00 -5.058213097946656633e-01 8.332120249765129216e-01 2.669575313564693797e-01 -5.341511186540606193e-01 -1.166867626885689679e+00 2.476200190757814057e-01 0.000000000000000000e+00
-1.507265685738605754e-01 -2.963102619403000237e-01 1.544821461070294277e-01 1.587377888215192101e+00 -2.188074184446220372e-02 1.560778000914234909e+00 -5.062870966693205910e-01 8.294284054368100678e-01 2.708067312380153524e-01 -5.308136451759734031e-01 -1.167689478398088232e+00 2.483973125741914811e-01 0.000000000000000000e+00
-1.509024858835244787e-01 -2.956961671308179218e-01 1.549454833009746568e-01 1.589406374553403722e+00 -2.488786818324761896e-02 1.559476777083958821e+00 -5.065959900662561077e-01 8.258638308967662933e-01 2.745474073051406005e-01 -5.275969793428347820e-01 -1.168489491989548101e+00 2.491170817930558334e-01 0.000000000000000000e+00
-1.510527526999770054e-01 -2.950175417667122435e-01 1.554320341120600246e-01 1.591713283094545517e+00 -2.813899327199553824e-02 1.558108399040433190e+00 -5.067958270165529022e-01 8.219284777539560549e-01 2.787952824018715692e-01 -5.239635620886125000e-01 -1.169396830972938117e+00 2.498971882553672752e-01 0.000000000000000000e+00
-1.511542771250929396e-01 -2.943798226122217310e-01 1.558667388682859478e-01 1.593939960084702179e+00 -3.113342803190644048e-02 1.556884709694486224e+00 -5.068534844541531248e-01 8.182317438448172275e-01 2.828890936295416214e-01 -5.204719581624368541e-01 -1.170267950965502957e+00 2.506157424069843098e-01 0.000000000000000000e+00
-1.512238042179616382e-01 -2.936777403364534966e-01 1.563216862356135994e-01 1.596454176254507473e+00 -3.436959203004308350e-02 1.555603599790181146e+00 -5.067752540971320885e-01 8.141615681718218367e-01 2.875039523244851125e-01 -5.165389685750941817e-01 -1.171244132663071591e+00 2.513904226785746987e-01 0.000000000000000000e+00
-1.512503234406892272e-01 -2.930201382482056083e-01 1.567265001537801461e-01 1.598866724877783696e+00 -3.734906902490919833e-02 1.554464073152657333e+00 -5.065695581924369861e-01 8.103473888586104623e-01 2.919244002598533338e-01 -5.127677327344601910e-01 -1.172171844828800547e+00 2.521001883985944381e-01 0.000000000000000000e+00
-1.512381949691002647e-01 -2.922983908474381387e-01 1.571483754675065125e-01 1.601576149797546478e+00 -4.056787752715429463e-02 1.553277896467798902e+00 -5.061990459057797986e-01 8.061575040946158399e-01 2.968797441001638227e-01 -5.085285794902992818e-01 -1.173201822380388837e+00 2.528612699038686462e-01 0.000000000000000000e+00
-1.511894705318299337e-01 -2.916243627943039263e-01 1.575222235490044698e-01 1.604161925021346136e+00 -4.353032439265769327e-02 1.552229027643144965e+00 -5.057189778297793703e-01 8.022402604472183008e-01 3.016004634484381608e-01 -5.044737502830856091e-01 -1.174172145123559163e+00 2.535548069859957510e-01 0.000000000000000000e+00
-1.510960844491156529e-01 -2.908865897127888012e-01 1.579101467096922506e-01 1.607051406386235115e+00 -4.672970005055621101e-02 1.551144224195998955e+00 -5.050466628125888091e-01 7.979465789797381969e-01 3.068660655557429173e-01 -4.999265025903161241e-01 -1.175240871669007925e+00 2.542943834654675661e-01 0.000000000000000000e+00
-1.509722175033752500e-01 -2.901992378944782125e-01 1.582520718080704658e-01 1.609797672703971116e+00 -4.967322451940781036e-02 1.550192492663000854e+00 -5.042823688692497086e-01 7.939402525938774602e-01 3.118613568124042335e-01 -4.955848176441871589e-01 -1.176240622342223707e+00 2.549643848614610575e-01 0.000000000000000000e+00
-1.507973532424764229e-01 -2.894485795555469254e-01 1.586048219982490737e-01 1.612854636424472687e+00 -5.285095327969591139e-02 1.549216912075412012e+00 -5.032962336071070686e-01 7.895572886508522847e-01 3.174115176821841189e-01 -4.907244154967381200e-01 -1.177334249443864556e+00 2.556744668318602365e-01 0.000000000000000000e+00
-1.505987387629397212e-01 -2.887507167213152481e-01 1.589139769646871203e-01 1.615748423381042187e+00 -5.577363284344016847e-02 1.548368996733302971e+00 -5.022388587858046538e-01 7.854755282271150829e-01 3.226560808168772443e-01 -4.860934113876856921e-01 -1.178350644873893405e+00 2.563137253620201284e-01 0.000000000000000000e+00
-1.503434778977703057e-01 -2.879900421036881708e-01 1.592308939748934005e-01 1.618957713397942477e+00 -5.892791937960417670e-02 1.547509109610093025e+00 -5.009318791913346391e-01 7.810183286687040205e-01 3.284621714674134108e-01 -4.809194220218797611e-01 -1.179455856726276286e+00 2.569867893932672454e-01 0.000000000000000000e+00
-1.500708274459768843e-01 -2.872841530804614019e-01 1.595065735737488943e-01 1.621985981549853406e+00 -6.182798403658296138e-02 1.546771470714700891e+00 -4.995737003249078878e-01 7.768743834335134490e-01 3.339312390820001752e-01 -4.759972345371408231e-01 -1.180476912688212643e+00 2.575882643254616133e-01 0.000000000000000000e+00
-1.497355818546401707e-01 -2.865159994627202167e-01 1.597867360514559354e-01 1.625334444291355318e+00 -6.495660237744260712e-02 1.546035069314180221e+00 -4.979360227020773189e-01 7.723567301183575928e-01 3.399682257990463974e-01 -4.705061292645336679e-01 -1.181580926118105168e+00 2.582164873818545425e-01 0.000000000000000000e+00
-1.493898388606852146e-01 -2.858042441920833343e-01 1.600282508306462848e-01 1.628484195429557246e+00 -6.783220904897557801e-02 1.545414562924353641e+00 -4.962702820192599895e-01 7.681635829820276928e-01 3.456378294437159049e-01 -4.652915932711312319e-01 -1.182595191019261804e+00 2.587732378524923993e-01 0.000000000000000000e+00
-1.489762861091932233e-01 -2.850308034147644998e-01 1.602712724013856394e-01 1.631956537227493342e+00 -7.093343145252983817e-02 1.544808004041626992e+00 -4.942972125466475464e-01 7.635995240848771903e-01 3.518784148260987177e-01 -4.594844040666453133e-01 -1.183686021801758192e+00 2.593494626886014842e-01 0.000000000000000000e+00
-1.485586699655301324e-01 -2.843151016846280910e-01 1.604781575056106468e-01 1.635214490036577928e+00 -7.378266464153426796e-02 1.544310828440991212e+00 -4.923181842510960804e-01 7.593697584835588099e-01 3.577247192090948769e-01 -4.539770202218751383e-01 -1.184682842997774710e+00 2.598546976369031092e-01 0.000000000000000000e+00
-1.480677623663447240e-01 -2.835383089499266540e-01 1.606832977464721923e-01 1.638797351363068699e+00 -7.685414695844849930e-02 1.543841849751295126e+00 -4.900019997615404632e-01 7.547726098098640479e-01 3.641448016489490236e-01 -4.478516165566383544e-01 -1.185749039540187955e+00 2.603713009541080425e-01 0.000000000000000000e+00
-1.475796999712912783e-01 -2.828202789824254548e-01 1.608551337292388195e-01 1.642150261575684667e+00 -7.967501973132229409e-02 1.543474502656724923e+00 -4.877049234528062494e-01 7.505184097055441761e-01 3.701447704268430172e-01 -4.420515513080683911e-01 -1.186718163860867925e+00 2.608183458325915027e-01 0.000000000000000000e+00
-1.470135903673423783e-01 -2.820417002239244963e-01 1.610222213628017263e-01 1.645828450365876883e+00 -8.271489075161175819e-02 1.543149221304009444e+00 -4.850430939432721078e-01 7.459013539027010697e-01 3.767185172615945543e-01 -4.356103300270618983e-01 -1.187749206676892211e+00 2.612685698596262096e-01 0.000000000000000000e+00
-1.464567370905802690e-01 -2.813227120953006311e-01 1.611587222988600521e-01 1.649263053661750078e+00 -8.550539021260394890e-02 1.542917845348451333e+00 -4.824242079063154054e-01 7.416345703622305718e-01 3.828495135651204251e-01 -4.295183157439919630e-01 -1.188681046742310787e+00 2.616509332131343180e-01 0.000000000000000000e+00
-1.458168435862407797e-01 -2.805437928129048686e-01 1.612872996945641790e-01 1.653022864165807349e+00 -8.851106157313815004e-02 1.542743608008769085e+00 -4.794110075804588478e-01 7.370101908663897472e-01 3.895534889771770093e-01 -4.227605111884023548e-01 -1.189666416345640076e+00 2.620273710332169936e-01 0.000000000000000000e+00
-1.451930174248446670e-01 -2.798249903168167352e-01 1.613882729029407770e-01 1.656525808350161277e+00 -9.126894151687192647e-02 1.542654214465689178e+00 -4.764674156275943151e-01 7.327423420614833649e-01 3.957934085692873527e-01 -4.163779460304048441e-01 -1.190551917408091409e+00 2.623386279856200209e-01 0.000000000000000000e+00
-1.444818675240055472e-01 -2.790467536311624919e-01 1.614784055736986912e-01 1.660352187291556092e+00 -9.423823158068955763e-02 1.542636572672942741e+00 -4.731023451427110449e-01 7.281228894136591023e-01 4.026032446346743399e-01 -4.093072866257580489e-01 -1.191482559051019630e+00 2.626349213016481721e-01 0.000000000000000000e+00
-1.437930748858547991e-01 -2.783290479206377288e-01 1.615437304648960903e-01 1.663910302764707971e+00 -9.696125658666865377e-02 1.542694997826452363e+00 -4.698321164821482321e-01 7.238652271999221899e-01 4.089305159105391940e-01 -4.026360680951095450e-01 -1.192313198995015311e+00 2.628688800034116313e-01 0.000000000000000000e+00
-1.430124454604414785e-01 -2.775524894100818152e-01 1.615951665338407339e-01 1.667789421173901943e+00 -9.989118383738171403e-02 1.542840665104953324e+00 -4.661113808336849185e-01 7.192627522040472288e-01 4.158237089180456536e-01 -3.952531197631373727e-01 -1.193179924771781586e+00 2.630778049909283656e-01 0.000000000000000000e+00
-1.422608475500904135e-01 -2.768366332193846202e-01 1.616249127469941982e-01 1.671389322682565570e+00 -1.025769011955195431e-01 1.543052106586119576e+00 -4.625134502009878301e-01 7.150260623838947671e-01 4.222170265889442220e-01 -3.882957778628735035e-01 -1.193947714114051539e+00 2.632283568163019116e-01 0.000000000000000000e+00
-1.414136023992931812e-01 -2.760623149428138579e-01 1.616379207785151040e-01 1.675306425090765217e+00 -1.054651822802643579e-01 1.543366090418853753e+00 -4.584385474170576402e-01 7.104519500536291554e-01 4.291705401951413368e-01 -3.806054008725653359e-01 -1.194742534541385792e+00 2.633439879418817409e-01 0.000000000000000000e+00
-1.406014285575984957e-01 -2.753488504296972006e-01 1.616321839874801658e-01 1.678934978303031400e+00 -1.081108452072392367e-01 1.543735634569207038e+00 -4.545126152066037428e-01 7.062466855343394467e-01 4.356095310787346797e-01 -3.733650648169669073e-01 -1.195440149588931966e+00 2.634051907126831460e-01 0.000000000000000000e+00
-1.396896381240384233e-01 -2.745774238242368881e-01 1.616067811658202513e-01 1.682876164330667557e+00 -1.109541446032435985e-01 1.544223666523972360e+00 -4.500815812059026366e-01 7.017122543043160521e-01 4.426016605207379051e-01 -3.653690568020584450e-01 -1.196154942025509094e+00 2.634205704679783433e-01 0.000000000000000000e+00
-1.388192868470794483e-01 -2.738667426995384235e-01 1.615657832155047435e-01 1.686520273558787864e+00 -1.135570609381257867e-01 1.544755788345935299e+00 -4.458283132079642885e-01 6.975486016770588993e-01 4.490662177507962483e-01 -3.578493218585971358e-01 -1.196775591717552212e+00 2.633866484535934416e-01 0.000000000000000000e+00
-1.378460014899624830e-01 -2.730984330318690367e-01 1.615024469868852619e-01 1.690471093304174666e+00 -1.163526546186548494e-01 1.545421851879771546e+00 -4.410443437838004743e-01 6.930644376126107176e-01 4.560752582657214838e-01 -3.495537082210548041e-01 -1.197403698260647298e+00 2.632962341345853052e-01 0.000000000000000000e+00
-1.369199497284000200e-01 -2.723908022149684194e-01 1.614265100147873888e-01 1.694117746281825987e+00 -1.189099631453176542e-01 1.546120602957412604e+00 -4.364651714474637179e-01 6.889521839943921755e-01 4.625458076082322734e-01 -3.417587022894201243e-01 -1.197940991010570722e+00 2.631615447624545134e-01 0.000000000000000000e+00
-1.358874658567485183e-01 -2.716259764184972836e-01 1.613254356977966153e-01 1.698064454918776889e+00 -1.216542782272789225e-01 1.546969463946460843e+00 -4.313281001522690228e-01 6.845290728979340766e-01 4.695509865395766091e-01 -3.331664125064429660e-01 -1.198475354283295324e+00 2.629586285321472983e-01 0.000000000000000000e+00
-1.349082462000443794e-01 -2.709215775980850505e-01 1.612150002643128188e-01 1.701700743281296724e+00 -1.241628792404299020e-01 1.547838228234115654e+00 -4.264251540064058488e-01 6.804776725106237434e-01 4.760083532346919277e-01 -3.251007961185425899e-01 -1.198923431136700968e+00 2.627177123220360011e-01 0.000000000000000000e+00
-1.338197764605052464e-01 -2.701601967854192488e-01 1.610769050896861121e-01 1.705629252132426998e+00 -1.268529975865968495e-01 1.548872637899322502e+00 -4.209399409777105361e-01 6.761252017620800192e-01 4.829892974001164241e-01 -3.162189541460466158e-01 -1.199358458500765501e+00 2.623971675953313265e-01 0.000000000000000000e+00
-1.327899640695175687e-01 -2.694590605928932070e-01 1.609324225279643583e-01 1.709242583904662993e+00 -1.293097462797083708e-01 1.549914560418329312e+00 -4.157161504995200985e-01 6.721437759324115913e-01 4.894152387943688787e-01 -3.078878538869789794e-01 -1.199711993135473387e+00 2.620446982250593249e-01 0.000000000000000000e+00
-1.316479329660402153e-01 -2.687013330612000872e-01 1.607577021025334285e-01 1.713139378253591083e+00 -1.319417807782223839e-01 1.551137925782468674e+00 -4.098842271864100439e-01 6.678721987019790030e-01 4.963519744856981220e-01 -2.987204877561128180e-01 -1.200041692478425404e+00 2.616001167705842567e-01 0.000000000000000000e+00
-1.305701936957563147e-01 -2.680034777995032869e-01 1.605798043501847627e-01 1.716717165956882951e+00 -1.343435221482742747e-01 1.552355110768440793e+00 -4.043433208014184932e-01 6.639695358615496090e-01 5.027282479256203196e-01 -2.901294962641670638e-01 -1.200295758046418859e+00 2.611309510102963749e-01 0.000000000000000000e+00
-1.293778644961282309e-01 -2.672492025711858399e-01 1.603693590896100307e-01 1.720568716469516701e+00 -1.369143511632326948e-01 1.553768744556376147e+00 -3.981711453695372382e-01 6.597876405808253963e-01 5.096017335410603089e-01 -2.806846620372283052e-01 -1.200515735152459351e+00 2.605576223618726872e-01 0.000000000000000000e+00
-1.282548438013325354e-01 -2.665545722638256176e-01 1.601587383542582566e-01 1.724098647888162361e+00 -1.392577499932290408e-01 1.555162559950158396e+00 -3.923174840040293820e-01 6.559721962660961525e-01 5.159108953215127968e-01 -2.718398380038843931e-01 -1.200666203754048977e+00 2.599667667845250163e-01 0.000000000000000000e+00
-1.270147081368641073e-01 -2.658038448608063264e-01 1.599131356910992730e-01 1.727891793326562286e+00 -1.417633494771872726e-01 1.556768611870290364e+00 -3.858080857991169066e-01 6.518895037359774269e-01 5.227022224173234477e-01 -2.621226456212146227e-01 -1.200771265459052550e+00 2.592585656716457354e-01 0.000000000000000000e+00
-1.258490844116592622e-01 -2.651123815529777827e-01 1.596705644797984380e-01 1.731361788155941106e+00 -1.440451205334696283e-01 1.558339939561642185e+00 -3.796467294591640007e-01 6.481694005882729925e-01 5.289270951492750505e-01 -2.530304638568727782e-01 -1.200814009194548282e+00 2.585412099425192234e-01 0.000000000000000000e+00
-1.245644056716593701e-01 -2.643649336313499409e-01 1.593908818982757714e-01 1.735083647841301868e+00 -1.464823249584377152e-01 1.560138013140379254e+00 -3.728079980959495554e-01 6.441939668710572331e-01 5.356184205461538284e-01 -2.430498182633668847e-01 -1.200800959705206949e+00 2.576938586626832950e-01 0.000000000000000000e+00
-1.233588177056148399e-01 -2.636765356105683633e-01 1.591171873292310801e-01 1.738481951818442006e+00 -1.486990914069332703e-01 1.561886919824971631e+00 -3.663446392883817904e-01 6.405769946365661438e-01 5.417426257888999785e-01 -2.337172029868613277e-01 -1.200732649623246440e+00 2.568453588946272292e-01 0.000000000000000000e+00
-1.220321068982642004e-01 -2.629324605301376350e-01 1.588041748669599684e-01 1.742119800761020798e+00 -1.510638822697876194e-01 1.563877457245096636e+00 -3.591811354302321124e-01 6.367177413219050619e-01 5.483158399914334069e-01 -2.234792128082697116e-01 -1.200597227881815776e+00 2.558530484277068973e-01 0.000000000000000000e+00
-1.207891763010364716e-01 -2.622470439329471215e-01 1.585002711705644773e-01 1.745434918537241309e+00 -1.532122974837930585e-01 1.565803183664180587e+00 -3.524220991626382249e-01 6.332113568516793967e-01 5.543233987784339512e-01 -2.139134877125981604e-01 -1.200414934505199982e+00 2.548689271811385160e-01 0.000000000000000000e+00
-1.194235963497770892e-01 -2.615060577270918452e-01 1.581551321212223971e-01 1.748976722834505892e+00 -1.555015470774732123e-01 1.567984398170955584e+00 -3.449429441362869553e-01 6.294754078954890586e-01 5.607621233459183507e-01 -2.034278235526291723e-01 -1.200154743666699053e+00 2.537278125883100088e-01 0.000000000000000000e+00
-1.181459354753568725e-01 -2.608235879965548620e-01 1.578220395866036796e-01 1.752197441069204942e+00 -1.575784168757996540e-01 1.570085185416398632e+00 -3.378952212065285399e-01 6.260867351454449947e-01 5.666373230267423011e-01 -1.936366618706824028e-01 -1.199855936992392236e+00 2.526037755159716292e-01 0.000000000000000000e+00
-1.167439345766072833e-01 -2.600858589033946400e-01 1.574456808716110934e-01 1.755631033522242923e+00 -1.597881609458884355e-01 1.572455620538016019e+00 -3.301063738349147014e-01 6.224824795051590032e-01 5.729242474120921358e-01 -1.829103977509815848e-01 -1.199467781263513277e+00 2.513083640274866304e-01 0.000000000000000000e+00
-1.154340610310270326e-01 -2.594062807592174558e-01 1.570843630413380487e-01 1.758746692362244346e+00 -1.617902896928207213e-01 1.574729575735019482e+00 -3.227774876730711284e-01 6.192183761151034416e-01 5.786523074426894730e-01 -1.729018888345707217e-01 -1.199050197604588863e+00 2.500402998744454264e-01 0.000000000000000000e+00
-1.139986586071204816e-01 -2.586715996977019261e-01 1.566781249496195516e-01 1.762060925943325529e+00 -1.639175851547753915e-01 1.577285504118469683e+00 -3.146892344159050725e-01 6.157522053773379911e-01 5.847722516276916416e-01 -1.619453777938757444e-01 -1.198532878562840853e+00 2.485871793151573361e-01 0.000000000000000000e+00
-1.126590293393160691e-01 -2.579949438488443048e-01 1.562896594412525597e-01 1.765061185987630843e+00 -1.658418974609583429e-01 1.579729647701915374e+00 -3.070872410842738764e-01 6.126191295129141956e-01 5.903386577801206236e-01 -1.517279272451913519e-01 -1.197994653706536017e+00 2.471711599188053943e-01 0.000000000000000000e+00
-1.111925467413654861e-01 -2.572635928183186760e-01 1.558545717071458392e-01 1.768244695482199980e+00 -1.678830370264785543e-01 1.582467991024758991e+00 -2.987068390555261965e-01 6.092987002658034612e-01 5.962752433240710026e-01 -1.405490921877451949e-01 -1.197345641348883660e+00 2.455552037036157487e-01 0.000000000000000000e+00
-1.098255414277352904e-01 -2.565899622162901572e-01 1.554401400637252240e-01 1.771119536361903002e+00 -1.697265681768067580e-01 1.585078063798903480e+00 -2.908403605381364998e-01 6.063027771975187941e-01 6.016658808445547457e-01 -1.301314801160061430e-01 -1.196685710030761962e+00 2.439874673489133283e-01 0.000000000000000000e+00
-1.083307917177776664e-01 -2.558618107913452899e-01 1.549775639377464209e-01 1.774162349457965249e+00 -1.716789588187910276e-01 1.587993816522094148e+00 -2.821791947514671883e-01 6.031337486583789875e-01 6.074053924678390892e-01 -1.187413065813053697e-01 -1.195904604883041733e+00 2.422057127111094388e-01 0.000000000000000000e+00
-1.069386860719617055e-01 -2.551913475461090042e-01 1.545382769012770552e-01 1.776902412586617075e+00 -1.734389557733226894e-01 1.590765485263507362e+00 -2.740573523750525209e-01 6.002809039196589369e-01 6.126068123928729570e-01 -1.081325960565963223e-01 -1.195121901838667400e+00 2.404826974200986178e-01 0.000000000000000000e+00
-1.054178006414296237e-01 -2.544668794888069185e-01 1.540493934241321528e-01 1.779793975902427050e+00 -1.752991807222672449e-01 1.593853492568956476e+00 -2.651238450774089372e-01 5.972702668863516529e-01 6.181335374450598330e-01 -9.653981421958936215e-02 -1.194207106004225194e+00 2.385303506697183384e-01 0.000000000000000000e+00
-1.040027550833662745e-01 -2.537997954624467423e-01 1.535864193832732205e-01 1.782390388616464705e+00 -1.769730488298995041e-01 1.596781505449265115e+00 -2.567562428666504415e-01 5.945660265364578478e-01 6.231328234433561875e-01 -8.574938456237443662e-02 -1.193301098601380339e+00 2.366486942015228467e-01 0.000000000000000000e+00
-1.024582688385757834e-01 -2.530790175279502563e-01 1.530726072833721585e-01 1.785122031562697664e+00 -1.787388836017127502e-01 1.600035410432486094e+00 -2.475626778885606505e-01 5.917187078569996483e-01 6.284343782253771771e-01 -7.396552091715428989e-02 -1.192253011554379682e+00 2.345232752698010736e-01 0.000000000000000000e+00
-1.010223245220744498e-01 -2.524156221407916068e-01 1.525871750516606118e-01 1.787566421098796710e+00 -1.803242386983643364e-01 1.603113610556778479e+00 -2.389593692765732691e-01 5.891681984810307471e-01 6.332190134398132386e-01 -6.300302192519581512e-02 -1.191223566635009501e+00 2.324797984758696090e-01 0.000000000000000000e+00
-9.945612566173199498e-02 -2.516991925522882312e-01 1.520496187433539037e-01 1.790128726370115331e+00 -1.819927154580591733e-01 1.606526868431392030e+00 -2.295153007084479169e-01 5.864907229000922984e-01 6.382806174076183225e-01 -5.103754317719989136e-02 -1.190041389427123342e+00 2.301768632127372538e-01 0.000000000000000000e+00
-9.800117778815481406e-02 -2.510398677663752687e-01 1.515429005650389127e-01 1.792413386706051881e+00 -1.834873464286581601e-01 1.609748772682678242e+00 -2.206867552472671357e-01 5.840989379250921543e-01 6.428386176132883101e-01 -3.991291593150443628e-02 -1.188888640149282416e+00 2.279685866816003603e-01 0.000000000000000000e+00
-9.641548346194665775e-02 -2.503279438295736847e-01 1.509830210068956735e-01 1.794799048386382267e+00 -1.850567174254469371e-01 1.613313596640476577e+00 -2.110052825127179954e-01 5.815953001843087167e-01 6.476492186483535640e-01 -2.777779798325965763e-02 -1.187573571203001332e+00 2.254861210714829978e-01 0.000000000000000000e+00
-9.494329930194793377e-02 -2.496731929704552599e-01 1.504562888787247810e-01 1.796916763800823880e+00 -1.864586926671947253e-01 1.616671545863547887e+00 -2.019624025180562776e-01 5.793667669841303658e-01 6.519688659364617500e-01 -1.650120722875346446e-02 -1.186298183356962577e+00 2.231102318392392259e-01 0.000000000000000000e+00
-9.333969681466819379e-02 -2.489665995294847445e-01 1.498752434645870268e-01 1.799117733069916625e+00 -1.879264637119275605e-01 1.620380279885921482e+00 -1.920540950376596612e-01 5.770428926169273165e-01 6.565147487591724840e-01 -4.206595059537359890e-03 -1.184850089514231763e+00 2.204442244957449393e-01 0.000000000000000000e+00
-9.185186713651478929e-02 -2.483169343266843354e-01 1.493296383439859931e-01 1.801062163775091207e+00 -1.892340415222006911e-01 1.623866909715871998e+00 -1.828081656546361455e-01 5.749818722493149625e-01 6.605852573273041095e-01 7.211528142744332882e-03 -1.183452728890267203e+00 2.178981592698451542e-01 0.000000000000000000e+00
-9.023222164247868271e-02 -2.476160841707057969e-01 1.487289168903358494e-01 1.803072494285656191e+00 -1.905989282818323360e-01 1.627709968753878522e+00 -1.726867719975195836e-01 5.728410902070547595e-01 6.648560356094099788e-01 1.965329244575492532e-02 -1.181873740679959317e+00 2.150470289410767455e-01 0.000000000000000000e+00
-8.873017129317284368e-02 -2.469721141571293854e-01 1.481656207971918382e-01 1.804837874160578615e+00 -1.918105910543204118e-01 1.631316963199433756e+00 -1.632493946216330427e-01 5.709515108346162604e-01 6.686670191293133669e-01 3.120233394245192776e-02 -1.180355738858614112e+00 2.123283908765398187e-01 0.000000000000000000e+00
-8.709572983927980905e-02 -2.462779439959843497e-01 1.475462797265636172e-01 1.806651033145502794e+00 -1.930706127254242510e-01 1.635286039379459710e+00 -1.529264329595110827e-01 5.689991474394791027e-01 6.726503091717446203e-01 4.378049162457200993e-02 -1.178646388912946819e+00 2.092885422950256924e-01 0.000000000000000000e+00
-8.558072974373812092e-02 -2.456404050330641131e-01 1.469664660421794167e-01 1.808232310645576213e+00 -1.941850804038698364e-01 1.639004593170610979e+00 -1.433095918156668258e-01 5.672847374877406645e-01 6.761915144732233429e-01 5.544960215513415613e-02 -1.177009210632820491e+00 2.063951509287090813e-01 0.000000000000000000e+00
-8.393295615249365960e-02 -2.449534312650296641e-01 1.463298797570214416e-01 1.809844091585828707e+00 -1.953394250983704339e-01 1.643089736220072927e+00 -1.327993766393986697e-01 5.655233227427622911e-01 6.798783946863284910e-01 6.815152400713186953e-02 -1.175172028954829528e+00 2.031654855404995685e-01 0.000000000000000000e+00
-8.240608554766554184e-02 -2.443231067645218468e-01 1.457347075204968867e-01 1.811236969033347854e+00 -1.963556143167179968e-01 1.646910534140820337e+00 -1.230153056238542514e-01 5.639874111630862608e-01 6.831402343894579232e-01 7.992970346790037595e-02 -1.173417671586739708e+00 2.000953934358562225e-01 0.000000000000000000e+00
-8.074587872670216382e-02 -2.436445176192211792e-01 1.450819910623821762e-01 1.812642197916483511e+00 -1.974027712489081487e-01 1.651101781807571944e+00 -1.123301706982383352e-01 5.624216721792014706e-01 6.865187205483325172e-01 9.274408561930508332e-02 -1.171454122915024154e+00 1.966726988028863476e-01 0.000000000000000000e+00
-7.920803189841504888e-02 -2.430221488785481443e-01 1.444724684105338497e-01 1.813843253234696640e+00 -1.983198058696036270e-01 1.655016141677725150e+00 -1.023914366023875588e-01 5.610671884487871131e-01 6.894926725376238075e-01 1.046201445725123969e-01 -1.169584450671734110e+00 1.934241416156941007e-01 0.000000000000000000e+00
-7.753643910509090686e-02 -2.423525753833214447e-01 1.438048785906177462e-01 1.815039508209659758e+00 -1.992593727043434626e-01 1.659303072729521489e+00 -9.154613750433858443e-02 5.596990560177861340e-01 6.925550414751056039e-01 1.175341372710644872e-01 -1.167497730799602618e+00 1.898078518162323036e-01 0.000000000000000000e+00
-7.598833871427247699e-02 -2.417390835024212370e-01 1.431820753187217077e-01 1.816045931060594754e+00 -2.000765554691228409e-01 1.663301164691779910e+00 -8.146552350141383902e-02 5.585288630348054228e-01 6.952323173189625116e-01 1.294967489596993704e-01 -1.165515273684147646e+00 1.863792649393506695e-01 0.000000000000000000e+00
-7.430587652487173622e-02 -2.410797797679587462e-01 1.425006327175329657e-01 1.817029661237423710e+00 -2.009074321278925268e-01 1.667673408350004438e+00 -7.047310972027322207e-02 5.573622653192961129e-01 6.979679163906920003e-01 1.424985760399536394e-01 -1.163307513140471761e+00 1.825666002990091463e-01 0.000000000000000000e+00
-7.274806817832836503e-02 -2.404761214883517906e-01 1.418655805907171330e-01 1.817839512969220195e+00 -2.016242694402343716e-01 1.671745297955270937e+00 -6.026367778318349883e-02 5.563787932182435725e-01 7.003402602897343954e-01 1.545362805489503555e-01 -1.161214934313942182e+00 1.789566854414067487e-01 0.000000000000000000e+00
-7.105536973662178457e-02 -2.398277639211228995e-01 1.411713703167110923e-01 1.818610074540821131e+00 -2.023464048664846970e-01 1.676192568936552885e+00 -4.913924611338060799e-02 5.554150285092575023e-01 7.027426979090947157e-01 1.676129674229710487e-01 -1.158889728366193861e+00 1.749475460916446734e-01 0.000000000000000000e+00
-6.948819764777255936e-02 -2.392348346742206866e-01 1.405249680863366601e-01 1.819222162401705312e+00 -2.029624665087013113e-01 1.680328763963890637e+00 -3.881419969546782284e-02 5.546203745294914222e-01 7.048029193283804616e-01 1.797141716792093613e-01 -1.156689957305788496e+00 1.711551714098581978e-01 0.000000000000000000e+00
-6.778541435580227870e-02 -2.385988303642191388e-01 1.398189437075818831e-01 1.819777672638547728e+00 -2.035750930451967200e-01 1.684840135311709064e+00 -2.757141964353532898e-02 5.538628716469321533e-01 7.068620754832295461e-01 1.928535427073878317e-01 -1.154249969115057839e+00 1.669472770189921185e-01 0.000000000000000000e+00
-6.620906554685208889e-02 -2.380176292044978714e-01 1.391621188845653945e-01 1.820191561852831263e+00 -2.040901509442107908e-01 1.689030496844196039e+00 -1.714420562770977916e-02 5.532588667117021020e-01 7.086029838878142861e-01 2.050065620915849651e-01 -1.151946334772139258e+00 1.629715603409105373e-01 0.000000000000000000e+00
-6.449642840810358713e-02 -2.373947123590407493e-01 1.384452875679020589e-01 1.820533023776464532e+00 -2.045934494652765778e-01 1.693595360261999527e+00 -5.798383607983184466e-03 5.527081582877872989e-01 7.103135322559723797e-01 2.181955677845797414e-01 -1.149395825396170467e+00 1.585652770935903622e-01 0.000000000000000000e+00
-6.291090972719629026e-02 -2.368262406692843713e-01 1.377788717711106725e-01 1.820749112049521834e+00 -2.050073391279645385e-01 1.697830089510460327e+00 4.717443452074200107e-03 5.522963670042339013e-01 7.117284697431314200e-01 2.303886677431826180e-01 -1.146991656722101460e+00 1.544055692736979180e-01 0.000000000000000000e+00
-6.118821821039683445e-02 -2.362177455650341651e-01 1.370519954233552495e-01 1.820876215987324187e+00 -2.054007860806699171e-01 1.702437963285002409e+00 1.615211674411451415e-02 5.519552493581083574e-01 7.130818882091096711e-01 2.436147912438703655e-01 -1.144333955112256884e+00 1.497990662466742173e-01 0.000000000000000000e+00
-5.959337766791424074e-02 -2.356629964372216057e-01 1.363767533224299888e-01 1.820895622203195785e+00 -2.057134257153978574e-01 1.706707369157971055e+00 2.674282908522221391e-02 5.517369700172626290e-01 7.141647295083357605e-01 2.558361373547848872e-01 -1.141832847374508964e+00 1.454549345212937939e-01 0.000000000000000000e+00
-5.786049554360436775e-02 -2.350697070339704542e-01 1.356407431287001975e-01 1.820811047052599996e+00 -2.059973415496303417e-01 1.711347645413404894e+00 3.825094112491606718e-02 5.516053432803854628e-01 7.151564906982814662e-01 2.690863458185810964e-01 -1.139072614062696331e+00 1.406491105314344736e-01 0.000000000000000000e+00
-5.625602453310706019e-02 -2.345296190548908366e-01 1.349573883709975219e-01 1.820635544855267796e+00 -2.062086797542286298e-01 1.715642138917187864e+00 4.890274908620316496e-02 5.515814414096020801e-01 7.159019094873944056e-01 2.813240537254427243e-01 -1.136478562002904535e+00 1.361203468411058826e-01 0.000000000000000000e+00
-5.451243793399941640e-02 -2.339529418299205465e-01 1.342129450367821053e-01 1.820340542161570596e+00 -2.063826973190403535e-01 1.720304181464924476e+00 6.046969826063635506e-02 5.516615026898725738e-01 7.165240239180370452e-01 2.945855972686285407e-01 -1.133619525414649942e+00 1.311138619854875231e-01 0.000000000000000000e+00
-5.289789602307481964e-02 -2.334284647554304148e-01 1.335221239306071672e-01 1.819972619999902008e+00 -2.064927582633391268e-01 1.724614347907949652e+00 7.116867746273147777e-02 5.518327106584509645e-01 7.169269601909658007e-01 3.068277493255592847e-01 -1.130936656932504114e+00 1.264004996197244102e-01 0.000000000000000000e+00
-5.114315239306428673e-02 -2.328690000755722633e-01 1.327699371779003934e-01 1.819471307099632895e+00 -2.065572375528370586e-01 1.729288576217233198e+00 8.277906113006817945e-02 5.521236942970557671e-01 7.171767647012154967e-01 3.200876616825774623e-01 -1.127984010231933398e+00 1.211947603802976670e-01 0.000000000000000000e+00
-4.951796252891875472e-02 -2.323611009534572447e-01 1.320722930996130473e-01 1.818914125182239161e+00 -2.065660508948639063e-01 1.733604937546841196e+00 9.351129239508645941e-02 5.524903450001323879e-01 7.172324247679982001e-01 3.323223901779696066e-01 -1.125216586385177520e+00 1.162970490104522359e-01 0.000000000000000000e+00
-4.775128145989755019e-02 -2.318202970807586305e-01 1.313130225304241505e-01 1.818209198389170389e+00 -2.065206681234950103e-01 1.738280640661327592e+00 1.051501968532222303e-01 5.529938156042119024e-01 7.171024625068023184e-01 3.455677217280195834e-01 -1.122174457471980080e+00 1.108912397941332895e-01 0.000000000000000000e+00
-4.611476389364379397e-02 -2.313298020485594353e-01 1.306090445186198490e-01 1.817466470577246973e+00 -2.064282112469215669e-01 1.742594638076946145e+00 1.159016694571163436e-01 5.535560421998413361e-01 7.168071179419124306e-01 3.577830424369677909e-01 -1.119326872476412715e+00 1.058096954076667429e-01 0.000000000000000000e+00
-4.433543772860050469e-02 -2.308081793237241330e-01 1.298432668623474562e-01 1.816563323028083765e+00 -2.062733167114436661e-01 1.747262756230224978e+00 1.275538148192968679e-01 5.542706348993368115e-01 7.162957910126173111e-01 3.710010100068171779e-01 -1.116200853988877917e+00 1.002057053943538611e-01 0.000000000000000000e+00
-4.268680837490276825e-02 -2.303360205524837556e-01 1.291335578851712240e-01 1.815639320423109382e+00 -2.060796256962209583e-01 1.751564905494921165e+00 1.383105554887222588e-01 5.550282043609234828e-01 7.156454470744195717e-01 3.831850385729568820e-01 -1.113278034692515739e+00 9.494106036056594589e-02 0.000000000000000000e+00
-4.089387013242318930e-02 -2.298348895784421697e-01 1.283617931597976769e-01 1.814541859633091114e+00 -2.058149213075290973e-01 1.756215526773254432e+00 1.499608199933829267e-01 5.559548845517301441e-01 7.147466302065184074e-01 3.963625926732644023e-01 -1.110072654004496506e+00 8.913861491177173246e-02 0.000000000000000000e+00
-3.923226475044486183e-02 -2.293818865221515790e-01 1.276468170492977283e-01 1.813441458382247795e+00 -2.055199659517956690e-01 1.760497398235461919e+00 1.607088554549951365e-01 5.569073308260834576e-01 7.137380911017050522e-01 4.085034780297449042e-01 -1.107079260939247467e+00 8.369186791607124976e-02 0.000000000000000000e+00
-3.742482679348678454e-02 -2.289016692233002415e-01 1.268695689808894966e-01 1.812156143707507994e+00 -2.051457116868746766e-01 1.765122001268677243e+00 1.723421755972201486e-01 5.580440678478700844e-01 7.124512516629786241e-01 4.216280352243597651e-01 -1.103800443584169066e+00 7.769337219915517512e-02 0.000000000000000000e+00
-3.574934213635183600e-02 -2.284685353147541398e-01 1.261497386156587852e-01 1.810884539922932746e+00 -2.047495027663908118e-01 1.769375493504085739e+00 1.830675741895667064e-01 5.591906585656900575e-01 7.110821205465689410e-01 4.337139928833573244e-01 -1.100741536756103978e+00 7.206574663116785406e-02 0.000000000000000000e+00
-3.392631649411991662e-02 -2.280104487301948257e-01 1.253674824020173384e-01 1.809416238152402379e+00 -2.042653396816742628e-01 1.773964553188987381e+00 1.946687699511426284e-01 5.605377520240794054e-01 7.094021985309471034e-01 4.467724371039110132e-01 -1.097394276161010707e+00 6.587147528461732848e-02 0.000000000000000000e+00
-3.223599881184030513e-02 -2.275978986627102962e-01 1.246432349589554622e-01 1.807979065622281389e+00 -2.037678094967043663e-01 1.778181539030698310e+00 2.053576499470414762e-01 5.618773886314165633e-01 7.076703448740686575e-01 4.587916825776021668e-01 -1.094275048734255407e+00 6.006445668888876072e-02 0.000000000000000000e+00
-3.039640040728500137e-02 -2.271622810193404951e-01 1.238563926579302477e-01 1.806335141307794601e+00 -2.031739654823416785e-01 1.782727250891843029e+00 2.169119740734319901e-01 5.634324083919137749e-01 7.055976065976601319e-01 4.717717965725937712e-01 -1.090865403590626892e+00 5.367733502871367690e-02 0.000000000000000000e+00
-2.869026032334683410e-02 -2.267710123862148042e-01 1.231281525931640780e-01 1.804738435244836126e+00 -2.025750132874160059e-01 1.786899804643905965e+00 2.275506201932692152e-01 5.649637925977366582e-01 7.035011661875496536e-01 4.837127118207230070e-01 -1.087691115308334400e+00 4.769265862114159538e-02 0.000000000000000000e+00
-2.683296466988799311e-02 -2.263590415350455187e-01 1.223372486736245268e-01 1.802924581737201493e+00 -2.018711311322252122e-01 1.791392631287897164e+00 2.390428760215040638e-01 5.667262726071510270e-01 7.010313505926100142e-01 4.966013795217841253e-01 -1.084224545096405423e+00 4.111352304637180127e-02 0.000000000000000000e+00
-2.511004128349248604e-02 -2.259896454076845140e-01 1.216053987323653662e-01 1.801174615823724068e+00 -2.011707229724759571e-01 1.795513338527023883e+00 2.496175896304226038e-01 5.684478065148055315e-01 6.985692581648317301e-01 5.084524130831230559e-01 -1.081000588859782674e+00 3.495316955301696477e-02 0.000000000000000000e+00
-2.323406612248956130e-02 -2.256014448554298779e-01 1.208107723596209271e-01 1.799198705212184279e+00 -2.003569758961081249e-01 1.799946558780935346e+00 2.610335126039131093e-01 5.704146841378835431e-01 6.957042294641242464e-01 5.212378167129163575e-01 -1.077483352008115070e+00 2.818548217306955303e-02 0.000000000000000000e+00
-2.149340998813300402e-02 -2.252544645498385512e-01 1.200756969847902589e-01 1.797301908178894791e+00 -1.995549820523629947e-01 1.804008241150004466e+00 2.715308114488943492e-01 5.723245035346066212e-01 6.928759523864602698e-01 5.329874837052641645e-01 -1.074215253876424248e+00 2.185169655550710938e-02 0.000000000000000000e+00
-1.959769045534210871e-02 -2.248911148863889653e-01 1.192778507289226075e-01 1.795170133448108274e+00 -1.986310544279534795e-01 1.808372913166629736e+00 2.828553380627246705e-01 5.744948466649666408e-01 6.896125147866771776e-01 5.456566070639619070e-01 -1.070653076181361740e+00 1.489687009411659081e-02 0.000000000000000000e+00
-1.783836448250745998e-02 -2.245671904568939947e-01 1.185400484938404636e-01 1.793133418664093703e+00 -1.977274654727758652e-01 1.812367858198745241e+00 2.932618730488046888e-01 5.765907544428591214e-01 6.864172541108004566e-01 5.572936889212266598e-01 -1.067346495371919168e+00 8.392156347949597528e-03 0.000000000000000000e+00
-1.592199193558457154e-02 -2.242287750609752162e-01 1.177393978023695831e-01 1.790854067698810503e+00 -1.966935419424729048e-01 1.816657420003456425e+00 3.044812380890904446e-01 5.789608346549750539e-01 6.827580707730311893e-01 5.698351137056550941e-01 -1.063745834999104911e+00 1.254185546751093510e-03 0.000000000000000000e+00
-1.414317095404969346e-02 -2.239283039904869099e-01 1.169992359632729823e-01 1.788684097926577010e+00 -1.956883289867428211e-01 1.820579235515334959e+00 3.147838765031437669e-01 5.812404339690556698e-01 6.791966254472683318e-01 5.813484251512582857e-01 -1.060406430729227134e+00 -5.418695378984096124e-03 0.000000000000000000e+00
-1.220522232365922610e-02 -2.236158306910183413e-01 1.161963344844478968e-01 1.786263755512465856e+00 -1.945442909409442755e-01 1.824785085837957510e+00 3.258832994258351046e-01 5.838087199453008136e-01 6.751395658426417867e-01 5.937494347672123141e-01 -1.056773279791113795e+00 -1.273779442382161342e-02 0.000000000000000000e+00
-1.040613510851767093e-02 -2.233393268369007756e-01 1.154543128781276295e-01 1.783967521330726669e+00 -1.934375609439333843e-01 1.828626744341824484e+00 3.360690583575475787e-01 5.862693476344794652e-01 6.712124684992111234e-01 6.051279902616576445e-01 -1.053406911015199343e+00 -1.957580694160122869e-02 0.000000000000000000e+00
-8.445846112856515708e-03 -2.230528617674529812e-01 1.146496777880177814e-01 1.781414701283859259e+00 -1.921836783436479124e-01 1.832742453455342702e+00 3.470354230942758744e-01 5.890315117380824361e-01 6.667609947371433421e-01 6.173776657486678143e-01 -1.049747860835484881e+00 -2.707150685622462458e-02 0.000000000000000000e+00
-6.625808608675079481e-03 -2.228007838000267693e-01 1.139063227950468382e-01 1.778999219311563351e+00 -1.909755813202611563e-01 1.836497229574639567e+00 3.570916858179832287e-01 5.916701717461329002e-01 6.624694437985354512e-01 6.286107460685675941e-01 -1.046360386507931395e+00 -3.407135946538889654e-02 0.000000000000000000e+00
-4.642507250844599143e-03 -2.225412410880890923e-01 1.131005525002521106e-01 1.776320436065148556e+00 -1.896119167707199793e-01 1.840514769618589286e+00 3.679105114303211077e-01 5.946241500272488878e-01 6.576228900887546303e-01 6.406964374114560989e-01 -1.042681628936150240e+00 -4.174102205584331177e-02 0.000000000000000000e+00
-2.800972057338736287e-03 -2.223140325200605727e-01 1.123564328445235128e-01 1.773792695545972187e+00 -1.883027978810263292e-01 1.844176041040417102e+00 3.778248276679271878e-01 5.974376465608630671e-01 6.529686166096775324e-01 6.517734564914772211e-01 -1.039279041169410611e+00 -4.889914133516394534e-02 0.000000000000000000e+00
-7.941401100954034254e-04 -2.220814284718755360e-01 1.115501327278581450e-01 1.770996518241464202e+00 -1.868299683443197523e-01 1.848089378108330516e+00 3.884837637463194882e-01 6.005785787505024675e-01 6.477315103260368190e-01 6.636849770990745911e-01 -1.035587167529260944e+00 -5.673769411181062150e-02 0.000000000000000000e+00
1.069332943772694855e-03 -2.218795594349437517e-01 1.108059144746649793e-01 1.768363527576958028e+00 -1.854202205378294721e-01 1.851650419522814950e+00 3.982440494043781309e-01 6.035633165422088497e-01 6.427166448353629491e-01 6.745955486109658228e-01 -1.032175458435787840e+00 -6.405024760603142409e-02 0.000000000000000000e+00
3.100096887808532087e-03 -2.216748941958903985e-01 1.099998868708500777e-01 1.765456703080202416e+00 -1.838387306865314486e-01 1.855451137954845287e+00 4.087291143531018855e-01 6.068884729002544942e-01 6.370889859778618991e-01 6.863207145212848470e-01 -1.028476860313885854e+00 -7.205441987415661664e-02 0.000000000000000000e+00
4.985770138042314170e-03 -2.214988222297965548e-01 1.092562565874311969e-01 1.762725430846532326e+00 -1.823290950692690870e-01 1.858905501806466409e+00 4.183234850752485801e-01 6.100407901035540537e-01 6.317161916366815788e-01 6.970547184529037876e-01 -1.025062022006131501e+00 -7.951727968358797416e-02 0.000000000000000000e+00
7.040673616469064061e-03 -2.213221099555906790e-01 1.084512491649717858e-01 1.759716208313017560e+00 -1.806398616280970870e-01 1.862587684504050101e+00 4.286231607225891027e-01 6.135447777287985627e-01 6.257037060016643615e-01 7.085838091279658135e-01 -1.021363423884229515e+00 -8.768145799895647741e-02 0.000000000000000000e+00
8.948687396530145832e-03 -2.211723339294447421e-01 1.077090027174683329e-01 1.756893543000659363e+00 -1.790311722208515199e-01 1.865928723236843334e+00 4.380402314951638010e-01 6.168606796020561500e-01 6.199760454452309943e-01 7.191313917832791169e-01 -1.017951515053674649e+00 -9.529024239136736629e-02 0.000000000000000000e+00
1.102776599526109069e-02 -2.210246165076931169e-01 1.069060154883839237e-01 1.753788652115547464e+00 -1.772352829330166024e-01 1.869483826723849385e+00 4.481411354566435801e-01 6.205400363850824830e-01 6.135799314551877437e-01 7.304526893142876398e-01 -1.014259441676443219e+00 -1.036104819466145271e-01 0.000000000000000000e+00
1.295804604250955575e-02 -2.209016367164375327e-01 1.061660228913511028e-01 1.750881392376165024e+00 -1.755288035027642302e-01 1.872704947247531448e+00 4.573697542925815318e-01 6.240152618705541165e-01 6.075011331090269806e-01 7.408042633133711252e-01 -1.010856587593594424e+00 -1.113605137453404781e-01 0.000000000000000000e+00
1.506117036256934133e-02 -2.207830283941435989e-01 1.053659644452918653e-01 1.747689009464727050e+00 -1.736277380884523325e-01 1.876127081749394909e+00 4.672613005028675159e-01 6.278642620150183262e-01 6.007277823505741132e-01 7.519088461106745447e-01 -1.007177563705704326e+00 -1.198306559804454552e-01 0.000000000000000000e+00
1.701349460468975019e-02 -2.206874258905729969e-01 1.046292226414289733e-01 1.744704004932160046e+00 -1.718249511563429976e-01 1.879221444877075875e+00 4.762907814682947882e-01 6.314942171598235676e-01 5.943018409563221027e-01 7.620551569687402660e-01 -1.003789823062041897e+00 -1.277169750479562327e-01 0.000000000000000000e+00
1.914027431369189763e-02 -2.205990407932720554e-01 1.038333133182749723e-01 1.741430598727463419e+00 -1.698204886458962726e-01 1.882501820897230393e+00 4.859602866226953588e-01 6.355087327660362551e-01 5.871537834324946914e-01 7.729317065977057144e-01 -1.000130573145245894e+00 -1.363324093652818481e-01 0.000000000000000000e+00
2.111421475576841927e-02 -2.205314211975268335e-01 1.031008999732442866e-01 1.738374454893728327e+00 -1.679232028507779972e-01 1.885462583912701495e+00 4.947803432579015448e-01 6.392886238802130139e-01 5.803853595220584971e-01 7.828636995670470444e-01 -9.967640712112766366e-01 -1.443497726031813255e-01 0.000000000000000000e+00
2.326414066970187988e-02 -2.204735028860888013e-01 1.023102636345585570e-01 1.735028061132026345e+00 -1.658175036172568895e-01 1.888595094134827512e+00 5.042182532660061112e-01 6.434624630986397475e-01 5.728697857678000105e-01 7.935040933863496404e-01 -9.931309868521905893e-01 -1.531037828433535475e-01 0.000000000000000000e+00
2.525907695194318237e-02 -2.204345544673062540e-01 1.015833721078212570e-01 1.731907465134201907e+00 -1.638280133105514125e-01 1.891415176447221791e+00 5.128190318749579202e-01 6.473872967551439483e-01 5.657638061891967496e-01 8.032131797724515465e-01 -9.897918488984218666e-01 -1.612466475476230232e-01 0.000000000000000000e+00
2.743129534199060388e-02 -2.204083129031952082e-01 1.007994574983029912e-01 1.728494336049017477e+00 -1.616237666986228838e-01 1.894390764730663257e+00 5.220135289594292072e-01 6.517157324748497071e-01 5.578845777880880874e-01 8.136066985587038225e-01 -9.861917877368527874e-01 -1.701339157108400502e-01 0.000000000000000000e+00
2.944642324289094629e-02 -2.203988048277740752e-01 1.000794141487436895e-01 1.725315831638239317e+00 -1.595445631914138573e-01 1.897062913045711285e+00 5.303856418992840549e-01 6.557801157724741925e-01 5.504465020215509874e-01 8.230844228251050776e-01 -9.828860058757373785e-01 -1.783964728613517681e-01 0.000000000000000000e+00
3.164000743332665705e-02 -2.204046222408611033e-01 9.930359580018574550e-02 1.721843897575082494e+00 -1.572448092707543488e-01 1.899875144848611308e+00 5.393283038131747587e-01 6.602563569326793669e-01 5.422117416149170310e-01 8.332238760433637870e-01 -9.793252263402469904e-01 -1.874097418336432286e-01 0.000000000000000000e+00
3.367429588770823323e-02 -2.204253502240277329e-01 9.859179301284787256e-02 1.718613999158304040e+00 -1.550790212061539108e-01 1.902392162250492458e+00 5.474628960733081140e-01 6.644548303911892440e-01 5.344475617729003147e-01 8.424623818648485640e-01 -9.760587926842376749e-01 -1.957858661598899652e-01 0.000000000000000000e+00
3.588795581691242575e-02 -2.204646616168862705e-01 9.782579934185064996e-02 1.715089525212971644e+00 -1.526873382176212601e-01 1.905031384004041817e+00 5.561428038561488929e-01 6.690736172487409261e-01 5.258619298926481278e-01 8.523375829239442369e-01 -9.725440858356054763e-01 -2.049190938945326668e-01 0.000000000000000000e+00
3.794016240346100022e-02 -2.205165155205025540e-01 9.712378812618738255e-02 1.711814654591654161e+00 -1.504384958197180211e-01 1.907385673847178831e+00 5.640314864791271532e-01 6.734003219137382201e-01 5.177781707198216843e-01 8.613292137123788050e-01 -9.693230590761818810e-01 -2.134023605203846929e-01 0.000000000000000000e+00
4.017252005808910620e-02 -2.205898055819238146e-01 9.636920712605236139e-02 1.708245291260365839e+00 -1.479589106074747917e-01 1.909845332654871441e+00 5.724414828854883508e-01 6.781543973546658721e-01 5.088509884297671704e-01 8.709339041837494966e-01 -9.658605501849153452e-01 -2.226477239816765374e-01 0.000000000000000000e+00
4.224120453111578771e-02 -2.206737486252410840e-01 9.567863830636377798e-02 1.704931894633302747e+00 -1.456310137903669144e-01 1.912029260536993513e+00 5.800764328356092792e-01 6.826032745346705122e-01 5.004545741449653029e-01 8.796714694041904981e-01 -9.626907892764757779e-01 -2.312314250701381912e-01 0.000000000000000000e+00
4.449049720626917920e-02 -2.207826231235968661e-01 9.493746611708436811e-02 1.701324019029238244e+00 -1.430683003672723608e-01 1.914299261189948309e+00 5.882066641694576603e-01 6.874867796045761592e-01 4.911915672414517431e-01 8.889963282240211928e-01 -9.592872028243273341e-01 -2.405821498420562810e-01 0.000000000000000000e+00
4.657401740514641869e-02 -2.208997348536528849e-01 9.426013221525031405e-02 1.697978644555666605e+00 -1.406659310485807168e-01 1.916304776038179059e+00 5.955805577537235385e-01 6.920515708710264224e-01 4.824896883796174762e-01 8.974730368156887961e-01 -9.561746333002971721e-01 -2.492592613057524609e-01 0.000000000000000000e+00
4.883847422631718005e-02 -2.210448456580093590e-01 9.353422493667205850e-02 1.694339691648872659e+00 -1.380249369801425097e-01 1.918378089426307165e+00 6.034252982187153780e-01 6.970567158237213068e-01 4.729011100328417427e-01 9.065126045037448232e-01 -9.528359613997192668e-01 -2.587069750756198494e-01 0.000000000000000000e+00
5.093496667830111485e-02 -2.211961866388808817e-01 9.287198077944781860e-02 1.690968596538112934e+00 -1.355530840985350594e-01 1.920197415050775236e+00 6.105315441134284704e-01 7.017308964319466380e-01 4.639018892353008461e-01 9.147220648800231668e-01 -9.497863090564423461e-01 -2.674701898663096600e-01 0.000000000000000000e+00
5.321233432781256878e-02 -2.213793212567332080e-01 9.216358926826839770e-02 1.687305329121497444e+00 -1.328400188097069723e-01 1.922063596061269308e+00 6.180819386989392372e-01 7.068512896808147872e-01 4.539943973479876327e-01 9.234680190578978820e-01 -9.465190764521058675e-01 -2.770073359145333036e-01 0.000000000000000000e+00
5.531977506102074560e-02 -2.215661120449666788e-01 9.151847771061380477e-02 1.683915189093847076e+00 -1.303042280413873044e-01 1.923688321018117930e+00 6.249144782126193620e-01 7.116280019910081744e-01 4.447059572560640994e-01 9.314043056853612557e-01 -9.435380670859256913e-01 -2.858489974440827641e-01 0.000000000000000000e+00
5.760785210739885476e-02 -2.217880056108110232e-01 9.082966216492388556e-02 1.680234825038127155e+00 -1.275250080399970010e-01 1.925340299570403202e+00 6.321662658609051855e-01 7.168553877366701244e-01 4.344910034209017446e-01 9.398521855582288032e-01 -9.403479995741742536e-01 -2.954666708257676633e-01 0.000000000000000000e+00
5.972398612962012687e-02 -2.220114793830836319e-01 9.020377696507404786e-02 1.676832122238818279e+00 -1.249314150311908733e-01 1.926762190397343311e+00 6.387196395133175608e-01 7.217277075299973754e-01 4.249221324661922594e-01 9.475097723776154668e-01 -9.374412258233800754e-01 -3.043788395451769158e-01 0.000000000000000000e+00
6.202012706851605522e-02 -2.222740663350467605e-01 8.953707214944828241e-02 1.673141588805755475e+00 -1.220932469156386091e-01 1.928188988776876611e+00 6.456654299523533203e-01 7.270550283955645732e-01 4.144074398503414525e-01 9.556520545153964763e-01 -9.343347815698572756e-01 -3.140686845924030024e-01 0.000000000000000000e+00
6.414248470859089390e-02 -2.225354680719147105e-01 8.893260867262339775e-02 1.669732870316365414e+00 -1.194486627207593799e-01 1.929399797617128876e+00 6.519348440535359668e-01 7.320156985580551501e-01 4.045675922547167236e-01 9.630260146786895348e-01 -9.315077694937108355e-01 -3.230431379918065060e-01 0.000000000000000000e+00
6.644412417888037603e-02 -2.228396297682284088e-01 8.829030724633968319e-02 1.666039769559830575e+00 -1.165586677980741115e-01 1.930594050161384523e+00 6.585717743851497996e-01 7.374342992699850496e-01 3.937651450830828015e-01 9.708594367090487287e-01 -9.284903413996237198e-01 -3.327956671931903143e-01 0.000000000000000000e+00
6.857015724631085329e-02 -2.231402884904231665e-01 8.770960453599113693e-02 1.662631862564685647e+00 -1.138700484488306408e-01 1.931585268391648125e+00 6.645533007724949703e-01 7.424757297925321797e-01 3.836639082264667877e-01 9.779452428423951460e-01 -9.257483507412781476e-01 -3.418238165780725368e-01 0.000000000000000000e+00
7.087417031118302402e-02 -2.234879506126626891e-01 8.709441102065873519e-02 1.658943120391515258e+00 -1.109368197239781750e-01 1.932536163140991414e+00 6.708753788842340970e-01 7.479780203417176754e-01 3.725830275628649879e-01 9.854632800206616361e-01 -9.228262638142159524e-01 -3.516298753173669467e-01 0.000000000000000000e+00
7.300110067732787367e-02 -2.238292074590784997e-01 8.653988660990813431e-02 1.655542878985083455e+00 -1.082119532532073158e-01 1.933299233976206288e+00 6.765656220273518207e-01 7.530924880571603364e-01 3.622305214574002008e-01 9.922569373824265959e-01 -9.201746208958514472e-01 -3.607028656771034125e-01 0.000000000000000000e+00
7.530459920271019569e-02 -2.242212597469289692e-01 8.595425220464184002e-02 1.651866167471009561e+00 -1.052435636075470526e-01 1.933999607779175456e+00 6.825716494967258852e-01 7.586694136958952450e-01 3.508841236331174951e-01 9.994574591797282803e-01 -9.173528019838305125e-01 -3.705524005211933147e-01 0.000000000000000000e+00
7.742948826451026556e-02 -2.246044085559152914e-01 8.542836706640484501e-02 1.648480458215992428e+00 -1.024906380329535516e-01 1.934526284247138905e+00 6.879680128135533534e-01 7.638489956999903185e-01 3.402911340812182495e-01 1.005955439081467118e+00 -9.147965668115181082e-01 -3.796609773709959668e-01 0.000000000000000000e+00
7.972906625749015541e-02 -2.250428586153493393e-01 8.487529241247807055e-02 1.644823440858874442e+00 -9.949673473036924065e-02 1.934964797681469673e+00 6.936535954247635694e-01 7.694921674708410375e-01 3.286892059503427888e-01 1.012833052596596728e+00 -9.120812077640731985e-01 -3.895440347553073002e-01 0.000000000000000000e+00
8.184884939509408375e-02 -2.254692039982415241e-01 8.438061438705979356e-02 1.641459386294773282e+00 -9.672448332760508194e-02 1.935246709870670934e+00 6.987542147025378458e-01 7.747286745432364619e-01 3.178667850705330089e-01 1.019032425561110511e+00 -9.096253737648567483e-01 -3.986786772942790269e-01 0.000000000000000000e+00
8.414128739920094524e-02 -2.259548421703934662e-01 8.386263769585493300e-02 1.637829738839762683e+00 -9.371425355758677966e-02 1.935416729721610718e+00 7.041197519297477392e-01 7.804287713823877537e-01 3.060233082287873163e-01 1.025586198687686412e+00 -9.070210019558410108e-01 -4.085846378639650389e-01 0.000000000000000000e+00
8.625279400398465357e-02 -2.264256176542709387e-01 8.340180024040372286e-02 1.634494632030709660e+00 -9.093175298802336215e-02 1.935445760487307876e+00 7.089236284830598978e-01 7.857136814075954545e-01 2.949830407718092573e-01 1.031484634449021165e+00 -9.046702962406553139e-01 -4.177354923960727162e-01 0.000000000000000000e+00
8.853437841386890828e-02 -2.269602733104881531e-01 8.292201724168524191e-02 1.630900091114255268e+00 -8.791578706572433788e-02 1.935336607390996999e+00 7.139665237442067713e-01 7.914617817253951637e-01 2.829094668118803391e-01 1.037710306129299376e+00 -9.021827040454395430e-01 -4.276536036382321826e-01 0.000000000000000000e+00
9.063430773380451444e-02 -2.274766475762400875e-01 8.249768739124396788e-02 1.627601340561065868e+00 -8.513264981714208091e-02 1.935104832457985369e+00 7.184733912569478687e-01 7.967865060088996643e-01 2.716633370026393379e-01 1.043306007053719453e+00 -8.999417871461923291e-01 -4.368104502827924729e-01 0.000000000000000000e+00
9.290162819960562368e-02 -2.280610063129286658e-01 8.205878512696176963e-02 1.624050177364422254e+00 -8.212105681302084292e-02 1.934710083939601200e+00 7.231957085018763109e-01 8.025728226883420691e-01 2.593741801524687141e-01 1.049203976761863277e+00 -8.975751690434934371e-01 -4.467294270523062272e-01 0.000000000000000000e+00
9.498661945812944540e-02 -2.286240055545306071e-01 8.167367984343196219e-02 1.620795123066448795e+00 -7.934702972294171985e-02 1.934209959556497216e+00 7.274062993433461077e-01 8.079283730614641446e-01 2.479348380061423551e-01 1.054495677847850921e+00 -8.954484351759833816e-01 -4.558818129020406618e-01 0.000000000000000000e+00
9.723577873518990389e-02 -2.292596755542085085e-01 8.127888248650104452e-02 1.617295608981307531e+00 -7.635117511642119936e-02 1.933519443430175011e+00 7.318073062027565800e-01 8.137433187226248421e-01 2.354426151228532493e-01 1.060062949527634357e+00 -8.932082506460359284e-01 -4.657900038691396016e-01 0.000000000000000000e+00
9.930234745775408378e-02 -2.298702222422190633e-01 8.093571462989945786e-02 1.614091981716358148e+00 -7.359669393534140625e-02 1.932743827035466877e+00 7.357229519535000151e-01 8.191207070166857118e-01 2.238229769707285044e-01 1.065050118142971236e+00 -8.911999608680072349e-01 -4.749270432530924291e-01 0.000000000000000000e+00
1.015298145013647790e-01 -2.305575703130710030e-01 8.058771451899317262e-02 1.610652306889786445e+00 -7.062723867205233930e-02 1.931752104067479436e+00 7.398066431690275557e-01 8.249542282264497040e-01 2.111431343886431833e-01 1.070288356270075347e+00 -8.890899383363374264e-01 -4.848126639299529250e-01 0.000000000000000000e+00
1.035745011885058492e-01 -2.312163758383957712e-01 8.028923985304914357e-02 1.607507787146897016e+00 -6.790258463964260471e-02 1.930694308360364930e+00 7.434298738320803679e-01 8.303440002195793257e-01 1.993567823522794935e-01 1.074970992414761461e+00 -8.872040873894251334e-01 -4.939231715715458604e-01 0.000000000000000000e+00
1.057762490671771832e-01 -2.319566367342118518e-01 7.999130945250221281e-02 1.604136663759950565e+00 -6.497155221777495271e-02 1.929392248079279781e+00 7.471973812471881526e-01 8.361858438077498512e-01 1.865030353510122030e-01 1.079878599092532365e+00 -8.852292202830769341e-01 -5.037737383905582789e-01 0.000000000000000000e+00
1.077955454597908230e-01 -2.326642724481210456e-01 7.974027467092309474e-02 1.601059286010398708e+00 -6.228745807297197956e-02 1.928046002837193074e+00 7.505313926158583282e-01 8.415785452780786269e-01 1.745636847100233702e-01 1.084257368556840628e+00 -8.834696697508613861e-01 -5.128461295390494001e-01 0.000000000000000000e+00
1.099680029028904521e-01 -2.334573395949832431e-01 7.949506292476146707e-02 1.597765015051270332e+00 -5.940591313980192467e-02 1.926429513526992876e+00 7.539887083429991366e-01 8.474182583373770505e-01 1.615525448883321502e-01 1.088837472999558909e+00 -8.816332204421701846e-01 -5.226492255116310659e-01 0.000000000000000000e+00
1.119584292279658944e-01 -2.342141273661069167e-01 7.929422371515636170e-02 1.594762888962545588e+00 -5.677314442859326959e-02 1.924789182170957735e+00 7.570376948960036989e-01 8.528040355888715229e-01 1.494744435545503070e-01 1.092913773943061440e+00 -8.800035655921233380e-01 -5.316717156791969101e-01 0.000000000000000000e+00
1.140976087919448045e-01 -2.350607540650593297e-01 7.910500154284716423e-02 1.591554639444834329e+00 -5.395325633655012609e-02 1.922850352350765402e+00 7.601880147284856282e-01 8.586308323168831969e-01 1.363205582984310382e-01 1.097166109834618153e+00 -8.783100614549419483e-01 -5.414139251313566659e-01 0.000000000000000000e+00
1.160557176053131634e-01 -2.358666814207237283e-01 7.895702596462837730e-02 1.588635718527307006e+00 -5.138243229943650903e-02 1.920911276843654480e+00 7.629573027880045544e-01 8.639996984954556591e-01 1.241187531320151471e-01 1.100941873049105180e+00 -8.768136312384264830e-01 -5.503742304874691404e-01 0.000000000000000000e+00
1.181581727503782792e-01 -2.367661907697361789e-01 7.882636198508044534e-02 1.585521975348902046e+00 -4.863517946826689808e-02 1.918647600646898210e+00 7.658086827881251946e-01 8.698027265107383110e-01 1.108394329885526997e-01 1.104871034342380876e+00 -8.752657354338451157e-01 -5.600425372193791329e-01 0.000000000000000000e+00
1.200805918126429117e-01 -2.376210299053961028e-01 7.873391774703494828e-02 1.582694680579665558e+00 -4.613704804534579651e-02 1.916405645879048603e+00 7.683043310456383335e-01 8.751444950252192934e-01 9.852897084966172336e-02 1.108348989567969900e+00 -8.739056590651417267e-01 -5.689281076174013130e-01 0.000000000000000000e+00
1.221424605357781940e-01 -2.385734633464144661e-01 7.866496492745925218e-02 1.579684733482577208e+00 -4.347454244797654965e-02 1.913811066710549014e+00 7.708622306936323554e-01 8.809124358931401666e-01 8.514019478539713859e-02 1.111956307843509517e+00 -8.725074994928500027e-01 -5.785082970067433328e-01 0.000000000000000000e+00
1.240259227786461027e-01 -2.394765814978293550e-01 7.863062455850725052e-02 1.576957338521287610e+00 -4.105957404507698527e-02 1.911263209869075386e+00 7.730914962631103560e-01 8.862166538362509227e-01 7.273692148251664769e-02 1.115139917189617469e+00 -8.712866398701305526e-01 -5.873062494049018367e-01 0.000000000000000000e+00
1.260440274072879840e-01 -2.404806156228495029e-01 7.862583066753559002e-02 1.574060000482475630e+00 -3.849231337916858564e-02 1.908336954936656671e+00 7.753659689920926468e-01 8.919383222802317324e-01 5.925653267675379254e-02 1.118431384559873676e+00 -8.700402804799733936e-01 -5.967846394615756722e-01 0.000000000000000000e+00
1.278854209573511425e-01 -2.414310247800629528e-01 7.865208417440031075e-02 1.571440971430908107e+00 -3.617060584846587545e-02 1.905481165771648167e+00 7.773371076729146401e-01 8.971943370076119750e-01 4.677669349253310571e-02 1.121324775926190176e+00 -8.689611676062732881e-01 -6.054816580544201132e-01 0.000000000000000000e+00
1.298562063986825887e-01 -2.424858464295366334e-01 7.871444359581719619e-02 1.568666088285647575e+00 -3.371009186017470682e-02 1.902219458012037068e+00 7.793360098081010268e-01 9.028576822237202038e-01 3.322200249235685021e-02 1.124303521605444001e+00 -8.678701370866951370e-01 -6.148430021811849278e-01 0.000000000000000000e+00
1.316525884376420485e-01 -2.434821825056600608e-01 7.880369974180548298e-02 1.566164023722655507e+00 -3.149144829472305673e-02 1.899054618888473822e+00 7.810582760850551809e-01 9.080546413539279937e-01 2.068224218360992239e-02 1.126911555260958542e+00 -8.669351678069955325e-01 -6.234254382681287954e-01 0.000000000000000000e+00
1.335733044374362577e-01 -2.445856261891564687e-01 7.893540723227483735e-02 1.563520158224831924e+00 -2.914710591750990787e-02 1.895458980159809181e+00 7.827939247464870132e-01 9.136482783285030385e-01 7.071891116650741438e-03 1.129584969521234550e+00 -8.660009308965956887e-01 -6.326556217112071501e-01 0.000000000000000000e+00
1.353220335500725235e-01 -2.456261040242343763e-01 7.908996131648418637e-02 1.561143772067173252e+00 -2.704045084319162129e-02 1.891985190422571517e+00 7.842777715268518524e-01 9.187751297430147845e-01 -5.510879243701083396e-03 1.131913238104236274e+00 -8.652119694236597436e-01 -6.411095602755546574e-01 0.000000000000000000e+00
1.371895903884340628e-01 -2.467763997469356596e-01 7.929375036381902664e-02 1.558641344216856517e+00 -2.482271325545948315e-02 1.888054455677949717e+00 7.857604198847263355e-01 9.242864750399064633e-01 -1.915838140786640942e-02 1.134286247793551361e+00 -8.644374555996373610e-01 -6.501922711732699423e-01 0.000000000000000000e+00
1.388882131041117018e-01 -2.478587417741436871e-01 7.951575291370252541e-02 1.556399533112759137e+00 -2.283670158544381934e-02 1.884273007359770213e+00 7.870173653402164904e-01 9.293319003040887427e-01 -3.176645179857406909e-02 1.136341276048711046e+00 -8.637964327252553032e-01 -6.585033311451347071e-01 0.000000000000000000e+00
1.407004628034460580e-01 -2.490527493938370363e-01 7.979349895743048648e-02 1.554047229305914435e+00 -2.075338959309513953e-02 1.880011482875721951e+00 7.882616607805287279e-01 9.347491694354734815e-01 -4.543153082593409664e-02 1.138422935914771505e+00 -8.631823077778831843e-01 -6.674239221114913745e-01 0.000000000000000000e+00
1.423469192797950922e-01 -2.501742473565503611e-01 8.008496817275458091e-02 1.551949195063043518e+00 -1.889546455938351244e-02 1.875924979530927850e+00 7.893043549263218939e-01 9.397016503776121077e-01 -5.804705806769416832e-02 1.140211914377032176e+00 -8.626904885035727721e-01 -6.755773895258507800e-01 0.000000000000000000e+00
1.441014853744793101e-01 -2.514091962947324066e-01 8.043914758869018244e-02 1.549758102164425111e+00 -1.695513443505269890e-02 1.871333979009929482e+00 7.903230806223044969e-01 9.450116606960938803e-01 -7.171027288229114838e-02 1.142008749164508563e+00 -8.622391492778315181e-01 -6.843185500137632937e-01 0.000000000000000000e+00
1.456940161427582592e-01 -2.525665808701285098e-01 8.080185207140104520e-02 1.547812997740715346e+00 -1.523201432933607435e-02 1.866946616428683869e+00 7.911653718960692805e-01 9.498596125654468203e-01 -8.431461484747249102e-02 1.143539800475195101e+00 -8.618976654470560383e-01 -6.922993780104582662e-01 0.000000000000000000e+00
1.473895481594724999e-01 -2.538382909860826264e-01 8.123396086397023652e-02 1.545792292955379565e+00 -1.344038113269530044e-02 1.862033310482552162e+00 7.919755720786987307e-01 9.550502466880657071e-01 -9.795559226696748389e-02 1.145062595986502396e+00 -8.616091119429459821e-01 -7.008457948436588314e-01 0.000000000000000000e+00
1.489268728518430285e-01 -2.550278554299286737e-01 8.166957779577256604e-02 1.544009877633008898e+00 -1.185738834339611358e-02 1.857350372031141283e+00 7.926324407615668033e-01 9.597816852597277348e-01 -1.105299736698857060e-01 1.146344508577212151e+00 -8.614186293459781263e-01 -7.086385370883669932e-01 0.000000000000000000e+00
1.505619273902566169e-01 -2.563323463130927626e-01 8.218165101406366135e-02 1.542171241312994212e+00 -1.022041287726205283e-02 1.852119399140189637e+00 7.932498280812743108e-01 9.648392279068700450e-01 -1.241279410377755799e-01 1.147601786927838541e+00 -8.612945260391804414e-01 -7.169720341924155083e-01 0.000000000000000000e+00
1.520431700918057905e-01 -2.575498238670576034e-01 8.269159307270092241e-02 1.540561580299852018e+00 -8.781854941804390080e-03 1.847147741028513757e+00 7.937374528768679216e-01 9.694421023769084211e-01 -1.366529208024729325e-01 1.148644281336550055e+00 -8.612555773082379851e-01 -7.245607782976236644e-01 0.000000000000000000e+00
1.536173832990252730e-01 -2.588818595988972016e-01 8.328466835406826696e-02 1.538915034048132569e+00 -7.302543730244970277e-03 1.841609337736336505e+00 7.941814018305840550e-01 9.743541698495050696e-01 -1.501868391461465002e-01 1.149648559383618984e+00 -8.612951252504257305e-01 -7.326653767059799760e-01 0.000000000000000000e+00
1.550422325895366438e-01 -2.601224633270864950e-01 8.387012451347945763e-02 1.537488606791493240e+00 -6.011085962527751292e-03 1.836357409968097265e+00 7.945172264440431009e-01 9.788162296769056248e-01 -1.626427098805562910e-01 1.150462288254692655e+00 -8.614076438064814933e-01 -7.400340771261203487e-01 0.000000000000000000e+00
1.565552943761644999e-01 -2.614768681962857944e-01 8.454578272655594029e-02 1.536047247438611763e+00 -4.692231427437576485e-03 1.830519471370158247e+00 7.948063125803711548e-01 9.835684409050702293e-01 -1.760906081210202867e-01 1.151224085484509940e+00 -8.616117751040361927e-01 -7.478904689208812906e-01 0.000000000000000000e+00
1.579239951461642588e-01 -2.627352375411750041e-01 8.520771190860798594e-02 1.534815030553885684e+00 -3.548841577371675271e-03 1.824997163654512811e+00 7.950091788764078737e-01 9.878771026536821154e-01 -1.884568634847487711e-01 1.151820367252578636e+00 -8.618754946309812315e-01 -7.550224808991408132e-01 0.000000000000000000e+00
1.593767413754897944e-01 -2.641056952941030489e-01 8.596644299055722360e-02 1.533589923775951824e+00 -2.390028692810020061e-03 1.818873151795584509e+00 7.951652401162866424e-01 9.924568742012641609e-01 -2.017970368591190944e-01 1.152353931576975965e+00 -8.622425448082213784e-01 -7.626141544815479012e-01 0.000000000000000000e+00
1.606901728922233430e-01 -2.653760161575539067e-01 8.670558751920487417e-02 1.532563976317256049e+00 -1.394113335561719680e-03 1.813091637726585104e+00 7.952551218030767810e-01 9.965994878559097936e-01 -2.140533036698273328e-01 1.152745149941108549e+00 -8.626568660948105149e-01 -7.694925669450044525e-01 0.000000000000000000e+00
1.620836203421854027e-01 -2.667560943668134121e-01 8.754836548888064729e-02 1.531569603314855144e+00 -3.942525659121898229e-04 1.806693073461197230e+00 7.952997963303628515e-01 1.000991906020804567e+00 -2.272623163605111962e-01 1.153062998217209589e+00 -8.631869683097908030e-01 -7.767992822907732187e-01 0.000000000000000000e+00
1.633432689812981120e-01 -2.680319168968315902e-01 8.836506762974538631e-02 1.530762593364072721e+00 4.566859594667960209e-04 1.800665752146647591e+00 7.952980652756542757e-01 1.004955621829224155e+00 -2.393871561714240315e-01 1.153262602140910920e+00 -8.637506929335332373e-01 -7.834067181133141933e-01 0.000000000000000000e+00
1.646796638336508745e-01 -2.694142509279521258e-01 8.929184953083806053e-02 1.530012118545855060e+00 1.301844169783628047e-03 1.794009075250464935e+00 7.952557875933493614e-01 1.009147703701117837e+00 -2.524427707833196699e-01 1.153380979651364990e+00 -8.644415169202999127e-01 -7.904112978334134620e-01 0.000000000000000000e+00
1.658877592219089037e-01 -2.706887090501909343e-01 9.018629330288542578e-02 1.529437813604562102e+00 2.012436803310535538e-03 1.787750202629029506e+00 7.951850806664076954e-01 1.012919405594942424e+00 -2.644147451476617228e-01 1.153402950730358034e+00 -8.651532467216236366e-01 -7.967300469937899088e-01 0.000000000000000000e+00
1.671697102906573584e-01 -2.720656626538929257e-01 9.119743664574543607e-02 1.528948118490284003e+00 2.708696537257360148e-03 1.780850408110773442e+00 7.950807513307038832e-01 1.016895638260485235e+00 -2.772923274406853267e-01 1.153336371703106211e+00 -8.660039935318494253e-01 -8.034111192204717034e-01 0.000000000000000000e+00
1.683291928016435179e-01 -2.733313162684601338e-01 9.216940910165152823e-02 1.528621480544055444e+00 3.285551939568698288e-03 1.774376296156550348e+00 7.949651035603670923e-01 1.020462077013292168e+00 -2.890893321214094147e-01 1.153196023113659097e+00 -8.668617977189638779e-01 -8.094231388022984364e-01 0.000000000000000000e+00
1.695604822651222143e-01 -2.746944804791907058e-01 9.326412423411686858e-02 1.528407917810749694e+00 3.841683791113936763e-03 1.767253345623315486e+00 7.948258202353559732e-01 1.024209410983142776e+00 -3.017658457521321669e-01 1.152962597044113524e+00 -8.678691384012863219e-01 -8.157629269352865142e-01 0.000000000000000000e+00
1.706750707880276552e-01 -2.759434225850406763e-01 9.431313071913058343e-02 1.528345276815159970e+00 4.293734958558115267e-03 1.760581575055723214e+00 7.946906648100344750e-01 1.027557137631426976e+00 -3.133653770380266934e-01 1.152675907752766626e+00 -8.688708198662924431e-01 -8.214496413899599059e-01 0.000000000000000000e+00
1.718599742716898360e-01 -2.772839927468375709e-01 9.549105724754179680e-02 1.528428061687566064e+00 4.720173698983032295e-03 1.753254223216117458e+00 7.945445238452164549e-01 1.031059394201962798e+00 -3.258148561858200676e-01 1.152292812029958702e+00 -8.700330899450302580e-01 -8.274258414551250995e-01 0.000000000000000000e+00
1.729342108056930449e-01 -2.785078185126892980e-01 9.661625139682304686e-02 1.528647360381505393e+00 5.058728958677427556e-03 1.746404145207169911e+00 7.944167586919198554e-01 1.034174760045137420e+00 -3.371940108915105760e-01 1.151876959425742752e+00 -8.711758523687832545e-01 -8.327684089179330229e-01 0.000000000000000000e+00
1.740782235986491622e-01 -2.798164800458466384e-01 9.787596143116780723e-02 1.529045084431428947e+00 5.369346107523931266e-03 1.738895181645861987e+00 7.942936540705308746e-01 1.037418556831881222e+00 -3.493928865807276463e-01 1.151363901441738946e+00 -8.724888573652195278e-01 -8.383625119456988850e-01 0.000000000000000000e+00
1.751174011614255455e-01 -2.810063592187747594e-01 9.907616427417403893e-02 1.529565943436949738e+00 5.607924034096711807e-03 1.731887538854988362e+00 7.942014421177869821e-01 1.040287713432278105e+00 -3.605282288886215714e-01 1.150836861862012395e+00 -8.737696381124658851e-01 -8.433416244987382848e-01 0.000000000000000000e+00
1.762266358706132130e-01 -2.822731762093512731e-01 1.004164544205427140e-01 1.530302787400159126e+00 5.818635878714673026e-03 1.724219596372562169e+00 7.941329988777720006e-01 1.043256472257443779e+00 -3.724492037180886506e-01 1.150213415850824816e+00 -8.752306482864834480e-01 -8.485301280924851808e-01 0.000000000000000000e+00
1.772369621997938460e-01 -2.834197802385858833e-01 1.016901169102213121e-01 1.531146888961661290e+00 5.973488034641150080e-03 1.717076867246667193e+00 7.941062341088166443e-01 1.045865371440312774e+00 -3.833168983364294569e-01 1.149594364055435802e+00 -8.766457855107241404e-01 -8.531260783436893647e-01 0.000000000000000000e+00
1.783186186854928135e-01 -2.846346142338591068e-01 1.031088640809124102e-01 1.532245385972871965e+00 6.103096779485284173e-03 1.709275643668671796e+00 7.941250759735288822e-01 1.048545377024286740e+00 -3.949358706982817324e-01 1.148882234779948774e+00 -8.782498074352789175e-01 -8.578900740596776542e-01 0.000000000000000000e+00
1.793070409414171951e-01 -2.857282345127062362e-01 1.044540412290609344e-01 1.533436480594488671e+00 6.192624319639072894e-03 1.702021907309933413e+00 7.941948507940890245e-01 1.050879904035850299e+00 -4.055116828611500246e-01 1.148191410793182099e+00 -8.797952398158519483e-01 -8.620828217218439171e-01 0.000000000000000000e+00
1.803691240348852531e-01 -2.868800986361154104e-01 1.059492229844717776e-01 1.534925736897924331e+00 6.262872993247015074e-03 1.694113754906506619e+00 7.943362646479722455e-01 1.053253978989601380e+00 -4.168000237736686486e-01 1.147412569332388443e+00 -8.815384119073631508e-01 -8.663975421619358741e-01 0.000000000000000000e+00
1.813434749028423054e-01 -2.879105848041390581e-01 1.073636470110983232e-01 1.536489719087046346e+00 6.308354317876130324e-03 1.686774485585653682e+00 7.945354025184828695e-01 1.055299686180945828e+00 -4.270591860829264785e-01 1.146671012126855960e+00 -8.832096120704152620e-01 -8.701666474736976520e-01 0.000000000000000000e+00
1.823948538467891622e-01 -2.889885401751317584e-01 1.089323105181476264e-01 1.538396991988207674e+00 6.343177196994176370e-03 1.678788399898027084e+00 7.948348749830622673e-01 1.057353982066805642e+00 -4.379921281479743911e-01 1.145849293772511990e+00 -8.850859422164305546e-01 -8.740125184038810557e-01 0.000000000000000000e+00
1.833637330674151855e-01 -2.899453295876156522e-01 1.104132836773097925e-01 1.540362444871827385e+00 6.368205961225115175e-03 1.671390851494551244e+00 7.951976641025583215e-01 1.059096355209989904e+00 -4.479094737313202845e-01 1.145079373901370046e+00 -8.868779167349175596e-01 -8.773370089716542308e-01 0.000000000000000000e+00
1.844142231540231991e-01 -2.909373970944756915e-01 1.120526043321198595e-01 1.542722330026317756e+00 6.395042026495545429e-03 1.663356716570004279e+00 7.956942104878036437e-01 1.060813028848655026e+00 -4.584571229656608793e-01 1.144239279735504544e+00 -8.888826112454748518e-01 -8.806882643083827622e-01 0.000000000000000000e+00
1.853870190086161773e-01 -2.918095229372121846e-01 1.135970725270201293e-01 1.545120273817353507e+00 6.425958154554045620e-03 1.655929692756320737e+00 7.962565369519738478e-01 1.062237287399629526e+00 -4.680070188976033219e-01 1.143464299858291344e+00 -8.907897674811077193e-01 -8.835468348434465380e-01 0.000000000000000000e+00
1.864470194413839488e-01 -2.927039855304549021e-01 1.153032134399279568e-01 1.547965158966244203e+00 6.473961171964859318e-03 1.647879963722450380e+00 7.969885733566093311e-01 1.063602423774403949e+00 -4.781438755337992230e-01 1.142631795701532615e+00 -8.929157024002907228e-01 -8.863832345624355069e-01 0.000000000000000000e+00
1.874338003855098300e-01 -2.934801136700502244e-01 1.169077577598239270e-01 1.550829125747048565e+00 6.539485416434231979e-03 1.640453632270568729e+00 7.977877879997421484e-01 1.064693720610091265e+00 -4.873004225727368688e-01 1.141875990584168221e+00 -8.949321148196442977e-01 -8.887542468809330742e-01 0.000000000000000000e+00
1.885148186909872126e-01 -2.942639443903591334e-01 1.186770471312630498e-01 1.554199860171904035e+00 6.642030033702894798e-03 1.632422061277409853e+00 7.987983244753726897e-01 1.065688810751399540e+00 -4.969953276260341557e-01 1.141078373837689508e+00 -8.971732980350004549e-01 -8.910488264761452504e-01 0.000000000000000000e+00
1.895263321183489891e-01 -2.949322240606608303e-01 1.203378111764789316e-01 1.557566458497480433e+00 6.773418190785918114e-03 1.625028676517122017e+00 7.998735757654922285e-01 1.066431965853585906e+00 -5.057318941610662311e-01 1.140367576142747197e+00 -8.992924418934038489e-01 -8.929100431829742890e-01 0.000000000000000000e+00
1.906400438319774127e-01 -2.955929560500430986e-01 1.221656499016549186e-01 1.561500694395727251e+00 6.964866263252211809e-03 1.617050617356365017e+00 8.012039578880412183e-01 1.067042961586677441e+00 -5.149588818108363775e-01 1.139632543681885490e+00 -9.016407507636083896e-01 -8.946419634188801373e-01 0.000000000000000000e+00
1.916875973562743030e-01 -2.961411333399019408e-01 1.238784056678597784e-01 1.565408903799968776e+00 7.195979355653747689e-03 1.609723856832734334e+00 8.025959256107983997e-01 1.067422794937149977e+00 -5.232486364939807899e-01 1.138993385020266480e+00 -9.038555686841728276e-01 -8.959708808028297167e-01 0.000000000000000000e+00
1.928468600277913891e-01 -2.966645888775851225e-01 1.257602590916165886e-01 1.569953708767933165e+00 7.515583335822029198e-03 1.601837038928786372e+00 8.042932247525331757e-01 1.067630521502176189e+00 -5.319751495958979781e-01 1.138351030565339261e+00 -9.063038126742826162e-01 -8.971119787509014287e-01 0.000000000000000000e+00
1.939422389894388532e-01 -2.970798804957948125e-01 1.275203892111144988e-01 1.574445171123619147e+00 7.882863232322456781e-03 1.594612341159541868e+00 8.060443197482876077e-01 1.067631586766612184e+00 -5.397906618679260138e-01 1.137811340970434903e+00 -9.086067146479013257e-01 -8.978856270475694679e-01 0.000000000000000000e+00
