-1.486178429537516055e-01 -3.007538243729911964e-01 1.525846012284347297e-01 1.571764789599324530e+00 4.058009909435611462e-04 1.562911392275004863e+00 -5.007235201255496593e-01 8.505234375893822030e-01 2.461313453159408304e-01 -5.498231558789045126e-01 -1.166461627977507076e+00 2.418731837594994272e-01 0.000000000000000000e+00
-1.490384920184398831e-01 -3.008641474111800607e-01 1.547140322186943140e-01 1.568479381391894023e+00 -9.421156642179795426e-04 1.553844457193796158e+00 -5.012330161315953214e-01 8.462890114561562038e-01 2.443934995466094939e-01 -5.479039155498252045e-01 -1.169968478500923670e+00 2.407113464444387563e-01 0.000000000000000000e+00
-1.494119668587465810e-01 -3.009281628513325590e-01 1.568053955782953979e-01 1.565292513510441630e+00 -2.243143097699462629e-03 1.544873942982551540e+00 -5.016497675526790934e-01 8.419914684050954223e-01 2.429997341901166674e-01 -5.458684948181913299e-01 -1.173598367066701620e+00 2.394840952351029728e-01 0.000000000000000000e+00
-1.497156379506975055e-01 -3.009483642343547816e-01 1.587021696880149269e-01 1.562436782857452577e+00 -3.406077504276794343e-03 1.536677826884520481e+00 -5.019502054131537161e-01 8.379712935815663011e-01 2.420070408937893269e-01 -5.438851388858684244e-01 -1.177051155419989392e+00 2.382941615705419236e-01 0.000000000000000000e+00
-1.499802050716701474e-01 -3.009329355411988205e-01 1.605663475830901576e-01 1.559663197057486350e+00 -4.535559974080616286e-03 1.528562150208549797e+00 -5.021670533049135132e-01 8.339020500149524340e-01 2.412890526639039912e-01 -5.417991180935229911e-01 -1.180597021253375178e+00 2.370495998141206317e-01 0.000000000000000000e+00
-1.502233118576887516e-01 -3.008779709956986848e-01 1.625489787004185671e-01 1.556750304338870627e+00 -5.725049633967138618e-03 1.519860312079651887e+00 -5.023053379445158173e-01 8.294409888729606939e-01 2.408115478804528919e-01 -5.394215477408411674e-01 -1.184537168086147618e+00 2.356403048995211746e-01 0.000000000000000000e+00
-1.504078510322030549e-01 -3.007935438877952783e-01 1.643448163213115099e-01 1.554145870376420824e+00 -6.794803412116579011e-03 1.511910904253195076e+00 -5.023408578555547122e-01 8.252763375602948370e-01 2.406409724126332694e-01 -5.371155831319688323e-01 -1.188260267290078387e+00 2.342831247185031551e-01 0.000000000000000000e+00
-1.505651087042975123e-01 -3.006673875496335135e-01 1.662530246412901869e-01 1.551415096692585038e+00 -7.926748657015814103e-03 1.503388558236499195e+00 -5.022769752789064679e-01 8.207166062999156075e-01 2.407400420051841738e-01 -5.344947330137082009e-01 -1.192381109602812295e+00 2.327522398553847072e-01 0.000000000000000000e+00
-1.506716548841577630e-01 -3.005206659049698970e-01 1.679803039769820761e-01 1.548976418336133420e+00 -8.950047133875926875e-03 1.495603131498023153e+00 -5.021219793034638057e-01 8.164657351469584157e-01 2.410834566277499924e-01 -5.319611680001748999e-01 -1.196259870572458306e+00 2.312838893436127419e-01 0.000000000000000000e+00
-1.507458253976750595e-01 -3.003306027191556815e-01 1.698144948084697181e-01 1.546422353307571385e+00 -1.003884133656907096e-02 1.487256703010341408e+00 -5.018477402902129514e-01 8.118177866754703320e-01 2.417196858121699599e-01 -5.290907463982602588e-01 -1.200537306757289091e+00 2.296336782189019599e-01 0.000000000000000000e+00
-1.507765475259731092e-01 -3.001277981435916953e-01 1.714732842986664008e-01 1.544145290975606599e+00 -1.102881833103275255e-02 1.479633344415384411e+00 -5.014938727603686086e-01 8.074897504299280993e-01 2.425443336437129727e-01 -5.263227566297727922e-01 -1.204550690520038492e+00 2.280554889569209875e-01 0.000000000000000000e+00
-1.507695461705672313e-01 -2.998800561650424856e-01 1.732332500384355378e-01 1.541764396714882857e+00 -1.208845598099150820e-02 1.471461856426965031e+00 -5.009991905878864449e-01 8.027627726530920382e-01 2.436858976449753911e-01 -5.231941082706612622e-01 -1.208963415288245358e+00 2.262866340056471914e-01 0.000000000000000000e+00
-1.507266810259548506e-01 -2.996269315581820969e-01 1.748238722700522496e-01 1.539644219585386331e+00 -1.305789105110566339e-02 1.463998717927845306e+00 -5.004386950469655870e-01 7.983665594836436563e-01 2.449596875943604868e-01 -5.201855018976851985e-01 -1.213091314977868151e+00 2.245998543502182587e-01 0.000000000000000000e+00
-1.506414505869680676e-01 -2.993276998864135008e-01 1.765104488372753466e-01 1.537429870994234449e+00 -1.410208479704788687e-02 1.455999371932529041e+00 -4.997170449705814477e-01 7.935708055716561571e-01 2.465693021572044064e-01 -5.167939662494692721e-01 -1.217617224092403250e+00 2.227143362984421449e-01 0.000000000000000000e+00
-1.505162075637868913e-01 -2.990037592789146492e-01 1.781587997823407821e-01 1.535300628299338221e+00 -1.514351089899168556e-02 1.448089716965104801e+00 -4.988733888267579686e-01 7.887427608314515615e-01 2.484111443671033204e-01 -5.132622484593742929e-01 -1.222194399057922487e+00 2.207680981738122106e-01 0.000000000000000000e+00
-1.503659983674368039e-01 -2.986841595799586968e-01 1.796468359672038773e-01 1.533408464595000353e+00 -1.610544817852233024e-02 1.440867296302828393e+00 -4.979857239459208884e-01 7.842599949265756099e-01 2.503078476954576637e-01 -5.098776703195062598e-01 -1.226459717859793352e+00 2.189183996386977193e-01 0.000000000000000000e+00
-1.501830637570865379e-01 -2.983458912031283217e-01 1.811028893958692709e-01 1.531585310850269721e+00 -1.707070565719526201e-02 1.433719967698074083e+00 -4.969917989375897127e-01 7.797540595202161473e-01 2.523864449262642751e-01 -5.063721180871213479e-01 -1.230759790913889873e+00 2.170177681477354070e-01 0.000000000000000000e+00
-1.499487006545334178e-01 -2.979595982706155777e-01 1.826444177896056065e-01 1.529686153653444514e+00 -1.812322930694687528e-02 1.426061874469560120e+00 -4.957939423687856562e-01 7.748489162664535801e-01 2.548350883905377007e-01 -5.024372642870156280e-01 -1.235452147596554973e+00 2.149016536350720485e-01 0.000000000000000000e+00
-1.496994019450393343e-01 -2.975857032320919915e-01 1.840343049040779333e-01 1.528002025142988884e+00 -1.910391151481416472e-02 1.419071280710264560e+00 -4.945745141951520263e-01 7.703013023890343813e-01 2.572708155235243765e-01 -4.986767476697692714e-01 -1.239811076510742183e+00 2.128955443201858144e-01 0.000000000000000000e+00
-1.493943070835686837e-01 -2.971630338340628397e-01 1.855044648684219255e-01 1.526250282450638984e+00 -2.017919794117251087e-02 1.411582995088990655e+00 -4.931288837764297717e-01 7.653556125076754757e-01 2.600915025920815804e-01 -4.944628611664504958e-01 -1.244558294311862712e+00 2.106653299995693840e-01 0.000000000000000000e+00
-1.490811737614563537e-01 -2.967576382417825287e-01 1.868291394495305291e-01 1.524698142419229185e+00 -2.118623028063471025e-02 1.404748549948203529e+00 -4.916790255894769590e-01 7.607749088537119064e-01 2.628550648552567814e-01 -4.904439180549255428e-01 -1.248959168013218823e+00 2.085546250328702833e-01 0.000000000000000000e+00
-1.487085132264454046e-01 -2.963029877067185347e-01 1.882293896243978915e-01 1.523084887694905021e+00 -2.229562407115537326e-02 1.397428740341837283e+00 -4.899821259219057645e-01 7.557981265666262605e-01 2.660142396983631308e-01 -4.859493343727123715e-01 -1.253742871121273472e+00 2.062118755114411839e-01 0.000000000000000000e+00
-1.483341182180813456e-01 -2.958698947030079518e-01 1.894898857184402485e-01 1.521657216881171060e+00 -2.333929361082898168e-02 1.390750285442394985e+00 -4.882975433743761418e-01 7.511929218306340195e-01 2.690768749519543146e-01 -4.816691351582506608e-01 -1.258169444327148723e+00 2.039973571964994459e-01 0.000000000000000000e+00
-1.478962867656747893e-01 -2.953871199650367485e-01 1.908209569439065501e-01 1.520175130224425075e+00 -2.449382740715444484e-02 1.383600446796106054e+00 -4.863434822140441649e-01 7.461941018855280383e-01 2.725459085878916277e-01 -4.768893602128037035e-01 -1.262972322195052177e+00 2.015421889875553818e-01 0.000000000000000000e+00
-1.474259784238959037e-01 -2.948912120392647718e-01 1.921168254995972713e-01 1.518757126683838443e+00 -2.567564199674832182e-02 1.376538176297979810e+00 -4.842554307613674558e-01 7.411875587732608128e-01 2.761627476643282453e-01 -4.719617798268573305e-01 -1.267778795330427144e+00 1.990293799857679458e-01 0.000000000000000000e+00
-1.469634247238708336e-01 -2.944225658389209022e-01 1.932818159878707531e-01 1.517503596769116392e+00 -2.679320511496108281e-02 1.370097892971743336e+00 -4.822072268565011921e-01 7.365612484856296494e-01 2.796268544522488853e-01 -4.672804419732024539e-01 -1.272214822758172215e+00 1.966584009567840241e-01 0.000000000000000000e+00
-1.464742731272419551e-01 -2.939441902035769827e-01 1.944171773961984040e-01 1.516301167263550020e+00 -2.793827073287014073e-02 1.363733256194090693e+00 -4.800427759700528485e-01 7.319322750369084973e-01 2.832048113767702269e-01 -4.624717384404145037e-01 -1.276646855444282025e+00 1.942383198952017664e-01 0.000000000000000000e+00
-1.459149711964777274e-01 -2.934157630973017739e-01 1.956139693986405359e-01 1.515054052155655029e+00 -2.921208701486310844e-02 1.356924155969908785e+00 -4.775657365506565388e-01 7.269167437559622691e-01 2.872024824890881955e-01 -4.571178525429736572e-01 -1.281439746458097773e+00 1.915611106303723443e-01 0.000000000000000000e+00
-1.453261180929785457e-01 -2.928775510484925015e-01 1.967768438124171126e-01 1.513861689157705470e+00 -3.052251708782005579e-02 1.350203962834182869e+00 -4.749517773617165650e-01 7.219027437926428536e-01 2.913179984796421262e-01 -4.516148962035156922e-01 -1.286220120614789852e+00 1.888269263629720474e-01 0.000000000000000000e+00
-1.447567632578850017e-01 -2.923727173918890809e-01 1.978202322880283359e-01 1.512807997375742453e+00 -3.176676663396360567e-02 1.344080774586252858e+00 -4.724158487927158645e-01 7.172778316645840313e-01 2.952159342091367211e-01 -4.464015919221174800e-01 -1.290618064838946699e+00 1.862521489315697998e-01 0.000000000000000000e+00
-1.441633047779972698e-01 -2.918607908702910980e-01 1.988351306386757500e-01 1.511797210036657013e+00 -3.304573193151671973e-02 1.338034736632254251e+00 -4.697617091608292661e-01 7.126580461216235340e-01 2.992026863609851262e-01 -4.410603893293681965e-01 -1.294998831674072592e+00 1.836287521655168564e-01 0.000000000000000000e+00
-1.434938401446436140e-01 -2.912988690031754202e-01 1.999027526996397797e-01 1.510748391728249374e+00 -3.447235197198050827e-02 1.331572323951907055e+00 -4.667523371290397405e-01 7.076612901263623634e-01 3.036151448130830488e-01 -4.351292965551663561e-01 -1.299721947867328309e+00 1.807318487555127084e-01 0.000000000000000000e+00
-1.428521462586049284e-01 -2.907739748002566293e-01 2.008592384406150677e-01 1.509820482016881016e+00 -3.582852438947714546e-02 1.325688221352823604e+00 -4.638511893060482394e-01 7.030582159192421132e-01 3.077679450588981513e-01 -4.295217778534091146e-01 -1.304057574121977092e+00 1.780075181841457022e-01 0.000000000000000000e+00
-1.421319630443354520e-01 -2.901992394276542986e-01 2.018643976075948365e-01 1.508856435999298640e+00 -3.734176258243770974e-02 1.319401852938339115e+00 -4.605745024798420517e-01 6.980837638981104432e-01 3.123464516049625495e-01 -4.233033632871013308e-01 -1.308725429722613631e+00 1.750018079988550357e-01 0.000000000000000000e+00
-1.413862548696960264e-01 -2.896188109589542536e-01 2.028373137391895620e-01 1.507933331105466124e+00 -3.890267655523960144e-02 1.313209108491226074e+00 -4.571573671956477014e-01 6.931244253161648050e-01 3.170016571904208380e-01 -4.169345799877450243e-01 -1.313358930545188041e+00 1.719391727452639074e-01 0.000000000000000000e+00
-1.406761162873620963e-01 -2.890784778493769025e-01 2.037073709654790565e-01 1.507114868697005505e+00 -4.038679250904220197e-02 1.307575300593683210e+00 -4.538794819469509911e-01 6.885617645785865326e-01 3.213600534723901614e-01 -4.109237255388952237e-01 -1.317603210374447276e+00 1.690621431748944858e-01 0.000000000000000000e+00
-1.399455657965849309e-01 -2.885342684231361199e-01 2.045506633123900797e-01 1.506326913605520623e+00 -4.191358952164225826e-02 1.302022084283174674e+00 -4.504825533975276297e-01 6.840156820187940356e-01 3.257719792922697533e-01 -4.047861712011849855e-01 -1.321813002267590020e+00 1.661370435468491613e-01 0.000000000000000000e+00
-1.391318613554134720e-01 -2.879408080619855204e-01 2.054344933628542424e-01 1.505505284536779342e+00 -4.361685913793600378e-02 1.296097202564007400e+00 -4.466687735584796148e-01 6.791112711343313402e-01 3.306056166707638244e-01 -3.979950105529421189e-01 -1.326332120321345398e+00 1.629142191536897544e-01 0.000000000000000000e+00
-1.383606381451111256e-01 -2.873899157966423035e-01 2.062230417910657088e-01 1.504774556431086374e+00 -4.523548067109395276e-02 1.290713290939949243e+00 -4.430242376067062837e-01 6.746052025699172949e-01 3.351118183932322303e-01 -3.915948019527227819e-01 -1.330462550014003931e+00 1.598892176952528277e-01 0.000000000000000000e+00
-1.375040257198396343e-01 -2.867902496791219225e-01 2.070480422547288646e-01 1.504010783412923935e+00 -4.704024539571882713e-02 1.284974123989276462e+00 -4.389417448136692657e-01 6.697483956899398239e-01 3.400356037746250504e-01 -3.845193821476274865e-01 -1.334889655852097068e+00 1.565579860009703728e-01 0.000000000000000000e+00
-1.366945583109203111e-01 -2.862344776693226400e-01 2.077830420891319529e-01 1.503329082790397564e+00 -4.875398509878348108e-02 1.279762648324374696e+00 -4.350504336973863850e-01 6.652898645509836006e-01 3.446134445304169791e-01 -3.778587496823121450e-01 -1.338930337016019712e+00 1.534333490282508428e-01 0.000000000000000000e+00
-1.357979649278343581e-01 -2.856303978922719033e-01 2.085508220366930898e-01 1.502613814619401467e+00 -5.066309184113615416e-02 1.274211431292948671e+00 -4.307021241380458720e-01 6.604884514216797786e-01 3.496026105165712661e-01 -3.705034982256767417e-01 -1.343255310626308319e+00 1.499946421392269191e-01 0.000000000000000000e+00
-1.349525968989267466e-01 -2.850714015029794379e-01 2.092334187442796145e-01 1.501973336499391465e+00 -5.247438844404861413e-02 1.269175755409293282e+00 -4.265653694377985472e-01 6.560848479802064981e-01 3.542303855428021730e-01 -3.635852049248962103e-01 -1.347196655881571115e+00 1.467706193235769896e-01 0.000000000000000000e+00
-1.340182246029986701e-01 -2.844647695716250313e-01 2.099449849898613885e-01 1.501298703070130358e+00 -5.449028114501963671e-02 1.263816915096352078e+00 -4.219512764016681294e-01 6.513471509799828585e-01 3.592618957902886656e-01 -3.559516531343475676e-01 -1.351408844619695016e+00 1.432240044761343978e-01 0.000000000000000000e+00
-1.331392784802463980e-01 -2.839041484125198744e-01 2.105764445162814358e-01 1.500691695649249979e+00 -5.640084935982692116e-02 1.258959965145723281e+00 -4.175709423302193524e-01 6.470057323499628366e-01 3.639179003240742283e-01 -3.487788615018962424e-01 -1.355241799218591447e+00 1.399007789098790366e-01 0.000000000000000000e+00
-1.321698659771826379e-01 -2.832965023414875105e-01 2.112333711081059717e-01 1.500049173820610093e+00 -5.852465753864644071e-02 1.253796042239795350e+00 -4.126949606903933532e-01 6.423390751718169867e-01 3.689687184894641092e-01 -3.408724355681553853e-01 -1.359332414652953291e+00 1.362471216313720646e-01 0.000000000000000000e+00
-1.312595417187085445e-01 -2.827357214371434280e-01 2.118148280863492439e-01 1.499468520486303191e+00 -6.053534778197100508e-02 1.249121201478950338e+00 -4.080733775136970998e-01 6.380670318881936920e-01 3.736324461904108052e-01 -3.334489073190731179e-01 -1.363048722796104339e+00 1.328248764068361842e-01 0.000000000000000000e+00
-1.302571484136711699e-01 -2.821287427251363278e-01 2.124180862103216272e-01 1.498851092155911502e+00 -6.276796755042912679e-02 1.244156897321254229e+00 -4.029366058241249937e-01 6.334795371734505132e-01 3.786807343527651692e-01 -3.252721372451755633e-01 -1.367008177546779502e+00 1.290637189664524953e-01 0.000000000000000000e+00
-1.293175601944742403e-01 -2.815692146290766362e-01 2.129507339962047885e-01 1.498290048234133920e+00 -6.487895302659740793e-02 1.239667375378633807e+00 -3.980764699927848427e-01 6.292837934550578050e-01 3.833320783546427801e-01 -3.176019337001247389e-01 -1.370599982908969450e+00 1.255426122088258156e-01 0.000000000000000000e+00
-1.282847133687609609e-01 -2.809642443770352105e-01 2.135018129680973098e-01 1.497690285153025158e+00 -6.721995864083174510e-02 1.234905445932824808e+00 -3.926837685224561780e-01 6.247824520015786698e-01 3.883565312252408308e-01 -3.091611777831731467e-01 -1.374420820124906184e+00 1.216747618772708317e-01 0.000000000000000000e+00
-1.273179002645602742e-01 -2.804073129557186350e-01 2.139867781881243936e-01 1.497142646485397854e+00 -6.943076443471962733e-02 1.230604625246816131e+00 -3.875883091192939278e-01 6.206699320672510733e-01 3.929760504520922737e-01 -3.012488596055204471e-01 -1.377880799013137203e+00 1.180549517117430863e-01 0.000000000000000000e+00
-1.262564824963724741e-01 -2.798059437469243571e-01 2.144867269549490529e-01 1.496554374861407410e+00 -7.187944130787782271e-02 1.226049286090196588e+00 -3.819417751075670497e-01 6.162626002002516978e-01 3.979556290583226019e-01 -2.925476798234726838e-01 -1.381554629736901463e+00 1.140799091463124276e-01 0.000000000000000000e+00
-1.252643477299105468e-01 -2.792528691238843619e-01 2.149251267051729419e-01 1.496014495238847886e+00 -7.418885550005294149e-02 1.221940493040136744e+00 -3.766145874000542682e-01 6.122398953736869487e-01 4.025248145405713185e-01 -2.843982404402620734e-01 -1.384876124248448193e+00 1.103615120861813209e-01 0.000000000000000000e+00
-1.241766396012570078e-01 -2.786562799976364246e-01 2.153753961162920838e-01 1.495431571300128937e+00 -7.674339561716880809e-02 1.217594241328561422e+00 -3.707199466432729573e-01 6.079330978378381101e-01 4.074399446484215925e-01 -2.754437607490341500e-01 -1.388396956367587531e+00 1.062800762352019840e-01 0.000000000000000000e+00
-1.231610036084397203e-01 -2.781083369073752420e-01 2.157683648082733552e-01 1.494894316917198651e+00 -7.914961480458471144e-02 1.213680629476402650e+00 -3.651650253730447937e-01 6.040067994427342768e-01 4.119404205745464953e-01 -2.670625597719593625e-01 -1.391573574915834000e+00 1.024632337609004129e-01 0.000000000000000000e+00
-1.220486642407328792e-01 -2.775180360021083370e-01 2.161698969172129448e-01 1.494311854523546756e+00 -8.180797801599437591e-02 1.209547900750528759e+00 -3.590253072169488635e-01 5.998082594051971084e-01 4.167713947919502449e-01 -2.578593075454044259e-01 -1.394933951579296005e+00 9.827488863691120902e-02 0.000000000000000000e+00
-1.210112414671820624e-01 -2.769764248762537906e-01 2.165185558862975923e-01 1.493772688363780965e+00 -8.430866977538187257e-02 1.205832347984312714e+00 -3.532471131788311736e-01 5.959847590281703855e-01 4.211855842987566323e-01 -2.492520707708092420e-01 -1.397960101525953069e+00 9.435972558411527544e-02 0.000000000000000000e+00
-1.198762592293639156e-01 -2.763935022474759973e-01 2.168727433861905030e-01 1.493185940366342557e+00 -8.706770316158340961e-02 1.201915441744140445e+00 -3.468687757890641654e-01 5.919006017594520275e-01 4.259144262883558518e-01 -2.398079855579270392e-01 -1.401155229043775652e+00 9.006527013544321503e-02 0.000000000000000000e+00
-1.188186229945102368e-01 -2.758593655276844192e-01 2.171781686180914162e-01 1.492641019258948987e+00 -8.965996214991545088e-02 1.198400845279963045e+00 -3.408721359625327407e-01 5.881860246710095552e-01 4.302256846190304351e-01 -2.309808549010753664e-01 -1.404025850382772056e+00 8.605192798458584369e-02 0.000000000000000000e+00
-1.176624405284672908e-01 -2.752852937295897640e-01 2.174859861822606710e-01 1.492046298227105439e+00 -9.251651128805260527e-02 1.194703680065585250e+00 -3.342591407912161028e-01 5.842236404431351282e-01 4.348336190951402891e-01 -2.213012963135597144e-01 -1.407049204010284660e+00 8.165085454614813554e-02 0.000000000000000000e+00
-1.165860272247569857e-01 -2.747598015547090267e-01 2.177492521075156673e-01 1.491492388673355762e+00 -9.519684248832138707e-02 1.191392683647647610e+00 -3.280491484718557338e-01 5.806241119137840467e-01 4.390255678089793889e-01 -2.122607632296086289e-01 -1.409759636209712674e+00 7.753946645528381199e-02 0.000000000000000000e+00
-1.154103393532067562e-01 -2.741955901231796777e-01 2.180120478060449396e-01 1.490886387437800664e+00 -9.814668986742836054e-02 1.187917156412352293e+00 -3.212086860539326572e-01 5.767891599440699846e-01 4.434962163308955319e-01 -2.023543698962454729e-01 -1.412607620679443343e+00 7.303259062016431713e-02 0.000000000000000000e+00
-1.143164698587686018e-01 -2.736798508691405951e-01 2.182341676199970326e-01 1.490320977133929858e+00 -1.009112825867983787e-01 1.184812492319517130e+00 -3.147908673010052505e-01 5.733105389282084907e-01 4.475534090935764375e-01 -1.931072420907314902e-01 -1.415153602681559208e+00 6.882333135923957013e-02 0.000000000000000000e+00
-1.131224519591719213e-01 -2.731269364917575659e-01 2.184528802798931246e-01 1.489701384922188510e+00 -1.039502673427179502e-01 1.181562088003545119e+00 -3.077277313264379921e-01 5.696101431725705266e-01 4.518691947981046120e-01 -1.829801892162984944e-01 -1.417820758513273383e+00 6.421017875186910140e-02 0.000000000000000000e+00
-1.119195085728611899e-01 -2.725801956810277593e-01 2.186492231570323908e-01 1.489073972423825332e+00 -1.070334993067381113e-01 1.178429167621773965e+00 -3.005523098224102130e-01 5.659815196083104460e-01 4.560989603994229924e-01 -1.727425152880863179e-01 -1.420393238968235439e+00 5.954234395717872969e-02 0.000000000000000000e+00
-1.108013391375073653e-01 -2.720814146149708179e-01 2.188107916197605529e-01 1.488487539913198709e+00 -1.099178116506696057e-01 1.175642322022478758e+00 -2.938299253093185626e-01 5.626976422471609007e-01 4.599225939345044090e-01 -1.631951826486930934e-01 -1.422682359083213166e+00 5.518464259380649606e-02 0.000000000000000000e+00
-1.096759836142304628e-01 -2.715885131110074013e-01 2.189537014588730512e-01 1.487893952174728085e+00 -1.128376913357538314e-01 1.172957040021288755e+00 -2.870143301580741491e-01 5.594778804892551749e-01 4.636656668466105913e-01 -1.535566367419647082e-01 -1.424888654888289308e+00 5.078016530260054395e-02 0.000000000000000000e+00
-1.084489280189864513e-01 -2.710615145315639074e-01 2.190876947534910746e-01 1.487242665269791431e+00 -1.160396598989663630e-01 1.170163109773955323e+00 -2.795269859113708733e-01 5.560638744193416860e-01 4.676257873875586668e-01 -1.430137479080726415e-01 -1.427184566064046756e+00 4.595576160294873036e-02 0.000000000000000000e+00
-1.073092443091547832e-01 -2.705816490133812202e-01 2.191925106261159995e-01 1.486633713297865533e+00 -1.190297700199400843e-01 1.167690253536765477e+00 -2.725220400066218351e-01 5.529816982212520937e-01 4.711908279807932587e-01 -1.331910111224516302e-01 -1.429216824291886123e+00 4.145400403054922550e-02 0.000000000000000000e+00
-1.060671847799076334e-01 -2.700692295708767565e-01 2.192858302946799898e-01 1.485965694110616298e+00 -1.223049578399235671e-01 1.165127159994338246e+00 -2.648338101899425090e-01 5.497190928593096437e-01 4.749514777560941425e-01 -1.224534701800099878e-01 -1.431323251556084308e+00 3.652467594513749555e-02 0.000000000000000000e+00
-1.048175039551158400e-01 -2.695650362846348513e-01 2.193582959999788584e-01 1.485289095145993166e+00 -1.256160054217936306e-01 1.162685365523552061e+00 -2.570431318950792132e-01 5.465381133847780903e-01 4.786018726622658370e-01 -1.116173090534513662e-01 -1.433329277647186428e+00 3.154041183986448088e-02 0.000000000000000000e+00
-1.036574397810900855e-01 -2.691070067339889071e-01 2.194069988953235295e-01 1.484657090738179974e+00 -1.287026573881124847e-01 1.160538968780985059e+00 -2.497633810553476497e-01 5.436749156073202860e-01 4.818714355325557364e-01 -1.015300537925582502e-01 -1.435092290288819017e+00 2.689130447718333580e-02 0.000000000000000000e+00
-1.024912247778659719e-01 -2.686563936738541880e-01 2.194384593658162130e-01 1.484018129402837616e+00 -1.318170819248067893e-01 1.158496266937606212e+00 -2.424002399839829403e-01 5.408832569946447899e-01 4.850415293361316493e-01 -9.136326988361261059e-02 -1.436769282827241812e+00 2.219581233845357299e-02 0.000000000000000000e+00
-1.012210328283302957e-01 -2.681767692113845580e-01 2.194533176444868894e-01 1.483318442559653505e+00 -1.352207911639164983e-01 1.156400653565667680e+00 -2.343316275398562021e-01 5.379407303062162526e-01 4.883610264768609710e-01 -8.026207429432066776e-02 -1.438489019101160338e+00 1.705693716773924382e-02 0.000000000000000000e+00
-1.000423066213847884e-01 -2.677422988383544311e-01 2.194494524698672455e-01 1.482666042241421955e+00 -1.383887162487997813e-01 1.154575158061178053e+00 -2.268001746875984992e-01 5.353016375344885613e-01 4.913156705482490949e-01 -6.993599174029627163e-02 -1.439985981949893912e+00 1.226506772587303805e-02 0.000000000000000000e+00
-9.875868808797509668e-02 -2.672808696768966819e-01 2.194265012528215653e-01 1.481952639147212203e+00 -1.418471694840794939e-01 1.152715656939649280e+00 -2.185527309762730075e-01 5.325274226269530731e-01 4.943945510844898195e-01 -5.866643859703007252e-02 -1.441509310093419316e+00 7.021666083116349932e-03 0.000000000000000000e+00
-9.756777283536186007e-02 -2.668635664878522551e-01 2.193882438977784177e-01 1.481288531295907873e+00 -1.450625166269574606e-01 1.151108259009230972e+00 -2.108605064179585875e-01 5.300455229385673261e-01 4.971221606729492315e-01 -4.818985831309178375e-02 -1.442825044829972869e+00 2.133808149229875478e-03 0.000000000000000000e+00
-9.627112493706890817e-02 -2.664211172644314618e-01 2.193285670498076045e-01 1.480563642932177792e+00 -1.485689368028455526e-01 1.149485197713684181e+00 -2.024435857927631144e-01 5.274434813955053425e-01 4.999500382764496820e-01 -3.676260858259006170e-02 -1.444152231159214095e+00 -3.213029994072242983e-03 0.000000000000000000e+00
-9.506818942942016348e-02 -2.660219599394431644e-01 2.192567879344317905e-01 1.479890130896894362e+00 -1.518254419367166541e-01 1.148096768131628753e+00 -1.945983459850668396e-01 5.251232022957738055e-01 5.024398275795647351e-01 -2.614454786574131259e-02 -1.445285938835260797e+00 -8.196436374220740853e-03 0.000000000000000000e+00
-9.375847526259996345e-02 -2.655998003026653898e-01 2.191611538602968590e-01 1.479156530972050021e+00 -1.553729973305735257e-01 1.146711826143341328e+00 -1.860194385865673317e-01 5.226990932030428638e-01 5.050039190770929665e-01 -1.456855330627756205e-02 -1.446415119137454131e+00 -1.364684053508224276e-02 0.000000000000000000e+00
-9.244205488475210064e-02 -2.651883951247596127e-01 2.190472852160094686e-01 1.478419695571094650e+00 -1.589391159109787566e-01 1.145450450539682974e+00 -1.773604699077973301e-01 5.203684943540872743e-01 5.074276619851745274e-01 -2.919860430764128611e-03 -1.447442034053788795e+00 -1.915039608578549338e-02 0.000000000000000000e+00
-9.122083111986430126e-02 -2.648185790865128508e-01 2.189261100011097860e-01 1.477737450123658647e+00 -1.622457600137168221e-01 1.144396316620391874e+00 -1.692979660894209926e-01 5.183018813481857778e-01 5.095370187265713113e-01 7.895498130744487211e-03 -1.448298506660358420e+00 -2.427806309338087151e-02 0.000000000000000000e+00
-8.999375814951218744e-02 -2.644584758416689274e-01 2.187897337134888653e-01 1.477054057188592395e+00 -1.655650223381721631e-01 1.143447977948571115e+00 -1.611707641013125636e-01 5.163172937038587040e-01 5.115216063708984962e-01 1.876862154054962512e-02 -1.449067361267064369e+00 -2.945101008129140038e-02 0.000000000000000000e+00
-8.865773816937796981e-02 -2.640796134688382368e-01 2.186250052836862801e-01 1.476313361092484122e+00 -1.691733516933968673e-01 1.142540236161035505e+00 -1.522953470049463742e-01 5.142612334737766133e-01 5.135280319361639201e-01 3.061063988547977135e-02 -1.449801328463490080e+00 -3.510612654574998132e-02 0.000000000000000000e+00
-8.741827855406476833e-02 -2.637403518636912136e-01 2.184575183873182502e-01 1.475630325907824059e+00 -1.725139093663505818e-01 1.141812598672850898e+00 -1.440396142047279671e-01 5.124503172220363778e-01 5.152463034714833690e-01 4.159696584681604054e-02 -1.450388022851634595e+00 -4.037293955911279431e-02 0.000000000000000000e+00
-8.606869773265318768e-02 -2.633843574532032661e-01 2.182595429571288492e-01 1.474892204932133133e+00 -1.761415880561987279e-01 1.141143829194945614e+00 -1.350299488222865552e-01 5.105838074825407302e-01 5.169605802651671134e-01 5.355600307392534981e-02 -1.450925581917666962e+00 -4.612906264969643400e-02 0.000000000000000000e+00
-8.481645783755087376e-02 -2.630667568175574789e-01 2.180616961770920348e-01 1.474213564674705879e+00 -1.794965263277168432e-01 1.140637091636623968e+00 -1.266541906806896711e-01 5.089502244698861366e-01 5.184041467340447795e-01 6.464578036004359207e-02 -1.451330781877522735e+00 -5.148904468931998768e-02 0.000000000000000000e+00
-8.345271040514438965e-02 -2.627347967937117557e-01 2.178312001394183683e-01 1.473482462807726101e+00 -1.831359500606639656e-01 1.140207842968056884e+00 -1.175187908052828939e-01 5.072782253585071954e-01 5.198156221117868903e-01 7.671185585702806897e-02 -1.451671666497052593e+00 -5.734600171667675328e-02 0.000000000000000000e+00
-8.218716806115640428e-02 -2.624396139518601068e-01 2.176037224230093492e-01 1.472812573126046409e+00 -1.864982043757743568e-01 1.139922097699438197e+00 -1.090316875629854659e-01 5.058253378258144028e-01 5.209767603470614183e-01 8.789515170930012333e-02 -1.451896304135001037e+00 -6.279838296255844943e-02 0.000000000000000000e+00
-8.080872916869087652e-02 -2.621321812021452091e-01 2.173415781257557189e-01 1.472093472131421166e+00 -1.901417015940189970e-01 1.139731887090524420e+00 -9.978076475291809688e-02 5.043502128980195121e-01 5.220791758802993954e-01 1.000568263670400387e-01 -1.452042777994955181e+00 -6.875467589857517381e-02 0.000000000000000000e+00
-7.952924169808490984e-02 -2.618601156251184614e-01 2.170851865605510078e-01 1.471436942193736996e+00 -1.935040837690276128e-01 1.139666935802116310e+00 -9.119111316389580391e-02 5.030811833490831386e-01 5.229506953470277608e-01 1.113236039971076674e-01 -1.452088184891541012e+00 -7.429859914573913593e-02 0.000000000000000000e+00
-7.813525313346288137e-02 -2.615782586980904822e-01 2.167920538410247344e-01 1.470734856161040938e+00 -1.971437233730961580e-01 1.139716024542039463e+00 -8.183359733119802137e-02 5.018075265577527366e-01 5.237345968138926722e-01 1.235704665202164848e-01 -1.452040647466083190e+00 -8.035387012814433627e-02 0.000000000000000000e+00
-7.684106794882690494e-02 -2.613299528722362597e-01 2.165074345354703611e-01 1.470096496244068796e+00 -2.004989121142042308e-01 1.139871546775080624e+00 -7.315034395223785069e-02 5.007253510487990056e-01 5.243098396093501812e-01 1.349105393369101347e-01 -1.451908421517960734e+00 -8.598840327020904062e-02 0.000000000000000000e+00
-7.543075244743691066e-02 -2.610739814742963349e-01 2.161840935629465443e-01 1.469416891977012973e+00 -2.041268139369272205e-01 1.140159314804820134e+00 -6.369660061921492145e-02 4.996549600276689040e-01 5.247705664779336310e-01 1.472310465865380724e-01 -1.451669802284289768e+00 -9.214097950094300715e-02 0.000000000000000000e+00
-7.412101159189150856e-02 -2.608500158093379762e-01 2.158719248717333450e-01 1.468801709877356032e+00 -2.074673674438578530e-01 1.140534851146775441e+00 -5.492877106969872025e-02 4.987623350093016161e-01 5.250434073316125883e-01 1.586341530972825431e-01 -1.451361674546167269e+00 -9.786508640179684970e-02 0.000000000000000000e+00
-7.269329487387683753e-02 -2.606208396164131358e-01 2.155190401733548256e-01 1.468149860102466953e+00 -2.110752539924494187e-01 1.141060849841377678e+00 -4.538808384946312058e-02 4.978993376580614361e-01 5.251725706444809738e-01 1.710175026262579223e-01 -1.450933171926773735e+00 -1.041144102815063505e-01 0.000000000000000000e+00
-7.136704750935814190e-02 -2.604216806231609005e-01 2.151799075181115017e-01 1.467562978449013400e+00 -2.143936048191372734e-01 1.141656159011300797e+00 -3.654482858444883797e-02 4.971987598438025180e-01 5.251378163922559850e-01 1.824732565028018838e-01 -1.450451139769469266e+00 -1.099269590976860583e-01 0.000000000000000000e+00
-6.992094608731437566e-02 -2.602194651085655286e-01 2.147982342223765106e-01 1.466944572098238808e+00 -2.179733839659809824e-01 1.142419273815266312e+00 -2.692763998130610556e-02 4.965444877429973092e-01 5.249318208819380160e-01 1.949078718827612910e-01 -1.449836215873769873e+00 -1.162711664136080320e-01 0.000000000000000000e+00
-6.857716161170827884e-02 -2.600455343306246059e-01 2.144328033840978698e-01 1.466391051482856867e+00 -2.212618522616907057e-01 1.143233229702278475e+00 -1.801815939012211057e-02 4.960382541092868691e-01 5.245844115177371592e-01 2.064058535073398370e-01 -1.449182809300319175e+00 -1.221709504002446295e-01 0.000000000000000000e+00
-6.711143183912388066e-02 -2.598710150916841988e-01 2.140229361328608026e-01 1.465811519964185017e+00 -2.248049514421062156e-01 1.144232963270591430e+00 -8.334046901172178015e-03 4.955963025263881438e-01 5.240361998073441718e-01 2.188806326854889905e-01 -1.448382928866913888e+00 -1.286092338816736680e-01 0.000000000000000000e+00
-6.574901074894311248e-02 -2.597226275488595526e-01 2.136318150507491298e-01 1.465296450120884941e+00 -2.280557295669822793e-01 1.145264545022788960e+00 6.323653251889695777e-04 4.952864437335574577e-01 5.233718742734243534e-01 2.304103225717963055e-01 -1.447560811038406392e+00 -1.345949131358437079e-01 0.000000000000000000e+00
-6.426250859358294265e-02 -2.595757523892247565e-01 2.131944608146341125e-01 1.464761390776343930e+00 -2.315538070584137742e-01 1.146499361329196498e+00 1.037294274593947817e-02 4.950575783273788444e-01 5.224793158340843569e-01 2.429136641526365714e-01 -1.446580101966984611e+00 -1.411252171553133983e-01 0.000000000000000000e+00
-6.276464509355801635e-02 -2.594435934148338063e-01 2.127430015643424210e-01 1.464251492103252339e+00 -2.350249237962325211e-01 1.147856196758999081e+00 2.013912376880183305e-02 4.949412980562831743e-01 5.214045971761827047e-01 2.554274419959985942e-01 -1.445505782783246929e+00 -1.477031418240250527e-01 0.000000000000000000e+00
-6.137166492740180751e-02 -2.593344723652328820e-01 2.123139658687850928e-01 1.463804440120982875e+00 -2.382032004694258909e-01 1.149216244847490964e+00 2.917420985608588924e-02 4.949333418625266323e-01 5.202514484241782533e-01 2.669851283632653227e-01 -1.444432528863944798e+00 -1.538166111986268847e-01 0.000000000000000000e+00
-5.996845400755482225e-02 -2.592378091116626093e-01 2.118732310282801512e-01 1.463381220949734107e+00 -2.413546938304254041e-01 1.150679381636114273e+00 3.822648997715777375e-02 4.950214259155809038e-01 5.189425047484044207e-01 2.785465598008149968e-01 -1.443281377482758199e+00 -1.599696618049300245e-01 0.000000000000000000e+00
-5.843645751936839966e-02 -2.591470813233283654e-01 2.113827791097596664e-01 1.462950845529231714e+00 -2.447365325421788640e-01 1.152379823130953218e+00 4.804997577683536858e-02 4.952252908970264933e-01 5.173483365198827677e-01 2.910728877908140277e-01 -1.441947799566901001e+00 -1.666795627504119026e-01 0.000000000000000000e+00
-5.701102818538153483e-02 -2.590763898739595339e-01 2.109181188604961066e-01 1.462580598937179843e+00 -2.478262582445287521e-01 1.154056158400879051e+00 5.713113455097779819e-02 4.955144436123818386e-01 5.157128892944653487e-01 3.026343358731204969e-01 -1.440636991678363898e+00 -1.729138730594760864e-01 0.000000000000000000e+00
-5.545425611457695247e-02 -2.590139526018769289e-01 2.104020271163986600e-01 1.462209939822280091e+00 -2.511365897771673517e-01 1.155986670576213848e+00 6.698089826047391726e-02 4.959374201725136877e-01 5.137627895862548755e-01 3.151548881325054174e-01 -1.439131773030251082e+00 -1.797111090439557635e-01 0.000000000000000000e+00
-5.400536799970404034e-02 -2.589691769359050433e-01 2.099140170797614557e-01 1.461897068779222764e+00 -2.541562815926612373e-01 1.157874152654756683e+00 7.608154388365515053e-02 4.964287068146060466e-01 5.117988414403757957e-01 3.267057168599652450e-01 -1.437664770743781073e+00 -1.860248481325315617e-01 0.000000000000000000e+00
-5.242254270776280922e-02 -2.589345918929590873e-01 2.093729842968316268e-01 1.461590917924954880e+00 -2.573863813531964695e-01 1.160031979110567324e+00 8.594729072088094779e-02 4.970704620582878652e-01 5.094929434105304189e-01 3.392090917303191566e-01 -1.435992705053374729e+00 -1.929068558634598474e-01 0.000000000000000000e+00
-5.094896387339024890e-02 -2.589155895047544620e-01 2.088622309667001187e-01 1.461339423257887127e+00 -2.603277632420266663e-01 1.162127975643418853e+00 9.505805635620448446e-02 4.977647148649579356e-01 5.071988964475364625e-01 3.507387483271128259e-01 -1.434373236794497464e+00 -1.992981262292705669e-01 0.000000000000000000e+00
-4.933869788225472841e-02 -2.589089809999448599e-01 2.082968505896932165e-01 1.461101750689577372e+00 -2.634683693617354550e-01 1.164510439229939687e+00 1.049297204044773030e-01 4.986273127420345896e-01 5.045337379866396965e-01 3.632133943472074522e-01 -1.432537386697051440e+00 -2.062632911652365342e-01 0.000000000000000000e+00
-4.771368687545851639e-02 -2.589165287725084252e-01 2.077190631380189667e-01 1.460901341556746225e+00 -2.665589896428155470e-01 1.167008495027013648e+00 1.148004606687469953e-01 4.996039604927939304e-01 5.016832235138735108e-01 3.756686991598853775e-01 -1.430618712289703831e+00 -2.132704008883712921e-01 0.000000000000000000e+00
-4.620025551034774580e-02 -2.589362213121173539e-01 2.071748838528459924e-01 1.460750063375019892e+00 -2.693652449691339434e-01 1.169415922614531977e+00 1.239087295905485775e-01 5.006076726181312164e-01 4.988857059467997068e-01 3.871459580622317320e-01 -1.428774606392878566e+00 -2.197755380355397026e-01 0.000000000000000000e+00
-4.467368011566746899e-02 -2.589679625378886185e-01 2.066204318522245065e-01 1.460631976031406154e+00 -2.721247995345015269e-01 1.171920161449610864e+00 1.330117387691972797e-01 5.017092226240151831e-01 4.959290645045935086e-01 3.986016453597485132e-01 -1.426861391465765516e+00 -2.263155459482313336e-01 0.000000000000000000e+00
-4.300473863023684951e-02 -2.590159180062596711e-01 2.060083652692201173e-01 1.460542084408569252e+00 -2.750592594305714123e-01 1.174741107548873176e+00 1.428649104926508484e-01 5.030133393203133352e-01 4.925459178138114069e-01 4.109847119278580707e-01 -1.424711820991908073e+00 -2.334394352851660304e-01 0.000000000000000000e+00
-4.144995367507009476e-02 -2.590724047299697297e-01 2.054329602804665922e-01 1.460494967635884045e+00 -2.777152470317343358e-01 1.177444144172133278e+00 1.519501347486448550e-01 5.043187210181293567e-01 4.892581122900541146e-01 4.223877019253048370e-01 -1.422657858001184383e+00 -2.400503831513946806e-01 0.000000000000000000e+00
-3.974988845305105906e-02 -2.591467446075003678e-01 2.047985705669330136e-01 1.460483334523433818e+00 -2.805330789611732989e-01 1.180478065544233290e+00 1.617791299628275337e-01 5.058429146890088823e-01 4.855174362229290885e-01 4.347082174973111446e-01 -1.420358484716010006e+00 -2.472495733681513985e-01 0.000000000000000000e+00
-3.816583034365741978e-02 -2.592274888657620791e-01 2.042029063442575565e-01 1.460509370495334025e+00 -2.830770761115166678e-01 1.183375259265365020e+00 1.708374063575413271e-01 5.073518950521614945e-01 4.818988660917837841e-01 4.460481238664366632e-01 -1.418168034719419879e+00 -2.539289811191518531e-01 0.000000000000000000e+00
-3.643350646292026207e-02 -2.593279338864600270e-01 2.035468722258164387e-01 1.460577770921783980e+00 -2.857689367584956841e-01 1.186617164047890638e+00 1.806321466622028415e-01 5.090970978040039174e-01 4.777995953838791721e-01 4.582945369811116110e-01 -1.415722720206509022e+00 -2.612011419497767828e-01 0.000000000000000000e+00
-3.481920782148446858e-02 -2.594323073667380020e-01 2.029315572282902880e-01 1.460678485836066187e+00 -2.881925196513868137e-01 1.189703945120092587e+00 1.896543705136596591e-01 5.108092107793023029e-01 4.738517253839460430e-01 4.695610399726918294e-01 -1.413400044261796440e+00 -2.679463797139726156e-01 0.000000000000000000e+00
-3.305365585903725922e-02 -2.595578178479580611e-01 2.022546495803526356e-01 1.460828514839937142e+00 -2.907496393689887881e-01 1.193148119883091773e+00 1.994053184631462416e-01 5.127733586622630346e-01 4.693975884607879401e-01 4.817226979856749081e-01 -1.410814381159438469e+00 -2.752881489175894592e-01 0.000000000000000000e+00
-3.140825157365477460e-02 -2.596851460340290907e-01 2.016204117774300086e-01 1.461004874233577944e+00 -2.930446064717866506e-01 1.196418717923267705e+00 2.083825016026670807e-01 5.146878053013801413e-01 4.651220164887202024e-01 4.929056775875675367e-01 -1.408364006640456578e+00 -2.820964037310793038e-01 0.000000000000000000e+00
-2.960855438074104853e-02 -2.598353052114827921e-01 2.009233583994146088e-01 1.461236973507426207e+00 -2.954576859101711861e-01 1.200058987532349741e+00 2.180796703428908578e-01 5.168712977896223748e-01 4.603130133503099408e-01 5.049710290376305810e-01 -1.405641856532232170e+00 -2.895050848570844271e-01 0.000000000000000000e+00
-2.779082043558036424e-02 -2.599976812167025808e-01 2.002161772422217656e-01 1.461511965404438840e+00 -2.977926856792496579e-01 1.203798357000338992e+00 2.277453638479812470e-01 5.191673088339205933e-01 4.553221163094471891e-01 5.169824847651333100e-01 -1.402851396342047252e+00 -2.969469556281745803e-01 0.000000000000000000e+00
-2.609673021990832273e-02 -2.601584283239939399e-01 1.995545534180761527e-01 1.461803542679033896e+00 -2.998765078418803576e-01 1.207336450593136323e+00 2.366371427402946259e-01 5.213871867605561761e-01 4.505530605873877548e-01 5.280192235336669260e-01 -1.400215532653141137e+00 -3.038453417998068229e-01 0.000000000000000000e+00
-2.438698227823916584e-02 -2.603293159177342275e-01 1.988846362210308083e-01 1.462131255230108451e+00 -3.018898125519795528e-01 1.210955714615449486e+00 2.454977626478540564e-01 5.237028386178936845e-01 4.456296746801577946e-01 5.390049960568391585e-01 -1.397523343107180072e+00 -3.107706258984488379e-01 0.000000000000000000e+00
-2.251694993493133859e-02 -2.605257707059188688e-01 1.981497648934838485e-01 1.462526659248775118e+00 -3.039891694052467841e-01 1.214966049218947131e+00 2.550591767515110742e-01 5.263194609679238134e-01 4.401219912297653636e-01 5.508459428955494452e-01 -1.394544197953762943e+00 -3.183026779619518298e-01 0.000000000000000000e+00
-2.077424501774183599e-02 -2.607171478131272702e-01 1.974631907625654381e-01 1.462928683630474680e+00 -3.058498958161530723e-01 1.218748528148223542e+00 2.638485404551541014e-01 5.288334184579313035e-01 4.348794254658896463e-01 5.617183313353114604e-01 -1.391738158271200954e+00 -3.252816247565589736e-01 0.000000000000000000e+00
-1.886832496866320749e-02 -2.609351164953224722e-01 1.967106904826257385e-01 1.463403870775927373e+00 -3.077800613950127939e-01 1.222931560665648787e+00 2.733284285399409930e-01 5.316632268532223149e-01 4.290291263412580047e-01 5.734316461787798413e-01 -1.388638505078457763e+00 -3.328697696505217851e-01 0.000000000000000000e+00
-1.709235321681252390e-02 -2.611460576983852810e-01 1.960082549335138147e-01 1.463878387943666759e+00 -3.094807775461037025e-01 1.226869212448614022e+00 2.820380805032066118e-01 5.343736257631367392e-01 4.234712423043172080e-01 5.841810964447211596e-01 -1.385723142633147997e+00 -3.398989503211904961e-01 0.000000000000000000e+00
-1.515028080853855243e-02 -2.613848751343081367e-01 1.952390730929015883e-01 1.464430636447191958e+00 -3.112334694748724040e-01 1.231215156235166086e+00 2.914268551891991965e-01 5.374157213868206995e-01 4.172805911923735955e-01 5.957555940163690167e-01 -1.382507508774931893e+00 -3.475396926466823855e-01 0.000000000000000000e+00
-1.334088568519268582e-02 -2.616143956617276167e-01 1.945216491271909431e-01 1.464975053128771521e+00 -3.127669295059698484e-01 1.235298858294601843e+00 3.000485729022216996e-01 5.403203313192291857e-01 4.114119162562202003e-01 6.063725520180789363e-01 -1.379487750414891023e+00 -3.546154120574002699e-01 0.000000000000000000e+00
-1.136260146639309250e-02 -2.618726375057923716e-01 1.937367083255020772e-01 1.465601587576882636e+00 -3.143349559532366833e-01 1.239798010743508483e+00 3.093379783900407354e-01 5.435708858772391183e-01 4.048881036919078635e-01 6.177989778331184345e-01 -1.376161861687545507e+00 -3.623043575986225617e-01 0.000000000000000000e+00
-9.519820050285983729e-03 -2.621197458299899252e-01 1.930052175416439586e-01 1.466212667075989629e+00 -3.156945039475704817e-01 1.244017915157246801e+00 3.178636891457659042e-01 5.466672101186197397e-01 3.987134315465046264e-01 6.282742556648360788e-01 -1.373042501102735624e+00 -3.694228207448362333e-01 0.000000000000000000e+00
-7.505476603225094516e-03 -2.623966456883630727e-01 1.922055183195941208e-01 1.466909231028155958e+00 -3.170704283098166876e-01 1.248659130352202551e+00 3.270444376611096882e-01 5.501245924247878394e-01 3.918601859553489941e-01 6.395417573418250567e-01 -1.369610884880114066e+00 -3.771560080496674794e-01 0.000000000000000000e+00
-5.629535635269303055e-03 -2.626603230465396344e-01 1.914608816689469251e-01 1.467583114779227316e+00 -3.182497557131234167e-01 1.253004950639615034e+00 3.354662518448081610e-01 5.534098679455096148e-01 3.853849760809304748e-01 6.498663002558442425e-01 -1.366396582602442900e+00 -3.843131536107144974e-01 0.000000000000000000e+00
-3.579466625174972886e-03 -2.629544198347956718e-01 1.906474617579005382e-01 1.468345333189369661e+00 -3.194274087980382149e-01 1.257776676166906027e+00 3.445306535100290946e-01 5.570696837840374283e-01 3.782104201042570946e-01 6.609661559422127519e-01 -1.362865230996997967e+00 -3.920859221472470235e-01 0.000000000000000000e+00
-1.670786240907872703e-03 -2.632336239475095985e-01 1.898907037938810383e-01 1.469077381313568686e+00 -3.204207123010718306e-01 1.262236937341950860e+00 3.528409478230804530e-01 5.605407480803057396e-01 3.714406646132757395e-01 6.711310423488816568e-01 -1.359561047032536552e+00 -3.992775223548969965e-01 0.000000000000000000e+00
4.144240141791729606e-04 -2.635441615899151158e-01 1.890646665227915246e-01 1.469899782750009543e+00 -3.213937770761816637e-01 1.267126465315185024e+00 3.617800810485268248e-01 5.644007337642665822e-01 3.639494587829918970e-01 6.820527991373511734e-01 -1.355934354260066810e+00 -4.070853780387913012e-01 0.000000000000000000e+00
2.355211492236432887e-03 -2.638378516470870627e-01 1.882967679153658980e-01 1.470684839990119563e+00 -3.221958857808679966e-01 1.271689590874242715e+00 3.699714319293925802e-01 5.680542578847190827e-01 3.568916824201182614e-01 6.920495069211816119e-01 -1.352544949140722874e+00 -4.143070386772456093e-01 0.000000000000000000e+00
4.474813526034610196e-03 -2.641633672183805737e-01 1.874592710608763979e-01 1.471561852474220444e+00 -3.229593589824544253e-01 1.276683820396665059e+00 3.787782393381755597e-01 5.721092535395009282e-01 3.490930146419848334e-01 7.027849755914000740e-01 -1.348828907313680769e+00 -4.221448882129169022e-01 0.000000000000000000e+00
6.446869969382870887e-03 -2.644705257164114420e-01 1.866813047928718716e-01 1.472394312376320791e+00 -3.235657188416700691e-01 1.281337384215033293e+00 3.868434562519124098e-01 5.759414757690977105e-01 3.417541416260532205e-01 7.126051823739854019e-01 -1.345358941571362044e+00 -4.293919820397814058e-01 0.000000000000000000e+00
8.599796377474022355e-03 -2.648102336364516196e-01 1.858334770050673601e-01 1.473319109493034240e+00 -3.241147016962706573e-01 1.286422404465280112e+00 3.955094823075711585e-01 5.801886184965288074e-01 3.336541371705774583e-01 7.231444426508922829e-01 -1.341558078063600945e+00 -4.372548652896994237e-01 0.000000000000000000e+00
1.060209333945837627e-02 -2.651298401795836313e-01 1.850465444867725184e-01 1.474192693144738442e+00 -3.245212834583788286e-01 1.291153265955801599e+00 4.034417409038857372e-01 5.841955440936348332e-01 3.260417575106948629e-01 7.327799592118806604e-01 -1.338012478546323880e+00 -4.445225653254984421e-01 0.000000000000000000e+00
1.278714553492773208e-02 -2.654823520373170154e-01 1.841896375388969165e-01 1.475158905915186836e+00 -3.248523161227310219e-01 1.296314891967338845e+00 4.119604941512630680e-01 5.886289749393169846e-01 3.176504032319640292e-01 7.431155542444236595e-01 -1.334132385996132930e+00 -4.524049895199149796e-01 0.000000000000000000e+00
1.481842575454133358e-02 -2.658134254383799355e-01 1.833948517724329763e-01 1.476067122351533811e+00 -3.250559517974633827e-01 1.301109724153035607e+00 4.197531698169439385e-01 5.928062762671607588e-01 3.097725064114007498e-01 7.525586574166538423e-01 -1.330515680077750895e+00 -4.596882690480909028e-01 0.000000000000000000e+00
1.703408386903533175e-02 -2.661780185148976408e-01 1.825301095615168567e-01 1.477066989617406456e+00 -3.251655086619900104e-01 1.306332735035376613e+00 4.281167606413105453e-01 5.974223333845950501e-01 3.010971260024131180e-01 7.626809998249087785e-01 -1.326560885858983241e+00 -4.675847747067712890e-01 0.000000000000000000e+00
1.909287519958701232e-02 -2.665196210489096940e-01 1.817286708734171807e-01 1.478003030735925094e+00 -3.251638520740693927e-01 1.311177336062980592e+00 4.357634950792550477e-01 6.017653499112690652e-01 2.929621009786025354e-01 7.719241661783012853e-01 -1.322877867229458104e+00 -4.748783074051439734e-01 0.000000000000000000e+00
2.133750200965573926e-02 -2.668949448137262204e-01 1.808573378518664454e-01 1.479029396980910072e+00 -3.250501627057307275e-01 1.316446900675499077e+00 4.439662309737808510e-01 6.065577082928665931e-01 2.840138797159363904e-01 7.818266646385703122e-01 -1.318853963980402888e+00 -4.827830022841763102e-01 0.000000000000000000e+00
2.342215436485316563e-02 -2.672461736612790073e-01 1.800504266840261269e-01 1.479986163834889012e+00 -3.248413917458785605e-01 1.321327177244479234e+00 4.514610653610499624e-01 6.110614465913268845e-01 2.756307812365847987e-01 7.908626370591547161e-01 -1.315109026855533436e+00 -4.900813619620248418e-01 0.000000000000000000e+00
2.569375444920416959e-02 -2.676316080038385614e-01 1.791738446442711352e-01 1.481030893547718108e+00 -3.245027323926392704e-01 1.326627169523666439e+00 4.594955893432237093e-01 6.160256454422619043e-01 2.664181080776737431e-01 8.005363034027584979e-01 -1.311020408791989444e+00 -4.979881873699292250e-01 0.000000000000000000e+00
2.780239160444212751e-02 -2.679916052082189082e-01 1.783627102199055736e-01 1.482001320566697089e+00 -3.240861161476620289e-01 1.331528489309717234e+00 4.668328311729873503e-01 6.206847126113009816e-01 2.577963903646514066e-01 8.093582908297548562e-01 -1.307218080545628824e+00 -5.052856149413962328e-01 0.000000000000000000e+00
3.009893103272155354e-02 -2.683859331503217205e-01 1.774821812001701193e-01 1.483057129942348951e+00 -3.235222423070203135e-01 1.336843793223145616e+00 4.746942163947922566e-01 6.258136945546846075e-01 2.483313826924551382e-01 8.187971995232682376e-01 -1.303069807673666869e+00 -5.131882458705837591e-01 0.000000000000000000e+00
3.222949211266801228e-02 -2.687538952114060797e-01 1.766680584313534419e-01 1.484033889601519718e+00 -3.228977355667863591e-01 1.341751426383368084e+00 4.818685393448703391e-01 6.306225645350406195e-01 2.394810325998493195e-01 8.273986106329789258e-01 -1.299214615679668006e+00 -5.204788158022437550e-01 0.000000000000000000e+00
3.454854648064459993e-02 -2.691566170286205373e-01 1.757850186345214227e-01 1.485092550985471327e+00 -3.221087802737705452e-01 1.347065289280751754e+00 4.895501279035812670e-01 6.359110698277200546e-01 2.297731446362381025e-01 8.365944392979953736e-01 -1.295011082215086873e+00 -5.283706942185300015e-01 0.000000000000000000e+00
3.669877411055165461e-02 -2.695317990844174338e-01 1.749691541871745415e-01 1.486068626764348366e+00 -3.212772124502758508e-01 1.351964720085939264e+00 4.965565052574162919e-01 6.408637505069404439e-01 2.207046816503546172e-01 8.449691488199129186e-01 -1.291107154373139831e+00 -5.356481813713351858e-01 0.000000000000000000e+00
3.903791296499775632e-02 -2.699418022640821535e-01 1.740848947314111994e-01 1.487122960266393790e+00 -3.202648061728128326e-01 1.357262104080461773e+00 5.040542025428572659e-01 6.463041891398088046e-01 2.107670960427239226e-01 8.539169040293884683e-01 -1.286853287163956416e+00 -5.435225162139405430e-01 0.000000000000000000e+00
4.120540620458566089e-02 -2.703235262466684441e-01 1.732686099715350092e-01 1.488091532709775677e+00 -3.192277655075121956e-01 1.362138620750564355e+00 5.108880736370823294e-01 6.513942223522499742e-01 2.014914391240325564e-01 8.620591195881421864e-01 -1.282904751373750374e+00 -5.507805290012743882e-01 0.000000000000000000e+00
4.356180878338639095e-02 -2.707404494820390695e-01 1.723846095181072180e-01 1.489133866581398458e+00 -3.179937579700036210e-01 1.367402983478240852e+00 5.181959208263141603e-01 6.569804690548001203e-01 1.913348085167427826e-01 8.707511447539428850e-01 -1.278604545161599271e+00 -5.586300631562284291e-01 0.000000000000000000e+00
4.574399533199276224e-02 -2.711281036134902678e-01 1.715691511469946695e-01 1.490088176544544396e+00 -3.167535513513204393e-01 1.372242276422969809e+00 5.248530578926989820e-01 6.622013966348188063e-01 1.818634092579307637e-01 8.786553402902707033e-01 -1.274615396164769709e+00 -5.658619436753657972e-01 0.000000000000000000e+00
4.811490868201990373e-02 -2.715509633903492870e-01 1.706867294105888222e-01 1.491111943761925573e+00 -3.153013601922816100e-01 1.377458997141462360e+00 5.319678924819274402e-01 6.679251290286443155e-01 1.715018484047594605e-01 8.870876406707614015e-01 -1.270273511481558870e+00 -5.736795198972389764e-01 0.000000000000000000e+00
5.030905710861641872e-02 -2.719439965782115554e-01 1.698734310008805926e-01 1.492045957431106018e+00 -3.138613172850566180e-01 1.382246854547270143e+00 5.384444339368910093e-01 6.732698270203243407e-01 1.618465578726768772e-01 8.947488893366468687e-01 -1.266247610861686246e+00 -5.808783106398321960e-01 0.000000000000000000e+00
5.269133980958299462e-02 -2.723725614928221850e-01 1.689940674002392562e-01 1.493044305193928167e+00 -3.121943901861747861e-01 1.387400018331250484e+00 5.453611626305312488e-01 6.791241874656183120e-01 1.512919178404747989e-01 9.029145407129932632e-01 -1.261867776132941987e+00 -5.886560060243812842e-01 0.000000000000000000e+00
5.489459079129249686e-02 -2.727704755802975445e-01 1.681842160513881412e-01 1.493952186061239473e+00 -3.105583701174357003e-01 1.392122741557067611e+00 5.516536796541704479e-01 6.845853321759619581e-01 1.414652528922459851e-01 9.103281153975013584e-01 -1.257808852315552173e+00 -5.958145164554869977e-01 0.000000000000000000e+00
5.728523548895835676e-02 -2.732039200616493968e-01 1.673092292316686880e-01 1.494919637876780172e+00 -3.086816570866339760e-01 1.397198729045605381e+00 5.583700387652957842e-01 6.905613325040452777e-01 1.307324473831177336e-01 9.182240551344500457e-01 -1.253395195440963894e+00 -6.035447409936055552e-01 0.000000000000000000e+00
5.949465800546223371e-02 -2.736062845816695233e-01 1.665041332684968622e-01 1.495796394760157355e+00 -3.068542268660880978e-01 1.401843136817490620e+00 5.644756351699251606e-01 6.961312007658915224e-01 1.207471911919748564e-01 9.253858279378911478e-01 -1.249306710535474263e+00 -6.106555142621715726e-01 0.000000000000000000e+00
6.189022927451048872e-02 -2.740444943929712940e-01 1.656350247892749983e-01 1.496727332628907448e+00 -3.047728870686432501e-01 1.406827006163139826e+00 5.709873303512777998e-01 7.022210512305756547e-01 1.098492696952613201e-01 9.330060639229894592e-01 -1.244862693624458894e+00 -6.183297458383711920e-01 0.000000000000000000e+00
6.410274623779373127e-02 -2.744509205501460825e-01 1.648359576231443469e-01 1.497568526273820311e+00 -3.027593698785153720e-01 1.411380596218682726e+00 5.769034095548343233e-01 7.078915869816269080e-01 9.971887122470879383e-02 9.399123064198372512e-01 -1.240747976582232015e+00 -6.253849921982090887e-01 0.000000000000000000e+00
6.650008728283543502e-02 -2.748932017609381218e-01 1.639740414332024054e-01 1.498458943596093107e+00 -3.004795919321736619e-01 1.416260000647224571e+00 5.832092423839240203e-01 7.140856336239604918e-01 8.867154639084229295e-02 9.472547081242130851e-01 -1.236277328060315872e+00 -6.329951081711649996e-01 0.000000000000000000e+00
6.871259191183115567e-02 -2.753033542005826617e-01 1.631822683012629505e-01 1.499260698207594444e+00 -2.982856949610797059e-01 1.420710991848789684e+00 5.889337737260765815e-01 7.198484479067829289e-01 7.840985407854894618e-02 9.539020913631053311e-01 -1.232139441516605372e+00 -6.399869712970590596e-01 0.000000000000000000e+00
7.110810637956886671e-02 -2.757496785237995018e-01 1.623290199264051381e-01 1.500106731879788491e+00 -2.958138880990057729e-01 1.425472538185562188e+00 5.950304818305677257e-01 7.261380354532230852e-01 6.722737381936072509e-02 9.609616653597146119e-01 -1.227645224019042081e+00 -6.475236506029560246e-01 0.000000000000000000e+00
7.331741094957232308e-02 -2.761632727271480237e-01 1.615458132793066992e-01 1.500866211820779839e+00 -2.934460339109392635e-01 1.429809826644130588e+00 6.005618008356350401e-01 7.319843398362195774e-01 5.684863557715846838e-02 9.673473930215067407e-01 -1.223487097451047001e+00 -6.544438081164997145e-01 0.000000000000000000e+00
7.570784983810108226e-02 -2.766130239175554895e-01 1.607024773169768994e-01 1.501665409858526701e+00 -2.907894637772212576e-01 1.434442969960200154e+00 6.064492510574731599e-01 7.383592151165694339e-01 4.554764464946159386e-02 9.741230740459134729e-01 -1.218972639929199131e+00 -6.618984620608222569e-01 0.000000000000000000e+00
7.791077794663210654e-02 -2.770298028678775948e-01 1.599291025150803291e-01 1.502380666972526591e+00 -2.882544020208639424e-01 1.438656343143764671e+00 6.117862924610192321e-01 7.442798216939791045e-01 3.506650786334586378e-02 9.802448824436786889e-01 -1.214796936498009350e+00 -6.687383918465272803e-01 0.000000000000000000e+00
8.029245946322544070e-02 -2.774830091343161165e-01 1.590971129302604092e-01 1.503130909441806828e+00 -2.854202831087269132e-01 1.443149728221910344e+00 6.174622211132778649e-01 7.507303307492873001e-01 2.366258575951762921e-02 9.867326091752205430e-01 -1.210264635796857835e+00 -6.761011001542147625e-01 0.000000000000000000e+00
8.248580264089164227e-02 -2.779027192086408471e-01 1.583347691965192594e-01 1.503800680129739220e+00 -2.827251030709891921e-01 1.447229971832399986e+00 6.226043857040572949e-01 7.567157852992404399e-01 1.309436360575610969e-02 9.925886340961957988e-01 -1.206073885505509313e+00 -6.828519472014566993e-01 0.000000000000000000e+00
8.485549140378116639e-02 -2.783588316495432258e-01 1.575153259581270337e-01 1.504501620882708224e+00 -2.797215220510054223e-01 1.451575085247478691e+00 6.280697248931179644e-01 7.632310091690374110e-01 1.604820872881607130e-03 9.987885396929276904e-01 -1.201526537944199058e+00 -6.901135219667484666e-01 0.000000000000000000e+00
8.703608577601032459e-02 -2.787812661316639296e-01 1.567652416291014372e-01 1.505125734174107777e+00 -2.768734347998189627e-01 1.455513988902028988e+00 6.330168795130763915e-01 7.692713248374462021e-01 -9.034907156148408447e-03 1.004377382977540645e+00 -1.197322738163508982e+00 -6.967662315278209118e-01 0.000000000000000000e+00
8.939012287757742981e-02 -2.792403209513290574e-01 1.559597614384819753e-01 1.505777325284511470e+00 -2.737083949387502102e-01 1.459701422163238504e+00 6.382704973954757000e-01 7.758406774563990638e-01 -2.059342576125589019e-02 1.010286604541290156e+00 -1.192762474270911754e+00 -7.039160866853839682e-01 0.000000000000000000e+00
9.155482573587390982e-02 -2.796652182869397985e-01 1.552230579413422518e-01 1.506356628350732585e+00 -2.707149880567643052e-01 1.463491981619826188e+00 6.430231080978038305e-01 7.819256676520939253e-01 -3.128841438290486110e-02 1.015607600399268451e+00 -1.188547622371697754e+00 -7.104610713803626298e-01 0.000000000000000000e+00
9.389013793223761895e-02 -2.801266831216975284e-01 1.544326481184646882e-01 1.506960479798626906e+00 -2.673965125963615463e-01 1.467515765443727860e+00 6.480671352024139908e-01 7.885375642694608667e-01 -4.289779936483295586e-02 1.021227269773499424e+00 -1.183976306360576825e+00 -7.174895529712453923e-01 0.000000000000000000e+00
9.603589551452627882e-02 -2.805537662216358585e-01 1.537104633244840701e-01 1.507496522084995405e+00 -2.642654147781020590e-01 1.471151853091775097e+00 6.526262672515479313e-01 7.946565763480815114e-01 -5.363140382228825942e-02 1.026280218467761074e+00 -1.179752266555602169e+00 -7.239172254202059786e-01 0.000000000000000000e+00
9.834894857128044510e-02 -2.810176067199202099e-01 1.529364671587871427e-01 1.508054949224763241e+00 -2.608017043500865384e-01 1.475005044241321839e+00 6.574607701573959018e-01 8.012994322131206104e-01 -6.527367884367851758e-02 1.031608671176791781e+00 -1.175171496322611198e+00 -7.308127486936665251e-01 0.000000000000000000e+00
1.004728222010201066e-01 -2.814466399184888390e-01 1.522299468576694681e-01 1.508550665230975696e+00 -2.575403246796863499e-01 1.478481795960690626e+00 6.618278882919351735e-01 8.074413474771159338e-01 -7.602912122207272638e-02 1.036393839023445951e+00 -1.170939333876311883e+00 -7.371131220425214403e-01 0.000000000000000000e+00
1.027607657721759243e-01 -2.819122678932956538e-01 1.514734116620694016e-01 1.509067238761833352e+00 -2.539394919434254660e-01 1.482160706861137323e+00 6.664561959503838562e-01 8.141029120488129101e-01 -8.768551099724031239e-02 1.041433471912257325e+00 -1.166350574160050835e+00 -7.438656335654445506e-01 0.000000000000000000e+00
1.048599128150710241e-01 -2.823428770503247920e-01 1.507835766659302301e-01 1.509526245498969743e+00 -2.505552383681139972e-01 1.485474538316452708e+00 6.706334972782276305e-01 8.202563454845226421e-01 -9.844508127532414221e-02 1.045951791017685872e+00 -1.162111487494917217e+00 -7.500283214859423397e-01 0.000000000000000000e+00
1.071194604203947326e-01 -2.828101280963814523e-01 1.500457375076268141e-01 1.510005488264598128e+00 -2.468251297810217793e-01 1.488975044725196373e+00 6.750569412698219640e-01 8.269240353267267585e-01 -1.100962778863661118e-01 1.050702204612114832e+00 -1.157515537243712922e+00 -7.566254375592593728e-01 0.000000000000000000e+00
1.091912441873339329e-01 -2.832419349299407640e-01 1.493736318412980379e-01 1.510432586735672267e+00 -2.433250290268009763e-01 1.492123442233332931e+00 6.790472221101150341e-01 8.330772024463276582e-01 -1.208422660428905004e-01 1.054955139714916834e+00 -1.153270192150017692e+00 -7.626398539860671510e-01 0.000000000000000000e+00
1.114198760552326944e-01 -2.837101117903400027e-01 1.486554464545550291e-01 1.510880212133832501e+00 -2.394733109883899758e-01 1.495444420642954908e+00 6.832703298087080546e-01 8.397381012277520540e-01 -1.324688284138495487e-01 1.059419995861461850e+00 -1.148667850312197203e+00 -7.690709219654178197e-01 0.000000000000000000e+00
1.134617779102086998e-01 -2.841426158970387084e-01 1.480020265059111273e-01 1.511281147880972675e+00 -2.358642369766403846e-01 1.498426318156812931e+00 6.870769191128128783e-01 8.458787514902295079e-01 -1.431827254792381598e-01 1.063409744069536922e+00 -1.144416646264103665e+00 -7.749260813590387320e-01 0.000000000000000000e+00
1.156566171361034373e-01 -2.846113655164627110e-01 1.473046836494433520e-01 1.511703951932675594e+00 -2.318979752612664313e-01 1.501566224124592175e+00 6.911024868375493790e-01 8.525192105102875617e-01 -1.547642804277746809e-01 1.067589974874579628e+00 -1.139808045997721564e+00 -7.811779851760541904e-01 0.000000000000000000e+00
1.176663282491998558e-01 -2.850440038522876196e-01 1.466708763483692557e-01 1.512085419019133070e+00 -2.281863070049943154e-01 1.504381585791685350e+00 6.947293127680738145e-01 8.586348270585182352e-01 -1.654273111163431231e-01 1.071319132769990468e+00 -1.135551116153284523e+00 -7.868625025228282999e-01 0.000000000000000000e+00
1.198253102348016963e-01 -2.855124530302914354e-01 1.459952324453058503e-01 1.512491277003533696e+00 -2.241121632804028430e-01 1.507342072628756080e+00 6.985631328943245899e-01 8.652411976166233254e-01 -1.769437517762271206e-01 1.075219731660574940e+00 -1.130936124300286227e+00 -7.929239903219031937e-01 0.000000000000000000e+00
1.218007661493375610e-01 -2.859445175993982624e-01 1.453819360063511867e-01 1.512860959480586409e+00 -2.203037905124185514e-01 1.509992245446283965e+00 7.020148559831763668e-01 8.713186643822387056e-01 -1.875366081700717835e-01 1.078691761352738476e+00 -1.126673202343396296e+00 -7.984263474501158697e-01 0.000000000000000000e+00
1.239214633237908231e-01 -2.864120113207358487e-01 1.447290322598945855e-01 1.513258566459792398e+00 -2.161277633043781066e-01 1.512774564373763786e+00 7.056611895686855096e-01 8.778763656714224650e-01 -1.989660966203650183e-01 1.082314992015791288e+00 -1.122051419429618502e+00 -8.042834376355271209e-01 0.000000000000000000e+00
1.258608733509389010e-01 -2.868427126119946768e-01 1.441371051788941093e-01 1.513625239067520667e+00 -2.122278405181461380e-01 1.515262111443891335e+00 7.089430695590175358e-01 8.839023002699448739e-01 -2.094693376435283749e-01 1.085533888246342782e+00 -1.117781706411948850e+00 -8.095917168993003177e-01 0.000000000000000000e+00
1.279417908444534235e-01 -2.873081175725728520e-01 1.435076907907073818e-01 1.514024586179228749e+00 -2.079551999260460526e-01 1.517870640505643909e+00 7.124091071387284035e-01 8.903969512203210313e-01 -2.207911012277279372e-01 1.088886142268480128e+00 -1.113152133751982298e+00 -8.152324918251699915e-01 0.000000000000000000e+00
1.298435772245218334e-01 -2.877364614796546483e-01 1.429378906686538664e-01 1.514397697287336086e+00 -2.039683271231051975e-01 1.520199484037662030e+00 7.155270695639659451e-01 8.963575052140819732e-01 -2.311843536978710478e-01 1.091856565569327309e+00 -1.108874697567151513e+00 -8.203343761044620264e-01 0.000000000000000000e+00
1.318828926988662997e-01 -2.881988242469721850e-01 1.423329590796308108e-01 1.514809898028182999e+00 -1.996036672116874300e-01 1.522638148022654292e+00 7.188185369342220410e-01 9.027734597542463879e-01 -2.423757555467109803e-01 1.094941704534129423e+00 -1.104236070159478889e+00 -8.257440552267399925e-01 0.000000000000000000e+00
1.337458322926963483e-01 -2.886236957457161134e-01 1.417860470785420601e-01 1.515200148479587838e+00 -1.955335764927546016e-01 1.524813355996716968e+00 7.217792396970903468e-01 9.086543852314138414e-01 -2.526386462814949052e-01 1.097669047806479670e+00 -1.099949446068887227e+00 -8.306268945063730591e-01 0.000000000000000000e+00
1.357426408490756131e-01 -2.890815378778779365e-01 1.412062043826552427e-01 1.515636650062597290e+00 -1.910804802110082079e-01 1.527089255967622794e+00 7.249046589733801893e-01 9.149764633431528571e-01 -2.636778484740369688e-01 1.100494728302080949e+00 -1.095299966279772441e+00 -8.357930941259904545e-01 0.000000000000000000e+00
1.375657970968158228e-01 -2.895016320784115083e-01 1.406828569630730608e-01 1.516055479075995471e+00 -1.869301400940357460e-01 1.529117156239262476e+00 7.277154257668770887e-01 9.207631794967588990e-01 -2.737894716589042154e-01 1.102985050237414111e+00 -1.091002423228711660e+00 -8.404439054956502897e-01 0.000000000000000000e+00
1.395189807628879619e-01 -2.899535751996702437e-01 1.401289468583278852e-01 1.516529649287564396e+00 -1.823911924385228644e-01 1.531237198927359433e+00 7.306821872212252433e-01 9.269747364232596709e-01 -2.846526389033918747e-01 1.105556731744049115e+00 -1.086339827371228139e+00 -8.453507798041214327e-01 0.000000000000000000e+00
1.413017451387173773e-01 -2.903674026674427644e-01 1.396298124769723148e-01 1.516989424482254378e+00 -1.781625407364493263e-01 1.533125430123465360e+00 7.333510075286210350e-01 9.326520632350906448e-01 -2.945915560915675080e-01 1.107816756824117732e+00 -1.082029035093744040e+00 -8.497562474583576497e-01 0.000000000000000000e+00
1.432111517065941808e-01 -2.908115867272499377e-01 1.391023646162144189e-01 1.517514747082535642e+00 -1.735394574327875361e-01 1.535099137857771190e+00 7.361691645941428330e-01 9.387371865888398670e-01 -3.052564509928989978e-01 1.110143693826574296e+00 -1.077350793164856269e+00 -8.543908135453679442e-01 0.000000000000000000e+00
1.449532982203756426e-01 -2.912174245300001019e-01 1.386279967837193150e-01 1.518028607621269011e+00 -1.692333571123754155e-01 1.536856601618300067e+00 7.387048934260617150e-01 9.442896777245733952e-01 -3.150008242634443345e-01 1.112180878902430559e+00 -1.073024088499858975e+00 -8.585372887835941436e-01 0.000000000000000000e+00
1.468185554445921859e-01 -2.916520018540507131e-01 1.381277423485404443e-01 1.518620445567369082e+00 -1.645265310719405960e-01 1.538693677492496192e+00 7.413834342714361592e-01 9.502305909052948252e-01 -3.254424131073725412e-01 1.114270128777597568e+00 -1.068326938127231784e+00 -8.628828353133036755e-01 0.000000000000000000e+00
1.485201985223392473e-01 -2.920479421719693880e-01 1.376786900979111994e-01 1.519202719944612312e+00 -1.601429576224253637e-01 1.540330397402051243e+00 7.437955258497481736e-01 9.556422673983904215e-01 -3.349701382232401770e-01 1.116092729648620496e+00 -1.063981191860440489e+00 -8.667562033817421963e-01 0.000000000000000000e+00
1.503419287851682495e-01 -2.924706139215166312e-01 1.372060353137264654e-01 1.519876254999771525e+00 -1.553518142973397964e-01 1.542042852510968842e+00 7.463459686466898946e-01 9.614223256492712144e-01 -3.451655178243904221e-01 1.117954945040858572e+00 -1.059261670934656507e+00 -8.707990816535643441e-01 0.000000000000000000e+00
1.520035603243688194e-01 -2.928544603742567753e-01 1.367826910245870109e-01 1.520541780975120716e+00 -1.508895659600426598e-01 1.543570319565415128e+00 7.486447427206189831e-01 9.666769422170792270e-01 -3.544538247582595947e-01 1.119572016454754682e+00 -1.054893354377626880e+00 -8.743849614823286931e-01 0.000000000000000000e+00
1.537822720722647474e-01 -2.932627951426260982e-01 1.363382436165737899e-01 1.521314585723241741e+00 -1.460118874846063619e-01 1.545170712435022242e+00 7.510780064295972114e-01 9.722771705153522293e-01 -3.643767629798950747e-01 1.121216118953714869e+00 -1.050147135261914944e+00 -8.781074614750141727e-01 0.000000000000000000e+00
1.555392176522129577e-01 -2.936625646792395128e-01 1.359084576324128824e-01 1.522145007639142733e+00 -1.410882221021028116e-01 1.546718712150237041e+00 7.534556100717926252e-01 9.777775968517747884e-01 -3.741492325999407065e-01 1.122751963954363719e+00 -1.045385403232853339e+00 -8.816585204725259084e-01 0.000000000000000000e+00
1.571418788209683337e-01 -2.940233484514031548e-01 1.355250167003972939e-01 1.522967835520078417e+00 -1.365013578932288141e-01 1.548104187482559624e+00 7.556035160699688946e-01 9.827610370415854613e-01 -3.830295432548098677e-01 1.124075421858078405e+00 -1.040974875572545866e+00 -8.847790129007989668e-01 0.000000000000000000e+00
1.587265814134004305e-01 -2.943755415458405578e-01 1.351543403733443671e-01 1.523848510121348809e+00 -1.318732453151234552e-01 1.549451477324377935e+00 7.577095438600035537e-01 9.876505342239436658e-01 -3.917697716363408578e-01 1.125311261761929860e+00 -1.036548768419861322e+00 -8.877451751439019434e-01 0.000000000000000000e+00
1.604234458928296969e-01 -2.947465771597973516e-01 1.347672534286708523e-01 1.524872608046019096e+00 -1.268116099810301378e-01 1.550871985430092526e+00 7.599470652288607964e-01 9.928364412356278645e-01 -4.010732585884237977e-01 1.126554025884615395e+00 -1.031734905012461345e+00 -8.907797806270200125e-01 0.000000000000000000e+00
1.619719917402822340e-01 -2.950786204444348915e-01 1.344233279910076462e-01 1.525886725425003476e+00 -1.220940221047346341e-01 1.552150974300994468e+00 7.619752621360378342e-01 9.975170800094965706e-01 -4.095037613351786288e-01 1.127615961369284436e+00 -1.027272712027006429e+00 -8.934129811548358058e-01 0.000000000000000000e+00
1.636309286169343180e-01 -2.954261106576077101e-01 1.340652588847498494e-01 1.527064755927104223e+00 -1.169323093637286703e-01 1.553506106937281750e+00 7.641359513074463816e-01 1.002467763317899330e+00 -4.184598389230607118e-01 1.128677364221735591e+00 -1.022416837253410371e+00 -8.960794046172504412e-01 0.000000000000000000e+00
1.651454338803844402e-01 -2.957347348390368946e-01 1.337482878168957667e-01 1.528230597208628971e+00 -1.121189429347060340e-01 1.554732825205582314e+00 7.660998328742980590e-01 1.006921434187866060e+00 -4.265563812691195444e-01 1.129577512670182360e+00 -1.017912965796895497e+00 -8.983637976212931475e-01 0.000000000000000000e+00
1.667686587098602402e-01 -2.960549620166343932e-01 1.334196040911822811e-01 1.529583988677456929e+00 -1.068494192459610304e-01 1.556040326162153820e+00 7.681982040761987651e-01 1.011615455346212666e+00 -4.351362873530277842e-01 1.130469937951467774e+00 -1.013008621491460204e+00 -9.006422650919104766e-01 0.000000000000000000e+00
1.682516375326123803e-01 -2.963366020944790402e-01 1.331297391701094790e-01 1.530920877905341371e+00 -1.019327097428783802e-01 1.557231822986332670e+00 7.701120847935841729e-01 1.015823649342701085e+00 -4.428743682163620576e-01 1.131221215694979243e+00 -1.008457012872405745e+00 -9.025614055524489032e-01 0.000000000000000000e+00
1.698423117759973178e-01 -2.966255547326163700e-01 1.328303985036559387e-01 1.532469532352764396e+00 -9.654697120473443306e-02 1.558510808608543297e+00 7.721645164666810501e-01 1.020242299644333439e+00 -4.510536017142678933e-01 1.131960242897476210e+00 -1.003497740869487398e+00 -9.044364706969463263e-01 0.000000000000000000e+00
1.714172177323080304e-01 -2.968964541287100189e-01 1.325464729059815105e-01 1.534129540159511862e+00 -9.109630202864282822e-02 1.559783052460621988e+00 7.741995044346379196e-01 1.024508151078422413e+00 -4.590117928416972415e-01 1.132624834747505416e+00 -9.985066440915427721e-01 -9.060926239998393639e-01 0.000000000000000000e+00
1.728578983303905581e-01 -2.971294773057359673e-01 1.322979144591957812e-01 1.535764853321069268e+00 -8.600526247732931395e-02 1.560956344811949226e+00 7.760665800958651550e-01 1.028306617741202356e+00 -4.661568543092979855e-01 1.133176641725369915e+00 -9.938697477385786128e-01 -9.074244708609880972e-01 0.000000000000000000e+00
1.744054663379690506e-01 -2.973622536101468428e-01 1.320433495292808457e-01 1.537653706424672251e+00 -8.042212489764910543e-02 1.562231405048899013e+00 7.780815277766190974e-01 1.032265340122577868e+00 -4.736727609586923737e-01 1.133711537630312405e+00 -9.888122050914363026e-01 -9.086493252253426967e-01 0.000000000000000000e+00
1.758226220976487342e-01 -2.975577558455344551e-01 1.318219694630359817e-01 1.539511743353965123e+00 -7.520290077511937454e-02 1.563417409379740386e+00 7.799384168466768630e-01 1.035769460905876960e+00 -4.803955116564337935e-01 1.134150959210175280e+00 -9.841100612917650370e-01 -9.095731092284639052e-01 0.000000000000000000e+00
1.772298432971519677e-01 -2.977335473166955460e-01 1.316135901802432673e-01 1.541484290958203829e+00 -6.991764243245812693e-02 1.564616909265716060e+00 7.817965709182523870e-01 1.039125177037431236e+00 -4.869062747314050199e-01 1.134541911258198921e+00 -9.793736958720864472e-01 -9.102946927258208643e-01 0.000000000000000000e+00
1.787441230019121696e-01 -2.979003467764796409e-01 1.314025034487153742e-01 1.543756885451249339e+00 -6.411408779770066957e-02 1.565937539261954115e+00 7.838157130777231307e-01 1.042587086717452483e+00 -4.937126486873750775e-01 1.134915286443028082e+00 -9.742018370351526180e-01 -9.108428378571864492e-01 0.000000000000000000e+00
1.801335917303887035e-01 -2.980313018579465179e-01 1.312210995067945862e-01 1.545984670868607580e+00 -5.868194347488486784e-02 1.567181227760071405e+00 7.856896463787574891e-01 1.045618429828235163e+00 -4.997624185776536887e-01 1.135217954700915577e+00 -9.693881733648344046e-01 -9.111299266226969840e-01 0.000000000000000000e+00
1.816310143745540617e-01 -2.981467205206617122e-01 1.310390557080314822e-01 1.548544937986232384e+00 -5.271198722370140644e-02 1.568561422194211019e+00 7.877358862023199348e-01 1.048718815390278225e+00 -5.060566000769741724e-01 1.135505176624480583e+00 -9.641281638958189015e-01 -9.111989690739572545e-01 0.000000000000000000e+00
1.831214607093983870e-01 -2.982328604056242449e-01 1.308721321501160606e-01 1.551266176068678782e+00 -4.664849105235457927e-02 1.569982825771987667e+00 7.898044300000116591e-01 1.051620462555973967e+00 -5.120705504505911332e-01 1.135754714818621114e+00 -9.588180204192825462e-01 -9.110086196350438703e-01 0.000000000000000000e+00
1.844923239785607461e-01 -2.982850245583790194e-01 1.307312697959860381e-01 1.553925284757713854e+00 -4.096490018412790590e-02 1.571337045050602788e+00 7.917385507416816459e-01 1.054118707395550247e+00 -5.173685099651401664e-01 1.135956582429249240e+00 -9.538698005348881237e-01 -9.106000907238257502e-01 0.000000000000000000e+00
1.858595366809365768e-01 -2.983094246410715189e-01 1.306030692347166788e-01 1.556731794167671268e+00 -3.519423050502679118e-02 1.572737474900051557e+00 7.937011673070156759e-01 1.056438320705009204e+00 -5.224160657581946587e-01 1.136135413696447882e+00 -9.488745758572537659e-01 -9.099627962749697874e-01 0.000000000000000000e+00
1.873378779661617755e-01 -2.983028935529044023e-01 1.304783323274283091e-01 1.559944159609228720e+00 -2.884005552809476569e-02 1.574313130784306569e+00 7.958648525346504465e-01 1.058744485050963302e+00 -5.275953148671534976e-01 1.136308386009248661e+00 -9.434074390344573402e-01 -9.090100503949939403e-01 0.000000000000000000e+00
1.887011043148638656e-01 -2.982646480755302698e-01 1.303762216392143625e-01 1.563075323151148943e+00 -2.287505245295795575e-02 1.575828231545267188e+00 7.979021041895337785e-01 1.060675742894461537e+00 -5.321009839574040168e-01 1.136453661446712449e+00 -9.383066200196014117e-01 -9.078820019362636717e-01 0.000000000000000000e+00
1.901778458255108106e-01 -2.981863676531241181e-01 1.302795937328033171e-01 1.566653585831780049e+00 -1.629979863689090536e-02 1.577542294851024707e+00 8.001585340021307724e-01 1.062547811982732737e+00 -5.366762947101602066e-01 1.136600934254993867e+00 -9.327191083155332851e-01 -9.063853054036390411e-01 0.000000000000000000e+00
1.915421708107000742e-01 -2.980784998657803886e-01 1.302031160981914348e-01 1.570133127570318976e+00 -1.012170164875580980e-02 1.579197523195658981e+00 8.022920589304204375e-01 1.064068476965167820e+00 -5.406123136432428034e-01 1.136732627570898213e+00 -9.275021088981225681e-01 -9.047469287010222461e-01 0.000000000000000000e+00
1.930228725732912876e-01 -2.979209976651778224e-01 1.301339258429787815e-01 1.574100776014502046e+00 -3.305848516214737742e-03 1.581077053267442745e+00 8.046644028294630546e-01 1.065484812611899423e+00 -5.445573207450045139e-01 1.136876704585871423e+00 -9.217831701942592604e-01 -9.026882385993638680e-01 0.000000000000000000e+00
