-6.766457001425862927e-04 -1.292992228918127262e-03 1.853256366004960021e-03 -4.687610322108515248e-03 -7.365201963421608156e-03 -6.853891974410331045e-03 0.000000000000000000e+00
-6.861503071539654108e-04 -1.334710215455114923e-03 2.027474784873001257e-03 -5.011051942024113970e-03 -7.901492507679019894e-03 -7.433965557947619374e-03 0.000000000000000000e+00
-5.895603335724919347e-04 -1.173519591372240711e-03 1.888190197782052548e-03 -4.566734903141966839e-03 -7.222489611361737616e-03 -6.867690182519314845e-03 0.000000000000000000e+00
-5.907940758426710737e-04 -1.210949362047131217e-03 2.061777213337862014e-03 -4.887530876985124451e-03 -7.747462944772465221e-03 -7.443507360558321295e-03 0.000000000000000000e+00
-5.008606345208166388e-04 -1.065051766166363878e-03 1.916538697036701544e-03 -4.460574248727144919e-03 -7.080701162821334549e-03 -6.872429071530739009e-03 0.000000000000000000e+00
-4.939009555456341793e-04 -1.099608553561143287e-03 2.088996064831441513e-03 -4.780739736730321710e-03 -7.593758639446335224e-03 -7.445111502528689584e-03 0.000000000000000000e+00
-4.102486076677513971e-04 -9.673568186172876171e-04 1.938471907876077038e-03 -4.368026412517433954e-03 -6.937569238973040342e-03 -6.870856715402329229e-03 0.000000000000000000e+00
-3.944218168354385323e-04 -9.992537644387400331e-04 2.109309517061092043e-03 -4.686753211232908001e-03 -7.436799403781613194e-03 -7.440783453366517364e-03 0.000000000000000000e+00
-3.175887865255744291e-04 -8.801841373484997622e-04 1.954123658385875650e-03 -4.287966192281444933e-03 -6.791048332301485857e-03 -6.865444399199560621e-03 0.000000000000000000e+00
-2.931419341547780721e-04 -9.105871819260202837e-04 2.122955184219371683e-03 -4.606931408283276852e-03 -7.275764555584096627e-03 -7.433973914507507885e-03 0.000000000000000000e+00
-2.228496204569885286e-04 -8.031742048011936141e-04 1.963661254145890322e-03 -4.219373020428740517e-03 -6.639200612929219147e-03 -6.858334569509683121e-03 0.000000000000000000e+00
-1.891675396433478706e-04 -8.322967396293401432e-04 2.130006899996164660e-03 -4.537755869393311769e-03 -7.107185555876860406e-03 -7.425731251289313661e-03 0.000000000000000000e+00
-1.261140300944096904e-04 -7.359326393012455281e-04 1.967281818223781675e-03 -4.161112410527412209e-03 -6.480232801971741452e-03 -6.851315054555495720e-03 0.000000000000000000e+00
-8.359548445857623022e-05 -7.647083968784218477e-04 2.130853261725851322e-03 -4.480342579890272958e-03 -6.930898662029338908e-03 -7.419165457490439763e-03 0.000000000000000000e+00
-2.753147335246564076e-05 -6.779653069218793959e-04 1.965143054402290756e-03 -4.112114213590256639e-03 -6.312484513723237711e-03 -6.845839340193116129e-03 0.000000000000000000e+00
2.439367025547367618e-05 -7.066993153398426486e-04 2.125488961468524618e-03 -4.431654717783395370e-03 -6.743496400750892406e-03 -7.414461766362290263e-03 0.000000000000000000e+00
7.267932285062728148e-05 -6.288998824991454129e-04 1.957537672981318755e-03 -4.071636915456089412e-03 -6.134748915886945042e-03 -6.843462751999318527e-03 0.000000000000000000e+00
1.334470883506688743e-04 -6.581776041608145000e-04 2.114411531222243346e-03 -4.392229408167303006e-03 -6.545417485648741263e-03 -7.414186327212135552e-03 0.000000000000000000e+00
1.742603733151937284e-04 -5.881252558489757920e-04 1.944638366961071174e-03 -4.038512633982804800e-03 -5.945610155614122760e-03 -6.844949543982181694e-03 0.000000000000000000e+00
2.443920061852011827e-04 -6.182536897127444142e-04 2.097598075387840932e-03 -4.359632627322085341e-03 -6.333444188360903837e-03 -7.417960538022683181e-03 0.000000000000000000e+00
2.768889173290212113e-04 -5.551379925201604948e-04 1.926712395803664712e-03 -4.011772246023781463e-03 -5.744082467213917909e-03 -6.851140573149283597e-03 0.000000000000000000e+00
3.557560435239193186e-04 -5.865094270587623004e-04 2.075616612488007107e-03 -4.334081659594701819e-03 -6.108409068930509278e-03 -7.427596147870030308e-03 0.000000000000000000e+00
3.802478082265969839e-04 -5.293656643725330735e-04 1.904043180066178342e-03 -3.990495625434853366e-03 -5.529321820779031782e-03 -6.862584694958595577e-03 0.000000000000000000e+00
4.682705120839236734e-04 -5.622280921766253936e-04 2.048479316047235876e-03 -4.313149548191397287e-03 -5.867589598469891143e-03 -7.442449846185805740e-03 0.000000000000000000e+00
4.840205904153849215e-04 -5.101786541854280710e-04 1.876824830109619091e-03 -3.973533990345501365e-03 -5.300246617466086718e-03 -6.879106673797874549e-03 0.000000000000000000e+00
5.804659602567374677e-04 -5.447899562903701920e-04 2.016815074086603099e-03 -4.297110294921857587e-03 -5.612251313467986336e-03 -7.463735174311203480e-03 0.000000000000000000e+00
5.878435365241907462e-04 -4.969933248569757822e-04 1.845409164651562461e-03 -3.959917025535553137e-03 -5.056506664077087265e-03 -6.900930276054317858e-03 0.000000000000000000e+00
6.930820578840146684e-04 -5.335824589277893271e-04 1.980576282386403708e-03 -4.283440899737200880e-03 -5.339591528201292903e-03 -7.489978814809283847e-03 0.000000000000000000e+00
6.913628418654671481e-04 -4.892420999560720407e-04 1.810109769119744305e-03 -3.948608452296831217e-03 -4.797649280180671383e-03 -6.927801690353785347e-03 0.000000000000000000e+00
8.046760779022166243e-04 -5.277669335350398949e-04 1.940403124074091545e-03 -4.272203802194951550e-03 -5.051236595567942800e-03 -7.521653832029961961e-03 0.000000000000000000e+00
7.942664721512782133e-04 -4.862514931983641375e-04 1.771194753383387166e-03 -3.938389219739768521e-03 -4.523221917137831838e-03 -6.958956462651322283e-03 0.000000000000000000e+00
9.159520367546802877e-04 -5.269674970150850513e-04 1.896334838428326286e-03 -4.261018254678283768e-03 -4.744912053978644906e-03 -7.557282351373650897e-03 0.000000000000000000e+00
8.962085601679770086e-04 -4.874637107857016094e-04 1.729019787337637837e-03 -3.928163327167055741e-03 -4.233191802197389109e-03 -6.993828975726312791e-03 0.000000000000000000e+00
1.025489989748190611e-03 -5.301841380025706929e-04 1.849088286929007063e-03 -4.249691747505224271e-03 -4.422725389960913134e-03 -7.596768727549996214e-03 0.000000000000000000e+00
9.969191736091675970e-04 -4.922499313270434218e-04 1.683879927841830382e-03 -3.916745051942172040e-03 -3.927353137775480008e-03 -7.031210456364789252e-03 0.000000000000000000e+00
1.134077241399300551e-03 -5.371888109377276344e-04 1.798601602531757493e-03 -4.235912217501969224e-03 -4.082249071884369584e-03 -7.637929383532693350e-03 0.000000000000000000e+00
1.096113801119930065e-03 -5.000386501848030907e-04 1.636092162708241426e-03 -3.902899864017150833e-03 -3.605796217897250244e-03 -7.069914749759931283e-03 0.000000000000000000e+00
1.240314675698989122e-03 -5.468609245653233142e-04 1.745648404725269609e-03 -4.219215586303448617e-03 -3.726211542163682111e-03 -7.680288340714103157e-03 0.000000000000000000e+00
1.193482958987579501e-03 -5.102690910943896707e-04 1.586063453815955704e-03 -3.885333887233777261e-03 -3.269060564978332195e-03 -7.108870656509225228e-03 0.000000000000000000e+00
1.345053783390504076e-03 -5.592024367350734160e-04 1.690196575989760808e-03 -4.197607462870678319e-03 -3.352368712086217784e-03 -7.721539356308149138e-03 0.000000000000000000e+00
1.288871539982250347e-03 -5.223838231060706772e-04 1.534011909902571746e-03 -3.862857141462505695e-03 -2.917072652419250289e-03 -7.146073387123585974e-03 0.000000000000000000e+00
1.446911332012468243e-03 -5.729813688974960684e-04 1.633029585447892673e-03 -4.170219021095711298e-03 -2.963945907255460810e-03 -7.760703323618667326e-03 0.000000000000000000e+00
1.382036893203708594e-03 -5.358946482146575985e-04 1.480362367966975290e-03 -3.834281225575608687e-03 -2.550676974510945882e-03 -7.180269656305249271e-03 0.000000000000000000e+00
1.546797129154842132e-03 -5.883496123279818857e-04 1.574076828879555912e-03 -4.135189259291571773e-03 -2.558802054699604867e-03 -7.795211799023871180e-03 0.000000000000000000e+00
1.472774694730449863e-03 -5.503028872943793726e-04 1.425408427934177213e-03 -3.798252414553893175e-03 -2.170482540051921205e-03 -7.209590053975922785e-03 0.000000000000000000e+00
1.643478848742524479e-03 -6.040866491108243252e-04 1.514097000076458643e-03 -4.091913594748142202e-03 -2.140457509231197264e-03 -7.823810268181574656e-03 0.000000000000000000e+00
1.560936761548559204e-03 -5.651447053519609298e-04 1.369500853384719719e-03 -3.753598410010994257e-03 -1.777337024496006279e-03 -7.232255112896268656e-03 0.000000000000000000e+00
1.737807538515379058e-03 -6.204607329589051368e-04 1.453039593328209200e-03 -4.038395957983276219e-03 -1.707194590519378607e-03 -7.843951102848301105e-03 0.000000000000000000e+00
1.646409295052386756e-03 -5.800351861298125300e-04 1.312940612234775317e-03 -3.699337139772218563e-03 -1.372122087395233336e-03 -7.246430939120696024e-03 0.000000000000000000e+00
1.828639523800634770e-03 -6.362623872157024962e-04 1.391657774158477912e-03 -3.974176175990606907e-03 -1.262972853249610949e-03 -7.854330920046947995e-03 0.000000000000000000e+00
1.729061770528228514e-03 -5.946112848125850725e-04 1.256093779772038399e-03 -3.634508778057821132e-03 -9.561780614881776330e-04 -7.250661519460965820e-03 0.000000000000000000e+00
1.916881631795014362e-03 -6.518736918811329772e-04 1.329839899710083539e-03 -3.897464577386600126e-03 -8.060237469313946690e-04 -7.852072303524693098e-03 0.000000000000000000e+00
1.808825572458039321e-03 -6.084605706570267447e-04 1.199160892048550808e-03 -3.558031304089936953e-03 -5.304934037830832949e-04 -7.242692362031011299e-03 0.000000000000000000e+00
2.001428412865213780e-03 -6.661914526814582960e-04 1.268425596973404845e-03 -3.808250481833752588e-03 -3.411382307119126267e-04 -7.836733464285039474e-03 0.000000000000000000e+00
1.885619012357314661e-03 -6.213315956222209557e-04 1.142516800937243282e-03 -3.469308566586448705e-03 -9.665539964753833146e-05 -7.221246465535902104e-03 0.000000000000000000e+00
2.083235390036825008e-03 -6.796593635575720604e-04 1.207170443256799786e-03 -3.704962508066067528e-03 1.335285431154353830e-04 -7.805106566965758219e-03 0.000000000000000000e+00
1.959386862353307279e-03 -6.329125856968098596e-04 1.086394882679087015e-03 -3.367651304380103738e-03 3.438408475417986665e-04 -7.184646583934028996e-03 0.000000000000000000e+00
2.161283556301241138e-03 -6.912267007022077081e-04 1.146880509219072586e-03 -3.587983030150176944e-03 6.128800492595232186e-04 -7.757060334979470895e-03 0.000000000000000000e+00
2.030113522659388048e-03 -6.429998588861618458e-04 1.031083858503895057e-03 -3.252808359658132531e-03 7.893226536110908853e-04 -7.131685011346089453e-03 0.000000000000000000e+00
2.236470148022834392e-03 -7.014465704521244405e-04 1.087369376045782543e-03 -3.456051084172351295e-03 1.098333829165465403e-03 -7.689846558796009646e-03 0.000000000000000000e+00
2.097794010341602622e-03 -6.513568123413804312e-04 9.767686950328535733e-04 -3.124534808164547428e-03 1.238163948057202646e-03 -7.060881459024948015e-03 0.000000000000000000e+00
2.307908729832636174e-03 -7.093175032334420038e-04 1.029329704535786316e-03 -3.310132985298253061e-03 1.584710913859144199e-03 -7.603696007705718074e-03 0.000000000000000000e+00
2.162397885141470466e-03 -6.578636921554248396e-04 9.237719391545495817e-04 -2.982987430015349162e-03 1.688286063215471700e-03 -6.971728764492368668e-03 0.000000000000000000e+00
2.376459457856916480e-03 -7.154796820687814307e-04 9.725392909395169649e-04 -3.149386496296813220e-03 2.073177123532499166e-03 -7.496236121759203286e-03 0.000000000000000000e+00
2.223954080786433307e-03 -6.623420483218844801e-04 8.722203423860153126e-04 -2.828362681039031656e-03 2.137919909343644065e-03 -6.863140644494336584e-03 0.000000000000000000e+00
2.441316985744845791e-03 -7.189830089778526112e-04 9.176579941019835651e-04 -2.975294735599653961e-03 2.558468601582042368e-03 -7.368174028793195163e-03 0.000000000000000000e+00
2.282505464178796739e-03 -6.646937497498395242e-04 8.223044658347833380e-04 -2.661276860749239859e-03 2.585128219172894148e-03 -6.734610833307730360e-03 0.000000000000000000e+00
2.503285900896656813e-03 -7.205862766717641144e-04 8.645113140142712815e-04 -2.787602001089517501e-03 3.041399842504510787e-03 -7.217952773813429701e-03 0.000000000000000000e+00
2.338051287757353380e-03 -6.648601698528155968e-04 7.742321747696845335e-04 -2.482483075683994400e-03 3.027768114792994680e-03 -6.586071330824339043e-03 0.000000000000000000e+00
2.561679187527005075e-03 -7.193530299819117513e-04 8.135772123178952597e-04 -2.588249337189374444e-03 3.516919625596859333e-03 -7.046529975668125445e-03 0.000000000000000000e+00
2.390646530045337226e-03 -6.627745587927114101e-04 7.281208870148214718e-04 -2.292980037568170815e-03 3.463888798894032561e-03 -6.417355205989849765e-03 0.000000000000000000e+00
2.617243311962835772e-03 -7.160686294130913510e-04 7.646545173914942595e-04 -2.377333137052239920e-03 3.985733546039149644e-03 -6.852512478201067125e-03 0.000000000000000000e+00
2.440328309398748230e-03 -6.584207729775914952e-04 6.841121164050112391e-04 -2.093962977446572893e-03 3.891434730538545494e-03 -6.228729330032489742e-03 0.000000000000000000e+00
2.669344856488259365e-03 -7.099140695743244578e-04 7.182373910903372405e-04 -2.157429384976872200e-03 4.442752353484902272e-03 -6.637952320746265400e-03 0.000000000000000000e+00
2.487142946064807569e-03 -6.518034829247620898e-04 6.423155069826269603e-04 -1.886836114018741739e-03 4.308388577852539925e-03 -6.020718309936334833e-03 0.000000000000000000e+00
2.718698305137087767e-03 -7.017007716489664926e-04 6.740620048973078315e-04 -1.928973230963748620e-03 4.888692665535820936e-03 -6.401631105203087202e-03 0.000000000000000000e+00
2.531153476007907965e-03 -6.429307305125253613e-04 6.027943635104060505e-04 -1.673177139827508597e-03 4.712872051010119634e-03 -5.793763543282093309e-03 0.000000000000000000e+00
2.764719313562438718e-03 -6.906688813311800956e-04 6.325662296078338187e-04 -1.694871498391314901e-03 5.318659858505991878e-03 -6.146274477415225590e-03 0.000000000000000000e+00
2.572409084042937000e-03 -6.318291159812527980e-04 5.655875011874589298e-04 -1.454621984525061862e-03 5.102997335308945281e-03 -5.548643678627396270e-03 0.000000000000000000e+00
2.808076828087174848e-03 -6.776581108259571717e-04 5.934768813218860295e-04 -1.455832513729049538e-03 5.733393201421410623e-03 -5.870763255079403109e-03 0.000000000000000000e+00
2.610939759294966800e-03 -6.185521839230101460e-04 5.307514557200687655e-04 -1.232888715982483063e-03 5.476886309240036610e-03 -5.286308697480812668e-03 0.000000000000000000e+00
2.848255965919185839e-03 -6.619632584386192509e-04 5.571210931229475527e-04 -1.215081133246975753e-03 6.128378552631819076e-03 -5.578389590153776112e-03 0.000000000000000000e+00
2.646831301782059942e-03 -6.031964221514529711e-04 4.983109443245092862e-04 -1.009928799272863387e-03 5.832924794701543902e-03 -5.007924884941949983e-03 0.000000000000000000e+00
2.885833796086839653e-03 -6.444056304958922787e-04 5.231978207054233110e-04 -9.732776121094133259e-04 6.504286872844655676e-03 -5.267894789994898019e-03 0.000000000000000000e+00
2.680109219894463712e-03 -5.858526551414666717e-04 4.682883257318415371e-04 -7.876016915391303996e-04 6.169416043551034790e-03 -4.714744717234875537e-03 0.000000000000000000e+00
2.920379509812470742e-03 -6.243730401661040652e-04 4.919973790694365245e-04 -7.337870420123238091e-04 6.857120067213617887e-03 -4.943207888994827215e-03 0.000000000000000000e+00
2.710830846470946298e-03 -5.665849796831212704e-04 4.406006273448004329e-04 -5.677021181123009796e-04 6.484960450613197480e-03 -4.407698692709072219e-03 0.000000000000000000e+00
2.952391268376861055e-03 -6.027184620166214923e-04 4.632462145607030291e-04 -4.973865144437539243e-04 7.187473727372939436e-03 -4.603273145074915362e-03 0.000000000000000000e+00
2.739028768899531840e-03 -5.455334233400443988e-04 4.152408708667232329e-04 -3.520956683553677635e-04 6.778111222439431316e-03 -4.088322385721099295e-03 0.000000000000000000e+00
2.981509951237026890e-03 -5.788118481559190176e-04 4.370521887501754854e-04 -2.672058535262422652e-04 7.492021916352786803e-03 -4.251683566773856171e-03 0.000000000000000000e+00
2.764762729002390174e-03 -5.228264198061660650e-04 3.921579596370960985e-04 -1.425767271516775736e-04 7.047702759938268002e-03 -3.757927647861869502e-03 0.000000000000000000e+00
3.008138505398660900e-03 -5.535663937664137002e-04 4.132233204010016259e-04 -4.392125132657298536e-05 7.771204047791968605e-03 -3.887864325162748713e-03 0.000000000000000000e+00
2.788057608015370725e-03 -4.985831227615200589e-04 3.712331547076896943e-04 5.923146988706662341e-05 7.292601993474256972e-03 -3.417672010221473045e-03 0.000000000000000000e+00
3.031995729403519357e-03 -5.263640509478029195e-04 3.917697388643726075e-04 1.695540411796869762e-04 8.022385568312806470e-03 -3.515176507851602850e-03 0.000000000000000000e+00
2.808949135689506327e-03 -4.730069946969339689e-04 3.524866706295370911e-04 2.516909688399238121e-04 7.511825074701494742e-03 -3.069414777913337389e-03 0.000000000000000000e+00
3.053409320697142437e-03 -4.981165416505506371e-04 3.724379408266975666e-04 3.727965218240925083e-04 8.245960532704987855e-03 -3.132957338308983708e-03 0.000000000000000000e+00
2.827473008743031091e-03 -4.461862943256067471e-04 3.356742715817651046e-04 4.334522897941894826e-04 7.704577170921211859e-03 -2.713808681991558558e-03 0.000000000000000000e+00
3.072148503746971460e-03 -4.683077246902256352e-04 3.553077691319239673e-04 5.631193993664851405e-04 8.439882768268347490e-03 -2.745183182013555268e-03 0.000000000000000000e+00
2.843661868430227835e-03 -4.183133728958843278e-04 3.207199719166553553e-04 6.032686987076374407e-04 7.870179067475113754e-03 -2.352393883554348974e-03 0.000000000000000000e+00
3.088476703607852258e-03 -4.378143655882904550e-04 3.400722453693882930e-04 7.404404909605588614e-04 8.604520456558795161e-03 -2.350607887036115784e-03 0.000000000000000000e+00
2.857534505021123994e-03 -3.895784404052415884e-04 3.074957311032799900e-04 7.600612666731620948e-04 8.008029985195008749e-03 -1.986585064532864209e-03 0.000000000000000000e+00
3.102227761023333696e-03 -4.061041938870912915e-04 3.266499915834109036e-04 9.025270346274538724e-04 8.738515228369436727e-03 -1.952920341075081723e-03 0.000000000000000000e+00
2.869126205739286339e-03 -3.601651971748554004e-04 2.958768670542899493e-04 9.029191820415505276e-04 8.117755441998220078e-03 -1.617514499903549563e-03 0.000000000000000000e+00
3.113583920229444357e-03 -3.741167252792609865e-04 3.148233030299263380e-04 1.049679449889318050e-03 8.842100227114180200e-03 -1.551187760890027079e-03 0.000000000000000000e+00
2.878451758565075957e-03 -3.302469923660567019e-04 2.856652609266319143e-04 1.031038393526806374e-03 8.199014720378983156e-03 -1.246349872543905946e-03 0.000000000000000000e+00
3.122454145784887836e-03 -3.413380011582090034e-04 3.044538069596203211e-04 1.180099595095462917e-03 8.914620001707618258e-03 -1.148988694177344172e-03 0.000000000000000000e+00
2.885544236460958756e-03 -3.000306242975370186e-04 2.766849025505890847e-04 1.144025156977868107e-03 8.251699705095205672e-03 -8.742299108881468328e-04 0.000000000000000000e+00
3.128943161415431717e-03 -3.087110869852138784e-04 2.953483933292311292e-04 1.294428344804643416e-03 8.956164575203207079e-03 -7.453601697249290225e-04 0.000000000000000000e+00
2.890418411601501647e-03 -2.697323130371465094e-04 2.688024232411212466e-04 1.241546971726847914e-03 8.275730021140681458e-03 -5.024820896424309069e-04 0.000000000000000000e+00
3.133033684714396638e-03 -2.757361139748559786e-04 2.872978513820956259e-04 1.391349797319918480e-03 8.966774847073200050e-03 -3.437108286985512962e-04 0.000000000000000000e+00
2.893104971310858642e-03 -2.395361113462224356e-04 2.617768440750234404e-04 1.323489287642587442e-03 8.271230070044488514e-03 -1.319996494584252389e-04 0.000000000000000000e+00
2.893622829376170380e-03 -2.251343202135658306e-04 2.586282554117580457e-04 1.357244713782179701e-03 8.258980619975098136e-03 4.510930466317120135e-05 0.000000000000000000e+00
3.134757100202369140e-03 -2.278726987645363078e-04 2.768420380101221934e-04 1.504540129343645560e-03 8.925795294744354180e-03 2.479938257251568245e-04 0.000000000000000000e+00
3.134170303191498308e-03 -2.110737867746237395e-04 2.734890534239475812e-04 1.535307617058556673e-03 8.895744142915162911e-03 4.533695428334816313e-04 0.000000000000000000e+00
2.891998741752197649e-03 -1.803437117593453820e-04 2.495745761982859356e-04 1.441071759590961676e-03 8.177541737476978767e-03 6.003634973090754556e-04 0.000000000000000000e+00
3.131233888802289339e-03 -1.798492845994648093e-04 2.672684717550666278e-04 1.582967665836321203e-03 8.814607183375677835e-03 8.464666991985225764e-04 0.000000000000000000e+00
2.888260067457124221e-03 -1.517716940822866345e-04 2.439804110091481348e-04 1.477593873596916296e-03 8.089138710913879038e-03 9.601082572507912971e-04 0.000000000000000000e+00
3.126080855559837651e-03 -1.492159752714272702e-04 2.612973604237400771e-04 1.614555492158942229e-03 8.704402640483888121e-03 1.232596235621219449e-03 0.000000000000000000e+00
2.882422446986190184e-03 -1.241416912508841452e-04 2.383982422544672630e-04 1.499966662870555467e-03 7.973694983014478765e-03 1.314407329331856999e-03 0.000000000000000000e+00
3.118597537558219588e-03 -1.200992526028954455e-04 2.552139988427071238e-04 1.631791232286516902e-03 8.564710876719061616e-03 1.613196064735422652e-03 0.000000000000000000e+00
2.874527030636359753e-03 -9.770944714579399282e-05 2.326745004996300104e-04 1.509143872862495073e-03 7.831954103508564913e-03 1.661727882006136525e-03 0.000000000000000000e+00
3.108990046422122934e-03 -9.201381105367056890e-05 2.488717494010528331e-04 1.634743253687176434e-03 8.397585761500625523e-03 1.984738528920004796e-03 0.000000000000000000e+00
2.864593060286666631e-03 -7.267922377438007508e-05 2.266047690059613817e-04 1.506190018103481520e-03 7.664703079560464261e-03 2.001036808481071461e-03 0.000000000000000000e+00
3.097074095601153737e-03 -6.590734289987909555e-05 2.419431978762376367e-04 1.625482915395437544e-03 8.202482148473855261e-03 2.348340743978383216e-03 0.000000000000000000e+00
2.852653242872451450e-03 -4.924078111953611447e-05 2.199127598750960644e-04 1.492071404788575251e-03 7.472799580681588338e-03 2.331489651938856156e-03 0.000000000000000000e+00
3.083126281588882689e-03 -4.127276034224247603e-05 2.342909049970198776e-04 1.604550387490633057e-03 7.982079266200869938e-03 2.700551493425074057e-03 0.000000000000000000e+00
2.838724292377026170e-03 -2.760813761401581523e-05 2.124003522359918517e-04 1.468224227331837994e-03 7.257254527083034645e-03 2.651886784891921423e-03 0.000000000000000000e+00
3.066898753849973958e-03 -1.907664424222188515e-05 2.256014876780287892e-04 1.574193899419817910e-03 7.735707628567567440e-03 3.042353273631448474e-03 0.000000000000000000e+00
2.822828438751080055e-03 -7.960406939122588454e-06 2.038380940000694697e-04 1.435961828001097729e-03 7.019125775651335886e-03 2.961286848117694603e-03 0.000000000000000000e+00
3.048723090852648032e-03 1.241913494348656499e-06 2.156943281737822016e-04 1.535163256008331700e-03 7.466600075486606869e-03 3.370564630771788472e-03 0.000000000000000000e+00
2.805010604396737661e-03 9.485370360523548428e-06 1.940617018220680556e-04 1.396880392269039817e-03 6.759748632476636487e-03 3.258370396820087223e-03 0.000000000000000000e+00
3.028273119339591757e-03 1.870582832902423220e-05 2.042795414951559252e-04 1.489869119541964437e-03 7.173910709748376746e-03 3.686095859351201653e-03 0.000000000000000000e+00
2.785255071382761183e-03 2.460221479419488766e-05 1.827491233442057883e-04 1.352497246608130865e-03 6.480206320785164564e-03 3.542633737206202227e-03 0.000000000000000000e+00
3.005948864513927066e-03 3.391778848732540652e-05 1.912017229347418024e-04 1.439380393079225939e-03 6.861470693347637706e-03 3.985861310607852204e-03 0.000000000000000000e+00
2.763609151770804462e-03 3.717346246748243210e-05 1.698115733889116186e-04 1.304301584918121648e-03 6.182082313086922909e-03 3.812608777018944295e-03 0.000000000000000000e+00
2.981349242675221389e-03 4.588881378375653242e-05 1.761840744468057274e-04 1.386195586893457232e-03 6.528324438221932979e-03 4.270641546980868952e-03 0.000000000000000000e+00
2.740060892215373523e-03 4.706469157739201492e-05 1.549811590920713300e-04 1.254213548346427842e-03 5.866742326025686793e-03 4.067575264348199937e-03 0.000000000000000000e+00
2.954925771481660413e-03 5.530880064133492091e-05 1.590567204810544588e-04 1.331250025090824352e-03 6.178652955330932173e-03 4.538066642032489995e-03 0.000000000000000000e+00
2.714602420427501828e-03 5.413495163422710199e-05 1.380839156345792240e-04 1.203690709760785182e-03 5.535684834991450032e-03 4.306724163056330212e-03 0.000000000000000000e+00
2.926195355884321503e-03 6.117567778857191385e-05 1.395077378559261838e-04 1.277127573921177373e-03 5.811445706674689404e-03 4.788664769091788287e-03 0.000000000000000000e+00
2.687260174738574647e-03 5.824994956515894273e-05 1.189560179855053690e-04 1.154341966360661331e-03 5.190602570565694407e-03 4.529230520297300444e-03 0.000000000000000000e+00
2.895665883838952070e-03 6.420375804278011245e-05 1.175333469614348036e-04 1.224880731438560133e-03 5.431394003448275498e-03 5.020060585029018085e-03 0.000000000000000000e+00
2.657984791664763646e-03 5.931088320665356406e-05 9.739014792306543988e-05 1.107851855465469271e-03 4.833022573028422642e-03 4.734592876586951604e-03 0.000000000000000000e+00
2.862763286709521515e-03 6.343878323403218111e-05 9.273999558312429059e-05 1.176655853491581638e-03 5.037171466236944894e-03 5.233381316493090907e-03 0.000000000000000000e+00
2.626767560617943031e-03 5.722058109472460963e-05 7.322265282513895635e-05 1.065514869247330410e-03 4.464671292736088759e-03 4.922255654336904485e-03 0.000000000000000000e+00
2.828044517405911562e-03 5.965384299536080626e-05 6.518870646113339440e-05 1.133565808769887440e-03 4.633867974557670522e-03 5.426505638395529019e-03 0.000000000000000000e+00
2.593594149723654763e-03 5.190146703865083921e-05 4.636078770231533142e-05 1.028820832876142788e-03 4.087346212357179098e-03 5.091773059777704447e-03 0.000000000000000000e+00
2.790833787218310880e-03 5.189934609986512903e-05 3.446678058766083907e-05 1.097563028200632118e-03 4.219932398267012275e-03 5.600731824794813463e-03 0.000000000000000000e+00
2.558377249215204596e-03 4.330987576173228604e-05 1.660528055946741688e-05 9.989676216042298051e-04 3.702569124722554506e-03 5.243150802152651835e-03 0.000000000000000000e+00
2.751766348520381933e-03 4.103761863213928329e-05 7.164203091325482831e-07 1.069156307639929082e-03 3.800788098069940446e-03 5.754462811945693090e-03 0.000000000000000000e+00
2.521107549587300878e-03 3.140809441568026550e-05 -1.610013537520216254e-05 9.770662381498596005e-04 3.312251489929529669e-03 5.376193007267549007e-03 0.000000000000000000e+00
2.710054195855432502e-03 2.611499821300600210e-05 -3.644672812744276236e-05 1.050294964018760879e-03 3.374651594500122087e-03 5.889084548087009097e-03 0.000000000000000000e+00
2.481695819624513133e-03 1.621144993826928449e-05 -5.191458966857798174e-05 9.640176734313499196e-04 2.917921930791322893e-03 5.491309946701772304e-03 0.000000000000000000e+00
2.666375386745162279e-03 8.094759928162220675e-06 -7.683775573508189183e-05 1.040951553599178681e-03 2.947026395851093383e-03 6.003723428039453580e-03 0.000000000000000000e+00
2.440089202486062092e-03 -2.277438515274621267e-06 -9.085730860708407519e-05 9.604974744750194304e-04 2.521380738384593201e-03 5.588654321086128363e-03 0.000000000000000000e+00
2.619874913242753456e-03 -1.394434813403733209e-05 -1.208304945067295577e-04 1.042956824658602955e-03 2.515940412466388665e-03 6.100039940272417027e-03 0.000000000000000000e+00
2.396180010831527873e-03 -2.401286342670894136e-05 -1.330093850529789901e-04 9.670969942039420175e-04 2.124161581537720167e-03 5.668810014290315280e-03 0.000000000000000000e+00
2.571261251279793880e-03 -3.896119621457638793e-05 -1.681545843024989662e-04 1.055510947862714488e-03 2.086932747152658862e-03 6.177623811901344908e-03 0.000000000000000000e+00
2.349943186400804684e-03 -4.889322602363854742e-05 -1.783791922359001525e-04 9.843635741653145033e-04 1.727982732472543859e-03 5.732551163212029621e-03 0.000000000000000000e+00
2.519595468791713255e-03 -6.783164863796709021e-05 -2.191924430594016648e-04 1.080114704978818452e-03 1.657730274156943295e-03 6.238496929652281864e-03 0.000000000000000000e+00
2.301197802202920029e-03 -7.682109981044238367e-05 -2.270332419693765758e-04 1.012202065457934452e-03 1.334037022794554161e-03 5.780926849450196414e-03 0.000000000000000000e+00
2.465666754715115094e-03 -9.942111311989076938e-05 -2.735425050254258750e-04 1.115878562256256146e-03 1.233916385318778453e-03 6.282701445019966968e-03 0.000000000000000000e+00
2.249947497306989397e-03 -1.076530713773615755e-04 -2.788597979590246023e-04 1.050875385338656542e-03 9.441413507511597913e-04 5.814719011361102474e-03 0.000000000000000000e+00
2.408464261623444180e-03 -1.345671368531420331e-04 -3.315676099193975990e-04 1.163656788790490282e-03 8.130122639959935782e-04 6.312370899918651190e-03 0.000000000000000000e+00
2.196029108525635043e-03 -1.411854314070926097e-04 -3.339067731033817932e-04 1.099894845536297794e-03 5.592515448249457677e-04 5.835555475679043980e-03 0.000000000000000000e+00
2.348808291079917954e-03 -1.720208590225424938e-04 -3.928061255311920963e-04 1.222168059539008311e-03 4.002711905473077536e-04 6.328243865773686139e-03 0.000000000000000000e+00
2.139375429325796052e-03 -1.772183311863628763e-04 -3.920727382631383762e-04 1.159332257428147273e-03 1.807427757940516244e-04 5.844608764358660835e-03 0.000000000000000000e+00
2.285682846082909281e-03 -2.125725058595429040e-04 -4.575552458532250455e-04 1.292171432431210576e-03 -6.754921945351100021e-06 6.332326629674867036e-03 0.000000000000000000e+00
2.079892501610391964e-03 -2.154777966464627159e-04 -4.532793144670643759e-04 1.228414149241352504e-03 -1.903494078465683970e-04 5.843490987260668845e-03 0.000000000000000000e+00
2.219942364174026794e-03 -2.548329008463523504e-04 -5.253360149086450104e-04 1.371697033735408411e-03 -4.033878452323058639e-04 6.326185344679657874e-03 0.000000000000000000e+00
2.017538087813602887e-03 -2.556743791745086369e-04 -5.173333804716628848e-04 1.306707640845061746e-03 -5.528470953479747152e-04 5.833583058918900832e-03 0.000000000000000000e+00
2.150561393262501175e-03 -2.995438637874436871e-04 -5.963621085919024178e-04 1.461562813769745617e-03 -7.920428548944258296e-04 6.311556378408411661e-03 0.000000000000000000e+00
1.952242046208252368e-03 -2.974557532913202351e-04 -5.841430394633861933e-04 1.393415425864574786e-03 -9.059829555049248029e-04 5.816706455690212607e-03 0.000000000000000000e+00
2.078440100904244137e-03 -3.452587182680433298e-04 -6.700405939627229746e-04 1.559640145965879299e-03 -1.168367093494993014e-03 6.290087424919654779e-03 0.000000000000000000e+00
1.883955245352397778e-03 -3.404359332535022986e-04 -6.535127487397873747e-04 1.487856610914661815e-03 -1.249020880506712672e-03 5.794543696837184399e-03 0.000000000000000000e+00
2.002635835360394578e-03 -3.925507765509816949e-04 -7.465744566662046999e-04 1.666199523081779432e-03 -1.534890454410131611e-03 6.263809372376805129e-03 0.000000000000000000e+00
1.812688540772544599e-03 -3.842000140140966469e-04 -7.252063216446891225e-04 1.589383019631185334e-03 -1.581106496486128776e-03 5.768574092335665426e-03 0.000000000000000000e+00
1.924079430426661741e-03 -4.399436406487267082e-04 -8.252647284656688953e-04 1.779114102698819977e-03 -1.887662457853878095e-03 6.234273352765828946e-03 0.000000000000000000e+00
1.738484346823693238e-03 -4.282462475966863913e-04 -7.989923114376518143e-04 1.696923973818265097e-03 -1.901774968018798972e-03 5.740667035853075362e-03 0.000000000000000000e+00
1.841824963816990346e-03 -4.878818901854764523e-04 -9.063668798459934006e-04 1.898806318489043576e-03 -2.229565684970680195e-03 6.203645370430166395e-03 0.000000000000000000e+00
1.661368317777828230e-03 -4.721064017517151434e-04 -8.745763984193410945e-04 1.809639812836216777e-03 -2.210501877935922010e-03 5.712199938193940341e-03 0.000000000000000000e+00
1.757023518923289673e-03 -5.348070948116845358e-04 -9.890143386851735219e-04 2.022996282444289307e-03 -2.556640240443996959e-03 6.173226344824644940e-03 0.000000000000000000e+00
1.581445878918757986e-03 -5.151912293352989280e-04 -9.517254334173996799e-04 1.926486685238870677e-03 -2.507133858534515980e-03 5.685009791001061075e-03 0.000000000000000000e+00
1.668736456515107491e-03 -5.810808637373432450e-04 -1.073373976257174789e-03 2.152034212325126816e-03 -2.871922492337919408e-03 6.144870338179675429e-03 0.000000000000000000e+00
1.498913041750038477e-03 -5.569453556441283926e-04 -1.030024693098291477e-03 2.046807189062249677e-03 -2.791030338627820129e-03 5.660108352557813305e-03 0.000000000000000000e+00
1.578200092381298880e-03 -6.251086193369004285e-04 -1.158617090041974551e-03 2.283625868916061563e-03 -3.172060359974082644e-03 6.119910962832708634e-03 0.000000000000000000e+00
1.413900715001747965e-03 -5.967207456801237875e-04 -1.109242231307983051e-03 2.169773942259034527e-03 -3.062616572940157766e-03 5.639382010970361847e-03 0.000000000000000000e+00
1.484665001179691357e-03 -6.670887578923700989e-04 -1.244814875173833046e-03 2.418146976202351084e-03 -3.459890473991755755e-03 6.099864631150087035e-03 0.000000000000000000e+00
1.326756058439348962e-03 -6.338955189552908376e-04 -1.188861470123953046e-03 2.294397496434008588e-03 -3.321222344551344463e-03 5.623415556093025458e-03 0.000000000000000000e+00
1.389452979842775715e-03 -7.054639377674920553e-04 -1.331093654427045747e-03 2.553468821561821755e-03 -3.732604782124671061e-03 6.085802771610193673e-03 0.000000000000000000e+00
1.237742129810731617e-03 -6.677650288163528014e-04 -1.268655806866109126e-03 2.419951264498010346e-03 -3.567432353301036585e-03 5.613779966224807794e-03 0.000000000000000000e+00
1.291941160003473588e-03 -7.403061240654207342e-04 -1.417475468581896880e-03 2.689954348960021946e-03 -3.993087861088095991e-03 6.078929460043624999e-03 0.000000000000000000e+00
1.147302095011848433e-03 -6.976677023327049199e-04 -1.348058829585163654e-03 2.545740900843362908e-03 -3.800989066027771202e-03 5.610935822546458951e-03 0.000000000000000000e+00
1.193592593374565025e-03 -7.700867078423156986e-04 -1.503091394526923086e-03 2.825749739440830410e-03 -4.238964985566084920e-03 6.080009624746640640e-03 0.000000000000000000e+00
1.055868805461379623e-03 -7.229142056160153818e-04 -1.426740669679738005e-03 2.670908434235563789e-03 -4.022416772574644028e-03 5.615810372953777829e-03 0.000000000000000000e+00
1.093989910717879654e-03 -7.947302340016726419e-04 -1.587901760135013163e-03 2.960941546130690938e-03 -4.473143019982028790e-03 6.089980460296295917e-03 0.000000000000000000e+00
9.639939811848241558e-04 -7.427543886149856611e-04 -1.504265183268516104e-03 2.794913445785418560e-03 -4.232085004708174836e-03 5.629016925985830255e-03 0.000000000000000000e+00
9.946802432228840640e-04 -8.129185584644649243e-04 -1.670929723667891054e-03 3.094091440769553003e-03 -4.693384972505931785e-03 6.108651965853528765e-03 0.000000000000000000e+00
8.722741816623025279e-04 -7.565038122873124493e-04 -1.580210065492859695e-03 2.917054656628614850e-03 -4.430594105952145867e-03 5.650974504986194802e-03 0.000000000000000000e+00
8.954587762255439287e-04 -8.243516871516975986e-04 -1.752222637566774877e-03 3.225375782059280994e-03 -4.903111921168878951e-03 6.137257499534420901e-03 0.000000000000000000e+00
7.814075931149022658e-04 -7.635224261962059167e-04 -1.654003561997213767e-03 3.036610959419761002e-03 -4.618152463502944727e-03 5.681363735178024399e-03 0.000000000000000000e+00
7.979919307928018402e-04 -8.278939074010116528e-04 -1.830816550334457560e-03 3.353280047764251037e-03 -5.100423829603073500e-03 6.175012463721429867e-03 0.000000000000000000e+00
6.921130328596536430e-04 -7.630470828727253796e-04 -1.725353864593937026e-03 3.153144184663503324e-03 -4.796138203761124430e-03 5.720884871102338565e-03 0.000000000000000000e+00
7.022445730959225862e-04 -8.232008482993435905e-04 -1.906608235006823637e-03 3.477962912254106698e-03 -5.288590531531411898e-03 6.222365553539166427e-03 0.000000000000000000e+00
6.052179584652428446e-04 -7.545222791084660319e-04 -1.793724827670512001e-03 3.266265796756151474e-03 -4.965084098813576929e-03 5.768818019211252590e-03 0.000000000000000000e+00
6.099489067407093401e-04 -8.092729384290009431e-04 -1.978778121272672941e-03 3.597931786256225450e-03 -5.466609962540225354e-03 6.278579614514612217e-03 0.000000000000000000e+00
5.215834836709842826e-04 -7.373361607116157845e-04 -1.858629027875174922e-03 3.375194205494480570e-03 -5.125953551674555797e-03 5.824634393080341255e-03 0.000000000000000000e+00
5.212986635389771362e-04 -7.857181432464888093e-04 -2.047181730394365129e-03 3.713778857486360607e-03 -5.637776301642638543e-03 6.343513522267585358e-03 0.000000000000000000e+00
4.421368865904218293e-04 -7.108516163466249704e-04 -1.919708102920081316e-03 3.479334232602049326e-03 -5.280297131021960411e-03 5.888073334183285823e-03 0.000000000000000000e+00
4.380186337837321808e-04 -7.518357989976243161e-04 -2.110987942112979576e-03 3.823790244503300073e-03 -5.801390763703562214e-03 6.415658239156574183e-03 0.000000000000000000e+00
3.677618485685707483e-04 -6.746369143616481878e-04 -1.976484695344171705e-03 3.578631001807330847e-03 -5.429429421177189852e-03 5.958021183116279929e-03 0.000000000000000000e+00
3.605018268733328757e-04 -7.070483243088176994e-04 -2.170086054470554693e-03 3.928305316419411497e-03 -5.961326598552307843e-03 6.494861386914685397e-03 0.000000000000000000e+00
2.995162139608764651e-04 -6.281732310382537321e-04 -2.028527528285944959e-03 3.672011202441538558e-03 -5.574837497687390453e-03 6.033347171684688703e-03 0.000000000000000000e+00
2.903773108072216225e-04 -6.510586914419691507e-04 -2.223698482387459485e-03 4.026166843436485010e-03 -6.117197387407458109e-03 6.578751315128084087e-03 0.000000000000000000e+00
2.383125508109984469e-04 -5.710561888210285986e-04 -2.075502498454090405e-03 3.759342978543855907e-03 -5.718664600211198490e-03 6.112987679293357957e-03 0.000000000000000000e+00
2.282202175969416658e-04 -5.831478693259506407e-04 -2.271669537275283757e-03 4.117107269649089574e-03 -6.273239610861125470e-03 6.666731961160188291e-03 0.000000000000000000e+00
1.851558865235414242e-04 -5.029146182257970832e-04 -2.116927446970368054e-03 3.839993655384787985e-03 -5.862684079707136675e-03 6.195070947004666095e-03 0.000000000000000000e+00
1.754347988850157858e-04 -5.033770886014865553e-04 -2.313381108175471823e-03 4.200548881832411041e-03 -6.429831357028348293e-03 6.756054565155711344e-03 0.000000000000000000e+00
1.409724767977849069e-04 -4.234481751884122680e-04 -2.152496639662410116e-03 3.913138553634176731e-03 -6.009218281162631570e-03 6.277792727042097454e-03 0.000000000000000000e+00
1.327909204595079107e-04 -4.108457787343755552e-04 -2.348625662910719392e-03 4.275883312046424578e-03 -6.591498466768541675e-03 6.845448208133042556e-03 0.000000000000000000e+00
1.066897766769103750e-04 -3.323590911331053555e-04 -2.181842872287675927e-03 3.978735915006303969e-03 -6.160831653200915525e-03 6.359042002187731413e-03 0.000000000000000000e+00
1.013030894085886757e-04 -3.060280620435507082e-04 -2.376864297149949845e-03 4.342277078398737444e-03 -6.759109959770803755e-03 6.931424778321648716e-03 0.000000000000000000e+00
8.308758702513241445e-05 -2.294408634448130702e-04 -2.204621006150653262e-03 4.035810092764435808e-03 -6.320267547153424204e-03 6.436338710495981275e-03 0.000000000000000000e+00
8.186040716615106128e-05 -1.877706178451399310e-04 -2.397915014200169281e-03 4.399370517401468561e-03 -6.937838514851524252e-03 7.012155885995685622e-03 0.000000000000000000e+00
7.092182075960073995e-05 -1.144637472945131407e-04 -2.220552190804525594e-03 4.083820143182315121e-03 -6.490514233939315147e-03 6.506826612023175471e-03 0.000000000000000000e+00
7.505395615883814209e-05 -5.693062592188047333e-05 -2.411336232006233704e-03 4.446323999344858890e-03 -7.128792685156426501e-03 7.083233786085330053e-03 0.000000000000000000e+00
7.077448387624030168e-05 1.274032130171853794e-05 -2.229345242467206667e-03 4.122125132417941984e-03 -6.674742558526958192e-03 6.567276640554897682e-03 0.000000000000000000e+00
8.174951334952162973e-05 8.795173811232404049e-05 -2.416910478409473040e-03 4.482107501528886928e-03 -7.337904638847980721e-03 7.142041841678103964e-03 0.000000000000000000e+00
8.314523894051295549e-05 1.523947803470093731e-04 -2.230766385844351607e-03 4.149954788295495689e-03 -6.876357860879700468e-03 6.613961799887491111e-03 0.000000000000000000e+00
1.019020452233954099e-04 2.456803479193303552e-04 -2.414344957121061785e-03 4.506458879803609818e-03 -7.566571664205490322e-03 7.183297624339779475e-03 0.000000000000000000e+00
1.083054773067526622e-04 3.046937313746500564e-04 -2.224538231516415276e-03 4.166529755220693687e-03 -7.098873688335505250e-03 6.642685519062663246e-03 0.000000000000000000e+00
1.363246012465180179e-04 4.180503979509253565e-04 -2.403338784873365608e-03 4.517611664823562023e-03 -7.821061264261519597e-03 7.202879351017710263e-03 0.000000000000000000e+00
1.463554219545970536e-04 4.699185465463773248e-04 -2.210493909359872999e-03 4.170805717201631069e-03 -7.346078241011966270e-03 6.648673114470593504e-03 0.000000000000000000e+00
1.842201212834959634e-04 6.036294333341962748e-04 -2.383807391728637315e-03 4.515539844312410622e-03 -8.102917480984572762e-03 7.194582617519706957e-03 0.000000000000000000e+00
1.971060897465737316e-04 6.483007018549813427e-04 -2.188384157378070460e-03 4.161656208748087948e-03 -7.621499137965948023e-03 6.626296941240727989e-03 0.000000000000000000e+00
2.462389817101673373e-04 8.047320136486679765e-04 -2.355365705419207312e-03 4.497314289017673161e-03 -8.418960354013904634e-03 7.152675177978906618e-03 0.000000000000000000e+00
2.602017570046966100e-04 8.402670833463354860e-04 -2.158036475261970732e-03 4.137623680991797670e-03 -7.928882536113235346e-03 6.569231999721925064e-03 0.000000000000000000e+00
0.000000000000000000e+00 0.000000000000000000e+00 0.000000000000000000e+00 0.000000000000000000e+00 0.000000000000000000e+00 0.000000000000000000e+00 0.000000000000000000e+00
