-2.090917350781591744e-01 -1.470658250146061607e-01 1.020871151651659980e-01 2.349450276764413204e+00 -1.054807577022121023e-02 3.131907497378065841e+00 -7.825885284474145553e-01 6.914665409585631917e-01 -6.047239887242872314e-03 -8.505916758908290244e-04 8.710720556652974400e-01 -3.340365244509234128e-03 0.000000000000000000e+00
-2.097683807783017607e-01 -1.483588172435242880e-01 1.039403715311709581e-01 2.344762666442304688e+00 -1.791327773364281839e-02 3.125053605403655510e+00 -7.807058732938104706e-01 6.864580670545057384e-01 -9.831059164027600161e-03 -1.423360644366612835e-03 8.698138452082895267e-01 -5.686615626429872283e-03 0.000000000000000000e+00
-2.104545310854557261e-01 -1.496935274589794029e-01 1.059678463160439593e-01 2.339751614500280574e+00 -2.581477024132183828e-02 3.117619639845707891e+00 -7.787479838394113507e-01 6.807539088946922279e-01 -1.348118775409012926e-02 -2.019769588780378870e-03 8.683307973762516285e-01 -8.205388132494230088e-03 0.000000000000000000e+00
-2.110440914190282180e-01 -1.508670470503516436e-01 1.078560365138260119e-01 2.335184879597138607e+00 -3.303725985268357590e-02 3.110751949663188576e+00 -7.770048783269273285e-01 6.752371706965931697e-01 -1.644302236042172183e-02 -2.549133322714237145e-03 8.668541411308298139e-01 -1.050079528420929872e-02 0.000000000000000000e+00
-2.116348854948708891e-01 -1.520779964123987749e-01 1.099178137271638739e-01 2.330297348720153483e+00 -4.078472279745604112e-02 3.103308442302630255e+00 -7.751734890243071607e-01 6.689965853142104679e-01 -1.922083253542883341e-02 -3.100993875889647075e-03 8.651418617079633666e-01 -1.294642916839140387e-02 0.000000000000000000e+00
-2.121357461293917057e-01 -1.531430481785651387e-01 1.118343524242005754e-01 2.325836774471426338e+00 -4.786542396027737567e-02 3.096436013231099516e+00 -7.735242599402483155e-01 6.630008775940605670e-01 -2.139889883295009732e-02 -3.591707054094941606e-03 8.634615402181780031e-01 -1.515853087270338170e-02 0.000000000000000000e+00
-2.126296470849373399e-01 -1.542426567321262820e-01 1.139233484890320169e-01 2.321056034734696016e+00 -5.545918259972371089e-02 3.088990901728570826e+00 -7.717705683624310753e-01 6.562585526623069265e-01 -2.335059643781489669e-02 -4.104278699110577855e-03 8.615371400144866687e-01 -1.749747810749799001e-02 0.000000000000000000e+00
-2.130398956926050913e-01 -1.552100135507435696e-01 1.158618203969080940e-01 2.316688008322178582e+00 -6.239675183869675124e-02 3.082120045013168497e+00 -7.701720059181109690e-01 6.498125709808518780e-01 -2.478244499789572508e-02 -4.560822012099069109e-03 8.596676675082783881e-01 -1.959576816620921258e-02 0.000000000000000000e+00
-2.134343175094405298e-01 -1.562092673151823097e-01 1.179711299139691860e-01 2.312001255110945674e+00 -6.983355124247836443e-02 3.074679261559801979e+00 -7.684508714846199906e-01 6.425964696911731222e-01 -2.594345007511567047e-02 -5.038599353443089408e-03 8.575453944355941882e-01 -2.179516471958637194e-02 0.000000000000000000e+00
-2.137519062959661043e-01 -1.570894514525308094e-01 1.199252535723550617e-01 2.307713288918664229e+00 -7.662459957477985029e-02 3.067813817160602419e+00 -7.668620961573059391e-01 6.357286432930495668e-01 -2.666623199496331864e-02 -5.465212272789913596e-03 8.555008856667404293e-01 -2.375086746905906432e-02 0.000000000000000000e+00
-2.140450482301208823e-01 -1.580000386344568297e-01 1.220482087565744334e-01 2.303106357510380953e+00 -8.390036413036394691e-02 3.060379843246094911e+00 -7.651304422375092562e-01 6.280721217380990096e-01 -2.708128565085221595e-02 -5.912845439396948420e-03 8.531970515867399740e-01 -2.578150491370386974e-02 0.000000000000000000e+00
-2.142678978505778709e-01 -1.588032128392580233e-01 1.240118700107203237e-01 2.298886984489952212e+00 -9.053956474329316606e-02 3.053521508676585228e+00 -7.635129713494496206e-01 6.208104138147527706e-01 -2.713148623740013754e-02 -6.313506061980410367e-03 8.509912218348546498e-01 -2.756771826573903988e-02 0.000000000000000000e+00
-2.144570653902212187e-01 -1.596355095788873635e-01 1.261418769107164883e-01 2.294349228620558900e+00 -9.764675029917002647e-02 3.046095777425295914e+00 -7.617302513157505617e-01 6.127409025537581266e-01 -2.683520956612905906e-02 -6.735005399945092307e-03 8.485195420271521849e-01 -2.940023108944415584e-02 0.000000000000000000e+00
-2.145831794203156284e-01 -1.603714422181886090e-01 1.281091587289402700e-01 2.290188116210031488e+00 -1.041269831011417679e-01 3.039244462370740418e+00 -7.600479324551474569e-01 6.051128768224713905e-01 -2.624891465214784780e-02 -7.113459836345417328e-03 8.461659734137945144e-01 -3.099171743152409619e-02 0.000000000000000000e+00
-2.146667749047742046e-01 -1.611361506150670309e-01 1.302400119906661213e-01 2.285707773630141215e+00 -1.110578817631711068e-01 3.031825296913249979e+00 -7.581765957361761288e-01 5.966624003675410348e-01 -2.528445086337560710e-02 -7.512897069303123287e-03 8.435418276336850152e-01 -3.260103863052915552e-02 0.000000000000000000e+00
-2.146943063781266703e-01 -1.618141159219889103e-01 1.322051550450684121e-01 2.281595659416550959e+00 -1.173703662768943445e-01 3.024979457573056862e+00 -7.563956733362128260e-01 5.886952210714326839e-01 -2.409694733330924876e-02 -7.872642799045641293e-03 8.410536362272239552e-01 -3.397435174208815467e-02 0.000000000000000000e+00
-2.146699127078711966e-01 -1.625208152373287529e-01 1.343306440065369367e-01 2.277164004698767563e+00 -1.241138626776452369e-01 3.017564995806694572e+00 -7.543995009411440522e-01 5.798907439286035137e-01 -2.249825173093489283e-02 -8.253560139305640003e-03 8.382902737011305172e-01 -3.533450509279188745e-02 0.000000000000000000e+00
-2.145972333850205693e-01 -1.631497151198278983e-01 1.362881816795182555e-01 2.273092367783311474e+00 -1.302486115935321820e-01 3.010721533054695254e+00 -7.524881502267940503e-01 5.716111092576016128e-01 -2.074469331117212434e-02 -8.597872018293307300e-03 8.356803758328528176e-01 -3.646780913348589975e-02 0.000000000000000000e+00
-2.144637862966699005e-01 -1.638078927239887128e-01 1.384025932107404988e-01 2.268700138375144171e+00 -1.367940290791809232e-01 3.003307346727483118e+00 -7.503350510644922755e-01 5.624834575164913142e-01 -1.855331120820036261e-02 -8.963792432664796292e-03 8.327923107887164056e-01 -3.755766203651959151e-02 0.000000000000000000e+00
-2.142895259233547067e-01 -1.643960179798376886e-01 1.403472315777015700e-01 2.264661625741161366e+00 -1.427396392347950460e-01 2.996462397183500936e+00 -7.482638441057103407e-01 5.539176328968468122e-01 -1.626791951874917430e-02 -9.295708649164638460e-03 8.300732233157455120e-01 -3.843082517298331002e-02 0.000000000000000000e+00
-2.140451339171695055e-01 -1.650142716695504330e-01 1.424448296530894109e-01 2.260301993113839281e+00 -1.490730834231559498e-01 2.989044436645478253e+00 -7.459217936640674118e-01 5.444931385627336251e-01 -1.351700727075177966e-02 -9.649724941522932684e-03 8.270731723477712238e-01 -3.922768042183784332e-02 0.000000000000000000e+00
-2.137682449998404843e-01 -1.655694096620705935e-01 1.443715420488930756e-01 2.256290220867815499e+00 -1.548171658903698678e-01 2.982193296072328970e+00 -7.436633664806531208e-01 5.356670565255611249e-01 -1.073373761550966421e-02 -9.972072503449901787e-03 8.242571458111214167e-01 -3.982211878308954817e-02 0.000000000000000000e+00
-2.134124889563165650e-01 -1.661559190891293558e-01 1.464471586613810827e-01 2.251956139208220797e+00 -1.609255749593003770e-01 2.974765699924458939e+00 -7.411052005165501555e-01 5.259752806865446439e-01 -7.463109480783547411e-03 -1.031718697180514753e-02 8.211588907779504565e-01 -4.030858676808454777e-02 0.000000000000000000e+00
-2.130322411480899680e-01 -1.666852847535018889e-01 1.483512018414472611e-01 2.247965643582785944e+00 -1.664548967800794088e-01 2.967903115229500344e+00 -7.386342530781473403e-01 5.169143078412271608e-01 -4.215251373377526534e-03 -1.063256766270857800e-02 8.182577762444727121e-01 -4.060733518574259626e-02 0.000000000000000000e+00
-2.125639706360060444e-01 -1.672475128456785143e-01 1.503996811574944970e-01 2.243652494034594547e+00 -1.723224863785493000e-01 2.960460665383314538e+00 -7.358322747162477917e-01 5.069809832913406700e-01 -4.575310752754635502e-04 -1.097144138755625116e-02 8.150735011080922909e-01 -4.076387912356881776e-02 0.000000000000000000e+00
-2.120799500455906594e-01 -1.677576914998639424e-01 1.522765059876041160e-01 2.239678960044249045e+00 -1.776227329960153867e-01 2.953581558709516663e+00 -7.331255709423457612e-01 4.977102532206658658e-01 3.222291760941242700e-03 -1.128225309271451392e-02 8.120990164865826699e-01 -4.075146629617552863e-02 0.000000000000000000e+00
-2.114994840853339220e-01 -1.683024814561543125e-01 1.542933210616907191e-01 2.235381849749327188e+00 -1.832349843094833730e-01 2.946117823535205460e+00 -7.300572098924109632e-01 4.875636427569775555e-01 7.428887860775779117e-03 -1.161740047263067760e-02 8.088415709992522462e-01 -4.056423358797534712e-02 0.000000000000000000e+00
-2.109116405488097312e-01 -1.687994747810112883e-01 1.561387302263422816e-01 2.231421932723791635e+00 -1.882914909735604603e-01 2.939216893259151142e+00 -7.270935110733163231e-01 4.781076565429741021e-01 1.150858433466850350e-02 -1.192582989697008045e-02 8.058049681453166579e-01 -4.022672785407824247e-02 0.000000000000000000e+00
-2.102185584909257166e-01 -1.693330572399390777e-01 1.581193065087286853e-01 2.227138491824054434e+00 -1.936310825017617532e-01 2.931726914444341858e+00 -7.237351317806719475e-01 4.677729270377853354e-01 1.613223146120956741e-02 -1.225949693382718739e-02 8.024861367948599167e-01 -3.967923602941759303e-02 0.000000000000000000e+00
-2.095271956490602494e-01 -1.698222993398951497e-01 1.599294162778484296e-01 2.223189883371757603e+00 -1.984287317819424246e-01 2.924799112753988073e+00 -7.204950634194541292e-01 4.581558861568593155e-01 2.057997679775080968e-02 -1.256753624667878745e-02 7.993984678270220634e-01 -3.900412885427170795e-02 0.000000000000000000e+00
-2.087225195711580328e-01 -1.703500662734301896e-01 1.618698194019225212e-01 2.218917679569562651e+00 -2.034799683775103674e-01 2.917277458921958111e+00 -7.168285563886876988e-01 4.476600686952344477e-01 2.558445596017322465e-02 -1.290177648734864083e-02 7.960303014173716329e-01 -3.808587091041238520e-02 0.000000000000000000e+00
-2.079282530990067546e-01 -1.708363177666285537e-01 1.636410141553059083e-01 2.214979290349822882e+00 -2.080031902946481992e-01 2.910318502459306789e+00 -7.132947413592340968e-01 4.379056419915739462e-01 3.036935749071867363e-02 -1.321122020155633681e-02 7.929022855590190932e-01 -3.706211017549389253e-02 0.000000000000000000e+00
-2.070123010622520743e-01 -1.713632852636436388e-01 1.655373489937342346e-01 2.210718272095144599e+00 -2.127481023486268441e-01 2.902761220107933138e+00 -7.093003326192516278e-01 4.272732709450551836e-01 3.572350970426829697e-02 -1.354788537523438433e-02 7.894959693667532585e-01 -3.575953728039012874e-02 0.000000000000000000e+00
-2.061160925020840973e-01 -1.718507489744293404e-01 1.672663687810718725e-01 2.206790108767977543e+00 -2.169812941508242332e-01 2.895767391132206825e+00 -7.054571914291855039e-01 4.174047610781984607e-01 4.081494107628191870e-02 -1.386034283072253188e-02 7.863379929461372653e-01 -3.437743157604465638e-02 0.000000000000000000e+00
-2.050906025123359067e-01 -1.723809331124319111e-01 1.691154570680008795e-01 2.202540417020472319e+00 -2.214040195407851463e-01 2.888170622404656829e+00 -7.011210325423185008e-01 4.066615359513051642e-01 4.648401208873353951e-02 -1.420105372060343971e-02 7.829048454058888939e-01 -3.268318674718509453e-02 0.000000000000000000e+00
-2.040936833387267391e-01 -1.728731830437589545e-01 1.707993369958427099e-01 2.198623671968530147e+00 -2.253313726785606264e-01 2.881139411948292040e+00 -6.969547833329985398e-01 3.967017462380860171e-01 5.185214589800635210e-02 -1.451794596348495066e-02 7.797270950141790280e-01 -3.093443658154677173e-02 0.000000000000000000e+00
-2.029596060973274385e-01 -1.734103718546966821e-01 1.725979385983744674e-01 2.194387759751028177e+00 -2.294136217504449959e-01 2.873501482564759346e+00 -6.922607621746521556e-01 3.858716021911152705e-01 5.780590883098724042e-02 -1.486417771114126665e-02 7.762778353493356986e-01 -2.883778187019242836e-02 0.000000000000000000e+00
-2.018634922962075084e-01 -1.739104105048814852e-01 1.742340307610827088e-01 2.190484859887011027e+00 -2.330194179683422462e-01 2.866431567814999415e+00 -6.877593541421457290e-01 3.758429697637175049e-01 6.342145030552837071e-02 -1.518675309817711649e-02 7.730901646825653062e-01 -2.671537147826457889e-02 0.000000000000000000e+00
-2.006231776205085193e-01 -1.744572714294468085e-01 1.759796791658079784e-01 2.186265644300707578e+00 -2.367456295105059283e-01 2.858751279474285312e+00 -6.826976835953137979e-01 3.649503412996707441e-01 6.962688196152222453e-02 -1.553972389174809385e-02 7.696353123794327233e-01 -2.421191266861682720e-02 0.000000000000000000e+00
-1.994296946615209398e-01 -1.749675405205411982e-01 1.775657426196239341e-01 2.182380310413473801e+00 -2.400146900754842605e-01 2.851642408817776086e+00 -6.778509301484514360e-01 3.548747373685467443e-01 7.546093580350410335e-02 -1.586905392915811605e-02 7.664471756594717355e-01 -2.171013081821798058e-02 0.000000000000000000e+00
-1.980846408781304357e-01 -1.755267429572762716e-01 1.792559391956136949e-01 2.178182702950603122e+00 -2.433670587875704783e-01 2.843920869461467937e+00 -6.724088936189289711e-01 3.439428272784213481e-01 8.188860825246480069e-02 -1.622988208824212644e-02 7.629969173092194801e-01 -1.879182641214154417e-02 0.000000000000000000e+00
-1.967957693381481854e-01 -1.760491267803823423e-01 1.807899511055162667e-01 2.174319845809140617e+00 -2.462841314399897286e-01 2.836774796074344351e+00 -6.672080729051405035e-01 3.338418234484006875e-01 8.791321127044215977e-02 -1.656687495556993447e-02 7.598176355998829123e-01 -1.590619670398631461e-02 0.000000000000000000e+00
-1.953488580061357172e-01 -1.766221081492798384e-01 1.824229806909641594e-01 2.170149626788044905e+00 -2.492480773472451894e-01 2.829014092750725684e+00 -6.613797448595021278e-01 3.228938678127075690e-01 9.453156605345269803e-02 -1.693640208068333819e-02 7.563818248985444415e-01 -1.257141759590811592e-02 0.000000000000000000e+00
-1.939668211129320086e-01 -1.771580027974944960e-01 1.839033430589311346e-01 2.166315345562469297e+00 -2.517987543217561353e-01 2.821833823094420435e+00 -6.558177995018988904e-01 3.127884031878609972e-01 1.007191545301426849e-01 -1.728180367109360613e-02 7.532203197894841162e-01 -9.298682859147660087e-03 0.000000000000000000e+00
-1.924200239837771664e-01 -1.777463524098224779e-01 1.854774198878106906e-01 2.162180156303177725e+00 -2.543575563764557401e-01 2.814038611295396564e+00 -6.495939254553563247e-01 3.018469057178113091e-01 1.074996958235390210e-01 -1.766080894491471251e-02 7.498086106960107911e-01 -5.541960206157333681e-03 0.000000000000000000e+00
-1.909472492890467166e-01 -1.782966552971168572e-01 1.869028283157448678e-01 2.158381903888623832e+00 -2.565280389165076613e-01 2.806829021241420641e+00 -6.436654625527309381e-01 2.917576530861006323e-01 1.138232386738777802e-01 -1.801520910697700789e-02 7.466735374607695874e-01 -1.880031653848779696e-03 0.000000000000000000e+00
-1.893037704403041921e-01 -1.789007419462276816e-01 1.884169253158213264e-01 2.154289990293875690e+00 -2.586684964257388586e-01 2.799005210973239066e+00 -6.370433793441944159e-01 2.808445515711739948e-01 1.207362722315055148e-01 -1.840418875131829765e-02 7.432950513018949934e-01 2.297680981540318069e-03 0.000000000000000000e+00
-1.877428336787556329e-01 -1.794658866515796425e-01 1.897864261692060461e-01 2.150536391883864695e+00 -2.604458334502348649e-01 2.791772955860342798e+00 -6.307445373129663135e-01 2.707915678645588242e-01 1.271694041607007719e-01 -1.876802440989895973e-02 7.401948654769339164e-01 6.349750019940708298e-03 0.000000000000000000e+00
-1.860050261402402538e-01 -1.800863473845385476e-01 1.912394657625342553e-01 2.146497995925881419e+00 -2.621530280407542435e-01 2.783929004757494496e+00 -6.237183194090102356e-01 2.599286502914232577e-01 1.341873662652777188e-01 -1.916743823616739659e-02 7.368586570003643477e-01 1.095147600175906330e-02 0.000000000000000000e+00
-1.843586168451878671e-01 -1.806663825706683602e-01 1.925524063747690307e-01 2.142798658786109200e+00 -2.635251501281494768e-01 2.776682573818373800e+00 -6.170465682461436785e-01 2.499316595467269975e-01 1.407042546107559744e-01 -1.954100691629446010e-02 7.338015478060351260e-01 1.539352883147035445e-02 0.000000000000000000e+00
-1.825299773213872323e-01 -1.813026449578840626e-01 1.939440641489275086e-01 2.138824482610118594e+00 -2.647881229813990878e-01 2.768828242898326852e+00 -6.096168814370407363e-01 2.391396153481012143e-01 1.477990489127816165e-01 -1.995103385562578199e-02 7.305160059692044072e-01 2.041591775222353564e-02 0.000000000000000000e+00
-1.808009155508590038e-01 -1.818972562426966477e-01 1.952001579286995470e-01 2.135189973832060772e+00 -2.657443010428872654e-01 2.761577581378865887e+00 -6.025711558780997290e-01 2.292177590356588024e-01 1.543743936441870357e-01 -2.033448744070515818e-02 7.275096965726685072e-01 2.524673592503215089e-02 0.000000000000000000e+00
-1.788840339190639894e-01 -1.825491299345777807e-01 1.965299978284096305e-01 2.131292509254674172e+00 -2.665503247898186601e-01 2.753725509075341193e+00 -5.947351372656779489e-01 2.185176438289112011e-01 1.615195216908151821e-01 -2.075528561828909532e-02 7.242836098071735451e-01 3.069049102569551199e-02 0.000000000000000000e+00
-1.770752083466059501e-01 -1.831575905052348074e-01 1.977291587204581813e-01 2.127734477950584235e+00 -2.670808181936017434e-01 2.746482816713310182e+00 -5.873158367848261285e-01 2.086896972344077228e-01 1.681289548841740089e-01 -2.114864699486140864e-02 7.213356902175377394e-01 3.590781293526949108e-02 0.000000000000000000e+00
-1.750737799337407363e-01 -1.838237819579162657e-01 1.989975843174315862e-01 2.123926227468750483e+00 -2.674219564243136560e-01 2.738646083249025143e+00 -5.790771482155842032e-01 1.981009188059822679e-01 1.752976519064490812e-01 -2.158010405858946587e-02 7.181766485324857507e-01 4.176737486706749020e-02 0.000000000000000000e+00
-1.731881609213834217e-01 -1.844451135535384867e-01 2.001401011183688294e-01 2.120456918902164034e+00 -2.675186118239611943e-01 2.731424836783489241e+00 -5.712859372885029652e-01 1.883851412276415505e-01 1.819170719538956149e-01 -2.198326503573543034e-02 7.152944424427474246e-01 4.736796102761209326e-02 0.000000000000000000e+00
-1.711049255313465967e-01 -1.851247729170960588e-01 2.013472715616256292e-01 2.116751956394097967e+00 -2.673850832808457589e-01 2.723619730216523482e+00 -5.626445787624411166e-01 1.779279728913363834e-01 1.890840379214624445e-01 -2.242526031112071494e-02 7.122106350584901380e-01 5.364184008480996774e-02 0.000000000000000000e+00
-1.691455386689932894e-01 -1.857576855027928686e-01 2.024336664443047162e-01 2.113384305089717863e+00 -2.670412424333039603e-01 2.716435083632589453e+00 -5.544845200243838645e-01 1.683421742189483705e-01 1.956901421634584803e-01 -2.283798994283954553e-02 7.094011332665111080e-01 5.962147313106770652e-02 0.000000000000000000e+00
-1.669842551126920482e-01 -1.864489122034950763e-01 2.035805469535237888e-01 2.109796322059567686e+00 -2.664283623840444371e-01 2.708678023297609982e+00 -5.454468831281181762e-01 1.580348086939601937e-01 2.028303433620699536e-01 -2.329014684225916634e-02 7.063994844018828267e-01 6.630207514336952657e-02 0.000000000000000000e+00
-1.649541415900326602e-01 -1.870919120623812382e-01 2.046116308120276839e-01 2.106543513699909553e+00 -2.656390397304333462e-01 2.701546338286263893e+00 -5.369221710578017115e-01 1.485962828298535710e-01 2.094003617712953957e-01 -2.371209558865779859e-02 7.036694113894153002e-01 7.265563681262041107e-02 0.000000000000000000e+00
-1.627176714420098258e-01 -1.877933586328333626e-01 2.056990001880734664e-01 2.103087462615737202e+00 -2.645407059012678808e-01 2.693856491727467883e+00 -5.274910853999905669e-01 1.384581861592751317e-01 2.164892971189229520e-01 -2.417403544389425118e-02 7.007577107906044489e-01 7.973941228563580230e-02 0.000000000000000000e+00
-1.606198774316682232e-01 -1.884447154451747430e-01 2.066757688831063200e-01 2.099962927807572655e+00 -2.633025419532106781e-01 2.686795610268442935e+00 -5.186071461881360811e-01 1.291838192092366611e-01 2.230012586163845345e-01 -2.460474557416032770e-02 6.981135913023192030e-01 8.646087301472432651e-02 0.000000000000000000e+00
-1.583119687018355870e-01 -1.891540329484081850e-01 2.077050985876421063e-01 2.096652794822274402e+00 -2.617178310393515339e-01 2.679191914260737217e+00 -5.087915000689174905e-01 1.192319024659899834e-01 2.300156254534897471e-01 -2.507585252921153834e-02 6.952980973978875046e-01 9.393838021015112061e-02 0.000000000000000000e+00
-1.561495708166941165e-01 -1.898118966405636099e-01 2.086288705267966559e-01 2.093669807392259052e+00 -2.600295449761360622e-01 2.672220185496244849e+00 -4.995549250392228302e-01 1.101380395812100454e-01 2.364478252763035915e-01 -2.551475604101880942e-02 6.927461232833190818e-01 1.010208740368919028e-01 0.000000000000000000e+00
-1.537731113588372001e-01 -1.905273763226323913e-01 2.096014098177361729e-01 2.090520420895962239e+00 -2.579563678526035631e-01 2.664723949374485645e+00 -4.893601113598041175e-01 1.003909781824393194e-01 2.433643209433484778e-01 -2.599441632047729683e-02 6.900339600291823805e-01 1.088866451521170314e-01 0.000000000000000000e+00
-1.515491572780507668e-01 -1.911897183709542758e-01 2.104736301601221882e-01 2.087692058214923208e+00 -2.558184479432599190e-01 2.657860808729991309e+00 -4.797786236794306380e-01 9.149354007280953438e-02 2.496959864350116742e-01 -2.644084118176943943e-02 6.875800568217561581e-01 1.163224821988624869e-01 0.000000000000000000e+00
-1.491078402923059210e-01 -1.919087013799321284e-01 2.113912881542241717e-01 2.084716763479323554e+00 -2.532599793416778766e-01 2.650492634701198114e+00 -4.692158610059039003e-01 8.196698841229736743e-02 2.564929061691121337e-01 -2.692822670898376361e-02 6.849770165932854704e-01 1.245653902139564617e-01 0.000000000000000000e+00
-1.468253348281271242e-01 -1.925733951296819679e-01 2.122135926200589551e-01 2.082055486618574314e+00 -2.506748511225049825e-01 2.643758023867890383e+00 -4.592981492379079045e-01 7.328134651073453520e-02 2.627039304633949079e-01 -2.738141142213658397e-02 6.826269100893449515e-01 1.323461149442455853e-01 0.000000000000000000e+00
-1.443220489272304674e-01 -1.932939814063537320e-01 2.130781039340732264e-01 2.079267884617484796e+00 -2.476334512800004717e-01 2.636540071094076954e+00 -4.483752273164615665e-01 6.399313944540604981e-02 2.693587705533393439e-01 -2.787569203986068472e-02 6.801395842102382350e-01 1.409588861004811289e-01 0.000000000000000000e+00
-1.419839976394731140e-01 -1.939588415762065476e-01 2.138523361088429109e-01 2.076785401541800802e+00 -2.446056831652074770e-01 2.629953999763252614e+00 -4.381310785778491645e-01 5.553424906590664206e-02 2.754294462581747815e-01 -2.833478148049291614e-02 6.778986673109911321e-01 1.490752856414179484e-01 0.000000000000000000e+00
-1.394223184519461090e-01 -1.946781946061884594e-01 2.146659133211608061e-01 2.074197152204611427e+00 -2.410887635396106177e-01 2.622907469787584489e+00 -4.268612466349063217e-01 4.649878431040509186e-02 2.819223661538425851e-01 -2.883494185856121453e-02 6.755321157873193094e-01 1.580453281802660093e-01 0.000000000000000000e+00
-1.370316719219007717e-01 -1.953409691649811708e-01 2.153940342081756276e-01 2.071904172167043257e+00 -2.376248747407165851e-01 2.616490114581594639e+00 -4.163013801490649812e-01 3.828105981236917810e-02 2.878337848254914899e-01 -2.929899975910212062e-02 6.734055816568911279e-01 1.664874822567899426e-01 0.000000000000000000e+00
-1.344144286099379360e-01 -1.960570377943942622e-01 2.161586887255671219e-01 2.069526839029991017e+00 -2.336391411946774355e-01 2.609637602103393572e+00 -4.046946916177408538e-01 2.951531293804920617e-02 2.941436123962162252e-01 -2.980401416437600259e-02 6.711659963381889638e-01 1.758058496214635613e-01 0.000000000000000000e+00
-1.319741003005391877e-01 -1.967154585673718536e-01 2.168428008419721331e-01 2.067432876052544444e+00 -2.297477064641388900e-01 2.603408872773361082e+00 -3.938307587144396771e-01 2.155271719184828280e-02 2.998773982231568436e-01 -3.027201895287619585e-02 6.691587718245962657e-01 1.845631721682415571e-01 0.000000000000000000e+00
-1.293047554440509284e-01 -1.974253726369461781e-01 2.175610382330624704e-01 2.065275446667567572e+00 -2.253049541106539877e-01 2.596770920452614817e+00 -3.819023270339202969e-01 1.306983339540294942e-02 3.059857576574169791e-01 -3.078071601059495857e-02 6.670506135056895047e-01 1.942159326972882905e-01 0.000000000000000000e+00
-1.268176124979861208e-01 -1.980771761198709402e-01 2.182033537400450973e-01 2.063388610553548830e+00 -2.209965655328014478e-01 2.590750202142678482e+00 -3.707468445702827298e-01 5.375800280231056265e-03 3.115242006184002488e-01 -3.125157745548317462e-02 6.651672925618127286e-01 2.032772217929852132e-01 0.000000000000000000e+00
-1.240989141928490330e-01 -1.987788768915199067e-01 2.188774157449424052e-01 2.061459637322585081e+00 -2.161078728672656268e-01 2.584348571037475395e+00 -3.585087205445007252e-01 -2.808129899913646126e-03 3.174111182080205928e-01 -3.176275666256167529e-02 6.631962204600178046e-01 2.132539225791263982e-01 0.000000000000000000e+00
-1.215677607168411251e-01 -1.994218076220324321e-01 2.194802101084528112e-01 2.059786460182757573e+00 -2.113950008162555072e-01 2.578554807494193302e+00 -3.470750043259771545e-01 -1.022062345545185665e-02 3.227371740720701432e-01 -3.223531171145561924e-02 6.614412638806829170e-01 2.226073271568914103e-01 0.000000000000000000e+00
-1.188030414032786863e-01 -2.001124765033636121e-01 2.201127763380606450e-01 2.058091588684366258e+00 -2.060763409577495153e-01 2.572408533016778076e+00 -3.345439658698000640e-01 -1.809370786070169101e-02 3.283858719021826023e-01 -3.274767061567323417e-02 6.596110730005531053e-01 2.328929046952113446e-01 0.000000000000000000e+00
-1.162306323192357493e-01 -2.007443056193448649e-01 2.206783638392481040e-01 2.056636966699841196e+00 -2.009733436224405700e-01 2.566859889338150680e+00 -3.228461306501678729e-01 -2.521222510237500908e-02 3.334832953866488925e-01 -3.322069795954175203e-02 6.579886086854496163e-01 2.425260410559755275e-01 0.000000000000000000e+00
-1.134225554911485745e-01 -2.014219637301708221e-01 2.212718407205699900e-01 2.055181134186112146e+00 -1.952399504210191594e-01 2.560989126083071277e+00 -3.100360594907777267e-01 -3.275928033355030022e-02 3.388748650135142704e-01 -3.373288001321823187e-02 6.563046253491653381e-01 2.531086775691370194e-01 0.000000000000000000e+00
-1.108116157318536077e-01 -2.020405159140938323e-01 2.218025921762900587e-01 2.053948245470129663e+00 -1.897630641117791228e-01 2.555702817385590464e+00 -2.980890522616550520e-01 -3.957184405846014830e-02 3.437279434679656465e-01 -3.420509800578671461e-02 6.548185814609011057e-01 2.630086127368567173e-01 0.000000000000000000e+00
-1.079633597659344219e-01 -2.027024791725324515e-01 2.223597132694130063e-01 2.052733164336882687e+00 -1.836346855591473037e-01 2.550124427795436688e+00 -2.850180911839780284e-01 -4.678222371298438459e-02 3.488473380314249805e-01 -3.471569256578214968e-02 6.532838683037156535e-01 2.738722293897783988e-01 0.000000000000000000e+00
-1.053165284641523619e-01 -2.033056755946839045e-01 2.228580242137375156e-01 2.051723235537609824e+00 -1.778017607644457598e-01 2.545116502910494738e+00 -2.728373582796871921e-01 -5.327739897320023232e-02 3.534410245957027019e-01 -3.518576754591096201e-02 6.519379066887895924e-01 2.840255976247327285e-01 0.000000000000000000e+00
-1.024306946680655223e-01 -2.039500812251797968e-01 2.233812220344429389e-01 2.050749957925500411e+00 -1.712974738916011042e-01 2.539848608120499840e+00 -2.595211699998843380e-01 -6.013685721983608873e-02 3.582706672325612907e-01 -3.569329114827440169e-02 6.505573905587198613e-01 2.951571116385595661e-01 0.000000000000000000e+00
-9.975058544817105854e-02 -2.045359338803212634e-01 2.238495103601747804e-01 2.049962356233961280e+00 -1.651280578480500694e-01 2.535133863403264964e+00 -2.471229067688044956e-01 -6.630367304002357520e-02 3.625904476787245034e-01 -3.615984784293186510e-02 6.493549067475217207e-01 3.055500312135665530e-01 0.000000000000000000e+00
-9.683020593835858780e-02 -2.051603069204873675e-01 2.243415077392442170e-01 2.049228569191948957e+00 -1.582709377808364515e-01 2.530190655514270137e+00 -2.335807825600220156e-01 -7.280280975236091967e-02 3.671168894254774884e-01 -3.666280662073934798e-02 6.481310510685758253e-01 3.169326147391605675e-01 0.000000000000000000e+00
-9.411937509188764150e-02 -2.057268919001704888e-01 2.247821083665890174e-01 2.048660867073836656e+00 -1.517859773302232540e-01 2.525782956821561065e+00 -2.209817669170206500e-01 -7.863084651475510389e-02 3.711491816319665293e-01 -3.712441982262334322e-02 6.470753074334412158e-01 3.275508044528745999e-01 0.000000000000000000e+00
-9.116698382351078045e-02 -2.063296103621871103e-01 2.252453545811497204e-01 2.048163480559392902e+00 -1.445985036028503146e-01 2.521179683676486150e+00 -2.072308342340191678e-01 -8.475637501566794796e-02 3.753559108898556484e-01 -3.762122420159921821e-02 6.460125064214178314e-01 3.391702428679175818e-01 0.000000000000000000e+00
-8.842795505461124861e-02 -2.068751437855271547e-01 2.256605954520164437e-01 2.047811384891037534e+00 -1.378203923804108832e-01 2.517091361290765050e+00 -1.944484266604521727e-01 -9.023567915569466469e-02 3.790876653673291852e-01 -3.807643749448862136e-02 6.451063658605183937e-01 3.499990220448296885e-01 0.000000000000000000e+00
-8.544644510337422172e-02 -2.074539556336830737e-01 2.260976476407666191e-01 2.047544179037511292e+00 -1.303283704640580964e-01 2.512839677723991194e+00 -1.805089421722730625e-01 -9.597943519196625028e-02 3.829630973856124054e-01 -3.856553118987087608e-02 6.442066168862350395e-01 3.618378383546679289e-01 0.000000000000000000e+00
-8.268168237437183155e-02 -2.079767820534892397e-01 2.264898056004037152e-01 2.047401602310359614e+00 -1.232806677041198284e-01 2.509081750076129325e+00 -1.675609026236600241e-01 -1.011006273891613683e-01 3.863819304350017969e-01 -3.901286735159852775e-02 6.434528091396881644e-01 3.728622267136463275e-01 0.000000000000000000e+00
-7.967354386897317065e-02 -2.085303484472556534e-01 2.269030289208047169e-01 2.047357681059033041e+00 -1.155094636563278598e-01 2.505193885750966576e+00 -1.534513420103656989e-01 -1.064503021631284796e-01 3.899107520374109903e-01 -3.949257756532745939e-02 6.427199072076983377e-01 3.849052741895799823e-01 0.000000000000000000e+00
-7.688548626095779992e-02 -2.090289315700171735e-01 2.272742620755124066e-01 2.047416912528920108e+00 -1.082168616628536029e-01 2.501776213740745103e+00 -1.403559797192008296e-01 -1.112044441830834368e-01 3.930050789079742035e-01 -3.993051776183417778e-02 6.421208956995123618e-01 3.961099252648431213e-01 0.000000000000000000e+00
-7.385349053155428056e-02 -2.095552956209649764e-01 2.276660318143767792e-01 2.047586466570099795e+00 -1.001944760945407964e-01 2.498261037232893500e+00 -1.260973320191325076e-01 -1.161531301206686767e-01 3.961773032404218853e-01 -4.039925908082334094e-02 6.415565052854972361e-01 4.083392608590278861e-01 0.000000000000000000e+00
-7.104454139586477424e-02 -2.100283026156619104e-01 2.280185184850063163e-01 2.047838157538939718e+00 -9.268265101983930165e-02 2.495191622454980163e+00 -1.128733057578031884e-01 -1.205318662954633357e-01 3.989358054975260526e-01 -4.082627615567153284e-02 6.411144871235713305e-01 4.197085618686851038e-01 0.000000000000000000e+00
-6.799113207516763180e-02 -2.105264191573124610e-01 2.283909564258330138e-01 2.048210954060763811e+00 -8.443669048713431380e-02 2.492058665116671179e+00 -9.848516184972976040e-02 -1.250682616067906872e-01 4.017377172803984209e-01 -4.128231336402318069e-02 6.407218040208391141e-01 4.321082731936077281e-01 0.000000000000000000e+00
-6.516365906642460071e-02 -2.109726054516380678e-01 2.287266306974147789e-01 2.048644406350558000e+00 -7.673211331621310194e-02 2.489344856434679620e+00 -8.515153818716526823e-02 -1.290637106440740978e-01 4.041502749119012528e-01 -4.169686351601843699e-02 6.404388431550182004e-01 4.436263450396594754e-01 0.000000000000000000e+00
-6.209151056267762925e-02 -2.114409131763282934e-01 2.290819384665467029e-01 2.049207525749924486e+00 -6.829223054794475445e-02 2.486599673252666065e+00 -7.065543638640277291e-02 -1.331821311446919065e-01 4.065732188716553175e-01 -4.213859455588931519e-02 6.402188660489777083e-01 4.561781228628255525e-01 0.000000000000000000e+00
-5.924784869424740141e-02 -2.118592265492241777e-01 2.294026584384633582e-01 2.049810794448632123e+00 -6.042205148046964069e-02 2.484247279369111716e+00 -5.723154404645219157e-02 -1.367869776738447340e-01 4.086302444976326331e-01 -4.253912982264802800e-02 6.400967601129975426e-01 4.678289532892178637e-01 0.000000000000000000e+00
-5.615937199063954915e-02 -2.122970409148124682e-01 2.297427306838327465e-01 2.050551234939592682e+00 -5.181753102391084553e-02 2.481896671482075600e+00 -4.264798653220501501e-02 -1.404771535487994438e-01 4.106617037771451706e-01 -4.296479034981596362e-02 6.400524184808477068e-01 4.805162194328417291e-01 0.000000000000000000e+00
-5.330183748561842516e-02 -2.126866193552177098e-01 2.300502264149360265e-01 2.051311296206265844e+00 -4.380950103871583678e-02 2.479910086417542736e+00 -2.915348297266450936e-02 -1.436845648971499800e-01 4.123542758079450365e-01 -4.334975028538691488e-02 6.400925656342806302e-01 4.922835964464385983e-01 0.000000000000000000e+00
-5.019960972459509146e-02 -2.130927235491048011e-01 2.303768764065194374e-01 2.052213823240893298e+00 -3.507098581034640006e-02 2.477957166076467654e+00 -1.450433887479032555e-02 -1.469420769635076673e-01 4.139875925044906868e-01 -4.375775488676546254e-02 6.402243255292123791e-01 5.050878752304578390e-01 0.000000000000000000e+00
-4.733048351885580513e-02 -2.134528887462796565e-01 2.306727532735737274e-01 2.053116742422934848e+00 -2.695323036834817998e-02 2.476339651576564105e+00 -9.590323315460743021e-04 -1.497457697353589967e-01 4.153073219826792783e-01 -4.412559152876504437e-02 6.404281905106579131e-01 5.169554869695826005e-01 0.000000000000000000e+00
-4.421689959862636077e-02 -2.138270054715589175e-01 2.309875765766036537e-01 2.054166421872824166e+00 -1.811113014123399978e-02 2.474788463815674078e+00 1.373444084989173739e-02 -1.525613801530884828e-01 4.165313108196797565e-01 -4.451415089299680383e-02 6.407384487776521809e-01 5.298597341630206792e-01 0.000000000000000000e+00
-4.133844784006128481e-02 -2.141572524639249742e-01 2.312732418375302856e-01 2.055197460266350973e+00 -9.912115420855016623e-03 2.473542113943130172e+00 2.731049643573481636e-02 -1.549556285520969634e-01 4.174707408942053277e-01 -4.486332460141981976e-02 6.411070968515463209e-01 5.418110357394011478e-01 0.000000000000000000e+00
-3.821599369427639697e-02 -2.144985904650831832e-01 2.315776956444899060e-01 2.056377559861446436e+00 -9.974954191473983656e-04 2.472393125248952828e+00 4.202632983237486464e-02 -1.573261248831333003e-01 4.182803418655891559e-01 -4.523089076612119702e-02 6.415957869115759271e-01 5.547968089517092416e-01 0.000000000000000000e+00
-3.533044945781543822e-02 -2.147986210893807202e-01 2.318543805470404950e-01 2.057521585018424304e+00 7.254204285947807307e-03 2.471518895338064681e+00 5.561302037752414995e-02 -1.593056858109028195e-01 4.188326814756717642e-01 -4.555987022334084119e-02 6.421300836052730165e-01 5.668153553456142246e-01 0.000000000000000000e+00
-3.220150629640000650e-02 -2.151073321763659341e-01 2.321497289403697262e-01 2.058816013363228947e+00 1.621036886115101439e-02 2.470773535168339752e+00 7.032940721232823489e-02 -1.612229620586781154e-01 4.192180408854060403e-01 -4.590467468310045068e-02 6.427992028291554805e-01 5.798652441611659158e-01 0.000000000000000000e+00
-2.931108788479850485e-02 -2.153770644894030806e-01 2.324185313636108474e-01 2.060057560334955795e+00 2.448609888229169584e-02 2.470271053078697321e+00 8.390646876566119905e-02 -1.627831583385442316e-01 4.193770316024838518e-01 -4.621194521624674700e-02 6.434998139329280997e-01 5.919344904843233390e-01 0.000000000000000000e+00
-2.617805420008410822e-02 -2.156528006033779366e-01 2.327058292149929430e-01 2.061448910132275714e+00 3.345287372936489589e-02 2.469927342249998770e+00 9.860153366698781729e-02 -1.642452004874841165e-01 4.193346873411516462e-01 -4.653250242651901097e-02 6.443488296884453126e-01 6.050301856706243875e-01 0.000000000000000000e+00
-2.328494922877324957e-02 -2.158923367147241590e-01 2.329676060590679665e-01 2.062772399419918301e+00 4.172410379940938441e-02 2.469795342600540344e+00 1.121487345265982788e-01 -1.653819042197571809e-01 4.190950028430444618e-01 -4.681658681342480699e-02 6.452162212554841680e-01 6.171336536137893569e-01 0.000000000000000000e+00
-2.039132639939707919e-02 -2.161174710349377248e-01 2.332262343144797245e-01 2.064129644133700481e+00 4.998308441938448254e-02 2.469840451905203516e+00 1.256744053932711269e-01 -1.663140106012849229e-01 4.186623723239610850e-01 -4.708901987056151456e-02 6.461637073923071073e-01 6.292476410432600309e-01 0.000000000000000000e+00
-1.725656929919471005e-02 -2.163453437337022611e-01 2.335030763524898467e-01 2.065634184263044126e+00 5.890887971412883672e-02 2.470088445730928672e+00 1.402973901752190833e-01 -1.670913040996949706e-01 4.179738120241212052e-01 -4.737058257681014267e-02 6.472809034695953256e-01 6.423786896930319124e-01 0.000000000000000000e+00
-1.412239899600321175e-02 -2.165564175204768849e-01 2.337765654059137943e-01 2.067169491880102683e+00 6.780462385704399964e-02 2.470541815273762154e+00 1.548839229397465656e-01 -1.676281141516708928e-01 4.170576846091340606e-01 -4.763775589079393552e-02 6.484917096591998886e-01 6.555128009780575304e-01 0.000000000000000000e+00
-1.123040025425101410e-02 -2.167367612322362302e-01 2.340261399821120802e-01 2.068610563639693645e+00 7.598216559452097840e-02 2.471142178771071229e+00 1.683106656943013923e-01 -1.679075463290474468e-01 4.160072007171522479e-01 -4.787112786487972976e-02 6.496930616269345204e-01 6.676352439439892095e-01 0.000000000000000000e+00
-8.099166365448724758e-03 -2.169166105168356951e-01 2.342934084538671469e-01 2.070193531305529966e+00 8.479677277789665624e-02 2.471988645470269752e+00 1.828098467750742806e-01 -1.679754569368444583e-01 4.146465917162307502e-01 -4.810922278871122143e-02 6.510852290867735759e-01 6.807619649569898179e-01 0.000000000000000000e+00
-5.210906297991600537e-03 -2.170683822109179817e-01 2.345373888648762950e-01 2.071671125179126882e+00 9.288591148881053527e-02 2.472948753727520543e+00 1.961461752106208878e-01 -1.678222086608672226e-01 4.131854483841586045e-01 -4.831515172000160063e-02 6.524533615177744439e-01 6.928694942208170060e-01 0.000000000000000000e+00
-2.084825442431762887e-03 -2.172175981861894090e-01 2.347986862253000351e-01 2.073285680671285824e+00 1.015903141292944234e-01 2.474181349963141763e+00 2.105369157007571101e-01 -1.674217191671897309e-01 4.113798251650848670e-01 -4.852287828502778455e-02 6.540254920882754286e-01 7.059713146776253057e-01 0.000000000000000000e+00
7.975970045544274059e-04 -2.173417398774402931e-01 2.350370844675545023e-01 2.074785647334156380e+00 1.095640091123089022e-01 2.475495757292473620e+00 2.237628893986335632e-01 -1.668338263565547486e-01 4.095056255479416762e-01 -4.870003259297769893e-02 6.555601386664335894e-01 7.180477515357258644e-01 0.000000000000000000e+00
3.916194542112646886e-03 -2.174618391300431886e-01 2.352922984663972095e-01 2.076417438566442897e+00 1.181287199890279638e-01 2.477108953357209042e+00 2.380229519030309937e-01 -1.659601763609542535e-01 4.072499281046444430e-01 -4.887578874135531382e-02 6.573127649798148342e-01 7.311071611521746672e-01 0.000000000000000000e+00
6.790721572749006639e-03 -2.175595485771889825e-01 2.355249729668968395e-01 2.077926582439305392e+00 1.259606740925365287e-01 2.478770681239215179e+00 2.511188301816570934e-01 -1.649362242113324162e-01 4.049608079896669377e-01 -4.902288677969016129e-02 6.590131933358304162e-01 7.431365932170354016e-01 0.000000000000000000e+00
9.899711619171129573e-03 -2.176515623882426531e-01 2.357738447162978923e-01 2.079561325692992568e+00 1.343582598540371542e-01 2.480755419768135184e+00 2.652278248732197752e-01 -1.635910948342469973e-01 4.022562347446370090e-01 -4.916551570082071387e-02 6.609445177583558317e-01 7.561366809202025863e-01 0.000000000000000000e+00
1.276430467945779620e-02 -2.177242416120170332e-01 2.360004494853038537e-01 2.081067515711096050e+00 1.420229629335976185e-01 2.482756456576616255e+00 2.781741000776106199e-01 -1.621302511077976904e-01 3.995509957093346110e-01 -4.928133824110395023e-02 6.628099289439018937e-01 7.681034621204192447e-01 0.000000000000000000e+00
1.586137877505894994e-02 -2.177901489549169123e-01 2.362423926831800913e-01 2.082692998626491487e+00 1.502254450820714737e-01 2.485104797320594638e+00 2.921100558773453981e-01 -1.603100970160262206e-01 3.963940845531546131e-01 -4.938933774568506768e-02 6.649200180545988825e-01 7.810269839422466776e-01 0.000000000000000000e+00
1.871403201793140139e-02 -2.178393897360364484e-01 2.364623054430551874e-01 2.084185070031280063e+00 1.576982446627530621e-01 2.487436286972533495e+00 3.048875366028956924e-01 -1.584120454623699215e-01 3.932724602814181569e-01 -4.947271965493976048e-02 6.669494133842666095e-01 7.929156013644693690e-01 0.000000000000000000e+00
2.179715829952028408e-02 -2.178806624963786909e-01 2.366965963480522073e-01 2.085789620418770696e+00 1.656803239289539320e-01 2.490136838465958569e+00 3.186309458558177488e-01 -1.561197794883546486e-01 3.896660075332329942e-01 -4.954509105756266935e-02 6.692360034962085980e-01 8.057465117593893833e-01 0.000000000000000000e+00
2.463588259189731025e-02 -2.179082706339927067e-01 2.369089967002881991e-01 2.087257844646102534e+00 1.729375784560369667e-01 2.492788725250850490e+00 3.312207403035447029e-01 -1.537847531340868212e-01 3.861283974992262280e-01 -4.959494626540678769e-02 6.714281179684800094e-01 8.175418519644321869e-01 0.000000000000000000e+00
2.770278134574728421e-02 -2.179273472782349286e-01 2.371345981879662279e-01 2.088832038545522352e+00 1.806732860846045341e-01 2.495831078524481939e+00 3.447501312733652346e-01 -1.510180283671171131e-01 3.820704057882178262e-01 -4.963032053482360761e-02 6.738908761865308739e-01 8.302633730175772442e-01 0.000000000000000000e+00
3.052560978449836426e-02 -2.179353076851740512e-01 2.373384362819662974e-01 2.090268000373523449e+00 1.876924118602558700e-01 2.498792365372599633e+00 3.571337304736927898e-01 -1.482468760948351671e-01 3.781180084144311060e-01 -4.964562954990236338e-02 6.762443782208610310e-01 8.419505888823626272e-01 0.000000000000000000e+00
3.357433287535101230e-02 -2.179340657716797025e-01 2.375541306101400796e-01 2.091803163629531781e+00 1.951590119357424769e-01 2.502162930003371422e+00 3.704306607698631404e-01 -1.450098037898438497e-01 3.736130051144530562e-01 -4.964317444827244519e-02 6.788805082258759782e-01 8.545475405755191822e-01 0.000000000000000000e+00
3.637934347974774996e-02 -2.179245804013191790e-01 2.377481923119621476e-01 2.093200044021800821e+00 2.019187605682191133e-01 2.505421300400191509e+00 3.825900550959196456e-01 -1.418038904696064528e-01 3.692475514555955129e-01 -4.962300516420429380e-02 6.813937333465838186e-01 8.661122510301610955e-01 0.000000000000000000e+00
3.940761659908734171e-02 -2.179058745729901547e-01 2.379524718534573036e-01 2.094689913141342785e+00 2.090926712779674901e-01 2.509107396259542710e+00 3.956337187724233706e-01 -1.380953554278870621e-01 3.642951370924840671e-01 -4.958151810784790919e-02 6.842025693482903792e-01 8.785683880806797186e-01 0.000000000000000000e+00
4.219287167047010290e-02 -2.178812723581959598e-01 2.381352209768015094e-01 2.096042410387950916e+00 2.155728775987526546e-01 2.512650029996748913e+00 4.075512980715006450e-01 -1.344566451409981711e-01 3.595195566257540776e-01 -4.952500915846778234e-02 6.868737865006671051e-01 8.899966115294549729e-01 0.000000000000000000e+00
4.519882053498402996e-02 -2.178473545697086344e-01 2.383264226997362512e-01 2.097481790781030142e+00 2.224343482921002924e-01 2.516635891307356765e+00 4.203245177393068466e-01 -1.302819736847308507e-01 3.541258564700167089e-01 -4.944385348543683251e-02 6.898520661267300014e-01 9.022978857625854054e-01 0.000000000000000000e+00
4.796242968675483442e-02 -2.178101811072411520e-01 2.384962342731251628e-01 2.098786092365948264e+00 2.286164306051872153e-01 2.520448500084375709e+00 4.319832710699421097e-01 -1.262129714670907898e-01 3.489433449887224814e-01 -4.935025169549894786e-02 6.926792779399580935e-01 9.135759069258801990e-01 0.000000000000000000e+00
5.094377892943005581e-02 -2.177642922934573955e-01 2.386724183475719685e-01 2.100172287952841721e+00 2.351447550434091482e-01 2.524719141631356578e+00 4.444661395999024434e-01 -1.215723300438436572e-01 3.431095574628491018e-01 -4.922840791443861691e-02 6.958258693469139278e-01 9.257068720073001744e-01 0.000000000000000000e+00
5.368383982164542934e-02 -2.177172276018800035e-01 2.388273995066640398e-01 2.101426501501188149e+00 2.410114973694348350e-01 2.528786716895704778e+00 4.558495553633371000e-01 -1.170761318202197115e-01 3.375243760247350622e-01 -4.909703501010284632e-02 6.988068121340669236e-01 9.368217079748003551e-01 0.000000000000000000e+00
5.663876559312708975e-02 -2.176619188012386685e-01 2.389864562271450943e-01 2.102757751526278973e+00 2.471901503247657672e-01 2.533324783537737268e+00 4.680263933945336685e-01 -1.119760202075282401e-01 3.312582242958876932e-01 -4.893408700209283396e-02 7.021183197915259466e-01 9.487695141522501929e-01 0.000000000000000000e+00
5.935336801355459158e-02 -2.176077838496044414e-01 2.391245401427796735e-01 2.103961442236039758e+00 2.527258351597572172e-01 2.537631507700793598e+00 4.791185592032545792e-01 -1.070562961467975971e-01 3.252752997489700704e-01 -4.876438538400593853e-02 7.052506632866498704e-01 9.597085149087778433e-01 0.000000000000000000e+00
6.227956336943891308e-02 -2.175466081718158695e-01 2.392640478806355997e-01 2.105238569809960936e+00 2.585372808664319066e-01 2.542420172469885387e+00 4.909705914500023249e-01 -1.014981707608829387e-01 3.185799796104564763e-01 -4.855952171715159638e-02 7.087252895608762149e-01 9.714586479543163566e-01 0.000000000000000000e+00
6.496682354417748773e-02 -2.174883582222507106e-01 2.393830038986211051e-01 2.106392911776321597e+00 2.637278834369976011e-01 2.546949402990182687e+00 5.017563605753095901e-01 -9.615915695365456761e-02 3.122049045930248568e-01 -4.835102949331201994e-02 7.120065037609356606e-01 9.822097626959390704e-01 0.000000000000000000e+00
6.786248942801643980e-02 -2.174241544642079305e-01 2.395005372455825399e-01 2.107617792507760157e+00 2.691592774404458766e-01 2.551969463575211705e+00 5.132695055733447198e-01 -9.015072431692112975e-02 3.050894707925508875e-01 -4.810407123647759964e-02 7.156403870683487600e-01 9.937507710168792530e-01 0.000000000000000000e+00
7.052047421968120344e-02 -2.173648435810012769e-01 2.395979273935056053e-01 2.108725644363225626e+00 2.739923000134742992e-01 2.556704056451798657e+00 5.237343304977838399e-01 -8.439723942029235537e-02 2.983287700492758265e-01 -4.785644302818146956e-02 7.190677422332262259e-01 1.004302614729936760e+00 0.000000000000000000e+00
7.338323750639072496e-02 -2.173014047977672447e-01 2.396906673890887296e-01 2.109902300216717208e+00 2.790294714797112441e-01 2.561937437768291748e+00 5.348911778314801024e-01 -7.794127088474953058e-02 2.907981494348588214e-01 -4.756681593725695101e-02 7.228588852030085610e-01 1.015620982783746351e+00 0.000000000000000000e+00
7.601000506700866799e-02 -2.172441842166725201e-01 2.397638900419138686e-01 2.110967815085964538e+00 2.834941427724473328e-01 2.566859693422628652e+00 5.450213099859234633e-01 -7.177871612230617149e-02 2.836591466587379262e-01 -4.727982287909807818e-02 7.264293852764777126e-01 1.025962636507769199e+00 0.000000000000000000e+00
7.883804958441457955e-02 -2.171845303736771593e-01 2.398290787483750020e-01 2.112101380894734426e+00 2.881280107470050034e-01 2.572286199061024181e+00 5.558096091142663564e-01 -6.488411663284886222e-02 2.757239918747378393e-01 -4.694761017786751311e-02 7.303735268508850798e-01 1.037048510598414852e+00 0.000000000000000000e+00
8.143164373413823431e-02 -2.171326289066385085e-01 2.398754395360773173e-01 2.113130201727610569e+00 2.922153569593621825e-01 2.577377972120801886e+00 5.655921654569407986e-01 -5.831847995585440897e-02 2.682145433909868260e-01 -4.662114824011583114e-02 7.340841091976925137e-01 1.047169854321260862e+00 0.000000000000000000e+00
8.422247752135654519e-02 -2.170807295605386433e-01 2.399099063166649781e-01 2.114227764755811201e+00 2.964352893576291947e-01 2.582978703945596699e+00 5.759960039924171271e-01 -5.098935244503705749e-02 2.598816454981833779e-01 -4.624603783938896484e-02 7.381787859527166873e-01 1.058011050486755478e+00 0.000000000000000000e+00
8.678085477057174979e-02 -2.170374196847769110e-01 2.399265115972244455e-01 2.115226732377415431e+00 3.001378584823517492e-01 2.588221854747749351e+00 5.854188005613354395e-01 -4.402721269362183665e-02 2.520106728964539577e-01 -4.588013198917968716e-02 7.420261882005267928e-01 1.067902563407527872e+00 0.000000000000000000e+00
8.953262111909213172e-02 -2.169963820661447718e-01 2.399272280175335781e-01 2.116295888685055360e+00 3.039386465804216897e-01 2.593976317559695044e+00 5.954280252022893238e-01 -3.627364804526231334e-02 2.432922824358618730e-01 -4.546248591241720816e-02 7.462667396042600432e-01 1.078490759269464805e+00 0.000000000000000000e+00
9.205372866867943260e-02 -2.169649739717290915e-01 2.399111278821583759e-01 2.117272954923205219e+00 3.072508980703512194e-01 2.599352510566962593e+00 6.044799100103868117e-01 -2.892215414247750402e-02 2.350692399380240882e-01 -4.505728595256165009e-02 7.502474996436560017e-01 1.088143719535593190e+00 0.000000000000000000e+00
9.476378286453486510e-02 -2.169388589735160855e-01 2.398746811540309332e-01 2.118323249887223980e+00 3.106255496648513414e-01 2.605241595115049602e+00 6.140803394240135216e-01 -2.074963472335108333e-02 2.259738790251308860e-01 -4.459708755500675637e-02 7.546310627979263552e-01 1.098468195870585307e+00 0.000000000000000000e+00
9.724547868415937824e-02 -2.169226475235778162e-01 2.398227665643623552e-01 2.119287267560655330e+00 3.135434715956426643e-01 2.610732905061751374e+00 6.227510593010935347e-01 -1.301655769003375561e-02 2.174092861174905522e-01 -4.415289725231676121e-02 7.587415853614364325e-01 1.107874680577826787e+00 0.000000000000000000e+00
9.991185407090454051e-02 -2.169145527636496540e-01 2.397459288086272733e-01 2.120328219114254509e+00 3.164904979914937577e-01 2.616736628489790828e+00 6.319347040041226604e-01 -4.436348359462287741e-03 2.079508031899652831e-01 -4.365080400186355930e-02 7.632631668392002577e-01 1.117928846062175685e+00 0.000000000000000000e+00
1.023519432733906026e-01 -2.169168302021649286e-01 2.396550715000201892e-01 2.121288716588729528e+00 3.190118787298783509e-01 2.622325282810876956e+00 6.402150044653971417e-01 3.669977982710751364e-03 1.990557119910461026e-01 -4.316806028120546285e-02 7.674996569222710674e-01 1.127081598096560056e+00 0.000000000000000000e+00
1.049718181866333561e-01 -2.169307745502989659e-01 2.395342410055134597e-01 2.122331673413388131e+00 3.215278191423447396e-01 2.628425322751149373e+00 6.489697470748690966e-01 1.265099721852834709e-02 1.892444933771397775e-01 -4.262437594466578217e-02 7.721560609302200451e-01 1.136856597719641426e+00 0.000000000000000000e+00
1.073679981974648839e-01 -2.169547874137256749e-01 2.394012316204604807e-01 2.123298770407592073e+00 3.236519807238824598e-01 2.634094132765439689e+00 6.568513057419314016e-01 2.112161174860789983e-02 1.800308881118470872e-01 -4.210367385609565388e-02 7.765145237912165488e-01 1.145749158915524868e+00 0.000000000000000000e+00
1.099392594487446778e-01 -2.169937486099402513e-01 2.392330770361579817e-01 2.124354281355454788e+00 3.257389134710351186e-01 2.640271756577341034e+00 6.651714870405296409e-01 3.049099737350795952e-02 1.698823801458821947e-01 -4.151937631293226710e-02 7.813003574281434105e-01 1.155240132408349440e+00 0.000000000000000000e+00
1.122892026351454825e-01 -2.170426418359638898e-01 2.390546978439220815e-01 2.125338644929620102e+00 3.274668962035076625e-01 2.646004307740553063e+00 6.726473131155182861e-01 3.931637200851589159e-02 1.603629108293938010e-01 -4.096146487050668361e-02 7.857766651673757652e-01 1.163867309601606559e+00 0.000000000000000000e+00
1.148087981039371958e-01 -2.171104734846018569e-01 2.388355054008626799e-01 2.126418759634598921e+00 3.291246264776646058e-01 2.652242804670205345e+00 6.805230128281823943e-01 4.906581776870008044e-02 1.498894972104389822e-01 -4.033720326623529279e-02 7.906883331658088876e-01 1.173067066429230865e+00 0.000000000000000000e+00
1.171099959061401158e-01 -2.171872945844122993e-01 2.386084721588933033e-01 2.127430961700056855e+00 3.304586635004591599e-01 2.658023731519655541e+00 6.875869144615630590e-01 5.823578880400744756e-02 1.400778791223691311e-01 -3.974299377038977010e-02 7.952782247255333337e-01 1.181424065929899347e+00 0.000000000000000000e+00
1.195756626608552309e-01 -2.172867156975321901e-01 2.383349296538678774e-01 2.128546840262313111e+00 3.316925798857779384e-01 2.664306432964675508e+00 6.950150699530392995e-01 6.835168553018654281e-02 1.292964709233470622e-01 -3.908008304079860912e-02 8.003100678681562830e-01 1.190330076089287870e+00 0.000000000000000000e+00
1.218256101581622203e-01 -2.173943687689095516e-01 2.380560698559088528e-01 2.129597715647651768e+00 3.326367212365290982e-01 2.670121151976036611e+00 7.016623200338771849e-01 7.785551709764895745e-02 1.192068188174728594e-01 -3.845064491715837612e-02 8.050090158745192292e-01 1.198413435787950787e+00 0.000000000000000000e+00
1.242340744197856645e-01 -2.175289359057626937e-01 2.377245022459894552e-01 2.130761372436442258e+00 3.334497335005250918e-01 2.676433522875955262e+00 7.086354744531132566e-01 8.832810680114133728e-02 1.081316639502147847e-01 -3.775011703716985023e-02 8.101569728406696758e-01 1.207020372956923548e+00 0.000000000000000000e+00
1.264301035283112995e-01 -2.176701213371697863e-01 2.373905954728860734e-01 2.131861267281978556e+00 3.340089850453500375e-01 2.682269078351634306e+00 7.148624111349093369e-01 9.815441388709873760e-02 9.777929100280413621e-02 -3.708670696487429558e-02 8.149604499198184193e-01 1.214827296534436218e+00 0.000000000000000000e+00
1.287789118193912175e-01 -2.178421421961923288e-01 2.369977893473548813e-01 2.133083435341517564e+00 3.344092562358973453e-01 2.688597322217407992e+00 7.213801650077420469e-01 1.089689118626652464e-01 8.642889843688661422e-02 -3.635023057135890190e-02 8.202186617550980552e-01 1.223134761238829471e+00 0.000000000000000000e+00
1.309182872487170135e-01 -2.180193605273786916e-01 2.366057166090917430e-01 2.134242767598945711e+00 3.345899990116913969e-01 2.694441930981766653e+00 7.271843914455151658e-01 1.191057601764827084e-01 7.582978361448033944e-02 -3.565426751592633281e-02 8.251218076380429922e-01 1.230663783956592372e+00 0.000000000000000000e+00
1.332039700947999228e-01 -2.182319330332382346e-01 2.361481613632385179e-01 2.135534939031376922e+00 3.345832440897460458e-01 2.700774257611441520e+00 7.332420176610094931e-01 1.302509395356530042e-01 6.422026547449788403e-02 -3.488327405796998876e-02 8.304856803895716011e-01 1.238668713561152490e+00 0.000000000000000000e+00
1.352838625964103147e-01 -2.184474108298846973e-01 2.356948820487714535e-01 2.136763353180618275e+00 3.343928946818994774e-01 2.706617748598702189e+00 7.386224685903237663e-01 1.406857289964230651e-01 5.339131985001754899e-02 -3.415637464140586915e-02 8.354835682282959475e-01 1.245919169628893375e+00 0.000000000000000000e+00
1.375038049605843415e-01 -2.187022437307310496e-01 2.351695460338628085e-01 2.138135050214353683e+00 3.339895068366671715e-01 2.712943933943381847e+00 7.442224971515151166e-01 1.521456440621702932e-01 4.154291616025518330e-02 -3.335291350469117566e-02 8.409471097836207498e-01 1.253623428346383628e+00 0.000000000000000000e+00
1.395213430483979444e-01 -2.189579181099055583e-01 2.346522126533911456e-01 2.139441757855198745e+00 3.334366597413191968e-01 2.718777517002300748e+00 7.491795054675068899e-01 1.628651670553618591e-01 3.050158343884090684e-02 -3.259687536073131026e-02 8.460346795720536939e-01 1.260595850396319939e+00 0.000000000000000000e+00
1.416719044416604456e-01 -2.192574619736930019e-01 2.340558505447992432e-01 2.140903320668968490e+00 3.326446168864247710e-01 2.725089073380709159e+00 7.543201387406596181e-01 1.746270845887240575e-01 1.843240369471077500e-02 -3.176280451623751666e-02 8.515928299251036560e-01 1.267998772436467636e+00 0.000000000000000000e+00
1.436241464878686980e-01 -2.195549177269843222e-01 2.334717075053358570e-01 2.142296736094833065e+00 3.317386339309198462e-01 2.730905779836399372e+00 7.588554354980372452e-01 1.856175509333175822e-01 7.197192845939115458e-03 -3.097962293510485299e-02 8.567648219200918458e-01 1.274694758365253922e+00 0.000000000000000000e+00
1.457025865887729421e-01 -2.199001764452523655e-01 2.328016669113731341e-01 2.143856376240798944e+00 3.305702668374248532e-01 2.737195867261319027e+00 7.635420663843586198e-01 1.976643601242910053e-01 -5.071058189674237937e-03 -3.011739332327267177e-02 8.624112560632779534e-01 1.281800604785803488e+00 0.000000000000000000e+00
1.475865418341253399e-01 -2.202406123785058678e-01 2.321481541626333467e-01 2.145344232851713606e+00 3.293212459569181405e-01 2.742990410958156211e+00 7.676587807974032396e-01 2.089113388161295548e-01 -1.648083924790078036e-02 -2.930925709048812916e-02 8.676623439426417450e-01 1.288222950912583986e+00 0.000000000000000000e+00
1.495891776694857345e-01 -2.206331631550568495e-01 2.314015797059671420e-01 2.147010432374795386e+00 3.277863555025080089e-01 2.749254220330533016e+00 7.718930071935474757e-01 2.212287917528822923e-01 -2.892805470876780305e-02 -2.842118857429837969e-02 8.733916689747563966e-01 1.295033585926298025e+00 0.000000000000000000e+00
1.514018662102582791e-01 -2.210173631690709461e-01 2.306763733843224529e-01 2.148599815394426571e+00 3.262052490060218801e-01 2.755022794422868682e+00 7.755957997941663740e-01 2.327172026422933970e-01 -4.049229911021878792e-02 -2.759050077662682579e-02 8.787161935211791342e-01 1.301186420150762579e+00 0.000000000000000000e+00
1.533259456406849408e-01 -2.214573068097196729e-01 2.298511086558567840e-01 2.150378929497125391e+00 3.243175865481680020e-01 2.761257067775634511e+00 7.793861438156216570e-01 2.452870233818447709e-01 -5.309530949485541385e-02 -2.667945625425133943e-02 8.845218846975517746e-01 1.307708501660366673e+00 0.000000000000000000e+00
1.550644299875086340e-01 -2.218855530573163592e-01 2.290521163444191322e-01 2.152075853470943656e+00 3.224158115801492031e-01 2.766997734811487586e+00 7.826813396114039589e-01 2.570012037526672732e-01 -6.479311142497379272e-02 -2.582882179613401469e-02 8.899142532727442045e-01 1.313597150304695482e+00 0.000000000000000000e+00
1.569062549513256244e-01 -2.223734349475018357e-01 2.281457494645731388e-01 2.153974659789432700e+00 3.201862458951785229e-01 2.773201380181917752e+00 7.860326615271596706e-01 2.698075964208017652e-01 -7.752941302216864727e-02 -2.489760798969037695e-02 8.957904516389768590e-01 1.319835338842097139e+00 0.000000000000000000e+00
1.585676232691034526e-01 -2.228455413492535508e-01 2.272711730661537977e-01 2.155784299602268916e+00 3.179757440172426008e-01 2.778913580120111693e+00 7.889279836852665095e-01 2.817312177666022044e-01 -8.933906771807054170e-02 -2.402985647978548786e-02 9.012448052885407845e-01 1.325466193492906175e+00 0.000000000000000000e+00
1.603246467880267423e-01 -2.233803484440652354e-01 2.262821587274686241e-01 2.157807295884713206e+00 3.154191037767986039e-01 2.785086806464936338e+00 7.918524008782826806e-01 2.947547745768758221e-01 -1.021840262877409256e-01 -2.308177113171727690e-02 9.071847197838536214e-01 1.331430076438029575e+00 0.000000000000000000e+00
1.619060926669455003e-01 -2.238955396734005343e-01 2.253304332940512245e-01 2.159733782569952076e+00 3.129119699182640879e-01 2.790771816255937399e+00 7.943573036205838767e-01 3.068709258247321880e-01 -1.140827637221057955e-01 -2.219994439933239971e-02 9.126951329743637764e-01 1.336810860262480194e+00 0.000000000000000000e+00
1.635748291234606078e-01 -2.244766205371378776e-01 2.242570593177940497e-01 2.161885816782277203e+00 3.100400474259261685e-01 2.796916686594117074e+00 7.968632716273211791e-01 3.200942197167617742e-01 -1.270120113402770645e-01 -2.123831438040761632e-02 9.186926383282495445e-01 1.342507894466377527e+00 0.000000000000000000e+00
1.650737421652106462e-01 -2.250335658927820059e-01 2.232270346246957582e-01 2.163932623971339453e+00 3.072490170872983484e-01 2.802576794946674887e+00 7.989889402303951282e-01 3.323853073587227369e-01 -1.389765288535669274e-01 -2.034569352322950983e-02 9.242528526311440951e-01 1.347647795370230606e+00 0.000000000000000000e+00
1.666519422575919451e-01 -2.256586745121189064e-01 2.220684175346537836e-01 2.166216249840255514e+00 3.040769567273242657e-01 2.808696705909507596e+00 8.010919719642034531e-01 3.457877987026010125e-01 -1.519637002254474734e-01 -1.937426390373107529e-02 9.303008914667141305e-01 1.353090231373916597e+00 0.000000000000000000e+00
1.680658429725936931e-01 -2.262553952577990302e-01 2.209591753033458006e-01 2.168386023782514549e+00 3.010143401543841080e-01 2.814336087920477958e+00 8.028511896012825444e-01 3.582356799537403935e-01 -1.639694967356337685e-01 -1.847434848187967313e-02 9.359048481905134498e-01 1.357999902001532089e+00 0.000000000000000000e+00
1.695505079737733845e-01 -2.269224840156914003e-01 2.197143604281719675e-01 2.170804170758716900e+00 2.975544496803923522e-01 2.820435952551628045e+00 8.045638019192853374e-01 3.717983271476733020e-01 -1.769880934083771784e-01 -1.749699957073961795e-02 9.419968291840695729e-01 1.363198392449366692e+00 0.000000000000000000e+00
1.708772640322127334e-01 -2.275563795346466911e-01 2.185254989580480145e-01 2.173098568255150909e+00 2.942332273358410077e-01 2.826059368107721070e+00 8.059712825553920768e-01 3.843840935642515166e-01 -1.890102683592671529e-01 -1.659353985598435027e-02 9.476380701631299530e-01 1.367889683867595796e+00 0.000000000000000000e+00
1.722667170120555091e-01 -2.282618434724141832e-01 2.171944053036209688e-01 2.175652037076712730e+00 2.905006225537163367e-01 2.832145170879331264e+00 8.073126502174378105e-01 3.980852584243821379e-01 -2.020324602994820751e-01 -1.561448069608176170e-02 9.537668027797293613e-01 1.372859408777792778e+00 0.000000000000000000e+00
1.735044591418662407e-01 -2.289296085012305360e-01 2.159257494967548596e-01 2.178071988341210741e+00 2.869331902004153001e-01 2.837758950845556072e+00 8.083848388723038347e-01 4.107894689304416036e-01 -2.140446483962845647e-01 -1.471146102708473583e-02 9.594387366903528447e-01 1.377345769950140131e+00 0.000000000000000000e+00
1.747964003018697143e-01 -2.296699146252959567e-01 2.145082740281729627e-01 2.180761942690170763e+00 2.829401023393272041e-01 2.843837880305599697e+00 8.093715400561780626e-01 4.246084786688082979e-01 -2.270418066222528175e-01 -1.373515033265088926e-02 9.655972967111610128e-01 1.382100577760367655e+00 0.000000000000000000e+00
1.759437023968815628e-01 -2.303675823276286616e-01 2.131602151985877991e-01 2.183307683591014126e+00 2.791391132732994329e-01 2.849448816128146156e+00 8.101268125413244592e-01 4.374109265295781368e-01 -2.390173762540666047e-01 -1.283681304180482249e-02 9.712933322296497529e-01 1.386396922388938080e+00 0.000000000000000000e+00
1.771372949902561278e-01 -2.311376690354709773e-01 2.116571238040608760e-01 2.186133433330454956e+00 2.749001482877333480e-01 2.855528825752892796e+00 8.107818835904568866e-01 4.513249778293469960e-01 -2.519599396776881495e-01 -1.186794775515289009e-02 9.774742628036148240e-01 1.390955188910717677e+00 0.000000000000000000e+00
1.781931637957175074e-01 -2.318605832410869927e-01 2.102303831343811380e-01 2.188804341764690520e+00 2.708777315151587040e-01 2.861144636125846574e+00 8.112404133511412763e-01 4.642049902568653463e-01 -2.638711939691764652e-01 -1.097877756412157790e-02 9.831876088691889892e-01 1.395077762278160272e+00 0.000000000000000000e+00
1.792871537064353871e-01 -2.326553134750886653e-01 2.086424813742461248e-01 2.191765283310821211e+00 2.664045884951766752e-01 2.867234616586142870e+00 8.115849598171701595e-01 4.781917458543932797e-01 -2.767282699218065467e-01 -1.002242497340381441e-02 9.893836528823400922e-01 1.399456798058577478e+00 0.000000000000000000e+00
1.802511476876202112e-01 -2.333980678637036510e-01 2.071382161909776087e-01 2.194560196756606629e+00 2.621725034904685003e-01 2.872863633512128700e+00 8.117690508275218209e-01 4.911278511123714496e-01 -2.885464467331968486e-01 -9.147182282635777859e-03 9.951073852761656013e-01 1.403423709660305274e+00 0.000000000000000000e+00
1.812458279308430953e-01 -2.342109864221681159e-01 2.054672864673097177e-01 2.197654288197376182e+00 2.574791185179625685e-01 2.878972285477982229e+00 8.118299040584302517e-01 5.051633425578480052e-01 -3.012872757042448502e-01 -8.208539713167040119e-03 1.001310819561341825e+00 1.407644819988080664e+00 0.000000000000000000e+00
1.821181021125053978e-01 -2.349674902344554284e-01 2.038870764018168580e-01 2.200571342854004797e+00 2.530485244120104227e-01 2.884623259982968424e+00 8.117637910843689131e-01 5.181335362777791387e-01 -3.129828139474368776e-01 -7.352232513868386422e-03 1.007037947485557083e+00 1.411475644058105106e+00 0.000000000000000000e+00
1.830135608887309417e-01 -2.357918419216071260e-01 2.021348537642500831e-01 2.203796718636064078e+00 2.481454124908415437e-01 2.890760517482502845e+00 8.115667837427303910e-01 5.321937618318797192e-01 -3.255741064232768878e-01 -6.437008597086884415e-03 1.013241248612678724e+00 1.415560134221959698e+00 0.000000000000000000e+00
1.837949684818458440e-01 -2.365553643478033319e-01 2.004808502022528693e-01 2.206833329595483839e+00 2.435272600273385990e-01 2.896441881217680869e+00 8.112766989209935220e-01 5.451752406969300191e-01 -3.371169123779529375e-01 -5.604934603262000901e-03 1.018964514953313527e+00 1.419275776574838277e+00 0.000000000000000000e+00
1.845929604126386459e-01 -2.373832582552043435e-01 1.986500336519184118e-01 2.210186609643248090e+00 2.384268361977355255e-01 2.902616893681402299e+00 8.108529234125346763e-01 5.592351999349216563e-01 -3.495263109513406796e-01 -4.718844732538394343e-03 1.025159760018137467e+00 1.423248280814854994e+00 0.000000000000000000e+00
1.852850734454982995e-01 -2.381463053380770689e-01 1.969246797873244748e-01 2.213339753827911593e+00 2.336306979939744011e-01 2.908337778552504638e+00 8.103673625667859870e-01 5.722045947065258487e-01 -3.608848261585830830e-01 -3.916558871699292281e-03 1.030872040819275748e+00 1.426871777794016749e+00 0.000000000000000000e+00
1.859873180185942221e-01 -2.389695061863764125e-01 1.950180715523176511e-01 2.216817716740165700e+00 2.283421074624429892e-01 2.914560144106043804e+00 8.097473786650155603e-01 5.862384549658345989e-01 -3.730769107870204326e-01 -3.065982410156486981e-03 1.037051240338532132e+00 1.430757196666387898e+00 0.000000000000000000e+00
1.865925359770594649e-01 -2.397240284654848785e-01 1.932243467246471391e-01 2.220083982536921852e+00 2.233770233636294122e-01 2.920328962125255057e+00 8.090968349897362799e-01 5.991718304836953779e-01 -3.842191773137482169e-01 -2.299341035958089256e-03 1.042745078749121479e+00 1.434313182511916418e+00 0.000000000000000000e+00
1.872024848838001743e-01 -2.405333014039138795e-01 1.912455686033744662e-01 2.223681914323178077e+00 2.179104134010891869e-01 2.926607541739769669e+00 8.083161293161796879e-01 6.131534262066113961e-01 -3.961598595352822105e-01 -1.490528349853691018e-03 1.048900309818566967e+00 1.438139479208087490e+00 0.000000000000000000e+00
1.877240683674711585e-01 -2.412706375646254953e-01 1.893869395754992913e-01 2.227057108528672558e+00 2.127844598494146311e-01 2.932432176132850010e+00 8.075332931137507719e-01 6.260260150725911465e-01 -4.070529873420332123e-01 -7.656547172271590098e-04 1.054568115829500830e+00 1.441654052898664995e+00 0.000000000000000000e+00
1.882453670310101357e-01 -2.420563557078719841e-01 1.873397578451049261e-01 2.230770887386158918e+00 2.071466835477719926e-01 2.938775689655117596e+00 8.066275520270148602e-01 6.399279156998864959e-01 -4.187045834272389300e-01 -5.687652278626470316e-06 1.060690989491702263e+00 1.445450522190627529e+00 0.000000000000000000e+00
1.886875039176005575e-01 -2.427672073242186090e-01 1.854200497421848448e-01 2.234250221618760968e+00 2.018663864167500321e-01 2.944663762989300881e+00 8.057475770238256008e-01 6.527143513046022028e-01 -4.293144840520601857e-01 6.709812910322811384e-04 1.066325173093873868e+00 1.448951780075754980e+00 0.000000000000000000e+00
1.891255225513842897e-01 -2.435190431232162334e-01 1.833090618000718652e-01 2.238074011863264268e+00 1.960649956530464699e-01 2.951079421228457456e+00 8.047566813612342385e-01 6.665092594351036404e-01 -4.406415739584395030e-01 1.375301769886666569e-03 1.072407566707505699e+00 1.452749714106316592e+00 0.000000000000000000e+00
1.894932843999528604e-01 -2.441936800375778815e-01 1.813325771047276935e-01 2.241652642865071599e+00 1.906355662318692801e-01 2.957037442411573736e+00 8.038166520754634892e-01 6.791835093788998190e-01 -4.509334931491053577e-01 1.997051966436729810e-03 1.078000404733753914e+00 1.456267616748256888e+00 0.000000000000000000e+00
1.898537862268261933e-01 -2.449007283618866992e-01 1.791624910502571388e-01 2.245580948181491010e+00 1.846742396333169722e-01 2.963532303798488421e+00 8.027818142548860392e-01 6.928421302406164717e-01 -4.618957965651711017e-01 2.637910213770948680e-03 1.084033663025273819e+00 1.460100571347153542e+00 0.000000000000000000e+00
1.901533024407870698e-01 -2.455289015929249530e-01 1.771339635219711939e-01 2.249252959383932549e+00 1.790994021356295818e-01 2.969565650970173110e+00 8.018214783658034195e-01 7.053774963335649462e-01 -4.718341145421016680e-01 3.197701993567751352e-03 1.089577232571355525e+00 1.463666677204824129e+00 0.000000000000000000e+00
1.904436797515942914e-01 -2.461799602843669221e-01 1.749102650395837344e-01 2.253279126227369034e+00 1.729822047482221237e-01 2.976144402285301194e+00 8.007871065984166759e-01 7.188714672608873535e-01 -4.823948132657838173e-01 3.767730818953195573e-03 1.095553033162357082e+00 1.467569672940389758e+00 0.000000000000000000e+00
1.906819923024052899e-01 -2.467510164731879507e-01 1.728347625411296440e-01 2.257038469205912889e+00 1.672635401480109252e-01 2.982257389964594552e+00 7.998484088931909763e-01 7.312407186808422832e-01 -4.919429115639901706e-01 4.258238278367254721e-03 1.101039477903056785e+00 1.471217671001580296e+00 0.000000000000000000e+00
1.909102125200022315e-01 -2.473341643425139014e-01 1.705630930038543602e-01 2.261155576475561979e+00 1.609903005371497997e-01 2.988924121925754740e+00 7.988613748141802917e-01 7.445388806890166356e-01 -5.020593284388197297e-01 4.748856269369525034e-03 1.106948766045833477e+00 1.475228524761293958e+00 0.000000000000000000e+00
1.910953684065257729e-01 -2.478370789607396985e-01 1.684461655568839922e-01 2.264995570130946767e+00 1.551276164574426630e-01 2.995119192872759406e+00 7.979887900830159309e-01 7.567138545074501010e-01 -5.111797230659596014e-01 5.162414497888456744e-03 1.112370029918853254e+00 1.478993968226557154e+00 0.000000000000000000e+00
1.912708032054107887e-01 -2.483404560493411850e-01 1.661327844487085204e-01 2.269196119012779178e+00 1.486977851004143147e-01 3.001875247437915117e+00 7.970981624354660511e-01 7.697868462454582339e-01 -5.208135751512668055e-01 5.565672222683396703e-03 1.118204483234998881e+00 1.483151562162334125e+00 0.000000000000000000e+00
1.914117756822085736e-01 -2.487639042245295973e-01 1.639802878090461102e-01 2.273109257566413355e+00 1.426885668192516832e-01 3.008153040164957215e+00 7.963385623135482705e-01 7.817388469016249841e-01 -5.294677834295882235e-01 5.894321905658686175e-03 1.123552243861932531e+00 1.487071602128876346e+00 0.000000000000000000e+00
1.915445666026680815e-01 -2.491747500032639728e-01 1.616316621461353908e-01 2.277385140878459779e+00 1.360970683524831415e-01 3.014998488373090257e+00 7.955972714241247301e-01 7.945537117509772207e-01 -5.385739301448961847e-01 6.200840303856498120e-03 1.129302408129577051e+00 1.491418679976212580e+00 0.000000000000000000e+00
1.916512563793449919e-01 -2.495071090943970782e-01 1.594498192738477149e-01 2.281363876793466083e+00 1.299362366992822260e-01 3.021357530375277989e+00 7.950001907077290930e-01 8.062533778938588691e-01 -5.467226704483205690e-01 6.436269986003308186e-03 1.134568409711045334e+00 1.495533130702330737e+00 0.000000000000000000e+00
1.917525594687535806e-01 -2.498131371564406289e-01 1.570729549766977651e-01 2.285706153871864821e+00 1.231771267395114222e-01 3.028288955153599638e+00 7.944620324304512149e-01 8.187795560810464668e-01 -5.552613641143597789e-01 6.637502495129168553e-03 1.140225895972755144e+00 1.500111903564504079e+00 0.000000000000000000e+00
1.918356470557787130e-01 -2.500425780198854420e-01 1.548683339705471118e-01 2.289741963964629257e+00 1.168568591923579980e-01 3.034725293864095619e+00 7.940794027608339967e-01 8.301967939903250882e-01 -5.628644892894545393e-01 6.771096434202170632e-03 1.145401882709378594e+00 1.504462044047093938e+00 0.000000000000000000e+00
1.919175074629448641e-01 -2.502303486377305819e-01 1.524704189563469425e-01 2.294141334482030725e+00 1.099190206775064738e-01 3.041737449750091304e+00 7.938035658509291492e-01 8.423994646840954337e-01 -5.707879261646582325e-01 6.856834096694559497e-03 1.150956837269120348e+00 1.509320448823725513e+00 0.000000000000000000e+00
1.919884292837044648e-01 -2.503448123850250950e-01 1.502498667655424169e-01 2.298225154625213040e+00 1.034285064435671586e-01 3.048244276362114480e+00 7.936900486094644602e-01 8.535035148491808554e-01 -5.778042237935536729e-01 6.879612446393142296e-03 1.156034287045411002e+00 1.513949821746610080e+00 0.000000000000000000e+00
1.920634832398633030e-01 -2.504017430109469755e-01 1.478385305335361832e-01 2.302671478624557899e+00 9.629971375841073211e-02 3.055327510148199810e+00 7.937353889270230001e-01 8.653511195906163911e-01 -5.850713911971345826e-01 6.840697004964360270e-03 1.161478187787696514e+00 1.519134064282612995e+00 0.000000000000000000e+00
1.921342577237395433e-01 -2.503890026896452570e-01 1.456091852910689766e-01 2.306793603756975841e+00 8.962497119988377392e-02 3.061894786788754708e+00 7.939481754981204675e-01 8.761105567106455272e-01 -5.914588499136351762e-01 6.743366789500370231e-03 1.166448578488165744e+00 1.524088209700432905e+00 0.000000000000000000e+00
1.922160072370890649e-01 -2.503010509515329329e-01 1.431922748126595035e-01 2.311275711258504728e+00 8.228706656103579320e-02 3.069036828630432812e+00 7.943804065430402073e-01 8.875663438767031899e-01 -5.980193475219635069e-01 6.568725839829221008e-03 1.171771305400852725e+00 1.529651153743444736e+00 0.000000000000000000e+00
1.922991524760295778e-01 -2.501486561711859236e-01 1.409615084268151519e-01 2.315425666046800224e+00 7.541070870015609273e-02 3.075650790430320303e+00 7.949795512092808769e-01 8.979490768605404849e-01 -6.037348906954371763e-01 6.341615935345656929e-03 1.176625848593903623e+00 1.534977875397766978e+00 0.000000000000000000e+00
1.924010545212529733e-01 -2.499029758232665932e-01 1.385471634696940901e-01 2.319932124926603834e+00 6.784413703595060241e-02 3.082834088054660082e+00 7.958625888477238730e-01 9.089803561488395411e-01 -6.095461745100990703e-01 6.021464961169352252e-03 1.181818879561503666e+00 1.540969854692390673e+00 0.000000000000000000e+00
1.925093599985597259e-01 -2.495982820918919431e-01 1.363226252381776749e-01 2.324098654681824527e+00 6.074526334761509716e-02 3.089476773573722745e+00 7.969108090527791122e-01 9.189535615360499010e-01 -6.145459931406137555e-01 5.654583312091913429e-03 1.186548919973593463e+00 1.546719086853653780e+00 0.000000000000000000e+00
1.926456845998062439e-01 -2.491802316939410178e-01 1.339192864533043092e-01 2.328616266346648089e+00 5.292420208335357756e-02 3.096679652924740456e+00 7.983170246873682041e-01 9.295216505317569489e-01 -6.195551994139711915e-01 5.176953692964608202e-03 1.191601735509800752e+00 1.553198158311652977e+00 0.000000000000000000e+00
1.927920400217608410e-01 -2.487103131473946405e-01 1.317087925439444362e-01 2.332787072063849720e+00 4.557812384234161129e-02 3.103328326039211049e+00 7.998799673521083120e-01 9.390518390716328101e-01 -6.237942860791048094e-01 4.659917612082536964e-03 1.196198351551277517e+00 1.559422098937222723e+00 0.000000000000000000e+00
1.929762601430443369e-01 -2.481066837140604442e-01 1.293249851522157989e-01 2.337302611908162131e+00 3.747520636135703853e-02 3.110522908656730756e+00 8.018785365921584640e-01 9.491230487869581900e-01 -6.279574060741438535e-01 4.014383748529817830e-03 1.201102296382549284e+00 1.566442857360943908e+00 0.000000000000000000e+00
1.931733662327909107e-01 -2.474583830122054628e-01 1.271366009948377285e-01 2.341464268116910219e+00 2.985370722339109051e-02 3.117149205597971484e+00 8.040244452195169922e-01 9.581759988594916733e-01 -6.313900875612015184e-01 3.336478693793399394e-03 1.205556566463761303e+00 1.573195701779003475e+00 0.000000000000000000e+00
1.934196052145010780e-01 -2.466536509985567949e-01 1.247812352894185212e-01 2.345961582405927892e+00 2.143474686937718587e-02 3.124301880775950391e+00 8.066949300025939573e-01 9.677097160878119775e-01 -6.346515943691943828e-01 2.510143760102771359e-03 1.210300987945737594e+00 1.580821663560445289e+00 0.000000000000000000e+00
1.936798069715057746e-01 -2.458133839152104594e-01 1.226231988141565504e-01 2.350099206086919690e+00 1.350586433326395053e-02 3.130871112775672316e+00 8.094952438888122215e-01 9.762504737036959979e-01 -6.372311322010451029e-01 1.660252464369713988e-03 1.214603857318978575e+00 1.588160137102213154e+00 0.000000000000000000e+00
