3.299528543659335789e-04 -1.062378649901052352e-03 2.583941881512563654e-03 -4.510846837106008422e-03 2.370617558347110077e-03 -9.115722203434595272e-03 0.000000000000000000e+00
4.227017668271271233e-04 -1.095827491357281858e-03 2.769339047561325540e-03 -4.700834410556353760e-03 2.703641690493974181e-03 -9.816730339442969466e-03 0.000000000000000000e+00
4.494864257089392634e-04 -9.630089218534143569e-04 2.528127539053737216e-03 -4.168603617594968114e-03 2.617135524163316518e-03 -9.007399686748573941e-03 0.000000000000000000e+00
5.504591307068928963e-04 -9.930159271684946276e-04 2.707506889820382456e-03 -4.331389386679873610e-03 2.963260216340302122e-03 -9.698831252298090178e-03 0.000000000000000000e+00
5.663190729648104327e-04 -8.721162748154265287e-04 2.469597810872997679e-03 -3.827387624237843511e-03 2.850573356146579584e-03 -8.898030417652469382e-03 0.000000000000000000e+00
6.758096876577079914e-04 -8.987250678146874172e-04 2.642636843092127652e-03 -3.961334547061490241e-03 3.208986934386981460e-03 -9.579724281925994234e-03 0.000000000000000000e+00
6.803962015835551824e-04 -7.890533294940271780e-04 2.408957925960297786e-03 -3.486752616324473308e-03 3.069790762953328311e-03 -8.788370204914297545e-03 0.000000000000000000e+00
7.976012774002227967e-04 -8.128646607928335932e-04 2.576326424466951481e-03 -3.593388449421475173e-03 3.438072457866869769e-03 -9.461818760159168562e-03 0.000000000000000000e+00
7.916858163770634782e-04 -7.131987083228708002e-04 2.346831920284175865e-03 -3.146625256865931419e-03 3.274124902599595544e-03 -8.679653833703060428e-03 0.000000000000000000e+00
9.169426384391943241e-04 -7.342065094790850566e-04 2.508210755549050708e-03 -3.224402931182979160e-03 3.651537960748019174e-03 -9.344647136893424744e-03 0.000000000000000000e+00
9.001459658418975440e-04 -6.439115227342973036e-04 2.283747499967292427e-03 -2.806982010526759552e-03 3.462833838555834376e-03 -8.572831400522895606e-03 0.000000000000000000e+00
1.032607305513050244e-03 -6.625518292146526100e-04 2.439726766298500049e-03 -2.857471868623839839e-03 3.846922313432088458e-03 -9.230471816423335696e-03 0.000000000000000000e+00
1.091953165575781926e-03 -6.276020394399006719e-04 2.403552554215315773e-03 -2.665755342324160893e-03 3.942098997002041472e-03 -9.171515233113769483e-03 0.000000000000000000e+00
1.059500591977763362e-03 -5.497923226748246961e-04 2.186863448119358289e-03 -2.291797496210001839e-03 3.718675121601400235e-03 -8.415273017811086831e-03 0.000000000000000000e+00
1.108403736494761871e-03 -5.226103560600492415e-04 2.156182342982926325e-03 -2.129537912923140652e-03 3.791412443650443720e-03 -8.366804341751077345e-03 0.000000000000000000e+00
1.255034081105554922e-03 -5.367744017625852848e-04 2.301335987038799491e-03 -2.124379769161244269e-03 4.184774651818656821e-03 -9.010522001793752622e-03 0.000000000000000000e+00
1.208081539805644367e-03 -4.694428924304494544e-04 2.092377227304986764e-03 -1.792221782380032380e-03 3.930429841307869765e-03 -8.268716410009480100e-03 0.000000000000000000e+00
1.361645865626731622e-03 -4.815311758892271143e-04 2.232197702652011229e-03 -1.759121636768057328e-03 4.326377409388904027e-03 -8.905767917910978326e-03 0.000000000000000000e+00
1.304702128208878875e-03 -4.205777164797419587e-04 2.028902319342246185e-03 -1.456386549946842024e-03 4.052137087529050774e-03 -8.174076277989161810e-03 0.000000000000000000e+00
1.464385288344860481e-03 -4.307247012408921272e-04 2.163880380900207179e-03 -1.396790326023911177e-03 4.448492201430287452e-03 -8.805594903644742288e-03 0.000000000000000000e+00
1.398242758016643439e-03 -3.754882458222863484e-04 1.965960322448584430e-03 -1.122366292732657200e-03 4.156466889890353400e-03 -8.083097155271667944e-03 0.000000000000000000e+00
1.564267999809715315e-03 -3.837246538531680073e-04 2.095879497981650852e-03 -1.035520719626426001e-03 4.552266761639334192e-03 -8.708816722145629186e-03 0.000000000000000000e+00
1.488625354166744907e-03 -3.337104901579013294e-04 1.903703535190509610e-03 -7.905458859154279594e-04 4.243202150335800837e-03 -7.995822393949358897e-03 0.000000000000000000e+00
1.660201448576356653e-03 -3.401041627542067403e-04 2.029010549306015099e-03 -6.780608737804172392e-04 4.636491087033345337e-03 -8.616335080778414479e-03 0.000000000000000000e+00
1.575811185216158261e-03 -2.948303583714673159e-04 1.842281644628990245e-03 -4.615173017086249274e-04 4.312408910074783108e-03 -7.912112190803899381e-03 0.000000000000000000e+00
1.753169978857396782e-03 -2.993998629379768239e-04 1.962757764585071341e-03 -3.226883042186656780e-04 4.702220012476221456e-03 -8.527029204841385379e-03 0.000000000000000000e+00
1.659766362797965300e-03 -2.584624716988614956e-04 1.781696948472855091e-03 -1.356243432759640655e-04 4.364089818156724476e-03 -7.831328988673114111e-03 0.000000000000000000e+00
1.842091245893670570e-03 -2.611891698676704898e-04 1.897911110100569676e-03 2.778954333049199477e-05 4.748637763127394606e-03 -8.441937012581668398e-03 0.000000000000000000e+00
1.740463792597249371e-03 -2.242290733692198224e-04 1.722097128906752150e-03 1.865686988082870812e-04 4.398481101250073522e-03 -7.753439476082313320e-03 0.000000000000000000e+00
1.927982006668452208e-03 -2.251582513268512997e-04 1.833729756393537302e-03 3.751203868169739053e-04 4.776773182180171773e-03 -8.358663065951343896e-03 0.000000000000000000e+00
1.817860474963572948e-03 -1.918157201475922946e-04 1.663546597159171192e-03 5.044963818159331481e-04 4.415710308438569598e-03 -7.678102007151688113e-03 0.000000000000000000e+00
2.009797581408553913e-03 -1.908762515794859560e-04 1.770961928542230668e-03 7.166405307916789980e-04 4.786085868442313540e-03 -8.278227022872064467e-03 0.000000000000000000e+00
1.891955063501968293e-03 -1.609287749465559969e-04 1.606017142077864612e-03 8.177674930367473394e-04 4.416144699345814217e-03 -7.604676782657637801e-03 0.000000000000000000e+00
2.088522883613025405e-03 -1.581767013412171963e-04 1.709021979335229036e-03 1.053725777834024768e-03 4.777711778729099024e-03 -8.198823219132567175e-03 0.000000000000000000e+00
1.962731437475453977e-03 -1.313086322969891917e-04 1.549477364153090120e-03 1.125838025568093315e-03 4.400041574319502047e-03 -7.532108238119228361e-03 0.000000000000000000e+00
2.163163497982678596e-03 -1.266258056369928831e-04 1.648493560667818603e-03 1.383962559506457524e-03 4.751384303232519812e-03 -8.120997002124985542e-03 0.000000000000000000e+00
2.030197825005339296e-03 -1.027325564210701536e-04 1.493989418189178853e-03 1.428110107609903423e-03 4.367884424381518471e-03 -7.460046377320672661e-03 0.000000000000000000e+00
2.234691611990996529e-03 -9.620473099641868586e-05 1.588726578688026692e-03 1.708593530191038212e-03 4.708106059413186273e-03 -8.042275905679074910e-03 0.000000000000000000e+00
2.094372660168625222e-03 -7.500705643087579588e-05 1.439490080796940186e-03 1.724142443618070786e-03 4.320224045284426495e-03 -7.387619142085410928e-03 0.000000000000000000e+00
2.302190134657294829e-03 -6.647645758267595184e-05 1.530370013510945482e-03 2.025261782470089145e-03 4.648098860128069276e-03 -7.963625503845772613e-03 0.000000000000000000e+00
2.155245924534143764e-03 -4.793023939447804693e-05 1.385895218998706158e-03 2.013466638564054279e-03 4.257425974937945057e-03 -7.313743155235696847e-03 0.000000000000000000e+00
2.366597105453283056e-03 -3.750761015153258882e-05 1.472698250122556063e-03 2.335151432376392222e-03 4.572255477250042333e-03 -7.882266003574223134e-03 0.000000000000000000e+00
2.212861301695040472e-03 -2.138982789490206926e-05 1.333274383590377088e-03 2.295349982751382356e-03 4.180227039457307114e-03 -7.237788805694256311e-03 0.000000000000000000e+00
2.427051773240013199e-03 -8.926781496443325636e-06 1.416264773231507013e-03 2.636044375810442375e-03 4.481073959586190369e-03 -7.798687076558286080e-03 0.000000000000000000e+00
2.267265763723907979e-03 4.760406587589471883e-06 1.281437472984453541e-03 2.569469832642390372e-03 4.089272002139043849e-03 -7.158405518965293979e-03 0.000000000000000000e+00
2.484474046693663229e-03 1.915849332556618378e-05 1.360489561455957563e-03 2.928826292698971656e-03 4.375459333990416866e-03 -7.710496472731920292e-03 0.000000000000000000e+00
2.318489858848166163e-03 3.060549867972550686e-05 1.230490089575903001e-03 2.835178850713937493e-03 3.985352811496589709e-03 -7.075303129677301683e-03 0.000000000000000000e+00
2.538079902640683061e-03 4.709751413356499938e-05 1.305799836036652950e-03 3.211619048307134960e-03 4.256208223230029120e-03 -7.618018410829874298e-03 0.000000000000000000e+00
2.366603357652874440e-03 5.623421926970184614e-05 1.180213455282658197e-03 3.091991462631504817e-03 3.869235101797929843e-03 -6.986741039505695028e-03 0.000000000000000000e+00
2.588735000958353183e-03 7.468935567828127731e-05 1.251616626189555603e-03 3.485056829723554017e-03 4.124137681801087751e-03 -7.518617811592021027e-03 0.000000000000000000e+00
2.411668702583913415e-03 8.170727776080077831e-05 1.130701112024873334e-03 3.339290173099307424e-03 3.741860138028574312e-03 -6.892279610692053637e-03 0.000000000000000000e+00
2.635740801370106690e-03 1.023020644632111065e-04 1.198379752755995842e-03 3.747401943980044337e-03 3.980400156065933004e-03 -7.412728739952800794e-03 0.000000000000000000e+00
2.453748760838751763e-03 1.070696922871317014e-04 1.081741412434611416e-03 3.576680119229180832e-03 3.604020995995771415e-03 -6.790539172674137092e-03 0.000000000000000000e+00
2.679922844221749312e-03 1.296448153925155999e-04 1.145559055552414218e-03 3.999091752047156945e-03 3.825785447731711031e-03 -7.297781504020495191e-03 0.000000000000000000e+00
2.492937033281114600e-03 1.323479560564333468e-04 1.033365373283134936e-03 3.803491374255507651e-03 3.456844367481615166e-03 -6.680695999694119536e-03 0.000000000000000000e+00
2.720671486418572982e-03 1.571066029621981386e-04 1.093522125555135283e-03 4.238730853970196222e-03 3.661746484165284699e-03 -7.174374879965750296e-03 0.000000000000000000e+00
2.529310217729341392e-03 1.575872927807031587e-04 9.854628245152263766e-04 4.019286364669305556e-03 3.301278750967640008e-03 -6.561724036515226288e-03 0.000000000000000000e+00
2.758760727503549448e-03 1.843245027878803732e-04 1.041720710559190799e-03 4.466508910167199531e-03 3.489045477467200840e-03 -7.039627956181959689e-03 0.000000000000000000e+00
2.562969602439943428e-03 1.827794029344298465e-04 9.379700673670665623e-04 4.223528842171475617e-03 3.138476200530870841e-03 -6.432649667199363819e-03 0.000000000000000000e+00
2.793640793602961137e-03 2.117044255811606490e-04 9.906079339033757591e-04 4.681235003796579974e-03 3.309363849002266988e-03 -6.894726700026776456e-03 0.000000000000000000e+00
2.594026740743840542e-03 2.079486378598338625e-04 8.907733942762896540e-04 4.415791799851298549e-03 2.969625220180294178e-03 -6.292534073402133998e-03 0.000000000000000000e+00
2.826056782699287728e-03 2.388415370545571292e-04 9.395923415423945713e-04 4.882906228426797668e-03 3.123479939580953157e-03 -6.736480819853785107e-03 0.000000000000000000e+00
2.622566290825023572e-03 2.330830665642213972e-04 8.439285797274265200e-04 4.595570552749173032e-03 2.795839524171395141e-03 -6.141001138576296370e-03 0.000000000000000000e+00
2.855525317857210421e-03 2.661485480883185595e-04 8.890429011452205543e-04 5.070624668336520813e-03 2.933257999206517752e-03 -6.565950558711008966e-03 0.000000000000000000e+00
2.648719061036777095e-03 2.581716605096207040e-04 7.972967667733144026e-04 4.762458676681902148e-03 2.618478717883121476e-03 -5.977121859872536191e-03 0.000000000000000000e+00
2.882741112102588793e-03 2.932040347510822542e-04 8.384989958657440567e-04 5.244290503719106766e-03 2.739507371249505496e-03 -6.380807731904525326e-03 0.000000000000000000e+00
2.895731566985644545e-03 3.074180323744402088e-04 8.124175241309705697e-04 5.328797041146415836e-03 2.638193120458431906e-03 -6.279611457307154865e-03 0.000000000000000000e+00
2.684145645638132127e-03 2.962360078713754952e-04 7.266709261758430571e-04 4.990497228376966632e-03 2.344875918724120822e-03 -5.702738892147785066e-03 0.000000000000000000e+00
2.694299204981941837e-03 3.082147120823663933e-04 7.044054751715878027e-04 5.055888773417116511e-03 2.258064228337630652e-03 -5.609463382036050660e-03 0.000000000000000000e+00
2.929800865862241047e-03 3.473594660772794107e-04 7.379657652750171160e-04 5.547256561397873043e-03 2.348316985756326858e-03 -5.967826639200257688e-03 0.000000000000000000e+00
2.713960999934296459e-03 3.331551740936578021e-04 6.580489995782201618e-04 5.181772492412584086e-03 2.077681766365024885e-03 -5.404932563660480582e-03 0.000000000000000000e+00
2.949927554565405508e-03 3.744540657135697614e-04 6.878308945012512332e-04 5.676002874248631258e-03 2.153827259342211420e-03 -5.739071661571948368e-03 0.000000000000000000e+00
2.731699015154513688e-03 3.580269846756301000e-04 6.116907888542022498e-04 5.293400276281445826e-03 1.899005325188607429e-03 -5.186270727231878652e-03 0.000000000000000000e+00
2.968249524847761667e-03 4.012433492275868652e-04 6.374769789422307653e-04 5.789009776635545279e-03 1.961503429222855033e-03 -5.493863735016368821e-03 0.000000000000000000e+00
2.976858643721651265e-03 4.153162314062264215e-04 6.113853092853949178e-04 5.841633046634875370e-03 1.863308343581948634e-03 -5.360776437973946429e-03 0.000000000000000000e+00
2.755220314648837432e-03 3.956864693857031767e-04 5.410722393620615023e-04 5.435184729443598428e-03 1.633674340276503045e-03 -4.826296912173511089e-03 0.000000000000000000e+00
2.761838136224020746e-03 4.075508764952995300e-04 5.187229236223167561e-04 5.472907320892339555e-03 1.552082651381070377e-03 -4.705748540292375992e-03 0.000000000000000000e+00
2.999083216043859496e-03 4.548201643770899416e-04 5.366084070899668212e-04 5.967460535616808670e-03 1.590834684751740724e-03 -4.957661296755677682e-03 0.000000000000000000e+00
2.774461805705664280e-03 4.321927973791606092e-04 4.720003989551191381e-04 5.540391335644656579e-03 1.386557616084971301e-03 -4.443839623954115581e-03 0.000000000000000000e+00
3.011852658039153308e-03 4.816045303371319086e-04 4.860339180049466634e-04 6.032706308893409641e-03 1.415341587594376449e-03 -4.667122000953760619e-03 0.000000000000000000e+00
2.785595329079166779e-03 4.567854552519068356e-04 4.251230044085008153e-04 5.593012043218159590e-03 1.228036324461001527e-03 -4.168269587346173921e-03 0.000000000000000000e+00
3.023218816474878418e-03 5.080964524772912938e-04 4.349943127807676113e-04 6.081363226857483539e-03 1.247711987320432314e-03 -4.360474200056696503e-03 0.000000000000000000e+00
3.028425006945369147e-03 5.220141779824216677e-04 4.085673282577251264e-04 6.100560381889330586e-03 1.164547137078031369e-03 -4.196369370823571643e-03 0.000000000000000000e+00
2.799858793489005959e-03 4.940457218970406572e-04 3.534289061313256042e-04 5.644185607065921317e-03 1.003284319853303685e-03 -3.723612897664985155e-03 0.000000000000000000e+00
2.803737906209153447e-03 5.057928178714976575e-04 3.306722640914472322e-04 5.653163890193546592e-03 9.369232599207855117e-04 -3.577149342292695877e-03 0.000000000000000000e+00
3.041454657639424547e-03 5.611193200366071387e-04 3.324149123958286545e-04 6.130175874598187136e-03 9.428299245137772289e-04 -3.706215047386329786e-03 0.000000000000000000e+00
2.810901331053237973e-03 5.302358409844387666e-04 2.830323662747491475e-04 5.660655183014284830e-03 8.066173281253696814e-04 -3.262747148582878509e-03 0.000000000000000000e+00
3.048512285301056834e-03 5.877130037119648875e-04 2.808065209337073931e-04 6.130559821797554321e-03 8.079714118944814061e-04 -3.360281982254242905e-03 0.000000000000000000e+00
2.816878128892676136e-03 5.546508020762841440e-04 2.351447907172343754e-04 5.653213408810309204e-03 6.878039408952929534e-04 -2.937203410088962130e-03 0.000000000000000000e+00
3.054421515611735471e-03 6.140243987802218584e-04 2.286250712003057295e-04 6.114017957624895416e-03 6.857013568040137841e-04 -3.001006110899151480e-03 0.000000000000000000e+00
2.821717031390863495e-03 5.790667082464229232e-04 1.869802363825834313e-04 5.630891774750068635e-03 5.814164755353345981e-04 -2.601446076432534227e-03 0.000000000000000000e+00
3.059014683169179738e-03 6.406000757293028869e-04 1.763417918348442193e-04 6.082078062851437039e-03 5.777427759250386430e-04 -2.632418489208809831e-03 0.000000000000000000e+00
2.825462334667912245e-03 6.034782303095953537e-04 1.384877065089828996e-04 5.593703097626523402e-03 4.882706964810523687e-04 -2.256195537379213079e-03 0.000000000000000000e+00
3.062491123285888961e-03 6.669295939913388871e-04 1.235621484231841372e-04 6.033361931100600373e-03 4.839774790554862705e-04 -2.253331024581139985e-03 0.000000000000000000e+00
2.828104675413674329e-03 6.279068485673944267e-04 8.972742187202120689e-05 5.541772165297054187e-03 4.089216253437832904e-04 -1.903040230962993462e-03 0.000000000000000000e+00
3.064753182415995425e-03 6.935398275846882399e-04 7.069664235465067392e-05 5.969651025621303120e-03 4.059724816820597937e-04 -1.867613177301663541e-03 0.000000000000000000e+00
2.829644843715783953e-03 6.523575779248114159e-04 4.064728150482421754e-05 5.475129302353387573e-03 3.438989433197647827e-04 -1.542932847239164573e-03 0.000000000000000000e+00
3.065855693098973322e-03 7.199234040522473066e-04 1.729410475392878510e-05 5.889161874705450828e-03 3.432428329301906444e-04 -1.473925160076383634e-03 0.000000000000000000e+00
2.830095434304916169e-03 6.768333950584182190e-04 -8.636465295031037215e-06 5.394063609638344303e-03 2.935307855298496804e-04 -1.177800886233537625e-03 0.000000000000000000e+00
3.065723617547200242e-03 7.465787644029830972e-04 -3.614440259869233785e-05 5.793958729394255158e-03 2.969557863381488971e-04 -1.076483902966440809e-03 0.000000000000000000e+00
3.065167017189660004e-03 7.602386597774790644e-04 -6.418036357164202954e-05 5.737522400103500786e-03 2.788753301290469722e-04 -8.675158254254355938e-04 0.000000000000000000e+00
2.828580816930117980e-03 7.140758909868205606e-04 -8.406179813580383353e-05 5.243112046329656550e-03 2.454774445306284747e-04 -6.153505637134237816e-04 0.000000000000000000e+00
2.827542483185424560e-03 7.258220537839643605e-04 -1.079590997432045008e-04 5.188606018911023909e-03 2.374260437516539923e-04 -4.367542221532794144e-04 0.000000000000000000e+00
3.061645781600799698e-03 7.996323250987757980e-04 -1.439217966439088059e-04 5.555949583150976423e-03 2.520873688283131742e-04 -2.716945447271967851e-04 0.000000000000000000e+00
2.824414383621715041e-03 7.503016596097089597e-04 -1.578912818847033606e-04 5.064509337138645151e-03 2.314134810141865728e-04 -6.418988101764000476e-05 0.000000000000000000e+00
3.057536162553081693e-03 8.259715755682406346e-04 -1.981887553427763571e-04 5.413236486866424002e-03 2.531505970866376742e-04 1.323834328132988958e-04 0.000000000000000000e+00
2.819948105998157373e-03 7.746897533642549405e-04 -2.079207203644073410e-04 4.926267140369589015e-03 2.396446701071752727e-04 3.077293038433737138e-04 0.000000000000000000e+00
3.051965227509417788e-03 8.524887386390789246e-04 -2.523771761551163451e-04 5.256431569180541885e-03 2.699203130651639526e-04 5.339817423357651194e-04 0.000000000000000000e+00
2.814065064031215369e-03 7.989556711519019139e-04 -2.580471238364245856e-04 4.773991647318176490e-03 2.616667579946607702e-04 6.776141629241116959e-04 0.000000000000000000e+00
3.044751476435736404e-03 8.785306289363914445e-04 -3.068024118538237310e-04 5.083242533334697555e-03 3.007269056292116716e-04 9.335389037934405110e-04 0.000000000000000000e+00
2.806631370137424586e-03 8.230291196387184982e-04 -3.082268401240484401e-04 4.607691696553395388e-03 2.967478888535879378e-04 1.044056708203733308e-03 0.000000000000000000e+00
3.035868156052473621e-03 9.046111544909751778e-04 -3.610395981481495653e-04 4.896306194293487124e-03 3.456927167566625769e-04 1.327443814361561891e-03 0.000000000000000000e+00
2.797566815596175260e-03 8.468050909334889909e-04 -3.583406727528104518e-04 4.427675770773298325e-03 3.439581215913811718e-04 1.405381461400345700e-03 0.000000000000000000e+00
3.025039480066424313e-03 9.300083259470848240e-04 -4.153787793817476093e-04 4.693099631476904676e-03 4.027054295412391127e-04 1.716101492895028002e-03 0.000000000000000000e+00
2.786685142460568199e-03 8.701665789644930094e-04 -4.083788705367963345e-04 4.233834415925841199e-03 4.022172227333697947e-04 1.760450291330428740e-03 0.000000000000000000e+00
3.012299971508050622e-03 9.552153075514935310e-04 -4.694168205862103704e-04 4.476556634234185594e-03 4.716121304433329442e-04 2.096231688818672723e-03 0.000000000000000000e+00
2.773921216371252885e-03 8.930062939527250165e-04 -4.582600831420924337e-04 4.026521651767644983e-03 4.704448502370617291e-04 2.107892593864235664e-03 0.000000000000000000e+00
2.997269838111549234e-03 9.794260186868353202e-04 -5.234295227090624003e-04 4.243844339469227123e-03 5.499459826703301246e-04 2.468510773665499869e-03 0.000000000000000000e+00
2.759062482937765792e-03 9.151492004058070506e-04 -5.079158331698918616e-04 3.805782755901709891e-03 5.471000414392079847e-04 2.446482554074869142e-03 0.000000000000000000e+00
2.980066639409834073e-03 1.003131347672492346e-03 -5.769832225133719739e-04 3.998312732841569073e-03 6.373034211542005778e-04 2.829643236045953358e-03 0.000000000000000000e+00
2.741992135745247028e-03 9.364206067383751275e-04 -5.572427567271942550e-04 3.571968580565076934e-03 6.306807322040697272e-04 2.774958218208833927e-03 0.000000000000000000e+00
2.960245286220825056e-03 1.025472406680327797e-03 -6.303347103628342829e-04 3.737179627863795872e-03 7.307704490209232517e-04 3.180203047224772206e-03 0.000000000000000000e+00
2.722536873982273065e-03 9.566368797446211936e-04 -6.062538792896421391e-04 3.325089416970072875e-03 7.197470930799809707e-04 3.092799709404125963e-03 0.000000000000000000e+00
2.937938613517321329e-03 1.046874850294643444e-03 -6.830570250692113987e-04 3.463873847308285292e-03 8.297435951569731571e-04 3.517584142678664705e-03 0.000000000000000000e+00
2.700598877118265406e-03 9.755715927728947356e-04 -6.547703097781187864e-04 3.065826193437537484e-03 8.124715443380559066e-04 3.398610801780943547e-03 0.000000000000000000e+00
2.912626085722153091e-03 1.066439664707596879e-03 -7.354888980693474743e-04 3.175324709143723112e-03 9.311661906941104405e-04 3.842700052030245672e-03 0.000000000000000000e+00
2.675984877626963465e-03 9.930000036826314158e-04 -7.027698710787011471e-04 2.794395063962618053e-03 9.070088212683735662e-04 3.691776391318679629e-03 0.000000000000000000e+00
2.884613302513550082e-03 1.084589699609672664e-03 -7.870632036218738747e-04 2.875876022545575950e-03 1.034313683324405986e-03 4.152779860065791695e-03 0.000000000000000000e+00
2.648593481246463988e-03 1.008669698188080499e-03 -7.501938387715068046e-04 2.511197691070776727e-03 1.001755585545716087e-03 3.971895779253831194e-03 0.000000000000000000e+00
2.853234463921661135e-03 1.100315853766409280e-03 -8.381740415324689941e-04 2.562065553436632115e-03 1.135751188352074337e-03 4.449073182804408333e-03 0.000000000000000000e+00
2.618256630343984703e-03 1.022312649095302728e-03 -7.969367756807677061e-04 2.216918830646008587e-03 1.094575980770784440e-03 4.238117059853330204e-03 0.000000000000000000e+00
2.818871509301712486e-03 1.114089379592286821e-03 -8.883307886580760204e-04 2.238445858314008774e-03 1.234941250042087546e-03 4.729577912555349428e-03 0.000000000000000000e+00
2.584913670553884435e-03 1.033661205966818208e-03 -8.429213454566597541e-04 1.912214006561718804e-03 1.183798223651333359e-03 4.490157973793706958e-03 0.000000000000000000e+00
2.780888951222276750e-03 1.124799579172441888e-03 -9.378129857076644704e-04 1.901905171770579273e-03 1.328334839738154471e-03 4.995171114967167370e-03 0.000000000000000000e+00
2.548384953207943893e-03 1.042407432305270110e-03 -8.880916007440453619e-04 1.597703757029833582e-03 1.267274157094711029e-03 4.727672088709944376e-03 0.000000000000000000e+00
2.739734574288360536e-03 1.132979333609063222e-03 -9.861745641303043541e-04 1.557257372719611510e-03 1.415539084065109421e-03 5.244298272065517352e-03 0.000000000000000000e+00
2.508611993112364047e-03 1.048275376523910563e-03 -9.323744090392049877e-04 1.274247228062463932e-03 1.343376416959252140e-03 4.950608841042924979e-03 0.000000000000000000e+00
2.694692765122685962e-03 1.137424450194435277e-03 -1.033707929021798755e-03 1.201386830471662392e-03 1.492703953704044295e-03 5.478014117646701209e-03 0.000000000000000000e+00
2.465507368753144801e-03 1.050958448553740432e-03 -9.757199549018658047e-04 9.426695429395337555e-04 1.410311160634503125e-03 5.158897621663882660e-03 0.000000000000000000e+00
2.646345275501449379e-03 1.138735023771320076e-03 -1.080017661789389738e-03 8.393589011745916650e-04 1.559969278867701092e-03 5.695247925330271244e-03 0.000000000000000000e+00
2.419025074836711475e-03 1.050170554914631182e-03 -1.018007861098790823e-03 6.041571752959384867e-04 1.466280498970018442e-03 5.352281579597661931e-03 0.000000000000000000e+00
2.593925949410241794e-03 1.135641872606618641e-03 -1.125327148641608321e-03 4.681712047469588356e-04 1.613441299119333650e-03 5.897060514269636400e-03 0.000000000000000000e+00
2.565476813243788845e-03 1.132747238350217955e-03 -1.148277357481852778e-03 2.744309331479399816e-04 1.636412998874625657e-03 5.995282020236025744e-03 0.000000000000000000e+00
2.341733647908655902e-03 1.041685894414945412e-03 -1.080173108749693522e-03 7.856508318138111235e-05 1.526727447179077046e-03 5.618141028238543555e-03 0.000000000000000000e+00
2.315644504767983003e-03 1.037034825308535968e-03 -1.099211507457897863e-03 -8.951465312101447580e-05 1.538799571206617145e-03 5.694993601799591687e-03 0.000000000000000000e+00
2.478154536362325855e-03 1.116951632684770601e-03 -1.212058537095495048e-03 -2.882599076770020474e-04 1.676427280438375078e-03 6.252722286161915832e-03 0.000000000000000000e+00
2.258704022644775211e-03 1.024142115036819067e-03 -1.138032729719046232e-03 -4.423123074284163181e-04 1.552537775557194522e-03 5.844727512922087698e-03 0.000000000000000000e+00
2.414788163992043213e-03 1.100814780217618249e-03 -1.253318809822295821e-03 -6.706864087124841944e-04 1.682991258528332423e-03 6.406972365732510610e-03 0.000000000000000000e+00
2.198253511674130856e-03 1.006704112367418080e-03 -1.175564218343527756e-03 -7.973563390555327146e-04 1.549519476139682439e-03 5.980324462011132880e-03 0.000000000000000000e+00
2.347182708378303673e-03 1.079081308543450302e-03 -1.293328567244539373e-03 -1.056977247418267041e-03 1.669516670418147442e-03 6.546437584973308077e-03 0.000000000000000000e+00
2.134313024565681616e-03 9.845006422356528120e-04 -1.211714126044066697e-03 -1.153111348244806322e-03 1.528683588854828912e-03 6.101857918202391318e-03 0.000000000000000000e+00
2.276218492793025128e-03 1.052629870470445095e-03 -1.331707301892803841e-03 -1.441290173279874409e-03 1.637460252389200122e-03 6.670685414580379557e-03 0.000000000000000000e+00
2.066872377972511776e-03 9.573195079696228404e-04 -1.246487376992316820e-03 -1.508227452132970825e-03 1.488894462711165545e-03 6.209833709499346099e-03 0.000000000000000000e+00
2.201041566262856852e-03 1.020151925053502939e-03 -1.368638865943100358e-03 -1.826160521217978783e-03 1.583159626182606416e-03 6.780399254516122909e-03 0.000000000000000000e+00
1.995950899860099437e-03 9.250055047785310514e-04 -1.279791468171753710e-03 -1.861410845687139215e-03 1.429557347149668090e-03 6.304433301925094213e-03 0.000000000000000000e+00
2.122629505737994027e-03 9.826278313538328035e-04 -1.403811391865406044e-03 -2.205687531376732124e-03 1.508771682379617118e-03 6.875567206009236543e-03 0.000000000000000000e+00
2.079977395126914042e-03 9.603783511999142153e-04 -1.421528897143808923e-03 -2.402969566889012754e-03 1.460031992018606672e-03 6.919520856119465435e-03 0.000000000000000000e+00
1.881644265991383458e-03 8.658255765338906951e-04 -1.327448197597391744e-03 -2.390466014906778014e-03 1.300507371128745149e-03 6.423165345907477786e-03 0.000000000000000000e+00
1.843939203818478756e-03 8.445791706649663499e-04 -1.341726932293868524e-03 -2.554911805228599064e-03 1.249831527850187030e-03 6.454399171232694243e-03 0.000000000000000000e+00
1.954278540556936283e-03 8.896781623962402019e-04 -1.469169468983649862e-03 -2.951000482279475534e-03 1.291552063952483564e-03 7.024217351068617887e-03 0.000000000000000000e+00
1.762881334247151655e-03 7.962879585584892173e-04 -1.370246218680426509e-03 -2.892337994436999793e-03 1.128656414197681812e-03 6.510427022115461426e-03 0.000000000000000000e+00
1.864412505078100191e-03 8.341231457750786227e-04 -1.499204953465338441e-03 -3.313279108862587918e-03 1.147977088233442799e-03 7.078209625182685372e-03 0.000000000000000000e+00
1.678574352944550707e-03 7.426119401564845734e-04 -1.397017987646326231e-03 -3.221229968183081382e-03 9.864583804164439584e-04 6.553961883467795957e-03 0.000000000000000000e+00
1.771606595767694081e-03 7.734231418589088136e-04 -1.527243558443996951e-03 -3.663574940050651207e-03 9.836268123066815861e-04 7.118969375305095326e-03 0.000000000000000000e+00
1.591046596408601799e-03 6.836123446892494737e-04 -1.422055151272305640e-03 -3.540309477724434828e-03 8.233956750998139285e-04 6.585593163930703042e-03 0.000000000000000000e+00
1.674759637144196400e-03 7.062862387509083462e-04 -1.553322639295251495e-03 -4.003968164122184703e-03 7.946344101497082590e-04 7.146409433304024006e-03 0.000000000000000000e+00
1.623519291552105726e-03 6.696749082887309967e-04 -1.566064473493333775e-03 -4.174424411947263991e-03 6.891727160560634502e-04 7.155900140075832638e-03 0.000000000000000000e+00
1.451952423011076965e-03 5.839259775839433786e-04 -1.456462460391050318e-03 -4.002653064600458777e-03 5.361044672063108862e-04 6.610740909402057497e-03 0.000000000000000000e+00
1.406534158382544142e-03 5.499848227457082572e-04 -1.466372061412091199e-03 -4.142201674013357149e-03 4.355924817649459158e-04 6.613089393045390452e-03 0.000000000000000000e+00
1.471517442811126619e-03 5.560637758471320691e-04 -1.599266603053567382e-03 -4.641505286109293138e-03 3.527872926305519741e-04 7.163835898616577325e-03 0.000000000000000000e+00
1.309685925758391489e-03 4.757289894213034831e-04 -1.485523595000592945e-03 -4.421884892237493148e-03 2.118838711897552685e-04 6.609480934715028511e-03 0.000000000000000000e+00
1.365310016420206995e-03 4.734152076022457578e-04 -1.618863066673109641e-03 -4.935142028979377926e-03 1.012631535393104798e-04 7.153949250898294920e-03 0.000000000000000000e+00
1.209835558133587341e-03 3.968191912524510201e-04 -1.502602818270387663e-03 -4.685752173676505095e-03 -3.066774749438394565e-05 6.594846936407661175e-03 0.000000000000000000e+00
1.255191523577309232e-03 3.851283582931297467e-04 -1.636215381136146840e-03 -5.212601224243940123e-03 -1.726285693561813162e-04 7.132040072061807123e-03 0.000000000000000000e+00
1.107047521438142557e-03 3.135452747222156056e-04 -1.517495571630278484e-03 -4.932113917580416285e-03 -2.913033167661893685e-04 6.569293233181783265e-03 0.000000000000000000e+00
1.142648988700589729e-03 2.930932535127328542e-04 -1.651071100801537739e-03 -5.468477218150802344e-03 -4.631875177389943588e-04 7.098537382715708333e-03 0.000000000000000000e+00
1.001397171750573190e-03 2.262516020409000017e-04 -1.530070818825723933e-03 -5.159642166487898862e-03 -5.689491322038442433e-04 6.533013043660051977e-03 0.000000000000000000e+00
1.026273560135626539e-03 1.961304267291408276e-04 -1.663402222789933660e-03 -5.705128262843750520e-03 -7.740024312923310390e-04 7.053372442569871836e-03 0.000000000000000000e+00
8.929270584718262960e-04 1.353683391479565401e-04 -1.540249243726588002e-03 -5.367135215994522923e-03 -8.625119174294759716e-04 6.486354717641695800e-03 0.000000000000000000e+00
9.076377918591505001e-04 9.628519829965598298e-05 -1.673063388355960912e-03 -5.917642060172312313e-03 -1.098928184216863002e-03 6.997498531354118256e-03 0.000000000000000000e+00
7.816655060134403143e-04 4.129633187269221573e-05 -1.547953999811529924e-03 -5.553568263684915962e-03 -1.170789503174063384e-03 6.429843630698206525e-03 0.000000000000000000e+00
7.852860549863449613e-04 -7.504638580291267402e-06 -1.679984770804776595e-03 -6.108281964800177377e-03 -1.441462720229935712e-03 6.930800830000860557e-03 0.000000000000000000e+00
6.677403629720135569e-04 -5.541556446653217449e-05 -1.553006129358658338e-03 -5.717464508459002559e-03 -1.492302417866131492e-03 6.363669532226445824e-03 0.000000000000000000e+00
6.608162255125615836e-04 -1.131242439786905862e-04 -1.684052979206096534e-03 -6.272879409443099519e-03 -1.795021895531156986e-03 6.854514870717975938e-03 0.000000000000000000e+00
5.511891843910654565e-04 -1.542738833846535318e-04 -1.555345879505648510e-03 -5.858061377677081794e-03 -1.825702131752926505e-03 6.288495590354825637e-03 0.000000000000000000e+00
5.327957033151586863e-04 -2.215354464465413287e-04 -1.685004418394753234e-03 -6.412834204540196481e-03 -2.163244219019588854e-03 6.768031306840782690e-03 0.000000000000000000e+00
4.321226247351872551e-04 -2.546876516802132340e-04 -1.554846892711181372e-03 -5.974538840158416519e-03 -2.169263527183939999e-03 6.204891429117731505e-03 0.000000000000000000e+00
4.028405938349965965e-04 -3.305204844672171571e-04 -1.682927058011901567e-03 -6.525054712655631306e-03 -2.539142615089584609e-03 6.673427555803135292e-03 0.000000000000000000e+00
3.106192022174769640e-04 -3.560502052291358854e-04 -1.551362509805725987e-03 -6.066004916609024633e-03 -2.521540580997516656e-03 6.113318710208037743e-03 0.000000000000000000e+00
2.695563530310529643e-04 -4.409815668006689116e-04 -1.677440997049223226e-03 -6.610699763299088261e-03 -2.926131401180143143e-03 6.569951359537862245e-03 0.000000000000000000e+00
1.868120435610243213e-04 -4.577160477087227619e-04 -1.544763568433721312e-03 -6.131481219918022418e-03 -2.880844164007356767e-03 6.014598644084934165e-03 0.000000000000000000e+00
1.346200301869937554e-04 -5.506454529488058469e-04 -1.668611223492627582e-03 -6.666986260103868744e-03 -3.317224571234955732e-03 6.459672852569209311e-03 0.000000000000000000e+00
6.083710747462056645e-05 -5.590400283763952149e-04 -1.534948563594012994e-03 -6.170609396766835175e-03 -3.245455611645464700e-03 5.909465382836875946e-03 0.000000000000000000e+00
-3.364001593508803012e-06 -6.603173066012657522e-04 -1.656107619786073570e-03 -6.695129245025910336e-03 -3.715579107714361839e-03 6.342390500047923041e-03 0.000000000000000000e+00
-6.714164973065095410e-05 -6.593152644535915652e-04 -1.521750638104640840e-03 -6.182624313824547357e-03 -3.613492300639897792e-03 5.798724288226697610e-03 0.000000000000000000e+00
-1.426037166988858296e-04 -7.677108151582512363e-04 -1.640049062031079252e-03 -6.692990533302634049e-03 -4.114113162763111120e-03 6.220216868201511318e-03 0.000000000000000000e+00
-1.969109629290088925e-04 -7.578379982551841643e-04 -1.505047456992980592e-03 -6.166927271088695761e-03 -3.983210867303466074e-03 5.683288151498544494e-03 0.000000000000000000e+00
-2.844843808721408962e-04 -8.735829521700211320e-04 -1.619943674501023168e-03 -6.661115059207745048e-03 -4.516062068775195115e-03 6.092799557653849618e-03 0.000000000000000000e+00
-3.282375891370259424e-04 -8.538906074712360184e-04 -1.484728915624844436e-03 -6.123102038761985000e-03 -4.352629248493222747e-03 5.564254888026809454e-03 0.000000000000000000e+00
-4.271062822981397389e-04 -9.756732149065472370e-04 -1.595981946363483894e-03 -6.597900233666464942e-03 -4.914268140645106087e-03 5.962463175635202006e-03 0.000000000000000000e+00
-4.608781250023952225e-04 -9.467870892537477712e-04 -1.460628672259461913e-03 -6.050607170340782659e-03 -4.720135842722683606e-03 5.442443127109175549e-03 0.000000000000000000e+00
-5.717646766877360065e-04 -1.074629693408407638e-03 -1.567673277385939201e-03 -6.503699241594773639e-03 -5.311600953040063189e-03 5.829200368860032455e-03 0.000000000000000000e+00
-5.944922118782947074e-04 -1.035785098150665551e-03 -1.432627140814185518e-03 -5.948855586931145467e-03 -5.083531043543310091e-03 5.319057191629283921e-03 0.000000000000000000e+00
-7.164900409243335488e-04 -1.168312090398693215e-03 -1.535290916798770500e-03 -6.377532762520843335e-03 -5.701133694214099989e-03 5.695338066922239761e-03 0.000000000000000000e+00
-7.287224331835040481e-04 -1.120192920182339069e-03 -1.400578163398530362e-03 -5.817554144326386734e-03 -5.441033611160328576e-03 5.195010641734665313e-03 0.000000000000000000e+00
-8.624725905088670430e-04 -1.257306363460608534e-03 -1.498203442315410028e-03 -6.218851301974304135e-03 -6.085593998589544640e-03 5.560871947900780654e-03 0.000000000000000000e+00
-8.631770098023738846e-04 -1.199319881591498493e-03 -1.364376042592263527e-03 -5.655910601726432674e-03 -5.790729211307965585e-03 5.071626723460731512e-03 0.000000000000000000e+00
-1.007649267473098575e-03 -1.339584675029453775e-03 -1.456792265131595654e-03 -6.027357517611520166e-03 -6.458079218857992743e-03 5.428136905112790345e-03 0.000000000000000000e+00
-1.083595133806125599e-03 -1.380206643516235232e-03 -1.433171790623577468e-03 -5.914223170318422262e-03 -6.649182406370357512e-03 5.359564967228891419e-03 0.000000000000000000e+00
-1.066879644645579717e-03 -1.307997949304640084e-03 -1.301069413502720096e-03 -5.351261634247705956e-03 -6.302522787681397176e-03 4.887558749646858658e-03 0.000000000000000000e+00
-1.130834992572549158e-03 -1.339131448849451012e-03 -1.278938168302795608e-03 -5.239895242547198961e-03 -6.458499638660075703e-03 4.830850851773371701e-03 0.000000000000000000e+00
-1.296660638072988370e-03 -1.483792262983230081e-03 -1.359405013413778063e-03 -5.542558083709181460e-03 -7.168242801248059237e-03 5.170562758006536086e-03 0.000000000000000000e+00
-1.262966147069360945e-03 -1.398558785915993141e-03 -1.229483389138197325e-03 -4.984169184049314083e-03 -6.772579048407223468e-03 4.715759064530589129e-03 0.000000000000000000e+00
-1.439243777547033476e-03 -1.544335059045109926e-03 -1.303149890426014146e-03 -5.247301615090904647e-03 -7.501274913495947771e-03 5.048242317508444543e-03 0.000000000000000000e+00
-1.393208196228762352e-03 -1.450307464218703046e-03 -1.175349069875014640e-03 -4.695506468893384522e-03 -7.070919878970016725e-03 4.605634521343437981e-03 0.000000000000000000e+00
-1.578667286448398599e-03 -1.595760433799220390e-03 -1.242148855101654625e-03 -4.917074466195714422e-03 -7.814082672471300839e-03 4.932327887817944401e-03 0.000000000000000000e+00
-1.520854594023152151e-03 -1.493805757927957334e-03 -1.116480142476561355e-03 -4.373195762733317338e-03 -7.351304719873219540e-03 4.501623137294075150e-03 0.000000000000000000e+00
-1.715638635953614655e-03 -1.638452332359985331e-03 -1.175550177161976961e-03 -4.548628491198414281e-03 -8.108246542883890129e-03 4.823097553092736689e-03 0.000000000000000000e+00
-1.645254623727998577e-03 -1.528657240173147969e-03 -1.052752828827246967e-03 -4.016111557195500836e-03 -7.611817335556381181e-03 4.404727001282360277e-03 0.000000000000000000e+00
-1.847952503084809850e-03 -1.671124127329559617e-03 -1.104061098263553475e-03 -4.143418846609847606e-03 -8.377823232486036886e-03 4.722550769650224467e-03 0.000000000000000000e+00
-1.765607164527421835e-03 -1.554420784311061343e-03 -9.840678243483169663e-04 -3.623394126583079355e-03 -7.850159841052306575e-03 4.315854118635220615e-03 0.000000000000000000e+00
-1.976144432593085476e-03 -1.694146113043415447e-03 -1.026710293010019148e-03 -3.697160632301077499e-03 -8.623933458737464974e-03 4.630969190389189194e-03 0.000000000000000000e+00
-2.040171350939146144e-03 -1.701826172994969077e-03 -9.846888100527029231e-04 -3.450633280295711813e-03 -8.740211604358449904e-03 4.587554122303494353e-03 0.000000000000000000e+00
-1.939024093195490517e-03 -1.575465747540971684e-03 -8.700008569895723021e-04 -2.955232123189155402e-03 -8.165266587667918685e-03 4.198435791157306696e-03 0.000000000000000000e+00
-1.990981344720560431e-03 -1.577445881879802059e-03 -8.315274557299801028e-04 -2.725750370798252220e-03 -8.251726341932386077e-03 4.166212197631136149e-03 0.000000000000000000e+00
-2.213952293857929243e-03 -1.708533039617654570e-03 -8.558876976682283644e-04 -2.682791900552317088e-03 -9.029686307041373539e-03 4.479858824582683141e-03 0.000000000000000000e+00
-2.094355054988006337e-03 -1.574237789600030357e-03 -7.475262648959091205e-04 -2.218169053527674350e-03 -8.410621344419944023e-03 4.107094833385227517e-03 0.000000000000000000e+00
-2.321759512637272538e-03 -1.699528815026274398e-03 -7.623503017210875310e-04 -2.112118453837297238e-03 -9.184603086356268875e-03 4.422116517644125722e-03 0.000000000000000000e+00
-2.190301255864279817e-03 -1.560983691719586286e-03 -6.582822588093173444e-04 -1.669436834817794590e-03 -8.538216109028162748e-03 4.059486218675134594e-03 0.000000000000000000e+00
-2.421573796439174808e-03 -1.679782064627211025e-03 -6.625069055966603671e-04 -1.493241935965450295e-03 -9.305412050832018167e-03 4.376934449306091324e-03 0.000000000000000000e+00
-2.277902589673169720e-03 -1.537577937949119455e-03 -5.637668400788331535e-04 -1.077898544779465340e-03 -8.632012535890076776e-03 4.024109617813964590e-03 0.000000000000000000e+00
-2.511387765722516985e-03 -1.648876853205472059e-03 -5.575546879709736281e-04 -8.301798033194529580e-04 -9.387509894045464875e-03 4.345419705397146615e-03 0.000000000000000000e+00
-2.356290426459517473e-03 -1.504041941103151370e-03 -4.639131859522360735e-04 -4.419514663860368842e-04 -8.689717134742203086e-03 4.001273939579386152e-03 0.000000000000000000e+00
-2.591075991071889462e-03 -1.607034564203024818e-03 -4.461583785003164770e-04 -1.147322621832813638e-04 -9.429296374530160563e-03 4.327845282509956704e-03 0.000000000000000000e+00
-2.424460872752720597e-03 -1.460302443024863450e-03 -3.587492699225480752e-04 2.402638832457171247e-04 -8.708258965941517715e-03 3.991793952066169382e-03 0.000000000000000000e+00
-2.658882308267385142e-03 -1.554216650654582921e-03 -3.296291309695664751e-04 6.483596739812469423e-04 -9.427075598650969113e-03 4.324551009478483365e-03 0.000000000000000000e+00
-2.481496991824094778e-03 -1.406489840502622712e-03 -2.482003818756184366e-04 9.703265221601142798e-04 -8.684752753658209201e-03 3.995555244791004768e-03 0.000000000000000000e+00
0.000000000000000000e+00 0.000000000000000000e+00 0.000000000000000000e+00 0.000000000000000000e+00 0.000000000000000000e+00 0.000000000000000000e+00 0.000000000000000000e+00
