-1.478384176345406142e-01 -3.018998443235505480e-01 1.534668973394456293e-01 1.569673652828270427e+00 4.418759724609255812e-03 1.561364086906856796e+00 -4.973668053085864571e-01 8.500101798682967447e-01 2.415290034781201189e-01 -5.512618953683061651e-01 -1.163761448948275934e+00 2.427760453033067090e-01 0.000000000000000000e+00
-1.475084647801746807e-01 -3.029622229734516003e-01 1.560508392209581929e-01 1.565162805991164419e+00 6.789377282956365889e-03 1.552248364703422201e+00 -4.949263843541787389e-01 8.459478605205170698e-01 2.361611359849566938e-01 -5.508973751941016461e-01 -1.164551209369538931e+00 2.425708986755865659e-01 0.000000000000000000e+00
-1.470857630133475535e-01 -3.040580504648088822e-01 1.588201782685195185e-01 1.560461971580608065e+00 9.493018973450340070e-03 1.542431634363979231e+00 -4.921973100271200829e-01 8.414960538633133869e-01 2.307145720815810819e-01 -5.504486658399367904e-01 -1.165619669598878749e+00 2.423080613207525547e-01 0.000000000000000000e+00
-1.466362765876386143e-01 -3.050210593866622966e-01 1.613483058075732557e-01 1.556293367963013097e+00 1.211015449761365659e-02 1.533424234677230658e+00 -4.895956679582216808e-01 8.373418554579259432e-01 2.260151580220273182e-01 -5.499814475161960425e-01 -1.166792658901004032e+00 2.420283295377533561e-01 0.000000000000000000e+00
-1.460858174569317214e-01 -3.060140753138307912e-01 1.640558126973936381e-01 1.551961978576333223e+00 1.507341471395395871e-02 1.523725403424932567e+00 -4.866832017005973676e-01 8.327950405288336855e-01 2.212684728531244538e-01 -5.494139278879001109e-01 -1.168255932761948168e+00 2.416852478103239110e-01 0.000000000000000000e+00
-1.455194983839669109e-01 -3.068861915886462177e-01 1.665254105082666358e-01 1.548134590952095380e+00 1.792398807010053829e-02 1.514827373007280098e+00 -4.839034940233135629e-01 8.285568193910545221e-01 2.171964995463933068e-01 -5.488295637657095716e-01 -1.169777130376601360e+00 2.413314468595068596e-01 0.000000000000000000e+00
-1.448436886963092030e-01 -3.077849166564609051e-01 1.691680473513587635e-01 1.544173256405033889e+00 2.113297500448751975e-02 1.505247648725354104e+00 -4.807889271284658816e-01 8.239231188313982379e-01 2.131096125375575578e-01 -5.481271550282010852e-01 -1.171600064142760633e+00 2.409081041147251578e-01 0.000000000000000000e+00
-1.441632924947256478e-01 -3.085739699859549323e-01 1.715770052773190613e-01 1.540686503788709416e+00 2.420276576744084807e-02 1.496459278520439806e+00 -4.778155410609060127e-01 8.196088644444970983e-01 2.096251325672979782e-01 -5.474119298279467305e-01 -1.173435381607988770e+00 2.404806168254969845e-01 0.000000000000000000e+00
-1.433656912173254250e-01 -3.093868346467477659e-01 1.741533317017860127e-01 1.537093115339287941e+00 2.764083822530771783e-02 1.486997459760280638e+00 -4.744838599581896466e-01 8.148973330019834149e-01 2.061515715575075181e-01 -5.465611830177209418e-01 -1.175579892075774957e+00 2.399778286564468732e-01 0.000000000000000000e+00
-1.425740054009483615e-01 -3.101000333550706367e-01 1.765001636220701886e-01 1.533946490082422009e+00 3.091496312790731338e-02 1.478317805926577577e+00 -4.713023811409537411e-01 8.105151014282580002e-01 2.032155696137496470e-01 -5.457023135661703828e-01 -1.177696705668224375e+00 2.394769047001597539e-01 0.000000000000000000e+00
-1.416570627625091672e-01 -3.108342398645497218e-01 1.790083743776192393e-01 1.530722087151239030e+00 3.456650108865533255e-02 1.468973158789684152e+00 -4.677371741001510319e-01 8.057339949022660486e-01 2.003173845574710565e-01 -5.446887810343135072e-01 -1.180130035956229895e+00 2.388943715012185331e-01 0.000000000000000000e+00
-1.407569167966672696e-01 -3.114781513872840191e-01 1.812921218775865317e-01 1.527915105140712271e+00 3.802933492721116693e-02 1.460400327389161257e+00 -4.643343200173022378e-01 8.012917090459593661e-01 1.978920437527358356e-01 -5.436741832380205253e-01 -1.182497053533092313e+00 2.383200941016565821e-01 0.000000000000000000e+00
-1.397243094911542194e-01 -3.121407032164986717e-01 1.837318486438850318e-01 1.525057633272088431e+00 4.187625724064325539e-02 1.451169855572737921e+00 -4.605233364973989052e-01 7.964500821841953293e-01 1.955254256500369436e-01 -5.424863801023316334e-01 -1.185184183072982345e+00 2.376583485050423328e-01 0.000000000000000000e+00
-1.386323563255784375e-01 -3.127683052559385724e-01 1.861354011981003476e-01 1.522391877929764270e+00 4.581835623764529686e-02 1.441998340339624152e+00 -4.565783293956372502e-01 7.915801592358492345e-01 1.934221941791469668e-01 -5.412023702722634777e-01 -1.187991687494143855e+00 2.369550243059092010e-01 0.000000000000000000e+00
-1.375728557336006741e-01 -3.133180975786133970e-01 1.883222646462197059e-01 1.520100080433554268e+00 4.953703135924669709e-02 1.433583067321813065e+00 -4.528161150131959634e-01 7.870619732884752695e-01 1.917032568535552706e-01 -5.399299119034236538e-01 -1.190682012827341874e+00 2.362691604566729553e-01 0.000000000000000000e+00
-1.364644519971059122e-01 -3.138407079346734463e-01 1.904784469892026322e-01 1.517970542520631128e+00 5.332844380289714081e-02 1.425216262980061988e+00 -4.489352235146780168e-01 7.825236804748711972e-01 1.901903150382813212e-01 -5.385711005362380233e-01 -1.193460488792621677e+00 2.355479764334794945e-01 0.000000000000000000e+00
-1.352094179160003573e-01 -3.143774823364360316e-01 1.927797829762414317e-01 1.515846162751469883e+00 5.751321845471579763e-02 1.416205740978268235e+00 -4.445947702805532198e-01 7.775867790251096423e-01 1.887740459705773421e-01 -5.369993028608731622e-01 -1.196562671988400384e+00 2.347268739351376088e-01 0.000000000000000000e+00
-1.340013363761947129e-01 -3.148469252288664810e-01 1.948721602035464184e-01 1.514053940969089851e+00 6.144364829602366740e-02 1.407937024568258755e+00 -4.404594470293917707e-01 7.730125335367895589e-01 1.876649725346137831e-01 -5.354535042956503066e-01 -1.199505065518774449e+00 2.339318870602353495e-01 0.000000000000000000e+00
-1.326396905105679813e-01 -3.153284564047557081e-01 1.971043579061984297e-01 1.512294819332321794e+00 6.577002570541257143e-02 1.399031256650347776e+00 -4.358375642470729283e-01 7.680408112557750577e-01 1.866690834449786784e-01 -5.336736138706095200e-01 -1.202770633647429532e+00 2.330304070312435027e-01 0.000000000000000000e+00
-1.313349883823591024e-01 -3.157490341212354501e-01 1.991332602255406758e-01 1.510838432782374952e+00 6.982216279294162220e-02 1.390857180372358615e+00 -4.314389542326435012e-01 7.634386691550364423e-01 1.859301894005360722e-01 -5.319319398072113181e-01 -1.205850313131997087e+00 2.321612344752256862e-01 0.000000000000000000e+00
-1.298706030940142420e-01 -3.161797588224763422e-01 2.012971406064408830e-01 1.509441642456351040e+00 7.427065499437190965e-02 1.382051585468713872e+00 -4.265283514986464297e-01 7.584411142114482196e-01 1.853165970853818401e-01 -5.299359671492240853e-01 -1.209250504053755781e+00 2.311793769155839340e-01 0.000000000000000000e+00
-1.284723603359975985e-01 -3.165552470682986286e-01 2.032631009288894675e-01 1.508319276163618383e+00 7.842712188426226305e-02 1.373968488313442204e+00 -4.218586316852470097e-01 7.538189984025339685e-01 1.849155250252159099e-01 -5.279902949463258777e-01 -1.212442302620215795e+00 2.302355193357462082e-01 0.000000000000000000e+00
-1.269080923361878832e-01 -3.169389717221517966e-01 2.053589804268711183e-01 1.507283755443991957e+00 8.297938864590159724e-02 1.365259671591296575e+00 -4.166496550406201260e-01 7.488041329118602096e-01 1.846516057611891082e-01 -5.257684862279000670e-01 -1.215951150514449575e+00 2.291722023362616489e-01 0.000000000000000000e+00
-1.254194669820211383e-01 -3.172726822123096979e-01 2.072626839620616279e-01 1.506493209558076529e+00 8.722259079623739808e-02 1.357263849197347216e+00 -4.117020676569845272e-01 7.441700328780405105e-01 1.845569303844367681e-01 -5.236113257449358516e-01 -1.219231099712991373e+00 2.281530771661156032e-01 0.000000000000000000e+00
-1.237592655334447816e-01 -3.176127863750639047e-01 2.092916945113676430e-01 1.505815148684296112e+00 9.185908188327074342e-02 1.348647514116568802e+00 -4.061897236746840334e-01 7.391465786928514969e-01 1.846073972870936331e-01 -5.211574558270232194e-01 -1.222822505601017573e+00 2.270081009897064461e-01 0.000000000000000000e+00
-1.221834543482286234e-01 -3.179076167334353720e-01 2.111339761559966333e-01 1.505353631382587487e+00 9.617149079334552653e-02 1.340735401925764902e+00 -4.009585096349550515e-01 7.345084173383693571e-01 1.847886253992736538e-01 -5.187821158717542680e-01 -1.226167702246266256e+00 2.259129925047090592e-01 0.000000000000000000e+00
-1.204302843693712266e-01 -3.182070165963733488e-01 2.130967339205817046e-01 1.505030943078368821e+00 1.008737108058217480e-01 1.332208372720923517e+00 -3.951352083058741749e-01 7.294848965741528302e-01 1.851227189580240129e-01 -5.160877957969211005e-01 -1.229817963994383367e+00 2.246850588603439558e-01 0.000000000000000000e+00
-1.187705180065732613e-01 -3.184654790680722103e-01 2.148784308690545597e-01 1.504895318735092857e+00 1.052378006239784725e-01 1.324377043732250403e+00 -3.896155406305759072e-01 7.248507299613060617e-01 1.855504226290904946e-01 -5.134882509673811546e-01 -1.233206437007345668e+00 2.235132014016818214e-01 0.000000000000000000e+00
-1.169284267606795907e-01 -3.187266682379398808e-01 2.167763419791551294e-01 1.504923108278423349e+00 1.099864383871058671e-01 1.315935106719668735e+00 -3.834785522145972569e-01 7.198356647335505398e-01 1.861351196464176017e-01 -5.105488202037198331e-01 -1.236892385114069848e+00 2.222019108151972733e-01 0.000000000000000000e+00
-1.151879629680823414e-01 -3.189508973113091006e-01 2.184984391080618815e-01 1.505109676977231636e+00 1.143849194883559406e-01 1.308181667243586421e+00 -3.776666026096628381e-01 7.152132826085273454e-01 1.867809362107617499e-01 -5.077197774672422836e-01 -1.240303494996297662e+00 2.209524555002729540e-01 0.000000000000000000e+00
-1.132599809614138892e-01 -3.191760555626359519e-01 2.203321688644554188e-01 1.505484797364048610e+00 1.191616926705361124e-01 1.299823004177635077e+00 -3.712103011789837925e-01 7.102153281907755966e-01 1.875874745468926186e-01 -5.045283117959186159e-01 -1.244003291540690226e+00 2.195563099435557386e-01 0.000000000000000000e+00
-1.114421204864503162e-01 -3.193678712827835442e-01 2.219957154616145900e-01 1.505989293745864543e+00 1.235774029789746820e-01 1.292144902170483389e+00 -3.651031734567276588e-01 7.056125202997644008e-01 1.884238402872315810e-01 -5.014650440415685528e-01 -1.247417464058171888e+00 2.182282747317172977e-01 0.000000000000000000e+00
-1.094323229050417623e-01 -3.195587475343630302e-01 2.237666773901568207e-01 1.506705934276656222e+00 1.283634888474169955e-01 1.283866675147611325e+00 -3.583268599315619363e-01 7.006399990704229586e-01 1.894218599057388985e-01 -4.980183476692743305e-01 -1.251110336383730148e+00 2.167467415725493896e-01 0.000000000000000000e+00
-1.075403678415397940e-01 -3.197196763093095861e-01 2.253726945322346853e-01 1.507523701769692970e+00 1.327796335467628097e-01 1.276261998364953687e+00 -3.519225567211666794e-01 6.960646217386395884e-01 1.904222763692271503e-01 -4.947168268659031809e-01 -1.254509195724943904e+00 2.153391111336312169e-01 0.000000000000000000e+00
-1.054518449579267686e-01 -3.198778530106508033e-01 2.270817165115699143e-01 1.508577427547526995e+00 1.375573453254919087e-01 1.268063175145821120e+00 -3.448225692550153654e-01 6.911260558131965270e-01 1.915846130269924785e-01 -4.910093404438629627e-01 -1.258175569597655974e+00 2.137705092515745087e-01 0.000000000000000000e+00
-1.034891135204513146e-01 -3.200091616429477925e-01 2.286311938757230044e-01 1.509703265573095088e+00 1.419573868998114108e-01 1.260531066907701891e+00 -3.381199920025312333e-01 6.865858322078022269e-01 1.927236470252191580e-01 -4.874662043505942899e-01 -1.261541405741352539e+00 2.122822183211405533e-01 0.000000000000000000e+00
-1.013259500224686360e-01 -3.201357874485847854e-01 2.302796874363908231e-01 1.511087228132601545e+00 1.467087712030439306e-01 1.252410069905576906e+00 -3.306976288864258984e-01 6.816893442275826498e-01 1.940223375307963405e-01 -4.834961635345859099e-01 -1.265163171665805830e+00 2.106258652811657528e-01 0.000000000000000000e+00
-9.929575219746329673e-02 -3.202385200050058556e-01 2.317736768545800019e-01 1.512515338240211449e+00 1.510766556274254491e-01 1.244950023528256233e+00 -3.236965112757438368e-01 6.771918643576839703e-01 1.952753548236785264e-01 -4.797086158322751981e-01 -1.268479473013227166e+00 2.090557320814823150e-01 0.000000000000000000e+00
-9.706106058547230020e-02 -3.203347247360022743e-01 2.333624034332680286e-01 1.514223931770402487e+00 1.557847616868386353e-01 1.236907747622577158e+00 -3.159499415864349681e-01 6.723460430172031321e-01 1.966849659886573676e-01 -4.754717262750408624e-01 -1.272038787810118032e+00 2.073098136050967877e-01 0.000000000000000000e+00
-9.496668792530367498e-02 -3.204097317924331501e-01 2.348018935140649688e-01 1.515948074214020558e+00 1.601049857321230618e-01 1.229520128480491747e+00 -3.086508495392866758e-01 6.678989634709342482e-01 1.980282644424935512e-01 -4.714376364348161208e-01 -1.275290108026941205e+00 2.056566397136733171e-01 0.000000000000000000e+00
-9.266449779064638015e-02 -3.204762082500158260e-01 2.363322635275759143e-01 1.517973335996490647e+00 1.647530845922511311e-01 1.221556502976645975e+00 -3.005831692015414891e-01 6.631115319373533934e-01 1.995230967623551344e-01 -4.669334986621923589e-01 -1.278771259045838438e+00 2.038203568525500664e-01 0.000000000000000000e+00
-9.050925186611223638e-02 -3.205241384894103041e-01 2.377181587465746204e-01 1.519986802635054701e+00 1.690105105671890762e-01 1.214242759821410278e+00 -2.929875674565265431e-01 6.587223761447937864e-01 2.009341726659334970e-01 -4.626512354978858377e-01 -1.281943083904122593e+00 2.020828939126255164e-01 0.000000000000000000e+00
-8.814265476065895333e-02 -3.205616460995618366e-01 2.391908569966971765e-01 1.522321954067431093e+00 1.735827660444391185e-01 1.206360493817836055e+00 -2.845987431808313928e-01 6.540018565336009893e-01 2.024906571650304521e-01 -4.578767868746190794e-01 -1.285330358494594538e+00 2.001542825854605856e-01 0.000000000000000000e+00
-8.592979345896391286e-02 -3.205830359274567387e-01 2.405241313802875536e-01 1.524617304050182476e+00 1.777629930838964256e-01 1.199122705012141799e+00 -2.767088288458490197e-01 6.496779481877483775e-01 2.039475394393579499e-01 -4.533453517008219635e-01 -1.288408972714726097e+00 1.983311990164900174e-01 0.000000000000000000e+00
-8.350274168572389966e-02 -3.205919627089531820e-01 2.419403961535190606e-01 1.527253348425992918e+00 1.822440670434826160e-01 1.191324017935583512e+00 -2.680036543221661627e-01 6.450319970870779240e-01 2.055421071420429069e-01 -4.483014910437799760e-01 -1.291688655597158730e+00 1.963094269854427365e-01 0.000000000000000000e+00
-8.123547592199999168e-02 -3.205872023023655926e-01 2.432218336265035141e-01 1.529822818258635309e+00 1.863333390456216598e-01 1.184165612416618218e+00 -2.598223901639291067e-01 6.407807264599570951e-01 2.070241562886721010e-01 -4.435204178073016146e-01 -1.294661409163959664e+00 1.943993745621243052e-01 0.000000000000000000e+00
-7.875100187530632845e-02 -3.205680438090400264e-01 2.445823231879594717e-01 1.532751644551334280e+00 1.907087983796120767e-01 1.176455115943886298e+00 -2.508025465126965670e-01 6.362175330901608250e-01 2.086349692740065986e-01 -4.382052809037214613e-01 -1.297819651900684601e+00 1.922823445878362181e-01 0.000000000000000000e+00
-7.643251201645816229e-02 -3.205374383103603009e-01 2.458128132775353747e-01 1.535586823402048218e+00 1.946941511911086664e-01 1.169379812814208996e+00 -2.423336776014877736e-01 6.320460907167152476e-01 2.101219452686522438e-01 -4.331746361835890902e-01 -1.300674960063413099e+00 1.902839584401112283e-01 0.000000000000000000e+00
-7.389443211381747922e-02 -3.204903407962267359e-01 2.471186131135720276e-01 1.538798442450355353e+00 1.989503594143386955e-01 1.161761794403379122e+00 -2.330055064750512772e-01 6.275730453498181705e-01 2.117276982479154857e-01 -4.275902536938018805e-01 -1.303700311061743111e+00 1.880707717057144845e-01 0.000000000000000000e+00
-7.152782875616460478e-02 -3.204341065769570340e-01 2.482988265688546858e-01 1.541890433912986857e+00 2.028195945161366254e-01 1.154775053363873427e+00 -2.242534769609398071e-01 6.234886217649908691e-01 2.132006926468383856e-01 -4.223106699907743233e-01 -1.306427254859929832e+00 1.859826203844970050e-01 0.000000000000000000e+00
-6.893909375520625160e-02 -3.203594172212787528e-01 2.495504431950442414e-01 1.545375490742710411e+00 2.069437321979377131e-01 1.147256435552281406e+00 -2.146203073106620063e-01 6.191139136213450467e-01 2.147811455957457927e-01 -4.164563095454804076e-01 -1.309307596736904999e+00 1.836711130716058848e-01 0.000000000000000000e+00
-6.652742505262233819e-02 -3.202777099435179520e-01 2.506811443070691148e-01 1.548714780915809719e+00 2.106855923359662874e-01 1.140364155941589352e+00 -2.055902770682598857e-01 6.151233664649430333e-01 2.162217825874244159e-01 -4.109289519925345413e-01 -1.311896189316461792e+00 1.814917817725668070e-01 0.000000000000000000e+00
-6.389168425125223150e-02 -3.201754078790547409e-01 2.518795240598251106e-01 1.552462182859789763e+00 2.146659924920322204e-01 1.132951427201636552e+00 -1.956599319298428508e-01 6.108539197633825468e-01 2.177578939041822093e-01 -4.048077760955282600e-01 -1.314622067850212517e+00 1.790810051300429917e-01 0.000000000000000000e+00
-6.143793549041347973e-02 -3.200683381867676092e-01 2.529612654722597220e-01 1.556038862979018944e+00 2.182700134880279919e-01 1.126160888028962415e+00 -1.863577266240346586e-01 6.069643064122944853e-01 2.191488629415305756e-01 -3.990341760102910085e-01 -1.317063254463433530e+00 1.768090291145827941e-01 0.000000000000000000e+00
-5.875801264619173042e-02 -3.199386933713750936e-01 2.541068245278121362e-01 1.560037954731066101e+00 2.220957989357597029e-01 1.118863106524941919e+00 -1.761350829112246219e-01 6.028081106360896335e-01 2.206218573404534755e-01 -3.926465508462223530e-01 -1.319624150167653776e+00 1.742967860345270015e-01 0.000000000000000000e+00
-5.626507561291061582e-02 -3.198063454153186602e-01 2.551401899010952712e-01 1.563841446105321609e+00 2.255526433032413181e-01 1.112182410525247800e+00 -1.665671939971673787e-01 5.990261555720680642e-01 2.219465136666587401e-01 -3.866288720470792972e-01 -1.321909541857105408e+00 1.719307005640460795e-01 0.000000000000000000e+00
-5.354440412649204284e-02 -3.196492388123564621e-01 2.562337120266504065e-01 1.568080176959291805e+00 2.292143897874066027e-01 1.105008035645282050e+00 -1.560613730366978702e-01 5.949898020449166935e-01 2.233394800748247366e-01 -3.799789255156378331e-01 -1.324298131038797344e+00 1.693160090058062894e-01 0.000000000000000000e+00
-5.101509390876270145e-02 -3.194916515195757589e-01 2.572191748511656328e-01 1.572099463323961110e+00 2.325156685383742428e-01 1.098446311608766823e+00 -1.462349411150643541e-01 5.913220965916595739e-01 2.245822441975100503e-01 -3.737196980056246010e-01 -1.326420270953427183e+00 1.668543326969483542e-01 0.000000000000000000e+00
-4.825633318125915200e-02 -3.193073270167878785e-01 2.582608955617248236e-01 1.576565972234128310e+00 2.360047140158414436e-01 1.091406683652584864e+00 -1.354522845592810998e-01 5.874135082178048028e-01 2.258780052258881899e-01 -3.668088615558961485e-01 -1.328627632022939320e+00 1.641349789078684618e-01 0.000000000000000000e+00
-4.569336357881920857e-02 -3.191245476138534487e-01 2.591988656290918902e-01 1.580789501076299786e+00 2.391431902163723144e-01 1.084974033985385500e+00 -1.253750494419894057e-01 5.838665771199826882e-01 2.270239634429493947e-01 -3.603111146807527199e-01 -1.330579729101967201e+00 1.615762470220339364e-01 0.000000000000000000e+00
-4.289972278521624743e-02 -3.189128431882722881e-01 2.601894735629952660e-01 1.585470736080096366e+00 2.424525540653745814e-01 1.078079307285358723e+00 -1.143259352967652964e-01 5.800918791699316568e-01 2.282074722313804926e-01 -3.531444483188086458e-01 -1.332600402579064980e+00 1.587512656062187721e-01 0.000000000000000000e+00
-4.030569604447240689e-02 -3.187048945504124542e-01 2.610802469572715556e-01 1.589886527879947664e+00 2.454221792855548756e-01 1.071786773211956589e+00 -1.040062027174650794e-01 5.766721140141609636e-01 2.292427761051487600e-01 -3.464116441879520614e-01 -1.334376597868093262e+00 1.560939967600513401e-01 0.000000000000000000e+00
-3.747963926177311916e-02 -3.184660530133578971e-01 2.620198392988139502e-01 1.594769434108374462e+00 2.485456592251358288e-01 1.065050292392102804e+00 -9.269834582758296193e-02 5.730389630760476249e-01 2.302984531612564112e-01 -3.389915780482868901e-01 -1.336203126901724270e+00 1.531611573200879484e-01 0.000000000000000000e+00
-3.485707297094809559e-02 -3.182329699467936757e-01 2.628637678785413767e-01 1.599365004661123635e+00 2.513414987493072239e-01 1.058909291253526508e+00 -8.214502073116915215e-02 5.697524891328353824e-01 2.312096537282268827e-01 -3.320275116662705917e-01 -1.337798227236627113e+00 1.504039034197448277e-01 0.000000000000000000e+00
-3.200154765309088517e-02 -3.179668213987053571e-01 2.637528107796865973e-01 1.604435629329460156e+00 2.542747567485137417e-01 1.052343340694815499e+00 -7.058989765645160008e-02 5.662666110030033506e-01 2.321245827207236712e-01 -3.243599712823098113e-01 -1.339426617085155868e+00 1.473622904940085354e-01 0.000000000000000000e+00
-2.935282859205410808e-02 -3.177086497381957364e-01 2.645501075464599117e-01 1.609198088006142058e+00 2.568932354663968631e-01 1.046366218834942963e+00 -5.981239681409117326e-02 5.631195535428566989e-01 2.328991631237731230e-01 -3.171689369963914817e-01 -1.340836228250134932e+00 1.445036034456470553e-01 0.000000000000000000e+00
-2.647008747995151928e-02 -3.174154457034446541e-01 2.653886065423256557e-01 1.614442378509861165e+00 2.596327428376463686e-01 1.039985411103038437e+00 -4.801902069035239584e-02 5.597883384933310946e-01 2.336592292988817210e-01 -3.092572513194977168e-01 -1.342260753117218375e+00 1.413510032814816741e-01 0.000000000000000000e+00
-2.357435591296587474e-02 -3.171080276710702139e-01 2.662010240664566263e-01 1.619771175551007580e+00 2.622709359581048005e-01 1.033705799645731283e+00 -3.610717134880793433e-02 5.565393485424616760e-01 2.343347401093802684e-01 -3.012217619414288561e-01 -1.343578884698753084e+00 1.381405792321479531e-01 0.000000000000000000e+00
-2.089021026732774261e-02 -3.168117916631988384e-01 2.669276949926324694e-01 1.624761672779384547e+00 2.646158118768289214e-01 1.028003060753583497e+00 -2.500815622265848553e-02 5.536153308236091419e-01 2.348797560264650475e-01 -2.936948031735106546e-01 -1.344699542885458454e+00 1.351249903836887756e-01 0.000000000000000000e+00
-1.819591106234580077e-02 -3.165035769511164720e-01 2.676321004678040572e-01 1.629817561552801664e+00 2.668738761051665520e-01 1.022393597371547447e+00 -1.381266808602091278e-02 5.507645167452202006e-01 2.353470076397194966e-01 -2.860641808601611658e-01 -1.345727389908174532e+00 1.320591926263031679e-01 0.000000000000000000e+00
-1.526611019648355973e-02 -3.161562174850391926e-01 2.683700662330790743e-01 1.635364818114199537e+00 2.692221930909228789e-01 1.016425770732347189e+00 -1.577952724382184315e-03 5.477604044565835828e-01 2.357624607697716979e-01 -2.776818147501094458e-01 -1.346735263222714973e+00 1.286806981450502319e-01 0.000000000000000000e+00
-1.255214919654926327e-02 -3.158230623109455348e-01 2.690281152326572944e-01 1.640546590606612121e+00 2.712998748572879038e-01 1.011020838168686709e+00 9.810381174579264202e-03 5.450660843817504153e-01 2.360604684957514632e-01 -2.698392880377736835e-01 -1.347568300011691811e+00 1.255092810833078054e-01 0.000000000000000000e+00
-9.602221641983857761e-03 -3.154486082452319651e-01 2.697159461271585457e-01 1.646222593480860752e+00 2.734537021166301152e-01 1.005281766507114760e+00 2.224729665187077238e-02 5.422339457205056501e-01 2.362880356108989499e-01 -2.612311025120401253e-01 -1.348364851493734529e+00 1.220160043590724636e-01 0.000000000000000000e+00
-6.870522626829344073e-03 -3.150905812605563350e-01 2.703276369160127479e-01 1.651515993757142198e+00 2.753527074418187226e-01 1.000095495779882881e+00 3.381712536923260626e-02 5.397014792609221567e-01 2.364073452277344334e-01 -2.531823971970617593e-01 -1.349001346994263439e+00 1.187376447348064967e-01 0.000000000000000000e+00
-3.902273101981582407e-03 -3.146893379113287481e-01 2.709651138949549787e-01 1.657305003533777743e+00 2.773142108710415776e-01 9.946016320448665127e-01 4.644490523260142584e-02 5.370480719983352635e-01 2.364358410513982545e-01 -2.443533856826902440e-01 -1.349583514008554808e+00 1.151274469163382774e-01 0.000000000000000000e+00
-9.254144582599312498e-04 -3.142740216799225217e-01 2.715764992042403736e-01 1.663146636580412618e+00 2.791775192146235263e-01 9.892408556068925662e-01 5.916596023255566578e-02 5.344889073488237052e-01 2.363583430636768679e-01 -2.354132038375646441e-01 -1.350054760363444295e+00 1.114564707683673855e-01 0.000000000000000000e+00
1.829805856388906074e-03 -3.138783352105368185e-01 2.721175714436024351e-01 1.668581821309856217e+00 2.808111935549000293e-01 9.844145586947190552e-01 7.098892241152952864e-02 5.322123373804830138e-01 2.361896318086205149e-01 -2.270627790158371295e-01 -1.350390451818848758e+00 1.080131116698142268e-01 0.000000000000000000e+00
4.591643992612927036e-03 -3.134707843340415190e-01 2.726362943672247519e-01 1.674054728630748556e+00 2.823632762062810997e-01 9.797088101544266792e-01 8.288593711356442850e-02 5.300188913276665525e-01 2.359262451768115998e-01 -2.186201255966088164e-01 -1.350630935265282773e+00 1.045170719159479178e-01 0.000000000000000000e+00
7.590727208656786532e-03 -3.130159641696644290e-01 2.731729027743147187e-01 1.680022189166365365e+00 2.839541108910328404e-01 9.747511488576710015e-01 9.585480757532895135e-02 5.277380935910953585e-01 2.355318310193708076e-01 -2.093713666049271394e-01 -1.350783667553798972e+00 1.006697279247865534e-01 0.000000000000000000e+00
1.036518901436245081e-02 -3.125837713722852684e-01 2.736449031732698378e-01 1.685562580502010022e+00 2.853406685071178117e-01 9.703073092337168859e-01 1.078967232077993610e-01 5.257214481451465415e-01 2.350659109866612972e-01 -2.007415928296071295e-01 -1.350825745499022013e+00 9.706305047238426853e-02 0.000000000000000000e+00
1.337704167240160412e-02 -3.121021668419481365e-01 2.741309370912747845e-01 1.691595286810903431e+00 2.867560100947121882e-01 9.656401872327631253e-01 1.210151634542854515e-01 5.236340291932287672e-01 2.344491228781993009e-01 -1.912944283367145337e-01 -1.350764625952004971e+00 9.309560623843871063e-02 0.000000000000000000e+00
1.616263700148077090e-02 -3.116453813866962297e-01 2.745560600956832853e-01 1.697188298854121591e+00 2.879840464191731897e-01 9.614719176454169514e-01 1.331890720082829216e-01 5.217986784384870402e-01 2.337741446999186401e-01 -1.824844417793802243e-01 -1.350609097344344312e+00 8.937717588879399988e-02 0.000000000000000000e+00
1.918585581795564932e-02 -3.111372849342189384e-01 2.749910544084640529e-01 1.703269662080979074e+00 2.892317584064936220e-01 9.571114434453602549e-01 1.464437662340402069e-01 5.199106969627026453e-01 2.329269931571644747e-01 -1.728453299509201957e-01 -1.350333726487630059e+00 8.528771726503078798e-02 0.000000000000000000e+00
2.221428082490101846e-02 -3.106152707562365167e-01 2.753996217367217780e-01 1.709370222462868405e+00 2.903963055435716534e-01 9.529150740745366832e-01 1.597629672148262459e-01 5.181272778492174158e-01 2.319585346267571957e-01 -1.631103942574877175e-01 -1.349948500235950144e+00 8.113494198635094745e-02 0.000000000000000000e+00
2.501413961839002442e-02 -3.101212250343394761e-01 2.757530506428531036e-01 1.715014408069934326e+00 2.913995898634249571e-01 9.491914611768716981e-01 1.721119619657396071e-01 5.165757534876509460e-01 2.309547892119061530e-01 -1.540403666644639957e-01 -1.349494830744255136e+00 7.724465452261204679e-02 0.000000000000000000e+00
2.781787752459917787e-02 -3.096154322164679784e-01 2.760837229069445509e-01 1.720667571960127873e+00 2.923365131233457426e-01 9.456143118345790022e-01 1.845097092093582469e-01 5.151158418675830797e-01 2.298447836695611812e-01 -1.448918091087965376e-01 -1.348947950614407310e+00 7.329963077609359667e-02 0.000000000000000000e+00
3.085933218223860242e-02 -3.090543128964313713e-01 2.764161378193403795e-01 1.726797747834726060e+00 2.932793430478595198e-01 9.419080967871926724e-01 1.979920454516684580e-01 5.136389858850796131e-01 2.285207931336281639e-01 -1.348940527052868710e-01 -1.348250335566861136e+00 6.896366330392993127e-02 0.000000000000000000e+00
3.367023351329184039e-02 -3.085240770554469325e-01 2.766991701856151287e-01 1.732458403017740345e+00 2.940859603759848895e-01 9.386453496386097939e-01 2.104810392521359041e-01 5.123727193657742207e-01 2.271862831113895531e-01 -1.255876113088697510e-01 -1.347510642574091477e+00 6.490395302178075809e-02 0.000000000000000000e+00
3.671874579859289722e-02 -3.079363640517349676e-01 2.769799767065488361e-01 1.738588962839537899e+00 2.948939317878793709e-01 9.352850676563555510e-01 2.240543390904291554e-01 5.111069854786868261e-01 2.256175480712785397e-01 -1.154235654624198720e-01 -1.346606366225955087e+00 6.044367002217003459e-02 0.000000000000000000e+00
3.953562392748557336e-02 -3.073817132496586835e-01 2.772151214972660704e-01 1.744242176248348208e+00 2.955817357287746638e-01 9.323478642462665889e-01 2.366204480492112017e-01 5.100380259066426003e-01 2.240545388275110295e-01 -1.059671215176040404e-01 -1.345676523531353919e+00 5.626845761130627038e-02 0.000000000000000000e+00
4.259004544309730883e-02 -3.067676888508784616e-01 2.774437465684663762e-01 1.750356194205973104e+00 2.962674370855786776e-01 9.293468581353674374e-01 2.502697811366261793e-01 5.089886405686105952e-01 2.222357329610411547e-01 -9.564445113872631354e-02 -1.344567050621227056e+00 5.168224454283763120e-02 0.000000000000000000e+00
4.541176247448817233e-02 -3.061886221426320387e-01 2.776307268048489596e-01 1.755987085980723172e+00 2.968488535611140122e-01 9.267454120589349031e-01 2.628986241838364157e-01 5.081203834742175074e-01 2.204410287024369808e-01 -8.604611896445810149e-02 -1.343450254018102363e+00 4.739079763395952910e-02 0.000000000000000000e+00
4.847077715765735206e-02 -3.055480220669027358e-01 2.778070685966838038e-01 1.762069164043574609e+00 2.974265963370390509e-01 9.241129935697260933e-01 2.766078451062645716e-01 5.072895105036263619e-01 2.183706872710091673e-01 -7.557464445967219946e-02 -1.342140644552055617e+00 4.267869194733579091e-02 0.000000000000000000e+00
5.129623949232526431e-02 -3.049445438365931405e-01 2.779455563031927867e-01 1.767662867141201133e+00 2.979148670335201032e-01 9.218567980323468802e-01 2.892848747244484708e-01 5.066251516801923982e-01 2.163417579945323688e-01 -6.584268401652006164e-02 -1.340840222991770192e+00 3.827037387849523825e-02 0.000000000000000000e+00
5.435873061561115327e-02 -3.042776142426018016e-01 2.780691184516159709e-01 1.773696229072301733e+00 2.983988445125755895e-01 9.196034670077657402e-01 3.030383706999991711e-01 5.060174183194363629e-01 2.140157530984574397e-01 -5.523058212261035965e-02 -1.339333140130894328e+00 3.343096284998191281e-02 0.000000000000000000e+00
5.718683529102482760e-02 -3.036497073940344071e-01 2.781588458734879921e-01 1.779238001237598787e+00 2.988077661379193728e-01 9.177004267768027468e-01 3.157487397660794781e-01 5.055598539546471981e-01 2.117506014332901643e-01 -4.537346559179211009e-02 -1.337853088355082543e+00 2.890523266658249352e-02 0.000000000000000000e+00
6.025158847344082302e-02 -3.029561675664497189e-01 2.782295425158426427e-01 1.785207652263220091e+00 2.992137386196014326e-01 9.158328135995010832e-01 3.295302322225896474e-01 5.051769246794073354e-01 2.091686667564582880e-01 -3.463082303138729362e-02 -1.336154391053775647e+00 2.393877428991017173e-02 0.000000000000000000e+00
6.308123331715660698e-02 -3.023038099885249075e-01 2.782701897973474670e-01 1.790682781565573478e+00 2.995576375629211974e-01 9.142898807522619187e-01 3.422589438106778958e-01 5.049288179343528471e-01 2.066660942801108458e-01 -2.465714742979683780e-02 -1.334498970120182371e+00 1.929520130886934817e-02 0.000000000000000000e+00
6.614708901025558030e-02 -3.015838865844726602e-01 2.782874839021013957e-01 1.796571943440278929e+00 2.999008803958513880e-01 9.128159555921855350e-01 3.560522207550116391e-01 5.047747873548054098e-01 2.038256998194871716e-01 -1.379258618692603272e-02 -1.332612253645915734e+00 1.420050028243940825e-02 0.000000000000000000e+00
6.897718444456049647e-02 -3.009070531894142420e-01 2.782788474368063647e-01 1.801966007049917273e+00 3.001944111813812377e-01 9.116381547059519974e-01 3.687841947154352207e-01 5.047385017849530531e-01 2.010847744255774838e-01 -3.711117839842995383e-03 -1.330786257244502835e+00 9.438767213080428986e-03 0.000000000000000000e+00
7.204290806210769671e-02 -3.001604744250112589e-01 2.782427030342076724e-01 1.807759965779311528e+00 3.004913669677193866e-01 9.105616708029855566e-01 3.825727778383476996e-01 5.048144018760203355e-01 1.979868522875427583e-01 7.265088889573950368e-03 -1.328717913183892874e+00 4.216324960191856173e-03 0.000000000000000000e+00
7.510807507929735671e-02 -2.994002357652337798e-01 2.781785226706360303e-01 1.813497488179415029e+00 3.007702422978484336e-01 9.096941549775601210e-01 3.963523062135539399e-01 5.050118419813360848e-01 1.947537747241865347e-01 1.829603528273665916e-02 -1.326556491643184676e+00 -1.073211527186924887e-03 0.000000000000000000e+00
7.793665589622747469e-02 -2.986861598742469592e-01 2.780944608725002265e-01 1.818740600225744686e+00 3.010157197423790620e-01 9.090788044138466972e-01 4.090600121185442029e-01 5.053013941708549561e-01 1.916507925800807755e-01 2.852432156810629990e-02 -1.324480823889576886e+00 -6.014899644903926902e-03 0.000000000000000000e+00
8.076419837941289925e-02 -2.979603378204629949e-01 2.779865017727570220e-01 1.823929206244655710e+00 3.012531457861307160e-01 9.086420501916934178e-01 4.217527044528890934e-01 5.056947430638596419e-01 1.884335608252105665e-01 3.879464626740175559e-02 -1.322328856570738287e+00 -1.101344547167114503e-02 0.000000000000000000e+00
8.382584416101369895e-02 -2.971607054953642191e-01 2.778425799761131132e-01 1.829485155827806686e+00 3.015052331549590292e-01 9.083703556469662210e-01 4.354820655310609467e-01 5.062380279262358451e-01 1.848200507001365178e-01 4.996572070698387241e-02 -1.319913369462036412e+00 -1.649248641648075331e-02 0.000000000000000000e+00
8.665025854463541399e-02 -2.964104038357545101e-01 2.776846886942284098e-01 1.834549665164945331e+00 3.017366466359732158e-01 9.083061657659485810e-01 4.481320141299100501e-01 5.068486241851637430e-01 1.813659307663038067e-01 6.031690771547146279e-02 -1.317606938799973371e+00 -2.160943212009396389e-02 0.000000000000000000e+00
8.970779470718849569e-02 -2.955844322601862695e-01 2.774864999388856335e-01 1.839962901651811755e+00 3.019897972330598535e-01 9.084385491987618799e-01 4.618065140896263077e-01 5.076287306474752681e-01 1.774956919121459809e-01 7.157087304398229710e-02 -1.315026735177849959e+00 -2.721705693217586416e-02 0.000000000000000000e+00
9.252774281318665306e-02 -2.948097425068220145e-01 2.772785792185212261e-01 1.844889168792181344e+00 3.022294419031670287e-01 9.087462785026052536e-01 4.743981727501163093e-01 5.084578392738440256e-01 1.738060153798959284e-01 8.199375318125265433e-02 -1.312571700126960561e+00 -3.245222410164796956e-02 0.000000000000000000e+00
9.557970804069607085e-02 -2.939572537681829356e-01 2.770262020423661098e-01 1.850145600361361886e+00 3.024993622162321927e-01 9.092802602449410188e-01 4.880013665716456672e-01 5.094744677304682279e-01 1.696826430641260597e-01 9.332016897498124353e-02 -1.309834370000522608e+00 -3.818737479864723477e-02 0.000000000000000000e+00
9.839377310472728622e-02 -2.931582980970310337e-01 2.767681549185296852e-01 1.854919592008680063e+00 3.027610289742268534e-01 9.099578744078651305e-01 5.005192556699404882e-01 5.105230541201732919e-01 1.657595404623304347e-01 1.038055252069491896e-01 -1.307236988989368243e+00 -4.354044510300419946e-02 0.000000000000000000e+00
1.014385245811630226e-01 -2.922797674680946423e-01 2.764613525066758615e-01 1.860002834542014760e+00 3.030617558798560651e-01 9.108914133116585710e-01 5.140338660957111117e-01 5.117785681265775155e-01 1.613838336332757972e-01 1.151947999247820709e-01 -1.304348391313013833e+00 -4.940348578897611059e-02 0.000000000000000000e+00
1.042451559513004472e-01 -2.914567383484559238e-01 2.761531256665518130e-01 1.864610526238568156e+00 3.033585037687096531e-01 9.119354700198623043e-01 5.264624061394337362e-01 5.130472314908640641e-01 1.572301012810790599e-01 1.257333361547675332e-01 -1.301615189086265501e+00 -5.487399733621636105e-02 0.000000000000000000e+00
1.072810241073529208e-01 -2.905521271939649486e-01 2.757920860684036635e-01 1.869506832432861643e+00 3.037041964854663156e-01 9.132629138342238662e-01 5.398721545972825497e-01 5.145406323616396049e-01 1.526068536287015220e-01 1.371750418565613194e-01 -1.298583446501319294e+00 -6.086355897991305164e-02 0.000000000000000000e+00
1.100785909229490961e-01 -2.897053221030314596e-01 2.754337453956508530e-01 1.873934508203634941e+00 3.040481546070576968e-01 9.146682952956242119e-01 5.521958992521105447e-01 5.160297055956437617e-01 1.482254210033031594e-01 1.477574869550194736e-01 -1.295721080961702132e+00 -6.645089591403451068e-02 0.000000000000000000e+00
1.131036304030155204e-01 -2.887753137770843748e-01 2.750183666162691054e-01 1.878627607835111846e+00 3.044508600365989359e-01 9.163843967885192399e-01 5.654833087473838393e-01 5.177626578064719043e-01 1.433566298984203513e-01 1.592418198790113704e-01 -1.292552718212834906e+00 -7.256702012734801699e-02 0.000000000000000000e+00
1.158903155454760886e-01 -2.879051471981198818e-01 2.746099877457323091e-01 1.882861442251037687e+00 3.048530772593323057e-01 9.181448470798496686e-01 5.776866452314266542e-01 5.194721409101938914e-01 1.387512254253462363e-01 1.698588111702348802e-01 -1.289568113579182995e+00 -7.827041262834809332e-02 0.000000000000000000e+00
1.189026155169841392e-01 -2.869499318905683882e-01 2.741405709251460987e-01 1.887337998885271872e+00 3.053246893897756387e-01 9.202410787686683413e-01 5.908357367975838326e-01 5.214430132749069413e-01 1.336427498223562438e-01 1.813754515672007794e-01 -1.286271652781882935e+00 -8.451138916251586808e-02 0.000000000000000000e+00
1.216765367333553921e-01 -2.860569255966156632e-01 2.736823108420040063e-01 1.891364520537039517e+00 3.057951342400127004e-01 9.223489713625325770e-01 6.029033852240871516e-01 5.233725733532103019e-01 1.288175014012962194e-01 1.920176929545096278e-01 -1.283171866431085162e+00 -9.032991344639143549e-02 0.000000000000000000e+00
1.246738065714669413e-01 -2.850774995779288279e-01 2.731588813192949439e-01 1.895608364876508745e+00 3.063450802226830305e-01 9.248174821361980769e-01 6.158965487084202550e-01 5.255822646886761929e-01 1.234725370935072508e-01 2.035567039046321802e-01 -1.279754098646131988e+00 -9.669541772865564155e-02 0.000000000000000000e+00
1.274328690544047071e-01 -2.841623503775230208e-01 2.726509654861250520e-01 1.899414147632410454e+00 3.068921802641222385e-01 9.272639646902729460e-01 6.278130627430615895e-01 5.277312359512884576e-01 1.184321052563686028e-01 2.142148743242110742e-01 -1.276546454271186182e+00 -1.026279669190786337e-01 0.000000000000000000e+00
1.304129356938145412e-01 -2.831592190298505285e-01 2.720739822636116800e-01 1.903412460365252024e+00 3.075294836852764391e-01 9.300936079263188994e-01 6.406347186531935467e-01 5.301774159915534357e-01 1.128574433045603786e-01 2.257660525915639593e-01 -1.273016167930177023e+00 -1.091159682891080646e-01 0.000000000000000000e+00
1.331549278295597882e-01 -2.822227984231121534e-01 2.715167395068844858e-01 1.906984428945817100e+00 3.081601644174805088e-01 9.328685661445277333e-01 6.523848516987321711e-01 5.325448330425793797e-01 1.076067548993602241e-01 2.364308809138679912e-01 -1.269708122382135151e+00 -1.151612773845606952e-01 0.000000000000000000e+00
1.361151731157806133e-01 -2.811973260164318256e-01 2.708864047965216515e-01 1.910721608573680896e+00 3.088909348665014321e-01 9.360487691917525055e-01 6.650175563295230852e-01 5.352276682352116177e-01 1.018066563612767261e-01 2.479842729338770091e-01 -1.266072774336122420e+00 -1.217710434730556041e-01 0.000000000000000000e+00
1.388377099897628864e-01 -2.802406891366872044e-01 2.702801509172320094e-01 1.914046697990650969e+00 3.096106819595814130e-01 9.391415689011566315e-01 6.765861283677454541e-01 5.378121329150790109e-01 9.635157034241292884e-02 2.586465046741182605e-01 -1.262671784466036895e+00 -1.279276643796951329e-01 0.000000000000000000e+00
1.417756486032802077e-01 -2.791938142863925609e-01 2.695970938921627980e-01 1.917510571837959255e+00 3.104404255547383862e-01 9.426591530438352962e-01 6.890146351219544885e-01 5.407285606248247722e-01 9.033362522716070764e-02 2.701921235926955656e-01 -1.258940163146617719e+00 -1.346567900192960354e-01 0.000000000000000000e+00
1.444762474803984731e-01 -2.782182426936196662e-01 2.689423235823846792e-01 1.920576398031396792e+00 3.112528970990764421e-01 9.460577638456162397e-01 7.003867324507564440e-01 5.435284084578523300e-01 8.467986739097721482e-02 2.808425874898700103e-01 -1.255453818963595092e+00 -1.409230832285763846e-01 0.000000000000000000e+00
1.473888735661206262e-01 -2.771518030289120693e-01 2.682068346843153317e-01 1.923751722740540515e+00 3.121840632897705525e-01 9.499004638976464854e-01 7.125936642022707712e-01 5.466777961839528466e-01 7.844980149490021759e-02 2.923704464529279234e-01 -1.251633780695985410e+00 -1.477704365758199800e-01 0.000000000000000000e+00
1.500648584437475896e-01 -2.761588030252294379e-01 2.675040648132366305e-01 1.926546117804503133e+00 3.130910721110389261e-01 9.535922402889651650e-01 7.237544396985750028e-01 5.496909632202957585e-01 7.260389658606714036e-02 3.030000544698156495e-01 -1.248069938525241396e+00 -1.541445794868701313e-01 0.000000000000000000e+00
1.529494717462611397e-01 -2.750742133256197652e-01 2.667170016096147567e-01 1.929421993827048709e+00 3.141253857943633321e-01 9.577450201490309567e-01 7.357252822194538799e-01 5.530694826686838317e-01 6.616983255049024848e-02 3.145004828736456814e-01 -1.244170271741038336e+00 -1.611073475778550534e-01 0.000000000000000000e+00
1.555980652275076037e-01 -2.740655436274316847e-01 2.659668077708432499e-01 1.931933191518119486e+00 3.151271413799090482e-01 9.617169159282847879e-01 7.466601550762920203e-01 5.562935387738474624e-01 6.013870478784233420e-02 3.251001969072973563e-01 -1.240536521591679708e+00 -1.675873511422358575e-01 0.000000000000000000e+00
1.584512996914292648e-01 -2.729652277736652755e-01 2.651286337293107809e-01 1.934495257071556118e+00 3.162628925682611225e-01 9.661659891110891962e-01 7.583776643984770915e-01 5.598997917849508621e-01 5.350730051549046351e-02 3.365632744768390361e-01 -1.236565348932207931e+00 -1.746639527250648527e-01 0.000000000000000000e+00
1.610695563217732496e-01 -2.719429151245699727e-01 2.643316969536300132e-01 1.936712175902202127e+00 3.173574685490319069e-01 9.704041061709425264e-01 7.690721869669355781e-01 5.633319406397905293e-01 4.729827359202509740e-02 3.471241729376027818e-01 -1.232869680287505210e+00 -1.812475532558497360e-01 0.000000000000000000e+00
1.638884278310749620e-01 -2.708288257449776859e-01 2.634433661649719371e-01 1.938950621760516135e+00 3.185924097990739945e-01 9.751336840834978759e-01 7.805224480737311676e-01 5.671612333921882687e-01 4.047885014671392945e-02 3.585406451880679968e-01 -1.228835790184362065e+00 -1.884347925372146793e-01 0.000000000000000000e+00
1.664733415016288465e-01 -2.697951645390108677e-01 2.626004448195152774e-01 1.940862835767077854e+00 3.197762080227253279e-01 9.796238420572915828e-01 7.909625721790598529e-01 5.707983124929094654e-01 3.409951407153810621e-02 3.690539396443466291e-01 -1.225085926211475940e+00 -1.951195931894225966e-01 0.000000000000000000e+00
1.692542304528511232e-01 -2.686703649598384258e-01 2.616626318338076129e-01 1.942764740938848433e+00 3.211045428624634823e-01 9.846190131722587502e-01 8.021287405765712419e-01 5.748484478787019292e-01 2.709939514626480417e-02 3.804139528797022551e-01 -1.220997441305986309e+00 -2.024153895747219101e-01 0.000000000000000000e+00
1.718026154060590671e-01 -2.676279575275331557e-01 2.607745402330635676e-01 1.944362444695878267e+00 3.223718170195581934e-01 9.893466852609686946e-01 8.123004846230472697e-01 5.786869285368604343e-01 2.055787256070318314e-02 3.908710213474665407e-01 -1.217201371488187300e+00 -2.091987604767763798e-01 0.000000000000000000e+00
1.745423499803474277e-01 -2.664949781939240925e-01 2.597883656689332632e-01 1.945919702068597879e+00 3.237873561036233028e-01 9.945909835330342119e-01 8.231694442429058345e-01 5.829523804967858824e-01 1.338717816761025858e-02 4.021656872675742900e-01 -1.213067080211948312e+00 -2.165995020537816451e-01 0.000000000000000000e+00
1.770509619734597917e-01 -2.654467028174001819e-01 2.588559912598940582e-01 1.947193949296660342e+00 3.251307325205825549e-01 9.995415923740771369e-01 8.330592261089696526e-01 5.869882679707464357e-01 6.691991187151247189e-03 4.125580409208496335e-01 -1.209232527716397776e+00 -2.234785803075108324e-01 0.000000000000000000e+00
1.797456547385824777e-01 -2.643092783672057466e-01 2.578222833308722595e-01 1.948395336127132005e+00 3.266234364742865992e-01 1.005019606491723838e+00 8.436145319314442004e-01 5.914659738695511315e-01 -6.410228743820578501e-04 4.237778054352989709e-01 -1.205060685868788672e+00 -2.309816704941591858e-01 0.000000000000000000e+00
1.822111621073356225e-01 -2.632583199186520062e-01 2.568465633759703937e-01 1.949338005670071539e+00 3.280337476349211023e-01 1.010178504113387721e+00 8.532090358116453110e-01 5.956949405225424599e-01 -7.480952660087192285e-03 4.340970886061652489e-01 -1.201195373862647742e+00 -2.379533768195526977e-01 0.000000000000000000e+00
1.848575073828370718e-01 -2.621195848948806861e-01 2.557665457141810039e-01 1.950177364571246130e+00 3.295937169137888034e-01 1.015873752038717992e+00 8.634384372957214504e-01 6.003786419316647915e-01 -1.496536742959131416e-02 4.452335294680087596e-01 -1.196994636717211069e+00 -2.455547542951817541e-01 0.000000000000000000e+00
1.872765324576737833e-01 -2.610694143399660549e-01 2.547485378530822131e-01 1.950781521746542069e+00 3.310599974127588219e-01 1.021226033618315654e+00 8.727247468587732149e-01 6.047959606527519849e-01 -2.194098527283605549e-02 4.554715862256275560e-01 -1.193106288367641099e+00 -2.526157930303906118e-01 0.000000000000000000e+00
1.898704584070840251e-01 -2.599337724673594363e-01 2.536232107044406048e-01 1.951249692951289028e+00 3.326734387118781555e-01 1.027123094132585290e+00 8.826123316169377508e-01 6.096815296725023314e-01 -2.956761284455033945e-02 4.665154156605635927e-01 -1.188884645407647378e+00 -2.603123452254764159e-01 0.000000000000000000e+00
1.924359352203278140e-01 -2.588010252290092184e-01 2.524749333469587520e-01 1.951524123884436968e+00 3.343098517107527812e-01 1.033118376152821316e+00 8.923184219468132117e-01 6.146688980249209733e-01 -3.726348260460654593e-02 4.775081789815972533e-01 -1.184655545596601467e+00 -2.680564182012633578e-01 0.000000000000000000e+00
1.947776688682364699e-01 -2.577593393345942729e-01 2.513947602382090585e-01 1.951602688967618349e+00 3.358365791579318582e-01 1.038736517181059860e+00 9.011122464452822056e-01 6.193623865510494708e-01 -4.442672014664750257e-02 4.876076182044775109e-01 -1.180746824064692335e+00 -2.752463705779888414e-01 0.000000000000000000e+00
1.970933133730044529e-01 -2.567223045092857370e-01 2.502955487307511606e-01 1.951513174314497334e+00 3.373753787291384754e-01 1.044431510782859451e+00 9.097446833816922318e-01 6.241403638627605055e-01 -5.164455249103450107e-02 4.976596198704407170e-01 -1.176835306213638521e+00 -2.824752051066294900e-01 0.000000000000000000e+00
1.995714679093667787e-01 -2.556053528766009664e-01 2.490834901936556656e-01 1.951224914406820332e+00 3.390518060095768504e-01 1.050684233069021367e+00 9.189107512215269891e-01 6.294105599229455894e-01 -5.952271562770694580e-02 5.084935256324512043e-01 -1.172596619022668207e+00 -2.903493735016667854e-01 0.000000000000000000e+00
2.018301719320115539e-01 -2.545812107615641473e-01 2.479454574639366193e-01 1.950782602099391916e+00 3.406043437851340450e-01 1.056528960581943455e+00 9.271983087967717863e-01 6.343601113878851727e-01 -6.684640862542479134e-02 5.184410980941697167e-01 -1.168684701697450867e+00 -2.976561554264626763e-01 0.000000000000000000e+00
2.042449600960035971e-01 -2.534803959813465291e-01 2.466921386541143235e-01 1.950111915690679432e+00 3.422873350436623774e-01 1.062935932947675965e+00 9.359856751295972943e-01 6.398121347714953444e-01 -7.483336189262690397e-02 5.291582908214074177e-01 -1.164449476615897927e+00 -3.056122826040471585e-01 0.000000000000000000e+00
2.064432136076777280e-01 -2.524736918689791110e-01 2.455165744357707958e-01 1.949314559351623899e+00 3.438368545198020598e-01 1.068916257409687098e+00 9.439169683300168145e-01 6.449268022240197684e-01 -8.225239605736978099e-02 5.389942102544242886e-01 -1.160544350351460308e+00 -3.129928008015246399e-01 0.000000000000000000e+00
2.087903963160560317e-01 -2.513946105604356607e-01 2.442232458685262564e-01 1.948257582104205632e+00 3.455063711902202073e-01 1.075462694994660406e+00 9.523111855069191778e-01 6.505546608186024704e-01 -9.033722049463244197e-02 5.495862011209147191e-01 -1.156320310546485652e+00 -3.210265591248848693e-01 0.000000000000000000e+00
2.109247093406217133e-01 -2.504101099182000079e-01 2.430115317424821897e-01 1.947104470755960826e+00 3.470350547790750362e-01 1.081564552912862798e+00 9.598752953720439685e-01 6.558275200398775429e-01 -9.784081002398514748e-02 5.593033768588276944e-01 -1.152429032719716195e+00 -3.284762529316771484e-01 0.000000000000000000e+00
2.132009278334147384e-01 -2.493574800477295628e-01 2.416798244405893858e-01 1.945663180582680951e+00 3.486725150314642363e-01 1.088235238327443177e+00 9.678671089082355738e-01 6.616223588348083551e-01 -1.060108556161301063e-01 5.697635412513590847e-01 -1.148223768200426598e+00 -3.365821829205786209e-01 0.000000000000000000e+00
2.152678002113872502e-01 -2.484001605397599399e-01 2.404333370635970690e-01 1.944154953130547980e+00 3.501614094941754018e-01 1.094445072036942523e+00 9.750535159517599304e-01 6.670462192898909404e-01 -1.135879483915689381e-01 5.793553819704703178e-01 -1.144353263030159829e+00 -3.440962253572099061e-01 0.000000000000000000e+00
2.174688417776501070e-01 -2.473800086147064370e-01 2.390646981976539687e-01 1.942328792609330002e+00 3.517445691203580083e-01 1.101225471291458646e+00 9.826294768837355864e-01 6.730009143292535745e-01 -1.218316303878550499e-01 5.896757304057725912e-01 -1.140174230647607478e+00 -3.522694001636358374e-01 0.000000000000000000e+00
2.194647926775102065e-01 -2.464550031099279059e-01 2.377849067294822150e-01 1.940467381763642862e+00 3.531741264675076764e-01 1.107529904593383741e+00 9.894281276725442886e-01 6.785679196929279566e-01 -1.294706416586379749e-01 5.991356780718976038e-01 -1.136331156036568757e+00 -3.598427978030623309e-01 0.000000000000000000e+00
2.215874221832482005e-01 -2.454723752785740731e-01 2.363810953376168089e-01 1.938261694232266130e+00 3.546828981498872935e-01 1.114405471799392977e+00 9.965801799380066273e-01 6.846728170177710515e-01 -1.377750437277778239e-01 6.093102850165453832e-01 -1.132185280009587958e+00 -3.680771587355328167e-01 0.000000000000000000e+00
2.236673995783751145e-01 -2.445119969273741589e-01 2.349595664404730000e-01 1.935858724665377117e+00 3.561429301419059001e-01 1.121324992655512442e+00 1.003505796931784877e+00 6.908529486434089595e-01 -1.461062105658725851e-01 6.194057960768176718e-01 -1.128059644006891515e+00 -3.763413137826985277e-01 0.000000000000000000e+00
2.255490438443664980e-01 -2.436461713508402682e-01 2.336321182428756082e-01 1.933468258650470339e+00 3.574434375130346453e-01 1.127748158001419920e+00 1.009697246992055764e+00 6.966216218806297045e-01 -1.538169940280336156e-01 6.286537561201723801e-01 -1.124270498407927033e+00 -3.839945396758001062e-01 0.000000000000000000e+00
2.273929830481849768e-01 -2.428015921801753019e-01 2.322903913105817397e-01 1.930913346845241740e+00 3.586932690408848323e-01 1.134202557172652615e+00 1.015692754975123790e+00 7.024498167682136085e-01 -1.615446885631166563e-01 6.378319413429669460e-01 -1.120501459675192324e+00 -3.916702692801128927e-01 0.000000000000000000e+00
2.293472615887419130e-01 -2.419119140177790617e-01 2.308212218415980899e-01 1.927962346362962265e+00 3.599848211048373159e-01 1.141226774523721232e+00 1.021965098553505813e+00 7.088281541579806166e-01 -1.699321812582665903e-01 6.476950915981298795e-01 -1.116442402699747927e+00 -4.000093590224507167e-01 0.000000000000000000e+00
2.311101429229890647e-01 -2.411156260592205725e-01 2.294509756229176634e-01 1.925070008368525265e+00 3.611134775190349977e-01 1.147737201545836694e+00 1.027546085512903051e+00 7.147733949754734306e-01 -1.776859747720322957e-01 6.567240066418255084e-01 -1.112719370074844560e+00 -4.077275327566366458e-01 0.000000000000000000e+00
2.329745554280671649e-01 -2.402815029134454938e-01 2.279517706694523249e-01 1.921756729259662677e+00 3.622614546072684405e-01 1.154815411171019379e+00 1.033363760914181029e+00 7.212738383012204935e-01 -1.860951722300663302e-01 6.664221740674580730e-01 -1.108713443163147128e+00 -4.161094661030111941e-01 0.000000000000000000e+00
2.346531297810117156e-01 -2.395388909732890093e-01 2.265547526818059987e-01 1.918535499291479596e+00 3.632479129876848845e-01 1.161369373054487175e+00 1.038522503682746345e+00 7.273265376686981476e-01 -1.938628141815006423e-01 6.752966923469563287e-01 -1.105042075863391204e+00 -4.238638921175358343e-01 0.000000000000000000e+00
2.364247363767794097e-01 -2.387654678314301004e-01 2.250275091233620017e-01 1.914871924351428945e+00 3.642315397999915660e-01 1.168488342429792270e+00 1.043880184584740523e+00 7.339375687587109676e-01 -2.022798679647506148e-01 6.848254827272598488e-01 -1.101094871653730323e+00 -4.322815451120309849e-01 0.000000000000000000e+00
2.380157829731880115e-01 -2.380818554867408510e-01 2.236054539720896961e-01 1.911331614873704510e+00 3.650549354750913800e-01 1.175073935593722974e+00 1.048609559206557629e+00 7.400876732430581306e-01 -2.100485751806207002e-01 6.935409437106532238e-01 -1.097480496001302042e+00 -4.400657652412508503e-01 0.000000000000000000e+00
2.396905426103322079e-01 -2.373755692479899426e-01 2.220521313327944446e-01 1.907327646709582325e+00 3.658495698852410882e-01 1.182220345027026998e+00 1.053496992439071134e+00 7.467987726110305591e-01 -2.184600363255813082e-01 7.028943649331750310e-01 -1.093598006606129935e+00 -4.485121137964916405e-01 0.000000000000000000e+00
2.413140619018843136e-01 -2.367058943397012116e-01 2.204860668593011108e-01 1.903153222297635061e+00 3.665387426012971517e-01 1.189376245167102830e+00 1.058139348272270075e+00 7.535568767722428118e-01 -2.268629753550539530e-01 7.121556407819800150e-01 -1.089750870674428773e+00 -4.569703134185832960e-01 0.000000000000000000e+00
2.427660143248953906e-01 -2.361219683621172682e-01 2.190296043989100605e-01 1.899150569233034602e+00 3.670748470685034626e-01 1.195986986076504888e+00 1.062203731569894449e+00 7.598344135147504508e-01 -2.346085130694404164e-01 7.206208977809605010e-01 -1.086232635137352354e+00 -4.647866912179658416e-01 0.000000000000000000e+00
2.441725484832779347e-01 -2.355719835393715600e-01 2.175632323374979693e-01 1.895008367559021245e+00 3.675104395502684085e-01 1.202600075469550278e+00 1.066055261717394176e+00 7.661468376675378833e-01 -2.423406018203220214e-01 7.290053278408569204e-01 -1.082746890165574793e+00 -4.726098267886145177e-01 0.000000000000000000e+00
2.456440659260890613e-01 -2.350159197635244279e-01 2.159639657344444019e-01 1.890366862272911952e+00 3.678632268428989605e-01 1.209763911368166855e+00 1.069985554854133047e+00 7.730216548635229223e-01 -2.506980007951542522e-01 7.379960265229098537e-01 -1.079008677522458104e+00 -4.810904968324036801e-01 0.000000000000000000e+00
2.469537518518474528e-01 -2.345401907741031244e-01 2.144784421394438090e-01 1.885944977380674459e+00 3.680751107140887157e-01 1.216373392302881884e+00 1.073390073412663126e+00 7.793980614614998137e-01 -2.583920063424476332e-01 7.462094150617960553e-01 -1.075593905793731153e+00 -4.889220879395133612e-01 0.000000000000000000e+00
2.483190618682676598e-01 -2.340667755665008787e-01 2.128595790727706993e-01 1.881009835351695081e+00 3.681763738676280262e-01 1.223527341553780179e+00 1.076835005440735182e+00 7.863355295221288177e-01 -2.667010689434947679e-01 7.550135593094889908e-01 -1.071934389560825984e+00 -4.974077846998600783e-01 0.000000000000000000e+00
2.495288974264012472e-01 -2.336699563752484277e-01 2.113569762545003117e-01 1.876324083178018576e+00 3.681457061201336423e-01 1.230122188490187840e+00 1.079787985036442466e+00 7.927638011823349151e-01 -2.743434091656404838e-01 7.630527771130838355e-01 -1.068594386079703140e+00 -5.052401747552967004e-01 0.000000000000000000e+00
2.507840889499785564e-01 -2.332848280169552979e-01 2.097207608733641648e-01 1.871111481953774636e+00 3.679730775507774609e-01 1.237254228562249647e+00 1.082740032525767893e+00 7.997509371972940651e-01 -2.825890885327440039e-01 7.716661724477000828e-01 -1.065018027051835681e+00 -5.137223761167126757e-01 0.000000000000000000e+00
2.518911364714166989e-01 -2.329712827422330823e-01 2.082032653017338863e-01 1.866179368036194219e+00 3.676817742340112716e-01 1.243823521795431430e+00 1.085237678154098662e+00 8.062184904835787425e-01 -2.901661813081830577e-01 7.795285563549136931e-01 -1.061756253927733873e+00 -5.215474424791517460e-01 0.000000000000000000e+00
2.530337854601172887e-01 -2.326781894887203495e-01 2.065521942009323486e-01 1.860710890818043417e+00 3.672185867162722772e-01 1.250922059178147139e+00 1.087696308472460016e+00 8.132409799620087254e-01 -2.983340963714560257e-01 7.879497380378531757e-01 -1.058266114740157748e+00 -5.300172934310124484e-01 0.000000000000000000e+00
2.540351826318678619e-01 -2.324519378866794495e-01 2.050221233821066247e-01 1.855551248651555518e+00 3.666496375840684330e-01 1.257455072221807191e+00 1.089735557498160867e+00 8.197346988060033590e-01 -3.058323595786285320e-01 7.956330243617590892e-01 -1.055085501450276242e+00 -5.378266804325335659e-01 0.000000000000000000e+00
2.550614561920034884e-01 -2.322558074599503086e-01 2.033587211593166910e-01 1.849846120388711768e+00 3.658756351527761019e-01 1.264508444664377063e+00 1.091694711954077635e+00 8.267781606780176817e-01 -3.139069308456943208e-01 8.038585302836050994e-01 -1.051685110791435784e+00 -5.462747933319965776e-01 0.000000000000000000e+00
2.559543832504753147e-01 -2.321204391208023521e-01 2.018184719155901030e-01 1.844478985172717245e+00 3.650131232353466260e-01 1.270994799382018758e+00 1.093273367269249396e+00 8.332843298001084698e-01 -3.213123828888775346e-01 8.113609879694945182e-01 -1.048588320496864457e+00 -5.540598124095433841e-01 0.000000000000000000e+00
2.568620210423344652e-01 -2.320241539225026961e-01 2.001454085272341421e-01 1.838561343112544932e+00 3.639141950511297630e-01 1.277992297913372877e+00 1.094734177706185196e+00 8.403335840474938090e-01 -3.292792292898496509e-01 8.193904852351107104e-01 -1.045279609158549894e+00 -5.624767330347388850e-01 0.000000000000000000e+00
2.576436865483479055e-01 -2.319828575906300039e-01 1.985974545274226122e-01 1.833007774848860016e+00 3.627434055479556996e-01 1.284422141544071083e+00 1.095850641414173543e+00 8.468380221148761322e-01 -3.365777554152662443e-01 8.267108492814659870e-01 -1.042268705809133555e+00 -5.702283294406053082e-01 0.000000000000000000e+00
2.584289726033342505e-01 -2.319903622292102952e-01 1.969174697566178356e-01 1.826899492884059839e+00 3.613019428277257639e-01 1.291352942374071944e+00 1.096808846774383950e+00 8.538774226662280142e-01 -3.444207648255497300e-01 8.345420076248984964e-01 -1.039054270373408029e+00 -5.786038379108499052e-01 0.000000000000000000e+00
2.590967129663062640e-01 -2.320457777936768273e-01 1.953644636272591772e-01 1.821182028375600837e+00 3.598096404098596324e-01 1.297716611906298390e+00 1.097462586242971216e+00 8.603652825558245620e-01 -3.515982502794221531e-01 8.416795456624198701e-01 -1.036130851865800562e+00 -5.863125574231660142e-01 0.000000000000000000e+00
2.597575291918188256e-01 -2.321589020376555179e-01 1.936804106480530807e-01 1.814909148966157737e+00 3.580146185143284754e-01 1.304571126777016365e+00 1.097920982845601134e+00 8.673786507075209595e-01 -3.593027753130215718e-01 8.493130308739411660e-01 -1.033011424701963721e+00 -5.946366003053450422e-01 0.000000000000000000e+00
2.603087183762098911e-01 -2.323131759210401714e-01 1.921250647685474322e-01 1.809051087588480655e+00 3.561889163825755489e-01 1.310859622367371191e+00 1.098112131232841682e+00 8.738346858220911173e-01 -3.663449721835179140e-01 8.562675431655468739e-01 -1.030176556300601565e+00 -6.022926558071047820e-01 0.000000000000000000e+00
2.608415140795250498e-01 -2.325347113674867128e-01 1.904400603501526790e-01 1.802638253383940459e+00 3.540256721635559600e-01 1.317627653674211974e+00 1.098068322232909733e+00 8.808049107641282571e-01 -3.738947675577835028e-01 8.637021568226666002e-01 -1.027153735305307070e+00 -6.105541144036668033e-01 0.000000000000000000e+00
2.612736367042602370e-01 -2.327893990191669260e-01 1.888852134574414976e-01 1.796663714543782042e+00 3.518564086363720200e-01 1.323832545103329705e+00 1.097797944803239556e+00 8.872132752951858992e-01 -3.807872947750177151e-01 8.704739096844655855e-01 -1.024407816484353750e+00 -6.181474524617551758e-01 0.000000000000000000e+00
2.616764772980952336e-01 -2.331199195036341432e-01 1.872022863994295960e-01 1.790138659831126411e+00 3.493172660212824354e-01 1.330505972659132841e+00 1.097256590732653470e+00 8.941231796385327169e-01 -3.881674467878453161e-01 8.777115825789738590e-01 -1.021481202183438297e+00 -6.263355409702856536e-01 0.000000000000000000e+00
2.619870965003127106e-01 -2.334759697088632791e-01 1.856509238896238700e-01 1.784072654914517386e+00 3.467957254402849188e-01 1.336619291369340878e+00 1.096526618277863019e+00 9.004674285663467614e-01 -3.948957901238758783e-01 8.843013749592931738e-01 -1.018824299521920773e+00 -6.338557086774241345e-01 0.000000000000000000e+00
2.622566528533437635e-01 -2.339169512756639480e-01 1.839734828925746468e-01 1.777461955151218298e+00 3.438695940391047756e-01 1.343189242728878741e+00 1.095487253083432311e+00 9.072985699204545451e-01 -4.020897871765070075e-01 8.913420405121630363e-01 -1.015994158231493527e+00 -6.419584428730173986e-01 0.000000000000000000e+00
2.624434648969047879e-01 -2.343746673233726707e-01 1.824287193241409255e-01 1.771330473931300276e+00 3.409887498750974189e-01 1.349203841372963675e+00 1.094300548501692782e+00 9.135616590140482884e-01 -4.086394324033932879e-01 8.977514037286294935e-01 -1.013425605939139329e+00 -6.493945212687367574e-01 0.000000000000000000e+00
2.625780849270917816e-01 -2.349253127763214766e-01 1.807601081006482979e-01 1.764663487671196407e+00 3.376715253038624631e-01 1.355663514225532884e+00 1.092769763507115410e+00 9.202957281464226869e-01 -4.156324939517779260e-01 9.045981911541414178e-01 -1.010690339762546186e+00 -6.574004495587056907e-01 0.000000000000000000e+00
2.626389220345664022e-01 -2.354843528046978718e-01 1.792251595370542849e-01 1.758492878274429572e+00 3.344260696922169984e-01 1.361572979608369760e+00 1.091130055223953566e+00 9.264602137006564542e-01 -4.219889268415790706e-01 9.108291225775725364e-01 -1.008208939416864958e+00 -6.647413199454546007e-01 0.000000000000000000e+00
2.626355580329728934e-01 -2.361446701112991375e-01 1.775690519172682114e-01 1.751797749029403661e+00 3.307104905845026366e-01 1.367915370108417683e+00 1.089109448325883189e+00 9.330773034821490119e-01 -4.287640086547406248e-01 9.174832968772445030e-01 -1.005567416510642520e+00 -6.726374594194849399e-01 0.000000000000000000e+00
2.625684163832422424e-01 -2.368039853757527291e-01 1.760473012791635705e-01 1.745615124715579114e+00 3.270969982838627388e-01 1.373714094396644381e+00 1.087021463452233716e+00 9.391249428435554103e-01 -4.349124486634066145e-01 9.235383265106759110e-01 -1.003171303898870992e+00 -6.798714704674945208e-01 0.000000000000000000e+00
2.624258126665433566e-01 -2.375716961909109803e-01 1.744072522171324913e-01 1.738922134182276480e+00 3.229828851210996277e-01 1.379934311264845892e+00 1.084519689924213326e+00 9.456058785143176548e-01 -4.414549033553498703e-01 9.300042819003065953e-01 -1.000620594785820439e+00 -6.876457703216538597e-01 0.000000000000000000e+00
2.622289017036143477e-01 -2.383295341891661645e-01 1.729022047601395107e-01 1.732755206911187784e+00 3.189996742537961616e-01 1.385617599416344436e+00 1.081989154256420171e+00 9.515179629762392510e-01 -4.473807030968850462e-01 9.358866721160735702e-01 -9.983073064839503852e-01 -6.947609378060184415e-01 0.000000000000000000e+00
2.619444173227422068e-01 -2.392031171413361856e-01 1.712822610856384875e-01 1.726094091851980039e+00 3.144836121850209665e-01 1.391710398973998286e+00 1.079009942523975862e+00 9.578412395104687338e-01 -4.536732201205242454e-01 9.421670051777256694e-01 -9.958449477400629357e-01 -7.023994164445837018e-01 0.000000000000000000e+00
2.616161797336051809e-01 -2.400570077488074217e-01 1.697975321700136431e-01 1.719970989813218054e+00 3.101309829365277437e-01 1.397274653862025096e+00 1.076043580543790901e+00 9.635984611550021395e-01 -4.593615990508790325e-01 9.478806175594088890e-01 -9.936112213757591904e-01 -7.093833566662348655e-01 0.000000000000000000e+00
2.611890734513070411e-01 -2.410326809637139689e-01 1.682015502236501592e-01 1.713373089579551589e+00 3.052167147958826376e-01 1.403237117037660298e+00 1.072597649830310251e+00 9.697437719493872121e-01 -4.653897307573007236e-01 9.539810540894262392e-01 -9.912328853642637938e-01 -7.168732309159736582e-01 0.000000000000000000e+00
2.607281953263046459e-01 -2.419794680529677167e-01 1.667409215513906973e-01 1.707322482409210807e+00 3.004965789531599540e-01 1.408679560164769473e+00 1.069203118125867880e+00 9.753262236473839719e-01 -4.708259749114522830e-01 9.595304160108788505e-01 -9.890749925119999286e-01 -7.237132272807059730e-01 0.000000000000000000e+00
2.601564306496169099e-01 -2.430540977463761243e-01 1.651732482740047581e-01 1.700818783167616033e+00 2.951849780001198909e-01 1.414508760533629506e+00 1.065296593701857919e+00 9.812705323584953732e-01 -4.765720778584343620e-01 9.654550173299235594e-01 -9.867766179122342551e-01 -7.310395168604867377e-01 0.000000000000000000e+00
2.595619384377386152e-01 -2.440898828445267899e-01 1.637406211331905725e-01 1.694869927580684887e+00 2.901014469565765808e-01 1.419827817725258789e+00 1.061482680704755488e+00 9.866576411905350064e-01 -4.817413401133054940e-01 9.708452553762439985e-01 -9.846898980401026513e-01 -7.377222535628497058e-01 0.000000000000000000e+00
2.588454483968142816e-01 -2.452581949349254831e-01 1.622053302163918020e-01 1.688492394818164044e+00 2.844003132623624808e-01 1.425523155792181029e+00 1.057128412322475786e+00 9.923797091086792310e-01 -4.871911663890164945e-01 9.766010788612049520e-01 -9.824656924766956845e-01 -7.448715095091674732e-01 0.000000000000000000e+00
2.581167259636307776e-01 -2.463783878551078221e-01 1.608047520529932717e-01 1.682674840673837657e+00 2.789592796512021522e-01 1.430718166433915695e+00 1.052904971728746641e+00 9.975503695231224821e-01 -4.920787327795843602e-01 9.818379854077640134e-01 -9.804449524205708366e-01 -7.513835375856564580e-01 0.000000000000000000e+00
2.572542533731219105e-01 -2.476356942185684307e-01 1.593065486106778617e-01 1.676455989371863353e+00 2.728736856526126076e-01 1.436279038381816475e+00 1.048111481503685605e+00 1.003025495829189095e+00 -4.972145057837475957e-01 9.874306902759577564e-01 -9.782891900971789623e-01 -7.583397143529434503e-01 0.000000000000000000e+00
2.563910763633195367e-01 -2.488350141001599292e-01 1.579421725680855981e-01 1.670800078770136921e+00 2.670829564413046420e-01 1.441350665105277207e+00 1.043489432273798645e+00 1.007957936484124906e+00 -5.018055957659623978e-01 9.925209232254805780e-01 -9.763283711655807995e-01 -7.646669190497810131e-01 0.000000000000000000e+00
2.553834270958464381e-01 -2.501745987751893829e-01 1.564853803029540025e-01 1.664772721252525400e+00 2.606248772224466492e-01 1.446778802010389997e+00 1.038271833645142639e+00 1.013163750624957338e+00 -5.066132007448007624e-01 9.979588984343407132e-01 -9.742337283892064104e-01 -7.714157687262053198e-01 0.000000000000000000e+00
2.542998319620403125e-01 -2.515548054187056182e-01 1.550522085123304250e-01 1.658858498082206978e+00 2.539756948160762917e-01 1.452138366977618888e+00 1.032836987650563421e+00 1.018218496952955077e+00 -5.112423073515763861e-01 1.003318976181315936e+00 -9.721681806477407983e-01 -7.780496364225654160e-01 0.000000000000000000e+00
2.532329523173947328e-01 -2.528628033680102583e-01 1.537511390988277049e-01 1.653507236447959272e+00 2.476731720283948945e-01 1.457025925727265747e+00 1.027632571669303330e+00 1.022745804227062516e+00 -5.153546275488223305e-01 1.008200150985267607e+00 -9.702850594409457852e-01 -7.840682473280898845e-01 0.000000000000000000e+00
2.521021173248221836e-01 -2.542019348168597093e-01 1.524722009305249093e-01 1.648267341205412073e+00 2.412146723897348188e-01 1.461856776579039119e+00 1.022250589422362133e+00 1.027134027913240377e+00 -5.193086893982901131e-01 1.013019274135820602e+00 -9.684228440487078204e-01 -7.899822625818017086e-01 0.000000000000000000e+00
2.508054566867491952e-01 -2.556857270798429393e-01 1.511127959171111312e-01 1.642724783121702892e+00 2.340464295884867596e-01 1.467027339337045655e+00 1.016224255349676531e+00 1.031725184474482582e+00 -5.234103569511758813e-01 1.018172357687069374e+00 -9.664266050746116443e-01 -7.962673893334158981e-01 0.000000000000000000e+00
2.495424905396798343e-01 -2.570842858657589325e-01 1.498833125279729339e-01 1.637740613937653578e+00 2.272738505400795361e-01 1.471743098401576244e+00 1.010483345566819846e+00 1.035806145949892620e+00 -5.270238670762497080e-01 1.022868575953315151e+00 -9.646015407795803798e-01 -8.019521064172718816e-01 0.000000000000000000e+00
2.481032467621328008e-01 -2.586286209248040424e-01 1.485801626375469198e-01 1.632493312322562673e+00 2.197725756265835884e-01 1.476791340719084689e+00 1.004075180772843856e+00 1.040050292621097494e+00 -5.307475654914257657e-01 1.027893161981967562e+00 -9.626407218479823280e-01 -8.079795057543935899e-01 0.000000000000000000e+00
2.467100385659040385e-01 -2.600789283890227455e-01 1.474048135676719051e-01 1.627797805853669288e+00 2.127016557476135716e-01 1.481396975240428127e+00 9.979907232093671032e-01 1.043799623961765510e+00 -5.340060096641650045e-01 1.032475929585775942e+00 -9.608434875863423041e-01 -8.134192120179623009e-01 0.000000000000000000e+00
2.451313712794556399e-01 -2.616746888228219659e-01 1.461626647125702505e-01 1.622880731387473574e+00 2.048875730751422708e-01 1.486329303128246071e+00 9.912204350861677504e-01 1.047672259660904270e+00 -5.373383565571538956e-01 1.037383403105492041e+00 -9.589074360528819785e-01 -8.191733710272419700e-01 0.000000000000000000e+00
2.436105166854324877e-01 -2.631684945807499232e-01 1.450461845700936891e-01 1.618507535624740257e+00 1.975362683552690513e-01 1.490830926265540146e+00 9.848092742359654261e-01 1.051065060310637955e+00 -5.402272205496174706e-01 1.041862973217059896e+00 -9.571279783915183081e-01 -8.243519543459282284e-01 0.000000000000000000e+00
2.418948780494788731e-01 -2.648069469131099085e-01 1.438706343929317122e-01 1.613958907133541842e+00 1.894280218123851611e-01 1.495654023818632883e+00 9.776935741193827356e-01 1.054536424212529022e+00 -5.431500398459794265e-01 1.046664120030254885e+00 -9.552055089796174236e-01 -8.298133653723810399e-01 0.000000000000000000e+00
2.402496234257508745e-01 -2.663356041532830565e-01 1.428178815641044652e-01 1.609942795576346342e+00 1.818162044768287799e-01 1.500058750819915243e+00 9.709735531617584847e-01 1.057547061245836417e+00 -5.456548760092534422e-01 1.051051478189078514e+00 -9.534328423790333629e-01 -8.347141144103448207e-01 0.000000000000000000e+00
2.384016709226660646e-01 -2.680067282806126161e-01 1.417138204658409117e-01 1.605799376729736494e+00 1.734383812443427431e-01 1.504781301589565468e+00 9.635346118678674854e-01 1.060591587004015013e+00 -5.481551847986743109e-01 1.055759281206066102e+00 -9.515114382315683628e-01 -8.398663990132665402e-01 0.000000000000000000e+00
2.366360637581386428e-01 -2.695611490649236774e-01 1.407297526414925948e-01 1.602175982603153415e+00 1.655882214032904365e-01 1.509097155708200688e+00 9.565250387207244742e-01 1.063193761705131468e+00 -5.502616120628724961e-01 1.060066145320942343e+00 -9.497337782039405596e-01 -8.444723361185586530e-01 0.000000000000000000e+00
2.346599193255455573e-01 -2.712552951779670929e-01 1.397030423484825756e-01 1.598478821970852337e+00 1.569642879445529715e-01 1.513728124898589877e+00 9.487824304835370537e-01 1.065779890860680146e+00 -5.523213008499396892e-01 1.064693321135927739e+00 -9.478000569364339878e-01 -8.492947882204741061e-01 0.000000000000000000e+00
2.326197479746064112e-01 -2.729571213509620620e-01 1.387183535384298727e-01 1.595028188690556625e+00 1.482240763401945216e-01 1.518315679020893372e+00 9.408921499639048003e-01 1.068118212876796980e+00 -5.541478298835704752e-01 1.069284411118142541e+00 -9.458544846020766617e-01 -8.539398072147630359e-01 0.000000000000000000e+00
2.306807238814109207e-01 -2.745325870985030337e-01 1.378483526814403004e-01 1.592072956567367470e+00 1.400588097525266029e-01 1.522514114812050678e+00 9.334821705468682174e-01 1.070047673086559348e+00 -5.556214900727658446e-01 1.073493470641985637e+00 -9.440444671672043597e-01 -8.580639784788598456e-01 0.000000000000000000e+00
2.286897425366903602e-01 -2.761100329803828357e-01 1.370168252257103203e-01 1.589347206196569218e+00 1.318070834105942168e-01 1.526680327009681815e+00 9.259563436224133026e-01 1.071751430393937499e+00 -5.568886221194255803e-01 1.077678095662827129e+00 -9.422174720803826453e-01 -8.620272948131157964e-01 0.000000000000000000e+00
2.264757902428324310e-01 -2.778185660200004903e-01 1.361609375280420919e-01 1.586664414296016901e+00 1.227773971035528433e-01 1.531160185834264498e+00 9.176784400061200886e-01 1.073334013871717119e+00 -5.580236613760172215e-01 1.082187692915685506e+00 -9.402152409938338007e-01 -8.661338892140179047e-01 0.000000000000000000e+00
2.243814351878444247e-01 -2.793928038096005206e-01 1.354134112631461828e-01 1.584446245242489226e+00 1.143667757591328993e-01 1.535267280667649725e+00 9.099284414969076584e-01 1.074546417957975786e+00 -5.588500402622689212e-01 1.086332237362121367e+00 -9.383421732201538967e-01 -8.697484646035279487e-01 0.000000000000000000e+00
2.220596756752071521e-01 -2.810923326246267950e-01 1.346510609614250953e-01 1.582334126788651929e+00 1.051821726727766304e-01 1.539689397185293851e+00 9.014215060268676583e-01 1.075582787096180049e+00 -5.595015826229567946e-01 1.090806614309563605e+00 -9.362817520637867208e-01 -8.734683014351233288e-01 0.000000000000000000e+00
2.198693744193428723e-01 -2.826533163163463813e-01 1.339927787026157779e-01 1.580664689953834134e+00 9.664395656374846766e-02 1.543748883403968986e+00 8.934718370149266065e-01 1.076274809505437080e+00 -5.598733599111318515e-01 1.094926191620779754e+00 -9.343468989528169732e-01 -8.767152274361480480e-01 0.000000000000000000e+00
2.174478006229036975e-01 -2.843330983809735923e-01 1.333302717970191176e-01 1.579171448017868684e+00 8.733854451291644949e-02 1.548125817853275077e+00 8.847617023537135417e-01 1.076729677419622666e+00 -5.600234956175851320e-01 1.099381993019618697e+00 -9.322104445473281542e-01 -8.800250040388984951e-01 0.000000000000000000e+00
2.151698980332305278e-01 -2.858706763189227118e-01 1.327665049569402844e-01 1.578093549473089219e+00 7.870653197702637272e-02 1.552149927471089041e+00 8.766382620806447701e-01 1.076871623905723885e+00 -5.599269560280697444e-01 1.103492648741183135e+00 -9.301970947632283160e-01 -8.828848395754800293e-01 0.000000000000000000e+00
2.126585102675080108e-01 -2.875195531721281839e-01 1.322089502689693108e-01 1.577263369669769766e+00 6.931902208298090784e-02 1.556495347176486188e+00 8.677549553695491635e-01 1.076716095298063225e+00 -5.595639671714920382e-01 1.107947850928776790e+00 -9.279665641922324459e-01 -8.857659804007823601e-01 0.000000000000000000e+00
2.103022198410484933e-01 -2.890235951132313352e-01 1.317450370830170747e-01 1.576821418203383729e+00 6.062930494823870475e-02 1.560496621116065574e+00 8.594848414994443742e-01 1.076277605824581540e+00 -5.589856617407811257e-01 1.112066429554584346e+00 -9.258572074508352179e-01 -8.882188849227997673e-01 0.000000000000000000e+00
2.077111438499766038e-01 -2.906306296774343600e-01 1.312988787045167582e-01 1.576706685941200448e+00 5.120000857370854419e-02 1.564824466398575531e+00 8.504575909314300297e-01 1.075474463018841087e+00 -5.580917717208961903e-01 1.116539807816617547e+00 -9.235122275319931351e-01 -8.906467557305705052e-01 0.000000000000000000e+00
2.052866829772238833e-01 -2.920909321204592235e-01 1.309401294345942102e-01 1.576946949824446165e+00 4.249174960776702648e-02 1.568816260350641700e+00 8.420695656040619870e-01 1.074424378601022800e+00 -5.570181849064579360e-01 1.120684285684026227e+00 -9.212880885476134596e-01 -8.926722894766574434e-01 0.000000000000000000e+00
2.026278006689564981e-01 -2.936451487711138064e-01 1.306105003036246437e-01 1.577595309498427412e+00 3.306467400911605736e-02 1.573140811360120184e+00 8.329309283234550554e-01 1.072943594455911587e+00 -5.555824081837690276e-01 1.125195547412565888e+00 -9.188086855727497504e-01 -8.946273826119119921e-01 0.000000000000000000e+00
2.001463036771324033e-01 -2.950516386116164291e-01 1.303622999217490253e-01 1.578565636020587526e+00 2.437992125545784816e-02 1.577136366604911188e+00 8.244550186801143932e-01 1.071250090318730086e+00 -5.540004239172346967e-01 1.129384433491151585e+00 -9.164499903742937548e-01 -8.962047063465387042e-01 0.000000000000000000e+00
