-1.519456410666086832e-03 -9.479471244828174825e-04 1.492596529544712447e-03 4.799522435229075512e-03 -6.017627097080868737e-03 -8.160122770272337789e-03 0.000000000000000000e+00
-1.623930362125547422e-03 -9.965744580361923788e-04 1.665198322732014402e-03 5.044444983471674249e-03 -6.686038835617580389e-03 -8.869846677070913898e-03 0.000000000000000000e+00
-1.476938742859201792e-03 -8.936403159259254103e-04 1.580503161205740192e-03 4.514557288129772417e-03 -6.319101835658091915e-03 -8.212047783352716124e-03 0.000000000000000000e+00
-1.574306858540736043e-03 -9.415336065974055924e-04 1.758249043231976949e-03 4.738214139321517138e-03 -6.998875437998819393e-03 -8.920935238267535539e-03 0.000000000000000000e+00
-1.427636348666327937e-03 -8.462048566811319894e-04 1.664583975467967547e-03 4.233349397549268645e-03 -6.595851821792564351e-03 -8.255687570270620057e-03 0.000000000000000000e+00
-1.517083013272302328e-03 -8.938337707488364092e-04 1.847249145355445155e-03 4.435154756734505099e-03 -7.284949652932581898e-03 -8.965142220955346630e-03 0.000000000000000000e+00
-1.371638635767641334e-03 -8.056849822567768715e-04 1.744541700626323077e-03 3.956011031840400705e-03 -6.845829138062420327e-03 -8.294118657273585882e-03 0.000000000000000000e+00
-1.453001103616319289e-03 -8.536584201121744098e-04 1.931360996394848595e-03 4.137321364413359959e-03 -7.539827123055342639e-03 -9.004777941837627253e-03 0.000000000000000000e+00
-1.309075589829733488e-03 -7.719989391844483961e-04 1.820046578567505180e-03 3.682651198077646626e-03 -7.067001028593811185e-03 -8.330031906890411619e-03 0.000000000000000000e+00
-1.381632372930541308e-03 -8.208829817593632505e-04 2.010833883199350525e-03 3.843041880265740673e-03 -7.763869687200664060e-03 -9.043921903662432982e-03 0.000000000000000000e+00
-1.240242123907414618e-03 -7.451548165475219143e-04 1.890961606497723602e-03 3.413509124038593967e-03 -7.258129093691945144e-03 -8.366588783305761723e-03 0.000000000000000000e+00
-1.303940533726233308e-03 -7.954194247179469102e-04 2.084965845852174149e-03 3.554190393250777902e-03 -7.953586332860140828e-03 -9.084633273338305059e-03 0.000000000000000000e+00
-1.165401984003749947e-03 -7.249958279082480139e-04 1.957057679462595456e-03 3.148759504767006945e-03 -7.417804573353503628e-03 -8.406276679132407281e-03 0.000000000000000000e+00
-1.219495294406847119e-03 -7.771949244021192360e-04 2.153942361759780821e-03 3.269396258395396160e-03 -8.109235212147236638e-03 -9.130405234776706180e-03 0.000000000000000000e+00
-1.084804037021491752e-03 -7.113974489577623572e-04 2.018128984644762536e-03 2.888474492222403711e-03 -7.544632400692918850e-03 -8.451321843930603706e-03 0.000000000000000000e+00
-1.129456437164499949e-03 -7.658689161651743849e-04 2.217291521206421478e-03 2.990332731645395370e-03 -8.228312929911663076e-03 -9.182887274689299772e-03 0.000000000000000000e+00
-9.988595489251184123e-04 -7.041427613568018717e-04 2.074106648896928418e-03 2.632925334230762360e-03 -7.637977080924063245e-03 -8.504052400006401058e-03 0.000000000000000000e+00
-1.033320167030588044e-03 -7.614353488119285363e-04 2.275120369385819075e-03 2.715730306019903395e-03 -8.310870155980865093e-03 -9.244893947395915745e-03 0.000000000000000000e+00
-9.078711816031814763e-04 -7.029973690422242072e-04 2.124802440064271769e-03 2.382270848740652980e-03 -7.696647671016521031e-03 -8.565980318203436639e-03 0.000000000000000000e+00
-9.324065606838016773e-04 -7.632926124034600246e-04 2.327098771496505236e-03 2.447190223994422098e-03 -8.355322078008597941e-03 -9.317453379213525011e-03 0.000000000000000000e+00
-8.122448646023516794e-04 -7.076660741934248655e-04 2.170159582626951522e-03 2.136705879052680501e-03 -7.720223492028832624e-03 -8.638720799274857143e-03 0.000000000000000000e+00
-8.261995945926803309e-04 -7.714918441263651783e-04 2.373355039894220475e-03 2.183730522556270870e-03 -8.361601848946964566e-03 -9.402733214575409448e-03 0.000000000000000000e+00
-7.123047811668503648e-04 -7.178550940211136933e-04 2.210095578792536930e-03 1.896375135951533508e-03 -7.707880913404352441e-03 -8.723226357988167479e-03 0.000000000000000000e+00
-7.160889909428869160e-04 -7.852152063411443894e-04 2.413676445113865920e-03 1.926779680857748644e-03 -8.328939316514905045e-03 -9.500991905462274900e-03 0.000000000000000000e+00
-6.085531024947465895e-04 -7.331623595150937867e-04 2.244623420186830920e-03 1.661809023347338155e-03 -7.659672325461830411e-03 -8.820495452635856992e-03 0.000000000000000000e+00
-6.014514880804122665e-04 -8.045664105872096794e-04 2.448115344176104990e-03 1.675596532435985608e-03 -8.256718378344629627e-03 -9.613378184602616727e-03 0.000000000000000000e+00
-5.012778714077736897e-04 -7.532091726457912362e-04 2.273678122441918914e-03 1.433275233860165088e-03 -7.574823131057950576e-03 -8.930558943474498079e-03 0.000000000000000000e+00
-4.838102060135962557e-04 -8.285290214687379695e-04 2.476686692051727201e-03 1.431723246632543578e-03 -8.145377970750544705e-03 -9.739647060889478070e-03 0.000000000000000000e+00
-3.909411321900979619e-04 -7.775447770023702354e-04 2.297297308983842212e-03 1.211412153391488999e-03 -7.453470124027194998e-03 -9.053516106106496153e-03 0.000000000000000000e+00
-3.624831559526364710e-04 -8.572292313897555971e-04 2.499331160100537463e-03 1.194967899563970093e-03 -7.993779419844138090e-03 -9.879812998678350056e-03 0.000000000000000000e+00
-2.779119564731979963e-04 -8.057647663177180952e-04 2.315549086101431620e-03 9.967762904850019368e-04 -7.295539595740141436e-03 -9.188997203127158286e-03 0.000000000000000000e+00
-2.389901604435140658e-04 -8.895147239442457998e-04 2.516212496798425624e-03 9.668369391193643025e-04 -7.803160923153029671e-03 -1.003281515019249781e-02 0.000000000000000000e+00
-1.625440927322530094e-04 -8.373633127037594104e-04 2.328450985448010657e-03 7.901747643517254005e-04 -7.101035192337956659e-03 -9.335994344699560799e-03 0.000000000000000000e+00
-1.126398303982201199e-04 -9.255559427759074698e-04 2.527274451950306533e-03 7.477850677952702085e-04 -7.572245245473840924e-03 -1.019782388157430830e-02 0.000000000000000000e+00
-4.524156601873330352e-05 -8.718435309406913358e-04 2.336079534204837937e-03 5.928181840446633544e-04 -6.870067244792554817e-03 -9.493108092843982604e-03 0.000000000000000000e+00
1.505189739553491890e-05 -9.640991029935541690e-04 2.532813813337086994e-03 5.394267178577827337e-04 -7.303091066382272345e-03 -1.037296523122899217e-02 0.000000000000000000e+00
7.362772530203343102e-05 -9.087600032458009736e-04 2.338614073850941999e-03 4.056452266567589504e-04 -6.603322252379140167e-03 -9.659005469291326307e-03 0.000000000000000000e+00
1.448302081084040793e-04 -1.005368860267530362e-03 2.532734148868814872e-03 3.428386493982138461e-04 -6.994180815016015629e-03 -1.055645043858044474e-02 0.000000000000000000e+00
1.937473003460754573e-04 -9.475108234418549991e-04 2.336047373150101913e-03 2.304543021032223749e-04 -6.300828776614864069e-03 -9.830999954048458278e-03 0.000000000000000000e+00
2.751759721889290855e-04 -1.047994290973491838e-03 2.527433353713304243e-03 1.599959546960683099e-04 -6.648350462974406128e-03 -1.074546318570535064e-02 0.000000000000000000e+00
3.147443972835173298e-04 -9.877048606772298456e-04 2.328673907187106540e-03 6.849165538680423992e-05 -5.963719955714097409e-03 -1.000719872092181717e-02 0.000000000000000000e+00
4.069084145326418156e-04 -1.092283544296995812e-03 2.516721803194982288e-03 -7.417543609999910359e-06 -6.263801878361618947e-03 -1.093719874546694726e-02 0.000000000000000000e+00
4.362919371644069511e-04 -1.028778030639887486e-03 2.316563186565229193e-03 -7.818366177003710504e-05 -5.592675299294302960e-03 -1.018447119951870761e-02 0.000000000000000000e+00
5.384828888849169104e-04 -1.136827747579005621e-03 2.501216883093265730e-03 -1.572265151050800114e-04 -5.844548192360132788e-03 -1.112847167750485866e-02 0.000000000000000000e+00
5.581129365149206656e-04 -1.070234864933961028e-03 2.299881339330872576e-03 -2.075718861571651530e-04 -5.188634509333933664e-03 -1.035952079217672406e-02 0.000000000000000000e+00
6.707527695186676908e-04 -1.182019667434974775e-03 2.480685236553648032e-03 -2.872351482476886986e-04 -5.388817874393048157e-03 -1.131574358800779834e-02 0.000000000000000000e+00
6.798751742294328881e-04 -1.111622004765000504e-03 2.278843931382945609e-03 -3.175512157778115352e-04 -4.753023039195447552e-03 -1.052909285044556498e-02 0.000000000000000000e+00
8.022209520570366958e-04 -1.226392236935242019e-03 2.455763116416737057e-03 -3.950488313138045271e-04 -4.901341708347661807e-03 -1.149511695947369461e-02 0.000000000000000000e+00
8.013086302897654001e-04 -1.152496916020734341e-03 2.253702021958042812e-03 -4.060146675630704749e-04 -4.287455949641305608e-03 -1.068971202600588200e-02 0.000000000000000000e+00
9.337658046373598086e-04 -1.270421377713826239e-03 2.426183155676053804e-03 -4.780441846667926598e-04 -4.380388731810569425e-03 -1.166240401693130480e-02 0.000000000000000000e+00
9.221207111091977993e-04 -1.192378872957089442e-03 2.224582864398139126e-03 -4.704458872599737163e-04 -3.793564451330055931e-03 -1.083733640504913609e-02 0.000000000000000000e+00
1.063946800812981541e-03 -1.312704444141721272e-03 2.392721285076115922e-03 -5.341851334583758160e-04 -3.831727589933109357e-03 -1.181390173354168738e-02 0.000000000000000000e+00
1.042080153864421987e-03 -1.230919167959809712e-03 2.191778290619922354e-03 -5.089282397179317741e-04 -3.273466648078482422e-03 -1.096847276008450223e-02 0.000000000000000000e+00
1.193600975557096433e-03 -1.353764097439230651e-03 2.355078980668084965e-03 -5.606030061717781621e-04 -3.253996619060117723e-03 -1.194517452335874808e-02 0.000000000000000000e+00
1.160917619447088267e-03 -1.267664012092301062e-03 2.155451724360352150e-03 -5.190750334205240790e-04 -2.729379194156500432e-03 -1.107909660579986522e-02 0.000000000000000000e+00
1.321383861693475881e-03 -1.392242722454528625e-03 2.314087191931463172e-03 -5.557258823927213598e-04 -2.653578091060815325e-03 -1.205268653484825592e-02 0.000000000000000000e+00
1.278411594070411050e-03 -1.302282684104039134e-03 2.115832800875100395e-03 -4.990584483435256402e-04 -2.163872125201748986e-03 -1.116572523334147249e-02 0.000000000000000000e+00
1.448112051438604775e-03 -1.428750862937394617e-03 2.269403852533963262e-03 -5.170323874068571968e-04 -2.029517080736731316e-03 -1.213223271440844186e-02 0.000000000000000000e+00
1.394351737795701540e-03 -1.334498831518010631e-03 2.073197888980526926e-03 -4.474678150794275666e-04 -1.579653629964816730e-03 -1.122512473023640212e-02 0.000000000000000000e+00
1.572472573593691747e-03 -1.461929986203786003e-03 2.221843914809229492e-03 -4.435193006089299672e-04 -1.388955419649562373e-03 -1.218084904778038435e-02 0.000000000000000000e+00
1.508491946290019259e-03 -1.363985329155936732e-03 2.027814799106131272e-03 -3.629656571155770450e-04 -9.799276126933875730e-04 -1.125443708037998647e-02 0.000000000000000000e+00
1.695354159194306654e-03 -1.492570678679860929e-03 2.171104769609966123e-03 -3.337415401656329550e-04 -7.309650967792791221e-04 -1.219502664272553716e-02 0.000000000000000000e+00
1.620655341313809172e-03 -1.390493278785126519e-03 1.979863116855107297e-03 -2.448429700021570454e-04 -3.677160277937296939e-04 -1.125098568714877345e-02 0.000000000000000000e+00
1.815468375803652723e-03 -1.519324925335796550e-03 2.117994720686910970e-03 -1.875635068215864010e-04 -6.331367215262062587e-05 -1.217280125415731717e-02 0.000000000000000000e+00
1.730668222744119467e-03 -1.413836907115856301e-03 1.929601826471477599e-03 -9.296669994007800142e-05 2.536748773680486124e-04 -1.121288732416569900e-02 0.000000000000000000e+00
1.933641378512790387e-03 -1.543041868063171895e-03 2.062214008910601137e-03 -4.562720198553193995e-06 6.145023276267203016e-04 -1.211171684876610755e-02 0.000000000000000000e+00
1.838317732070632315e-03 -1.433787128580582548e-03 1.877255342402323057e-03 9.240211996086600266e-05 8.807487646245171220e-04 -1.113858275002765907e-02 0.000000000000000000e+00
2.048712129298746465e-03 -1.562545271382637102e-03 2.004646200007231815e-03 2.136388912479247892e-04 1.294504899663984077e-03 -1.201165065974496571e-02 0.000000000000000000e+00
1.943485362245478409e-03 -1.450220373088367820e-03 1.823016999153381779e-03 3.102699213690662816e-04 1.510232458100446706e-03 -1.102710358214054054e-02 0.000000000000000000e+00
2.161456360956132139e-03 -1.578636330216653949e-03 1.944795773873020384e-03 4.669091072875275472e-04 1.977338430921626866e-03 -1.187035190901841730e-02 0.000000000000000000e+00
2.046001397628866014e-03 -1.463055065530599608e-03 1.767178384613210529e-03 5.587724017890316475e-04 2.138496197225059348e-03 -1.087862978515552470e-02 0.000000000000000000e+00
2.270810618317298246e-03 -1.590307414418984377e-03 1.883674346570884950e-03 7.516735862047596584e-04 2.654909378258629715e-03 -1.168985113587606151e-02 0.000000000000000000e+00
2.145740741020557563e-03 -1.472175993055824250e-03 1.709878900114036870e-03 8.359847538472742201e-04 2.762264024865679346e-03 -1.069322277450979186e-02 0.000000000000000000e+00
2.377495727157896699e-03 -1.598382167442402579e-03 1.820731324607027801e-03 1.066728188090948493e-03 3.327881752893002698e-03 -1.146885336308312020e-02 0.000000000000000000e+00
2.242553365904315088e-03 -1.477540668349430764e-03 1.651359530304374879e-03 1.139061143624608974e-03 3.378189104039197588e-03 -1.047185312266751822e-02 0.000000000000000000e+00
2.480552759225568282e-03 -1.601938015799331261e-03 1.756927332741908820e-03 1.407360737076590596e-03 3.988558417884036089e-03 -1.121076636111340008e-02 0.000000000000000000e+00
2.336346805363237467e-03 -1.479157736930553080e-03 1.591818819785983941e-03 1.464604653680368074e-03 3.983161190266315543e-03 -1.021617144444775249e-02 0.000000000000000000e+00
2.580660152197544743e-03 -1.601866378006494562e-03 1.691762599942192580e-03 1.771180947820916174e-03 4.637763701391683924e-03 -1.091531000882906000e-02 0.000000000000000000e+00
2.426997552136184177e-03 -1.477020747100543652e-03 1.531409377097558977e-03 1.809089290466747713e-03 4.574197402803292789e-03 -9.927944818998390986e-03 0.000000000000000000e+00
2.676958024386666413e-03 -1.597309633429216946e-03 1.626082208624202163e-03 2.152639420793356351e-03 5.268486954552731305e-03 -1.058679358086145328e-02 0.000000000000000000e+00
2.514430867610800702e-03 -1.471166531274020750e-03 1.470298404892989019e-03 2.168399973720536167e-03 5.148654039441868946e-03 -9.609382032459201639e-03 0.000000000000000000e+00
2.770078959131311302e-03 -1.589212700912279175e-03 1.559407672074686335e-03 2.548526941159590109e-03 5.881769265752900822e-03 -1.022573217406197443e-02 0.000000000000000000e+00
2.598561563690704457e-03 -1.461675332949718964e-03 1.408677376394662506e-03 2.538299156576773186e-03 5.704025510661736575e-03 -9.263113498803043910e-03 0.000000000000000000e+00
2.859221160817798646e-03 -1.576768924493016089e-03 1.492580574224966483e-03 2.952825455592833492e-03 6.471191927579944547e-03 -9.837313017069249099e-03 0.000000000000000000e+00
2.679317460809599316e-03 -1.448621289763557529e-03 1.346631898122174764e-03 2.914352897541938603e-03 6.238125240196623622e-03 -8.891739109108787176e-03 0.000000000000000000e+00
2.945016884451839845e-03 -1.560957186460931734e-03 1.425056099032928625e-03 3.361981182692819203e-03 7.038356613404239681e-03 -9.421975750925959403e-03 0.000000000000000000e+00
2.756635742064694750e-03 -1.432112365074705851e-03 1.284336690499376932e-03 3.292053690161278467e-03 6.748997467674655582e-03 -8.498096917635589165e-03 0.000000000000000000e+00
3.026741038824637409e-03 -1.541047209381557481e-03 1.357632274397446714e-03 3.769965960294108243e-03 7.577630248793543188e-03 -8.985347972974899733e-03 0.000000000000000000e+00
2.830473315144133029e-03 -1.412284003173613911e-03 1.221895610664713860e-03 3.666912264231214635e-03 7.234979710492250859e-03 -8.085113345364547399e-03 0.000000000000000000e+00
3.104968414667952370e-03 -1.518009177640777807e-03 1.289764935141990421e-03 4.173147399714416395e-03 8.090891589688009589e-03 -8.527690683093780422e-03 0.000000000000000000e+00
2.900776623455891823e-03 -1.389251944071911993e-03 1.159355192882904895e-03 4.034730298756006306e-03 7.694679918858415846e-03 -7.655206021568883301e-03 0.000000000000000000e+00
3.179080977760873061e-03 -1.491214706568377846e-03 1.222236961885114770e-03 4.565623592985623702e-03 8.573387900183249144e-03 -8.054913683535058766e-03 0.000000000000000000e+00
2.967521108605153390e-03 -1.363186080562794888e-03 1.096888392256301081e-03 4.391210471852868835e-03 8.126932491696603478e-03 -7.211303005490332652e-03 0.000000000000000000e+00
3.249571052704208762e-03 -1.461573399016091734e-03 1.154368639467773239e-03 4.944400780555469055e-03 9.027214305400654837e-03 -7.566274912472081837e-03 0.000000000000000000e+00
3.030688192527969393e-03 -1.334257402095417877e-03 1.034524975700723548e-03 4.732332818514706219e-03 8.530853670382754217e-03 -6.755726095266645359e-03 0.000000000000000000e+00
3.315938641725718616e-03 -1.428561670498096348e-03 1.087059293333525467e-03 5.303935267760184757e-03 9.448416495664080372e-03 -7.068212311637900314e-03 0.000000000000000000e+00
3.090247408863239231e-03 -1.302605772967868614e-03 9.722330230935716244e-04 5.054607984838366264e-03 8.905774298401780698e-03 -6.290309484403788787e-03 0.000000000000000000e+00
3.378597795500287715e-03 -1.393057129054353638e-03 1.019523709681668944e-03 5.641525881866282788e-03 9.839229276979999383e-03 -6.558874974193162899e-03 0.000000000000000000e+00
3.146182190836163683e-03 -1.268442670964098351e-03 9.101909084622827883e-04 5.354352327192835048e-03 9.251036226040731947e-03 -5.817629242795607780e-03 0.000000000000000000e+00
3.437158102085682843e-03 -1.354593837029183234e-03 9.526346782049444073e-04 5.952683614390608113e-03 1.019655093871074669e-02 -6.044421119560716704e-03 0.000000000000000000e+00
3.198500955353469899e-03 -1.231933851048583328e-03 8.483340774316783239e-04 5.628705567872316351e-03 9.566437737566158006e-03 -5.338986558415026451e-03 0.000000000000000000e+00
3.491939668804289187e-03 -1.314011471174492129e-03 8.855180685124475204e-04 6.235018975692341314e-03 1.052247652915516696e-02 -5.522196575774795946e-03 0.000000000000000000e+00
3.247188208590073843e-03 -1.193278341016956734e-03 7.867104116786038936e-04 5.874710149993411790e-03 9.851699904468436131e-03 -4.855920851601691624e-03 0.000000000000000000e+00
3.542643926538177612e-03 -1.270892702101622529e-03 8.191199868138321349e-04 6.485057997699605892e-03 1.081459059262046551e-02 -4.998282338772863653e-03 0.000000000000000000e+00
3.292246507975216119e-03 -1.152661057420789614e-03 7.253109424544268435e-04 6.089888348494998382e-03 1.010674225191454667e-02 -4.369696946822099193e-03 0.000000000000000000e+00
3.589545281630565632e-03 -1.226057319138662560e-03 7.524621431444500352e-04 6.700762385493774786e-03 1.107496212897762788e-02 -4.468938878611883325e-03 0.000000000000000000e+00
3.333662449397492566e-03 -1.110284377530967870e-03 6.641464065545443773e-04 6.272135611007367828e-03 1.033148044968124069e-02 -3.881402770194330998e-03 0.000000000000000000e+00
3.632411378955369141e-03 -1.179116907967570071e-03 6.864930882181652372e-04 6.879586841976870204e-03 1.130173914061094465e-02 -3.940036162635163208e-03 0.000000000000000000e+00
3.371456591088409227e-03 -1.066324534422458115e-03 6.031101090180901458e-04 6.419696675172836819e-03 1.052611512243339931e-02 -3.391333571777455091e-03 0.000000000000000000e+00
3.671418845305710055e-03 -1.130873967074119690e-03 6.202649701238516222e-04 7.019717067180852865e-03 1.149659133589642224e-02 -3.407523596563155621e-03 0.000000000000000000e+00
3.405620500251449467e-03 -1.020994103004213560e-03 5.422581333713316631e-04 6.530805812795748011e-03 1.069065724687057184e-02 -2.900488777783483130e-03 0.000000000000000000e+00
3.706436297200008112e-03 -1.080949134114106425e-03 5.546313238149469527e-04 7.119962558193027036e-03 1.165834800680487504e-02 -2.876567817439834585e-03 0.000000000000000000e+00
3.436154652539394339e-03 -9.744683899524653192e-04 4.815038477754551849e-04 6.604209951617701080e-03 1.082531828001442875e-02 -2.408919201931425391e-03 0.000000000000000000e+00
3.737564491678335710e-03 -1.030129301640259065e-03 4.886266241580505820e-04 7.178514695961979442e-03 1.178831014464210014e-02 -2.342641197342842929e-03 0.000000000000000000e+00
3.463056126342650698e-03 -9.269514345225382534e-04 4.207828714073991172e-04 6.639018511758632002e-03 1.093021759524814840e-02 -1.916946465868374361e-03 0.000000000000000000e+00
3.764743129911596320e-03 -9.780493706741388849e-04 4.230963232796924878e-04 7.195148432122433491e-03 1.188578617775437607e-02 -1.810735697539200828e-03 0.000000000000000000e+00
3.486330253795529022e-03 -8.786253532203636141e-04 3.600774892227875945e-04 6.634297383363740863e-03 1.100559488862318247e-02 -1.424647131879730466e-03 0.000000000000000000e+00
3.787968491959774198e-03 -9.254732662182241221e-04 3.570755958361981897e-04 7.168154847569052635e-03 1.195155928499858078e-02 -1.276019410986428682e-03 0.000000000000000000e+00
3.505962135397985846e-03 -8.296748487484073564e-04 2.992723140181063890e-04 6.589691259614838259e-03 1.105157310386317704e-02 -9.318772259083729637e-04 0.000000000000000000e+00
3.807287111604204521e-03 -8.720434421406464409e-04 2.913466306119771865e-04 7.098410215774286769e-03 1.198551776622736043e-02 -7.431011577843094074e-04 0.000000000000000000e+00
3.521949009587098389e-03 -7.802906196892056556e-04 2.383530094368091490e-04 6.504750494560784801e-03 1.106835408567707901e-02 -4.387212246381722025e-04 0.000000000000000000e+00
3.822587488306911085e-03 -8.185138086505006072e-04 2.250273091307097850e-04 6.984254793978017517e-03 1.198788507094805666e-02 -2.072786960196637551e-04 0.000000000000000000e+00
3.534269187529803791e-03 -7.306389788467315682e-04 1.771610831063363811e-04 6.379567752892167931e-03 1.105603835949464653e-02 5.531176855289032801e-05 0.000000000000000000e+00
3.833996121237061294e-03 -7.645230906654365555e-04 1.587960804033117235e-04 6.827325456335575637e-03 1.195897887816155247e-02 3.271309443659831118e-04 0.000000000000000000e+00
3.542920200991235558e-03 -6.809102640095154868e-04 1.157133114196295942e-04 6.214380383565920596e-03 1.101483019290716570e-02 5.500536336997541298e-04 0.000000000000000000e+00
3.841306294572400387e-03 -7.108104758303257498e-04 9.180604273545389660e-05 6.626152639378268816e-03 1.189850941517844873e-02 8.648963173927270986e-04 0.000000000000000000e+00
3.547867505895058171e-03 -6.312668072250837703e-04 5.383257516955453070e-05 6.009301791511045820e-03 1.094474268920198057e-02 1.045984373526653854e-03 0.000000000000000000e+00
3.844726741091680777e-03 -6.570101767713887320e-04 2.475798120626926391e-05 6.383377562405812000e-03 1.180725726095133155e-02 1.401541938196526615e-03 0.000000000000000000e+00
3.549101863369902299e-03 -5.818850744389036933e-04 -8.473932423203045516e-06 5.765280692649810135e-03 1.084595145594580146e-02 1.543016714482980944e-03 0.000000000000000000e+00
3.843952688847331045e-03 -6.038554173501964328e-04 -4.326111564606494042e-05 6.097532813506667537e-03 1.168437509625830373e-02 1.941904909247060829e-03 0.000000000000000000e+00
3.546581142154277971e-03 -5.329199521216243518e-04 -7.136150770997717885e-05 5.482918144099180324e-03 1.071843412161532783e-02 2.041400118943048625e-03 0.000000000000000000e+00
3.839276798802779105e-03 -5.509627395359761870e-04 -1.115174617831171666e-04 5.772162501659128253e-03 1.153109776829541744e-02 2.481432067226840843e-03 0.000000000000000000e+00
3.540287103394168262e-03 -4.845336975684566561e-04 -1.348799916219833861e-04 5.163553722336455820e-03 1.056231461920242864e-02 2.541084118831804517e-03 0.000000000000000000e+00
3.830294425732266861e-03 -4.990679267075082137e-04 -1.808531755026487886e-04 5.405695271745170061e-03 1.134606030483409356e-02 3.024386909332488216e-03 0.000000000000000000e+00
3.530178672216718189e-03 -4.368877838217266607e-04 -1.990485409228415214e-04 4.808424222610518939e-03 1.037760093248252247e-02 3.041699784519291683e-03 0.000000000000000000e+00
3.817376234651598428e-03 -4.477628780346076809e-04 -2.506211234525324016e-04 5.003021294180953760e-03 1.113093815143884058e-02 3.566267784657739526e-03 0.000000000000000000e+00
3.516225635762166429e-03 -3.901153643939836435e-04 -2.640426505655102396e-04 4.419017774414779609e-03 1.016434910707264550e-02 3.543461512546031145e-03 0.000000000000000000e+00
3.800037411486139466e-03 -3.977765037767033718e-04 -3.216214792861049609e-04 4.562645868698478324e-03 1.088396584074136086e-02 4.110987689871059558e-03 0.000000000000000000e+00
3.498384248972453980e-03 -3.443719819912760549e-04 -3.298021829878927669e-04 3.997385521897101057e-03 9.922615614946561635e-03 4.045326913918678713e-03 0.000000000000000000e+00
3.778723633644408969e-03 -3.486788253297401496e-04 -3.931707365011916089e-04 4.090105326134185759e-03 1.060726846242721066e-02 4.653709091383184671e-03 0.000000000000000000e+00
3.476616252523909850e-03 -2.997782161049400429e-04 -3.964677600513111244e-04 3.545634466456171197e-03 9.652473562435481824e-03 4.547028281226772606e-03 0.000000000000000000e+00
3.752855997113085929e-03 -3.011992014580466837e-04 -4.660680876319434063e-04 3.584543491660596715e-03 1.029867038134568702e-02 5.197723743214588410e-03 0.000000000000000000e+00
3.450889180932510680e-03 -2.564708623217226702e-04 -4.640360458843528768e-04 3.066128186787420162e-03 9.354085708352055661e-03 5.047519947487533187e-03 0.000000000000000000e+00
3.722974583245788893e-03 -2.548668791730879235e-04 -5.395975388330920275e-04 3.051971801835584586e-03 9.960843889998294287e-03 5.737919374673161599e-03 0.000000000000000000e+00
3.421157194554588776e-03 -2.145529672768486940e-04 -5.325590251004097553e-04 2.561696038868799263e-03 9.027625725082977226e-03 5.545777180449906751e-03 0.000000000000000000e+00
3.688417813404454293e-03 -2.104130398813408576e-04 -6.145018156826775879e-04 2.492348913198938476e-03 9.591360654662040020e-03 6.276791377653356818e-03 0.000000000000000000e+00
3.387383597401205648e-03 -1.741403045258937965e-04 -6.020209498859840913e-04 2.035439866125532404e-03 8.673337994248075944e-03 6.040284561980246991e-03 0.000000000000000000e+00
3.649801216608551668e-03 -1.673282766786465814e-04 -6.901234794030042252e-04 1.912758732601993472e-03 9.193392833639180139e-03 6.809029518062281738e-03 0.000000000000000000e+00
3.349545220318154992e-03 -1.353154447066295951e-04 -6.724681255401154800e-04 1.490456436286535791e-03 8.291634621870880295e-03 6.529627848034458282e-03 0.000000000000000000e+00
3.606403263240624824e-03 -1.263216293362345866e-04 -7.671400817378937198e-04 1.312863916159923150e-03 8.764371537424597847e-03 7.336492198886546134e-03 0.000000000000000000e+00
3.307600868052824883e-03 -9.817144765311702770e-05 -7.438342958949184514e-04 9.307445910304856795e-04 7.882976919182382858e-03 7.011631915384786140e-03 0.000000000000000000e+00
3.558916927509196693e-03 -8.685684568637830338e-05 -8.447785891697590088e-04 7.009297196947095188e-04 8.308113600598243664e-03 7.853054098048595222e-03 0.000000000000000000e+00
3.261527305238931529e-03 -6.276400513427482508e-05 -8.161314577102563028e-04 3.602105045708015041e-04 7.447961730119967427e-03 7.484433861554062872e-03 0.000000000000000000e+00
3.506569131449671639e-03 -4.962278015263610342e-05 -9.237652002814233931e-04 7.737776451843814129e-05 7.822033435479269770e-03 8.360084393643774092e-03 0.000000000000000000e+00
3.211292297562839959e-03 -2.914378065371758808e-05 -8.893110569002105059e-04 -2.173924092048196144e-04 6.987320469275637436e-03 7.945590631394328085e-03 0.000000000000000000e+00
3.450131302342701600e-03 -1.402892817004008919e-05 -1.003278361623394233e-03 -5.491343622341382513e-04 7.310557234289305484e-03 8.851273668611270296e-03 0.000000000000000000e+00
3.156931932933898510e-03 2.650270769843920959e-06 -9.632698628373459471e-04 -7.973543665844573525e-04 6.502185050266895416e-03 8.392363484429843368e-03 0.000000000000000000e+00
3.388756678000412470e-03 1.926267345464527381e-05 -1.084003886277162820e-03 -1.177826428339301401e-03 6.771106236480584073e-03 9.327421344536457326e-03 0.000000000000000000e+00
3.098399448893965347e-03 3.260596952359140488e-05 -1.037962653128277069e-03 -1.374980498770828063e-03 5.993533814603324572e-03 8.822202834195991272e-03 0.000000000000000000e+00
3.323340800434157472e-03 5.088821897980544406e-05 -1.165053887992317794e-03 -1.799535584809941469e-03 6.208952301724579570e-03 9.781859636030176830e-03 0.000000000000000000e+00
3.035737664219842480e-03 6.073488097690926679e-05 -1.113227299247399049e-03 -1.945804286618724177e-03 5.462857020851252798e-03 9.232161889310752656e-03 0.000000000000000000e+00
3.252982516437685767e-03 8.021051798162703861e-05 -1.247088469399748600e-03 -2.413414402096414335e-03 5.621649787350690985e-03 1.021494154110325070e-02 0.000000000000000000e+00
2.968960834395351078e-03 8.705859990193465237e-05 -1.188980419165597269e-03 -2.505339006386275713e-03 4.911651750667545002e-03 9.619491503756183448e-03 0.000000000000000000e+00
3.178664355761889881e-03 1.079305083771520124e-04 -1.329171032672216146e-03 -3.010066239212072503e-03 5.015127348271697372e-03 1.062038680344157271e-02 0.000000000000000000e+00
2.898101574257627711e-03 1.116208288113873515e-04 -1.265079747217789929e-03 -3.048350962097323702e-03 4.341691989020457498e-03 9.981378400770068993e-03 0.000000000000000000e+00
3.099474027369264473e-03 1.334634499300935140e-04 -1.411900167746116264e-03 -3.588998744803451046e-03 4.387289466616373090e-03 1.099831566298936636e-02 0.000000000000000000e+00
2.823231449955942995e-03 1.345132832327178285e-04 -1.341346630789996830e-03 -3.570977442306944027e-03 3.755000538629538198e-03 1.031525087603535340e-02 0.000000000000000000e+00
3.016476958918934415e-03 1.575354757791247451e-04 -1.494288001191945714e-03 -4.140870029212262438e-03 3.744693488742623089e-03 1.134279265514948065e-02 0.000000000000000000e+00
2.744426480377981648e-03 1.558170748355292012e-04 -1.417571306197351610e-03 -4.068403313427726431e-03 3.153802346433920434e-03 1.061855129893540806e-02 0.000000000000000000e+00
2.928732033333006357e-03 1.796437951619989093e-04 -1.576939957023404393e-03 -4.665794133297929136e-03 3.085373805531865798e-03 1.165457777553058349e-02 0.000000000000000000e+00
2.661775360276397162e-03 1.756518295014108944e-04 -1.493506912738529202e-03 -4.537061340613046667e-03 2.540522363030817132e-03 1.088896611091927369e-02 0.000000000000000000e+00
2.837426228779943438e-03 2.005676311920279176e-04 -1.658834052966295936e-03 -5.155443428879191714e-03 2.416486993825905927e-03 1.192862806546068910e-02 0.000000000000000000e+00
2.575397982757021698e-03 1.941706131273757130e-04 -1.568977276202865312e-03 -4.973181413490568303e-03 1.917608613921206739e-03 1.112507793971628800e-02 0.000000000000000000e+00
2.741618132873019364e-03 2.198403406956095374e-04 -1.740440716170243984e-03 -5.610234624420229466e-03 1.736407999355815690e-03 1.216598048244099672e-02 0.000000000000000000e+00
2.485443084703581329e-03 2.115636845094193141e-04 -1.643732322634372522e-03 -5.374050901191473884e-03 1.287743999813351081e-03 1.132563885907966750e-02 0.000000000000000000e+00
2.642567243679200262e-03 2.382866703528052632e-04 -1.820709440091550224e-03 -6.023298784026298591e-03 1.052521326752042796e-03 1.236298330026830428e-02 0.000000000000000000e+00
2.392066033436307526e-03 2.280064143109217234e-04 -1.717487069378353937e-03 -5.737200531124475589e-03 6.536598371118529371e-04 1.148985985227879425e-02 0.000000000000000000e+00
2.539365278669825088e-03 2.555401705482407415e-04 -1.900121960643263996e-03 -6.396306088352954333e-03 3.633671807796723385e-04 1.252166379109143080e-02 0.000000000000000000e+00
2.295489078183055032e-03 2.437425240324198050e-04 -1.789921918043446691e-03 -6.060452629224943877e-03 1.820799000240569399e-05 1.161754750532928426e-02 0.000000000000000000e+00
2.433367270370717650e-03 2.724385481663316178e-04 -1.977620872913810057e-03 -6.723886152978586495e-03 -3.236070986964989515e-04 1.263994444307092735e-02 0.000000000000000000e+00
2.195919257138634340e-03 2.590134510885855335e-04 -1.860776393453056343e-03 -6.343267972445776337e-03 -6.159134849026415282e-04 1.170932283632986071e-02 0.000000000000000000e+00
2.323692015785611131e-03 2.887041562169567754e-04 -2.053563313701767257e-03 -7.008416689623597762e-03 -1.009818931212436155e-03 1.272071675298924731e-02 0.000000000000000000e+00
2.093609503346277600e-03 2.740999294530976904e-04 -1.929728986835133053e-03 -6.584600028092246760e-03 -1.245985200402532911e-03 1.176619933775313598e-02 0.000000000000000000e+00
2.211783051313503945e-03 3.051921721702877122e-04 -2.126912141479586627e-03 -7.246864609145919900e-03 -1.688008578467847798e-03 1.276355877779833392e-02 0.000000000000000000e+00
1.988854593594824305e-03 2.892816376999785000e-04 -1.996425760039610697e-03 -6.784678758351869732e-03 -1.869321346657848437e-03 1.178964709426555402e-02 0.000000000000000000e+00
2.096833454796193097e-03 3.217140731698875378e-04 -2.197991644600771899e-03 -7.442188092479096184e-03 -2.359671161102472325e-03 1.277220167934922657e-02 0.000000000000000000e+00
1.881955383186195707e-03 3.048902436638689650e-04 -2.060537322654376613e-03 -6.944297201049387525e-03 -2.483504952200288329e-03 1.178190501321330075e-02 0.000000000000000000e+00
1.980315086877265651e-03 3.391116215087364161e-04 -2.265768263658762827e-03 -7.593018153802422177e-03 -3.018081748164647138e-03 1.274763714896165467e-02 0.000000000000000000e+00
1.773300426680113340e-03 3.212601310533802490e-04 -2.121732482815774645e-03 -7.064435106354682858e-03 -3.086160700667139878e-03 1.174552002498474579e-02 0.000000000000000000e+00
1.861463156802217744e-03 3.572772002495283594e-04 -2.330490676350216450e-03 -7.703016492706105112e-03 -3.664992899453434205e-03 1.269424285563047761e-02 0.000000000000000000e+00
1.663255413733105703e-03 3.387552949457584006e-04 -2.179678557392872307e-03 -7.147053441621142866e-03 -3.675289055226294010e-03 1.168353868084537339e-02 0.000000000000000000e+00
1.741931407014757349e-03 3.770646048228409875e-04 -2.391196872453038580e-03 -7.772221319600092215e-03 -4.294094581163143687e-03 1.261399763383197481e-02 0.000000000000000000e+00
1.552170481190107143e-03 3.576908902681585900e-04 -2.233970745828373072e-03 -7.193761216042648954e-03 -4.249037371941266628e-03 1.159880905438948062e-02 0.000000000000000000e+00
1.620963842994066484e-03 3.984485512020241593e-04 -2.448035772883883077e-03 -7.804892605615343371e-03 -4.907528272804828617e-03 1.251158864591150888e-02 0.000000000000000000e+00
1.440576842350521636e-03 3.784978109725445350e-04 -2.284326126786473399e-03 -7.206996777743501781e-03 -4.805771088353338882e-03 1.149498277876759289e-02 0.000000000000000000e+00
1.500223718760268499e-03 4.222171209551373039e-04 -2.500142877242761408e-03 -7.801624035748133679e-03 -5.499956182269727378e-03 1.238970524648586036e-02 0.000000000000000000e+00
1.328853735268253899e-03 4.015079328159587568e-04 -2.330331682695863105e-03 -7.189077888603456756e-03 -5.344176740238459900e-03 1.137508804796549811e-02 0.000000000000000000e+00
1.379085922231876316e-03 4.484552525594875938e-04 -2.547635059565483973e-03 -7.766795133677284468e-03 -6.073744485987297992e-03 1.225295028617967574e-02 0.000000000000000000e+00
1.217562951230322099e-03 4.271596946135991502e-04 -2.371705722593125953e-03 -7.142737760294615157e-03 -5.863225477561684329e-03 1.124282249492614127e-02 0.000000000000000000e+00
1.259220274861916344e-03 4.778572129536251545e-04 -2.589655491943648746e-03 -7.701612048162775892e-03 -6.624268365113206158e-03 1.210374172188588560e-02 0.000000000000000000e+00
1.107158871316321624e-03 4.557849459294605055e-04 -2.408053989196107247e-03 -7.070109649021105724e-03 -6.362073359968967168e-03 1.110100605631281212e-02 0.000000000000000000e+00
1.140054574849308500e-03 5.106247231753124893e-04 -2.626375211126852349e-03 -7.610362964984407341e-03 -7.154528678470217784e-03 1.194680057029184894e-02 0.000000000000000000e+00
9.982196230974293982e-04 4.878112825246749829e-04 -2.439138883978286820e-03 -6.974003825137131685e-03 -6.840283252067536068e-03 1.095295009996144486e-02 0.000000000000000000e+00
1.023267503037134096e-03 5.473142589286772441e-04 -2.656908599627028078e-03 -7.493940502628859690e-03 -7.660439867406054759e-03 1.178366122671503646e-02 0.000000000000000000e+00
8.912331583172672378e-04 5.235936836797128180e-04 -2.464596750121117452e-03 -6.856599532697682520e-03 -7.297604177030070360e-03 1.080120194651490451e-02 0.000000000000000000e+00
9.084054809654629192e-04 5.882697958333737986e-04 -2.681438687418213895e-03 -7.356284520094735768e-03 -8.145307353718767018e-03 1.161860121129310031e-02 0.000000000000000000e+00
7.867428639449780547e-04 5.635054237075887151e-04 -2.484192125189993439e-03 -6.719975419735124689e-03 -7.734061946303327773e-03 1.064821278921890269e-02 0.000000000000000000e+00
7.970397053664868281e-04 6.339013592515652107e-04 -2.699263406745588956e-03 -7.198747075442213372e-03 -8.606147188881418941e-03 1.145273860183948500e-02 0.000000000000000000e+00
6.852977072076826826e-04 6.079182666599569629e-04 -2.497619679024704054e-03 -6.566269032489469026e-03 -8.149859835214545711e-03 1.049595281876047892e-02 0.000000000000000000e+00
6.887853223970785699e-04 6.846425738495365287e-04 -2.710460490706667613e-03 -7.024139088395831010e-03 -9.046313155058882671e-03 1.128924907913431142e-02 0.000000000000000000e+00
5.874319085026058485e-04 6.572148579471193131e-04 -2.504657983472269311e-03 -6.397351785761618004e-03 -8.545522307639608073e-03 1.034615947720807227e-02 0.000000000000000000e+00
5.850885550854334483e-04 7.407258585059861566e-04 -2.714463894970597924e-03 -6.833360112111552809e-03 -9.463607055352429853e-03 1.112832394135532255e-02 0.000000000000000000e+00
4.936038077457127748e-04 7.116780951976209302e-04 -2.505094400802543309e-03 -6.214870210394796146e-03 -8.921753366542883867e-03 1.019988638867852515e-02 0.000000000000000000e+00
4.856768520363763386e-04 8.027852595103301958e-04 -2.711298940083872733e-03 -6.628850584032175419e-03 -9.861514938566351418e-03 1.097240735921722887e-02 0.000000000000000000e+00
4.043560778880794793e-04 7.717035042014708246e-04 -2.498673834415987560e-03 -6.020094284920229910e-03 -9.279225308891358992e-03 1.005779535625528354e-02 0.000000000000000000e+00
3.917621163194162648e-04 8.708115109548053567e-04 -2.700617809445471362e-03 -6.411590390701604747e-03 -1.023875022604192608e-02 1.082076326923298026e-02 0.000000000000000000e+00
3.200160165498511233e-04 8.375491550827174336e-04 -2.485302028440383726e-03 -5.814052370075373233e-03 -9.619355293463804912e-03 9.920390757359509593e-03 0.000000000000000000e+00
3.031086601101296019e-04 9.456053935116282005e-04 -2.682309164925900102e-03 -6.183083374383002706e-03 -1.059873323049131955e-02 1.067473853552725060e-02 0.000000000000000000e+00
2.410544499701350318e-04 9.095962393067535956e-04 -2.464826528471908418e-03 -5.598430467077974981e-03 -9.943171625199198616e-03 9.787450152903609535e-03 0.000000000000000000e+00
2.206821952064896841e-04 1.026939240109270290e-03 -2.656191068851232462e-03 -5.944135752672607964e-03 -1.094085551948964508e-02 1.053254229148903320e-02 0.000000000000000000e+00
1.676721324090357790e-04 9.880895644208687045e-04 -2.437094282673385459e-03 -5.373280936345814496e-03 -1.025225510868610357e-02 9.658376501215482079e-03 0.000000000000000000e+00
1.442493367408148597e-04 1.115825316589103000e-03 -2.622188591863222618e-03 -5.695629029446092062e-03 -1.126878506553463666e-02 1.039485108760551668e-02 0.000000000000000000e+00
1.001730185717641941e-04 1.073378489850118633e-03 -2.402024301891569902e-03 -5.139896909706731520e-03 -1.054803021575034805e-02 9.532080074186044527e-03 0.000000000000000000e+00
7.441258057930277836e-05 1.211795812335936251e-03 -2.580225890631171470e-03 -5.438711136152019066e-03 -1.158244352269033328e-02 1.025872126546278906e-02 0.000000000000000000e+00
3.859249128174147003e-05 1.165746897204666954e-03 -2.359588930514300298e-03 -4.898708697781639643e-03 -1.083252667220158116e-02 9.407320295905297058e-03 0.000000000000000000e+00
1.087875425911932759e-05 1.316039835164262151e-03 -2.530150584424462057e-03 -5.173206787023598707e-03 -1.188531362602507357e-02 1.012361432738773104e-02 0.000000000000000000e+00
-1.701822855076917662e-05 1.265512889804421004e-03 -2.309690584268941915e-03 -4.650357865887411180e-03 -1.110739769494806239e-02 9.281988697638077213e-03 0.000000000000000000e+00
-4.614953188758486036e-05 1.427956326447821223e-03 -2.472124438353484610e-03 -4.900580427006584472e-03 -1.217835265242195320e-02 9.986240547211089336e-03 0.000000000000000000e+00
-6.684777753585002813e-05 1.372933265412712434e-03 -2.252353432333098482e-03 -4.395280315566907348e-03 -1.137460336297912988e-02 9.153636982132340449e-03 0.000000000000000000e+00
-9.714432354149260540e-05 1.548955532445328576e-03 -2.405891737989995782e-03 -4.620575724410436180e-03 -1.246507051389222909e-02 9.845058168838072277e-03 0.000000000000000000e+00
-1.111847393818476970e-04 1.488379084850388612e-03 -2.187552442193513302e-03 -4.133939708354184006e-03 -1.163644558018628317e-02 9.019717261696591493e-03 0.000000000000000000e+00
-1.423849522818598778e-04 1.678127473066726161e-03 -2.331775350055881324e-03 -4.334621888427037106e-03 -1.274632184764845633e-02 9.695217054634941434e-03 0.000000000000000000e+00
-1.505252688708824671e-04 1.612120070115463655e-03 -2.115334463088258676e-03 -3.866773584261462560e-03 -1.189496737515405300e-02 8.876826027085726878e-03 0.000000000000000000e+00
-1.825482247014842407e-04 1.817241237416777899e-03 -2.249480223528887990e-03 -4.042160134432926100e-03 -1.302601917053358704e-02 9.534654417834076412e-03 0.000000000000000000e+00
-1.855557079127601039e-04 1.744544044322560161e-03 -2.035797642466197210e-03 -3.594638618463097401e-03 -1.215264272634364318e-02 8.721486031244118919e-03 0.000000000000000000e+00
-2.185974421019809544e-04 1.965048484261322503e-03 -2.159424557226174990e-03 -3.745038834042091480e-03 -1.330517451611212820e-02 9.357423745803394866e-03 0.000000000000000000e+00
-2.172523811971305285e-04 1.885939588625984431e-03 -1.948984289682959004e-03 -3.318028505845393994e-03 -1.241184218579549636e-02 8.549600481002173069e-03 0.000000000000000000e+00
-2.514873254794713908e-04 2.123685385826939998e-03 -2.061352730230836539e-03 -3.442836644255820033e-03 -1.358783316230960381e-02 9.160521327955528648e-03 0.000000000000000000e+00
0.000000000000000000e+00 0.000000000000000000e+00 0.000000000000000000e+00 0.000000000000000000e+00 0.000000000000000000e+00 0.000000000000000000e+00 0.000000000000000000e+00
