9.403158927698274105e-04 -1.652099039629373323e-03 3.420434133606820026e-03 -6.878488724067821636e-03 6.484283789882638871e-03 -1.179828591930709436e-02 0.000000000000000000e+00
1.097245975613947433e-03 -1.711981833686093690e-03 3.664657443657515223e-03 -7.204330881408260723e-03 7.156124904796001829e-03 -1.257296080133918359e-02 0.000000000000000000e+00
1.083419362806148367e-03 -1.511134794011548266e-03 3.344592060617573859e-03 -6.422115070760625599e-03 6.719832428732530616e-03 -1.142046471934343721e-02 0.000000000000000000e+00
1.248397854228450177e-03 -1.564735757053126175e-03 3.581095814488316487e-03 -6.709492385509996382e-03 7.396340117170829842e-03 -1.217845909472581312e-02 0.000000000000000000e+00
1.219936698594326074e-03 -1.379715523549651657e-03 3.265780297395326492e-03 -5.963487953319912549e-03 6.928534921441631411e-03 -1.106843559654313580e-02 0.000000000000000000e+00
1.393055598010339846e-03 -1.427098580442265341e-03 3.494251490284344674e-03 -6.210944441821908413e-03 7.608393353520259694e-03 -1.181048358612302174e-02 0.000000000000000000e+00
1.350087953498863014e-03 -1.257139271531093616e-03 3.185042137710425436e-03 -5.503166814428084308e-03 7.111245943501653954e-03 -1.074277417674562862e-02 0.000000000000000000e+00
1.530466419633808028e-03 -1.298894403334971415e-03 3.406384925177668999e-03 -5.712116545646850341e-03 7.792456115144563711e-03 -1.147304820810557402e-02 0.000000000000000000e+00
1.474150401308355063e-03 -1.142600511537639196e-03 3.103237409284281823e-03 -5.041232366384207353e-03 7.268959114335338256e-03 -1.044420609217633356e-02 0.000000000000000000e+00
1.661885576894145400e-03 -1.178746798241370186e-03 3.317138087936738478e-03 -5.210209856154612851e-03 7.950191973125075862e-03 -1.116316806770178971e-02 0.000000000000000000e+00
1.592280419522557056e-03 -1.035394267308309413e-03 3.021070350455984377e-03 -4.578114203821037620e-03 7.402305396817965288e-03 -1.017249975370804194e-02 0.000000000000000000e+00
1.786511540729146530e-03 -1.066375567587873885e-03 3.228538643665679331e-03 -4.708655286647989158e-03 8.081747576112796594e-03 -1.088456840223073208e-02 0.000000000000000000e+00
1.704730348421695796e-03 -9.347667756281485829e-04 2.939167941628129110e-03 -4.113843586335264035e-03 7.512251001694281172e-03 -9.927971149241487936e-03 0.000000000000000000e+00
1.905543282903182645e-03 -9.605796033491653674e-04 3.139901350991181062e-03 -4.204444839436050074e-03 8.188466994123899667e-03 -1.063352495296876477e-02 0.000000000000000000e+00
1.811608112981616392e-03 -8.400688263426880908e-04 2.858110921894502221e-03 -3.648735311757356214e-03 7.599203154518008319e-03 -9.710535747559756459e-03 0.000000000000000000e+00
2.018145971946952444e-03 -8.610056958584522135e-04 3.052974067622865606e-03 -3.700893051227005515e-03 8.270427837783422831e-03 -1.041306244598949604e-02 0.000000000000000000e+00
1.913089530081443779e-03 -7.506258192931380968e-04 2.778210113144913285e-03 -3.182810614692499485e-03 7.663855319336665417e-03 -9.519319121982894316e-03 0.000000000000000000e+00
2.125406903419682636e-03 -7.666544236557548686e-04 2.966979328022645301e-03 -3.195006058140492655e-03 8.328516504917171659e-03 -1.021968946080287211e-02 0.000000000000000000e+00
2.009264196294310856e-03 -6.658581948573716325e-04 2.699982389970184693e-03 -2.716239938951758859e-03 7.706603881171503190e-03 -9.354754199853543284e-03 0.000000000000000000e+00
2.226557363431108660e-03 -6.771589658668419887e-04 2.883399503803646402e-03 -2.689970255540963251e-03 8.363119196197033034e-03 -1.005555111297762316e-02 0.000000000000000000e+00
2.100241391035442828e-03 -5.851808427425608805e-04 2.623535321874981285e-03 -2.249071609326414034e-03 7.727802815501227940e-03 -9.215274899840864009e-03 0.000000000000000000e+00
2.322568158399360150e-03 -5.917336122327476744e-04 2.801424019308940139e-03 -2.182879554553096568e-03 8.374597677038408960e-03 -9.917300307226595280e-03 0.000000000000000000e+00
2.186141231143814978e-03 -5.080856309861991882e-04 2.549092272603720177e-03 -1.781358073205119297e-03 7.727915203323831861e-03 -9.100213196289175244e-03 0.000000000000000000e+00
2.412659772137781822e-03 -5.099887146930437432e-04 2.722221198805524489e-03 -1.676677423214201212e-03 8.363384260972495099e-03 -9.806396645148929281e-03 0.000000000000000000e+00
2.266983883871837024e-03 -4.341086815853878456e-04 2.476888764760487582e-03 -1.313245433082421698e-03 7.707057493412605709e-03 -9.009086347441686016e-03 0.000000000000000000e+00
2.497762872568962123e-03 -4.313478763264821936e-04 2.645063009381498631e-03 -1.168749865858131898e-03 8.329604467055773398e-03 -9.719653946274053880e-03 0.000000000000000000e+00
2.342871578414326694e-03 -3.628373922622829539e-04 2.406966261245507832e-03 -8.448887868999221951e-04 7.665620034075004696e-03 -8.940381606196590170e-03 0.000000000000000000e+00
2.577101021791497470e-03 -3.554306343033220017e-04 2.570737122315425172e-03 -6.618036828927031934e-04 8.273643380928064062e-03 -9.657342422460191145e-03 0.000000000000000000e+00
2.413849510218044059e-03 -2.938706756473452586e-04 2.339421865820839885e-03 -3.763113501795700699e-04 7.603709181125850591e-03 -8.893266597309157362e-03 0.000000000000000000e+00
2.651546261984799591e-03 -2.818539970397271333e-04 2.498609961081699193e-03 -1.535002730843615382e-04 8.195390462131690867e-03 -9.616729932384826540e-03 0.000000000000000000e+00
2.479965138757422860e-03 -2.269214310701705983e-04 2.274210879364468862e-03 9.223756030873886402e-05 7.521525894631064801e-03 -8.866109156106416478e-03 0.000000000000000000e+00
2.720347441672696376e-03 -2.102608526554639035e-04 2.429453083172439243e-03 3.533134885076449905e-04 8.095457279408524442e-03 -9.598004779161950495e-03 0.000000000000000000e+00
2.541228137600839987e-03 -1.616770538644396460e-04 2.211340609613754449e-03 5.604635167779647986e-04 7.418974402722877670e-03 -8.857318901381416865e-03 0.000000000000000000e+00
2.784340393343326392e-03 -1.404345326155853613e-04 2.362426513274062945e-03 8.609778928798661468e-04 7.973475382593964156e-03 -9.597725695569048199e-03 0.000000000000000000e+00
2.597724725340269658e-03 -9.790256483255266318e-05 2.150770950753722044e-03 1.028153635751039019e-03 7.296434623751402171e-03 -8.865682874553915127e-03 0.000000000000000000e+00
2.842771833178478480e-03 -7.205335952892300000e-05 2.298244372550051207e-03 1.366395018916222170e-03 7.830023948428355141e-03 -9.615620363829346928e-03 0.000000000000000000e+00
2.649475447158572416e-03 -3.542443944737350137e-05 2.092441209455841999e-03 1.494767689476539374e-03 7.153956607285127944e-03 -8.889282565089695609e-03 0.000000000000000000e+00
2.896439651994361930e-03 -5.033106087570793363e-06 2.236040618852686013e-03 1.871689351101935017e-03 7.664616946411406673e-03 -9.648239298865490809e-03 0.000000000000000000e+00
2.696497329873218107e-03 2.592568843828857439e-05 2.036302984191551424e-03 1.959770050278031306e-03 6.991521027963631951e-03 -8.926382392343112926e-03 0.000000000000000000e+00
2.944686317990788393e-03 6.090767499661309259e-05 2.176475480806794316e-03 2.373765061975063873e-03 7.478236548834615860e-03 -9.695134927554693860e-03 0.000000000000000000e+00
2.738851343594965460e-03 8.624404689711040461e-05 1.982154061682173118e-03 2.422442474252939348e-03 6.809367101372032494e-03 -8.974530922872148153e-03 0.000000000000000000e+00
2.988208539844321165e-03 1.256995359299462045e-04 2.118745594954951628e-03 2.874073959022283020e-03 7.270006613184776256e-03 -9.752487417243660417e-03 0.000000000000000000e+00
2.776570376579717836e-03 1.456524573885120688e-04 1.929952036114068736e-03 2.882207694196559089e-03 6.607660900932010861e-03 -9.032245270815142391e-03 0.000000000000000000e+00
3.026427652587281025e-03 1.896133467554905749e-04 2.063350477126524307e-03 3.369463518456683460e-03 7.041272237829243608e-03 -9.819251000492190684e-03 0.000000000000000000e+00
2.809703829996755553e-03 2.041521810518531765e-04 1.879524551340105987e-03 3.337853883762953444e-03 6.386582159760845201e-03 -9.096617104102033835e-03 0.000000000000000000e+00
3.060011809810726791e-03 2.524795631729248591e-04 2.009513539233231949e-03 3.861012558060039623e-03 6.791131977732067782e-03 -9.891599374152626467e-03 0.000000000000000000e+00
2.838308492754938739e-03 2.617815742276818902e-04 1.830809652825671208e-03 3.788355304057411388e-03 6.146484711031074966e-03 -9.165693668264918159e-03 0.000000000000000000e+00
3.088442407194476325e-03 3.144867838620890588e-04 1.957662742900601049e-03 4.345363862438667013e-03 6.521195473732532832e-03 -9.967962973555177797e-03 0.000000000000000000e+00
2.862461358001673617e-03 3.185414197781066825e-04 1.783538803368900361e-03 4.232594680381396302e-03 5.887740202718205751e-03 -9.236515466858996604e-03 0.000000000000000000e+00
3.112336949841844336e-03 3.754134198245551168e-04 1.907126469412934178e-03 4.823006919630223877e-03 6.230546938176928506e-03 -1.004450502420084490e-02 0.000000000000000000e+00
2.882217710571018110e-03 3.743641948876219594e-04 1.737690452446538636e-03 4.668986611177317059e-03 5.610777998028559921e-03 -9.306748160439859419e-03 0.000000000000000000e+00
3.131281999618450163e-03 4.354397242042895577e-04 1.858208677581241197e-03 5.290520125257991424e-03 5.921303807252975560e-03 -1.011915689095133075e-02 0.000000000000000000e+00
2.897683096951868265e-03 4.292150142060635609e-04 1.693012266006488353e-03 5.096105564684982880e-03 5.316286274724468797e-03 -9.373369463551384229e-03 0.000000000000000000e+00
3.145860357282356801e-03 4.942266129415173737e-04 1.810269444685541629e-03 5.747852886404558603e-03 5.592589966022742942e-03 -1.018779063851926736e-02 0.000000000000000000e+00
2.908935799349844642e-03 4.829951613339322769e-04 1.649415693713074393e-03 5.512129648777452928e-03 5.004880704875258601e-03 -9.433521239283315651e-03 0.000000000000000000e+00
3.155726138269761283e-03 5.519501576002894261e-04 1.763622681671184189e-03 6.191581870062634607e-03 5.246972087512791205e-03 -1.024856696142872892e-02 0.000000000000000000e+00
2.916114328810686177e-03 5.356274410592831714e-04 1.606668733383442849e-03 5.915381328203572764e-03 4.677575654294052754e-03 -9.484150392277346242e-03 0.000000000000000000e+00
3.161438454862851299e-03 6.082127433719719534e-04 1.717649164762413694e-03 6.620999787622317001e-03 4.883705763242041087e-03 -1.029680902399965348e-02 0.000000000000000000e+00
2.919337870404179434e-03 5.869914546943189038e-04 1.564673882570200014e-03 6.303962509771388056e-03 4.335420689998592536e-03 -9.522502537731014627e-03 0.000000000000000000e+00
3.162747254896625115e-03 6.631974829761078105e-04 1.672559183697186480e-03 7.032877988933705637e-03 4.505907423982158377e-03 -1.033051545739915866e-02 0.000000000000000000e+00
2.918742371000079827e-03 6.369471643365987035e-04 1.523224732123906744e-03 6.675756748657946105e-03 3.979550524100261555e-03 -9.545115906846923792e-03 0.000000000000000000e+00
3.160191078126095565e-03 7.164518668273944790e-04 1.627842756181774320e-03 7.426209398254002281e-03 4.113128164825674560e-03 -1.034552854261683308e-02 0.000000000000000000e+00
2.914493153751807064e-03 6.854035633232502533e-04 1.482218598201356929e-03 7.029032574316751436e-03 3.611496264094959940e-03 -9.549666577294502190e-03 0.000000000000000000e+00
3.153596619059631512e-03 7.681518136202214464e-04 1.583707818450574845e-03 7.797807056439509665e-03 3.708893015399894466e-03 -1.033973654637732054e-02 0.000000000000000000e+00
2.906770046182887736e-03 7.322029883212177737e-04 1.441510841923621111e-03 7.361705724181710764e-03 3.232849765674394860e-03 -9.533100406148520278e-03 0.000000000000000000e+00
3.143489284885669921e-03 8.178188412837905652e-04 1.539545653418128435e-03 8.146487658454049097e-03 3.293132972483459042e-03 -1.030866001308217150e-02 0.000000000000000000e+00
2.895746798438436284e-03 7.772149602484068609e-04 1.400879790078746190e-03 7.671927916526044555e-03 2.845334077372196901e-03 -9.492476018385875847e-03 0.000000000000000000e+00
3.129785857779093794e-03 8.656467355586117129e-04 1.495660858398806248e-03 8.469531725103784936e-03 2.869883617184321167e-03 -1.025117153896770716e-02 0.000000000000000000e+00
2.881642965367185727e-03 8.203150200932762814e-04 1.360234186397690781e-03 7.957999248693781169e-03 2.451009999762554514e-03 -9.425596041317430007e-03 0.000000000000000000e+00
3.112980554321298499e-03 9.111443060532131710e-04 1.451508396139389312e-03 8.765751327126203307e-03 2.439333633022400250e-03 -1.016332679372888848e-02 0.000000000000000000e+00
2.864667507744125818e-03 8.613578116359321690e-04 1.319430278924282884e-03 8.218264728991897528e-03 2.051996826932800388e-03 -9.330199336773592478e-03 0.000000000000000000e+00
3.093077520280124171e-03 9.545451694575324275e-04 1.407289113765475275e-03 9.033157478610220892e-03 2.005956945971831829e-03 -1.004429875292656149e-02 0.000000000000000000e+00
2.845054783315863201e-03 9.002326652076120261e-04 1.278389597368478903e-03 8.451416153631541306e-03 1.650559855304933876e-03 -9.204603988496096179e-03 0.000000000000000000e+00
3.070551792994820339e-03 9.953297369700853103e-04 1.362464394226103881e-03 9.270481958314924498e-03 1.570309019797377914e-03 -9.890400294754631005e-03 0.000000000000000000e+00
2.823048887731126333e-03 9.368072437203611713e-04 1.236867864443769172e-03 8.656214464344280657e-03 1.249215341166731719e-03 -9.046768871833865688e-03 0.000000000000000000e+00
3.045479114881073646e-03 1.033766800255464524e-03 1.317347768668597485e-03 9.476659760872863103e-03 1.137094761919144048e-03 -9.702137736626870179e-03 0.000000000000000000e+00
2.798903249597209375e-03 9.710039226822342329e-04 1.194877587098408522e-03 8.831959397480382279e-03 8.504659188801610981e-04 -8.856228186678638536e-03 0.000000000000000000e+00
3.018295307968210661e-03 1.069368481543320204e-03 1.271393006659571334e-03 9.650916440255841167e-03 7.070424444588496726e-04 -9.476853463764367547e-03 0.000000000000000000e+00
2.772874504828673481e-03 1.002708926749307228e-03 1.152256299919718341e-03 8.977963390485399486e-03 4.569271233019200906e-04 -8.631857881395976761e-03 0.000000000000000000e+00
2.989164941966132583e-03 1.102445672819252209e-03 1.224894265872411570e-03 9.793020080217651469e-03 2.851616213210839135e-04 -9.215735694787952070e-03 0.000000000000000000e+00
2.745237309817599725e-03 1.031852974605895756e-03 1.108811960103928129e-03 9.094071988059226896e-03 7.129733301969309878e-05 -8.373209762375655174e-03 0.000000000000000000e+00
2.958473827070914886e-03 1.132505615963008694e-03 1.177368452260574294e-03 9.902478391270008728e-03 -1.277944942201791889e-04 -8.916988837373462928e-03 0.000000000000000000e+00
2.716251723387679007e-03 1.058400025898520447e-03 1.064667468594959754e-03 9.180464578819602650e-03 -3.038241809565356277e-04 -8.081404292196836536e-03 0.000000000000000000e+00
2.926442402352569250e-03 1.159938777678726218e-03 1.129064549633074233e-03 9.980268502610911696e-03 -5.268364600592434499e-04 -8.583006205328036486e-03 0.000000000000000000e+00
2.686202397578885126e-03 1.082272852491850124e-03 1.019495452804108915e-03 9.237295842055459616e-03 -6.656768145933966707e-04 -7.755852721015976670e-03 0.000000000000000000e+00
2.893421349333152870e-03 1.184254148900998338e-03 1.079577889760929832e-03 1.002606711279518947e-02 -9.112176029111296316e-04 -8.212807286027690168e-03 0.000000000000000000e+00
2.655333666950254745e-03 1.103484204270088753e-03 9.733942564182918034e-04 9.265531665994863886e-03 -1.011856248073872422e-03 -7.398754274663410513e-03 0.000000000000000000e+00
2.859666886452977286e-03 1.205920272559113382e-03 1.029189848865241785e-03 1.004186040761911869e-02 -1.276171999793351830e-03 -7.809895544961698022e-03 0.000000000000000000e+00
2.623935869089433215e-03 1.122028152249820998e-03 9.262295500673811688e-04 9.266049387641750457e-03 -1.339786261946862567e-03 -7.011230063730611306e-03 0.000000000000000000e+00
2.825460603946991500e-03 1.224433486349763012e-03 9.774363170936273271e-04 1.002743523461990804e-02 -1.621134772118004719e-03 -7.373770219637698631e-03 0.000000000000000000e+00
2.592255370503490641e-03 1.137927046582054569e-03 8.780183524415008378e-04 9.240020188534536771e-03 -1.647249899228597769e-03 -6.595432374800758168e-03 0.000000000000000000e+00
2.791083984583206390e-03 1.240348472204055863e-03 9.246313930875160736e-04 9.985642857688326046e-03 -1.941713784977316948e-03 -6.909002839304623222e-03 0.000000000000000000e+00
2.560531302336258030e-03 1.151204141406569903e-03 8.286389906445590370e-04 9.188636885869350124e-03 -1.932043479540013209e-03 -6.153134411998273379e-03 0.000000000000000000e+00
2.756782964328768903e-03 1.253207263116173920e-03 8.704427981129359004e-04 9.916464370832045461e-03 -2.237648641905565228e-03 -6.416230379910459192e-03 0.000000000000000000e+00
2.528999571131618218e-03 1.161921167752710815e-03 7.781121030856485987e-04 9.113421382671127446e-03 -2.192282690241853516e-03 -5.687185742468514604e-03 0.000000000000000000e+00
2.722831974827699675e-03 1.263603862589057769e-03 8.151551945709267777e-04 9.823181581678497309e-03 -2.505104151072856666e-03 -5.900278823953275520e-03 0.000000000000000000e+00
2.497865024830930869e-03 1.170157799677273847e-03 7.263892507238245422e-04 9.015864221102454223e-03 -2.426294308954357604e-03 -5.200208403971728899e-03 0.000000000000000000e+00
2.689383428801400688e-03 1.271071858559957857e-03 7.583890829225281571e-04 9.705434978792837342e-03 -2.744214352202956064e-03 -5.361910751256804275e-03 0.000000000000000000e+00
2.467328100076410236e-03 1.176001665267212282e-03 6.734739435518832806e-04 8.897461070175083364e-03 -2.632612124847000246e-03 -4.695193360556348949e-03 0.000000000000000000e+00
2.656708914719599357e-03 1.276298911119577717e-03 7.005208918846039801e-04 9.567093062270437542e-03 -2.951902022055197250e-03 -4.806912355255210656e-03 0.000000000000000000e+00
2.437555904679714058e-03 1.179553573078695461e-03 6.194149581476016131e-04 8.759697370615882051e-03 -2.810175587867114189e-03 -4.175194766060652540e-03 0.000000000000000000e+00
2.624896369765900017e-03 1.278783386215120998e-03 6.411746204729174003e-04 9.407147620302147573e-03 -3.128598832506934713e-03 -4.235807001188529597e-03 0.000000000000000000e+00
2.408680476521873892e-03 1.180918105904205095e-03 5.641100806235699316e-04 8.603790923109144728e-03 -2.957970255618391775e-03 -3.642948622675223902e-03 0.000000000000000000e+00
2.594200125168297233e-03 1.279302065923915155e-03 5.807810135920465910e-04 9.229856870408781333e-03 -3.272087869004458582e-03 -3.654922964394291540e-03 0.000000000000000000e+00
2.380816951353545430e-03 1.180233684432097085e-03 5.076902378585157471e-04 8.431227592475387667e-03 -3.075666650282027348e-03 -3.102099942505542884e-03 0.000000000000000000e+00
2.564568357104918261e-03 1.277317048576698255e-03 5.189042639150431846e-04 9.033427775197111487e-03 -3.383354742296340589e-03 -3.064543299818200950e-03 0.000000000000000000e+00
2.354076784346390006e-03 1.177603760262324606e-03 4.501097365214312696e-04 8.242901185965934019e-03 -3.162727877729754056e-03 -2.555193421201362725e-03 0.000000000000000000e+00
2.536252676858807842e-03 1.273646416148077609e-03 4.560781979581207679e-04 8.822172358150304206e-03 -3.460936038050199670e-03 -2.471031623022312829e-03 0.000000000000000000e+00
2.328493287126864875e-03 1.173169641807247920e-03 3.914534771719546669e-04 8.039893386426300026e-03 -3.219416426919696761e-03 -2.005604874979471930e-03 0.000000000000000000e+00
2.509124374670435031e-03 1.267743513655217313e-03 3.918248796148104951e-04 8.593713069387831638e-03 -3.506284314622742926e-03 -1.874569996126229654e-03 0.000000000000000000e+00
2.304077389973374634e-03 1.167030869005047933e-03 3.317527160374700301e-04 7.822798509170780790e-03 -3.246042902214085757e-03 -1.456060459626318249e-03 0.000000000000000000e+00
2.483376618255983548e-03 1.260422668228122767e-03 3.266915095833100580e-04 8.352111048774979452e-03 -3.518707128765008463e-03 -1.281056312663952923e-03 0.000000000000000000e+00
2.280846635398570132e-03 1.159351834385258240e-03 2.710328669436323779e-04 7.592385890400343840e-03 -3.243223669721295721e-03 -9.094654848156302762e-04 0.000000000000000000e+00
2.458763495819610290e-03 1.251080121583314497e-03 2.602643318803665728e-04 8.094292239382738785e-03 -3.500330734299339497e-03 -6.906743789705238612e-04 0.000000000000000000e+00
2.258740348889426430e-03 1.150190875181866801e-03 2.093949578992893024e-04 7.348836884552234494e-03 -3.211931031989578855e-03 -3.683352861014732582e-04 0.000000000000000000e+00
2.435478678984581702e-03 1.240600367937494397e-03 1.930790967030748817e-04 7.824447577343462967e-03 -3.451086575304795900e-03 -1.089792984818593879e-04 0.000000000000000000e+00
2.237697025038509757e-03 1.139656567951785604e-03 1.467830759478427893e-04 7.092300251051675275e-03 -3.153189551941881774e-03 1.652124369750929134e-04 0.000000000000000000e+00
2.413136833206708243e-03 1.228300111259905680e-03 1.247609848903374896e-04 7.538765339422326406e-03 -3.373814783678152907e-03 4.639467965232846325e-04 0.000000000000000000e+00
2.217613405473051191e-03 1.127833637118658139e-03 8.339570222243297692e-05 6.823046954398392927e-03 -3.068772189923851812e-03 6.883190768705027551e-04 0.000000000000000000e+00
2.391942776443028995e-03 1.215019363061620172e-03 5.571716128999204543e-05 7.241079182463749930e-03 -3.268562236950600663e-03 1.023989426473193021e-03 0.000000000000000000e+00
2.198375101260641173e-03 1.114800791064185503e-03 1.923717296886673367e-05 6.540999706487582444e-03 -2.960279114640140818e-03 1.199115910578196775e-03 0.000000000000000000e+00
2.371370465455685528e-03 1.200002775125719179e-03 -1.430093709225976895e-05 6.927134403395207585e-03 -3.139075068238295074e-03 1.570759165046453631e-03 0.000000000000000000e+00
2.179802209423098436e-03 1.100547348924563185e-03 -4.566288310514643456e-05 6.245664920761839767e-03 -2.829532173048043830e-03 1.696147111633017346e-03 0.000000000000000000e+00
2.351623042674833020e-03 1.184156938054403696e-03 -8.482870870196723700e-05 6.601268900698009645e-03 -2.986178094021241236e-03 2.100078566038110495e-03 0.000000000000000000e+00
2.161704723287166674e-03 1.085116051650569791e-03 -1.112066876771122814e-04 5.936955782843256202e-03 -2.678919467644647057e-03 2.177432487873609546e-03 0.000000000000000000e+00
2.332143591031593521e-03 1.166583126153641903e-03 -1.562796782889064318e-04 6.258317667681367880e-03 -2.813318093842553935e-03 2.613037416652641554e-03 0.000000000000000000e+00
2.143903489999376966e-03 1.068469703108199109e-03 -1.773524338220533458e-04 5.614451209274839982e-03 -2.510599636076360497e-03 2.641819539113132720e-03 0.000000000000000000e+00
2.313030986180686366e-03 1.148142982589972494e-03 -2.280585571518556343e-04 5.902794067663030830e-03 -2.622303148425153552e-03 3.105574914391340258e-03 0.000000000000000000e+00
2.126180957328777099e-03 1.050622667033845881e-03 -2.439850107157082171e-04 5.278061448700022140e-03 -2.327270511770507255e-03 3.087810237467181196e-03 0.000000000000000000e+00
2.293676267364846977e-03 1.127850015713943721e-03 -3.007057558104264672e-04 5.529102351725434517e-03 -2.416605266242211059e-03 3.579450429251895827e-03 0.000000000000000000e+00
2.108300488049191790e-03 1.031465136223319590e-03 -3.111379526090640724e-04 4.927158884336257927e-03 -2.131326074582329255e-03 3.514890370158063604e-03 0.000000000000000000e+00
2.274231075075322517e-03 1.106599683006109780e-03 -3.735408641508120020e-04 5.142411483267217420e-03 -2.198444884851102898e-03 4.030859029335420729e-03 0.000000000000000000e+00
2.090019367132156525e-03 1.010918033394703208e-03 -3.786616470810022506e-04 4.561643768931311627e-03 -1.925675740840127048e-03 3.922115722167163199e-03 0.000000000000000000e+00
2.253961697481265958e-03 1.083276784920594871e-03 -4.470690606717120374e-04 4.736867589415716395e-03 -1.971770956386009743e-03 4.461812674276810498e-03 0.000000000000000000e+00
2.071072219590186503e-03 9.888328685676017749e-04 -4.466629535939681261e-04 4.180906958609398316e-03 -1.712792575279564744e-03 4.309583588558041356e-03 0.000000000000000000e+00
2.233077375436015588e-03 1.058757084345107735e-03 -5.206869884202269816e-04 4.317915899486379772e-03 -1.738605494505218729e-03 4.869536955038444859e-03 0.000000000000000000e+00
2.051202876161395405e-03 9.651127319145191841e-04 -5.149313719137182943e-04 3.785278783619006049e-03 -1.495990462869745130e-03 4.676384879805262074e-03 0.000000000000000000e+00
2.210834185859295031e-03 1.031842040586761211e-03 -5.949852307735592483e-04 3.879569425096818236e-03 -1.502755444022341180e-03 5.256530066078290986e-03 0.000000000000000000e+00
2.030123868077576832e-03 9.395619109082709031e-04 -5.834826600330522695e-04 3.374446943777087426e-03 -1.277987292354065829e-03 5.022776301093934137e-03 0.000000000000000000e+00
2.187408456952227853e-03 1.003381929361640834e-03 -6.692741815158553820e-04 3.427840732230791332e-03 -1.266626740683118868e-03 5.620413272893198808e-03 0.000000000000000000e+00
2.007644013796050508e-03 9.120327817785101043e-04 -6.523106481884921592e-04 2.948629633904964464e-03 -1.061289253383446152e-03 5.349098683340880456e-03 0.000000000000000000e+00
2.161978398586172911e-03 9.720785332275327928e-04 -7.441292351518247195e-04 2.956750829335774711e-03 -1.034256735538363614e-03 5.963790194719376103e-03 0.000000000000000000e+00
1.983413286457041957e-03 8.822858804779509789e-04 -7.213714391382519686e-04 2.507914653637755009e-03 -8.491434118824692234e-04 5.655616657552098303e-03 0.000000000000000000e+00
2.134888530374523530e-03 9.388709040109854964e-04 -8.189373175259695437e-04 2.472987032730245005e-03 -8.073207399199588963e-04 6.285014716730152884e-03 0.000000000000000000e+00
1.957231073789089670e-03 8.501030866359948757e-04 -7.906583385607346415e-04 2.052642302635909743e-03 -6.438218038029575041e-04 5.943226656921041240e-03 0.000000000000000000e+00
2.105217766179362515e-03 9.023346022142275658e-04 -8.942408603447860038e-04 1.970641654494897921e-03 -5.900660446336303266e-04 6.586896252145812980e-03 0.000000000000000000e+00
1.928839075828830962e-03 8.153055646840656756e-04 -8.601252418830585000e-04 1.583515461442530636e-03 -4.482106763008530947e-04 6.212262930204381917e-03 0.000000000000000000e+00
2.073305702695454888e-03 8.634174553366902316e-04 -9.694159989711015335e-04 1.456837513023501174e-03 -3.842054830416330446e-04 6.868181684110741259e-03 0.000000000000000000e+00
1.898021218891127182e-03 7.776667595027486612e-04 -9.297865847039954446e-04 1.101140972855851885e-03 -2.644570100018839298e-04 6.463912560207951685e-03 0.000000000000000000e+00
2.038286143642903392e-03 8.206646392960870173e-04 -1.045113166979305674e-03 9.257166050486986819e-04 -1.932267992978964344e-04 7.132084148643080823e-03 0.000000000000000000e+00
1.864479254210349435e-03 7.369288437267529357e-04 -9.995469763933728657e-04 6.065017826886176522e-04 -9.543846986659332288e-05 6.698785990647326827e-03 0.000000000000000000e+00
2.000579908595312428e-03 7.750980761446479850e-04 -1.120629847427001557e-03 3.851426328189688775e-04 -1.832327362283336925e-05 7.377700169131085062e-03 0.000000000000000000e+00
1.828023455832356037e-03 6.929173920145192955e-04 -1.069472800474147167e-03 1.004410574250158561e-04 5.695124417437469333e-05 6.918185259151776734e-03 0.000000000000000000e+00
1.959242517223985791e-03 7.252095593399954243e-04 -1.196617678238975913e-03 -1.704850533341684127e-04 1.366979610053498106e-04 7.607988986528813058e-03 0.000000000000000000e+00
1.788418403412123103e-03 6.453904750406691537e-04 -1.139532664248266158e-03 -4.158636222779676928e-04 1.908327355399919156e-04 7.123330845800079913e-03 0.000000000000000000e+00
1.914770735312543160e-03 6.721272275354017722e-04 -1.272376990194834523e-03 -7.328636864789572769e-04 2.712707616119303111e-04 7.822289922609915180e-03 0.000000000000000000e+00
1.745499547038842358e-03 5.942127296269805736e-04 -1.209669802611557099e-03 -9.408567219226782186e-04 3.043151098225393980e-04 7.315130479411013908e-03 0.000000000000000000e+00
1.866159249557075572e-03 6.142616320977123401e-04 -1.348616072319730463e-03 -1.307719760818670807e-03 3.820258972471179959e-04 8.023911461003230272e-03 0.000000000000000000e+00
1.699012977500719002e-03 5.391967091422922298e-04 -1.279917487843784674e-03 -1.473262154326526741e-03 3.957281514619381824e-04 7.494867309310038195e-03 0.000000000000000000e+00
1.814011109942059718e-03 5.528833548750222704e-04 -1.424554237302588788e-03 -1.885906031978024089e-03 4.688891016613183638e-04 8.212034940129342431e-03 0.000000000000000000e+00
1.648807258984391622e-03 4.802302192524199320e-04 -1.350231080438080156e-03 -2.011332866999282487e-03 4.637629197263848368e-04 7.663648534886657870e-03 0.000000000000000000e+00
1.757287442984534209e-03 4.864581221394326249e-04 -1.500897005526968808e-03 -2.472952328528954524e-03 5.288240270999722270e-04 8.389706422526899132e-03 0.000000000000000000e+00
1.594647949223121364e-03 4.171914829391720758e-04 -1.420558083766454427e-03 -2.553272183616783764e-03 5.069618014594823308e-04 7.822482789370699408e-03 0.000000000000000000e+00
1.696660000598815277e-03 4.163316114490500652e-04 -1.576933496543420077e-03 -3.059643134418976729e-03 5.625117626024689343e-04 8.556426895028224067e-03 0.000000000000000000e+00
1.536380912988410952e-03 3.500399815602461828e-04 -1.490873902472933388e-03 -3.097241904385761302e-03 5.245341705446548985e-04 7.972378179588623937e-03 0.000000000000000000e+00
1.631006017335262515e-03 3.409840632440097608e-04 -1.653305781522895757e-03 -3.651094852584968464e-03 5.668712680191312359e-04 8.714921177176648825e-03 0.000000000000000000e+00
1.473849947049910014e-03 2.787832035271720077e-04 -1.561179540400470245e-03 -3.641203625611488803e-03 5.158258621285050083e-04 8.114362158404109238e-03 0.000000000000000000e+00
1.561089309388696833e-03 2.619293757422369584e-04 -1.729188835940254076e-03 -4.237548646165656407e-03 5.431900365433506295e-04 8.864256940144255026e-03 0.000000000000000000e+00
1.406831881937187223e-03 2.034368425238297640e-04 -1.631366316672877570e-03 -4.182954797556703852e-03 4.799692289649826193e-04 8.249231283631086598e-03 0.000000000000000000e+00
1.485762386034594762e-03 1.777202611378536634e-04 -1.805340660523346852e-03 -4.824192953711836651e-03 4.889886630357054287e-04 9.007195811406631947e-03 0.000000000000000000e+00
1.335176364068380028e-03 1.240541005275430653e-04 -1.701383396124855896e-03 -4.720254329680706462e-03 4.165947489687127359e-04 8.377618487804383562e-03 0.000000000000000000e+00
1.405817032245959552e-03 9.001066450070593916e-05 -1.880920424647880562e-03 -5.401178903195358316e-03 4.061344194790095230e-04 9.142748155266389176e-03 0.000000000000000000e+00
1.258758310068219810e-03 4.084534823300955964e-05 -1.771181530796694936e-03 -5.250652670119926313e-03 3.257533739615681156e-04 8.500232222384607184e-03 0.000000000000000000e+00
1.320074949415273036e-03 -2.560614830393603825e-06 -1.956533957540362856e-03 -5.972892374492388967e-03 2.920319711590124712e-04 9.272973395803241203e-03 0.000000000000000000e+00
1.177322193066820954e-03 -4.608300994640712744e-05 -1.840640275607208221e-03 -5.771938352101990688e-03 2.071298174963764893e-04 8.617433340836644362e-03 0.000000000000000000e+00
1.229421092894700251e-03 -9.818292472899003975e-05 -2.031401352296513529e-03 -6.529675183630345714e-03 1.494219432225385447e-04 9.396851472711187370e-03 0.000000000000000000e+00
1.090826545593670538e-03 -1.363758785936919349e-04 -1.909687367519508072e-03 -6.281293268341592295e-03 6.130007681504068273e-05 8.729709649801353777e-03 0.000000000000000000e+00
1.132557374860010402e-03 -1.981697025480733121e-04 -2.106112551682470801e-03 -7.075834992340546137e-03 -2.410646021511198001e-05 9.516327920404243912e-03 0.000000000000000000e+00
9.990546221559926110e-04 -2.297441987139381414e-04 -1.978179060885876250e-03 -6.776063573540547225e-03 -1.116707225268243064e-04 8.837157754763236284e-03 0.000000000000000000e+00
1.030544505915553799e-03 -3.004395122637726345e-04 -2.179796978921511030e-03 -7.601306490221837464e-03 -2.251446141525725864e-04 9.629770518402747115e-03 0.000000000000000000e+00
9.018483426720957929e-04 -3.258932232158007203e-04 -2.046025355173064497e-03 -7.253993005176262443e-03 -3.112363277160135056e-04 8.940085104993666931e-03 0.000000000000000000e+00
9.219658897217652971e-04 -4.062628313901139876e-04 -2.253025769947236689e-03 -8.110021787405052862e-03 -4.562526399070065963e-04 9.739095997294722196e-03 0.000000000000000000e+00
7.991571866868829588e-04 -4.242445270489225706e-04 -2.113048393421357307e-03 -7.711769382157562802e-03 -5.364811125714297191e-04 9.038324218667348475e-03 0.000000000000000000e+00
8.080105941941084780e-04 -5.133829681841506343e-04 -2.324937040237784469e-03 -8.592433776873242834e-03 -7.130663203502862757e-04 9.842518524894927623e-03 0.000000000000000000e+00
6.908018861300213587e-04 -5.243768747877075587e-04 -2.179093119202502038e-03 -8.147059504227449622e-03 -7.867925188511648571e-04 9.131906992997151917e-03 0.000000000000000000e+00
6.872153448613249616e-04 -6.229922377843921666e-04 -2.396058164148340275e-03 -9.052047896555670548e-03 -9.980397384623529433e-04 9.941759044889142416e-03 0.000000000000000000e+00
5.767500404413872239e-04 -6.256312647237860514e-04 -2.243951219191686608e-03 -8.556538646916855839e-03 -1.060917539557504341e-03 9.220602951225398414e-03 0.000000000000000000e+00
5.608651520770946419e-04 -7.326708004743998082e-04 -2.465521312500829065e-03 -9.479554601350415055e-03 -1.306613583595517269e-03 1.003502232573749708e-02 0.000000000000000000e+00
4.569116327224342911e-04 -7.274447647120374505e-04 -2.307487135073227336e-03 -8.937870638145994917e-03 -1.357736206005100144e-03 9.304476553604335010e-03 0.000000000000000000e+00
4.275231087126352136e-04 -8.434080888209960492e-04 -2.533694734239422264e-03 -9.877651535345144396e-03 -1.640855712782052223e-03 1.012346451868628705e-02 0.000000000000000000e+00
3.312248527087557903e-04 -8.291202895756299984e-04 -2.369465165707129728e-03 -9.288203221831992096e-03 -1.676078472695685662e-03 9.383182694787439715e-03 0.000000000000000000e+00
2.885835884267051732e-04 -9.527512128956472370e-04 -2.599762773851932440e-03 -1.023783027495728248e-02 -1.995733906863694784e-03 1.020559855404812311e-02 0.000000000000000000e+00
1.997731748408226871e-04 -9.298414536529631125e-04 -2.429687639495248241e-03 -9.604665134788525904e-03 -2.014141215712417221e-03 9.456723253890242376e-03 0.000000000000000000e+00
1.426612144375116742e-04 -1.061464813558593567e-03 -2.664095473845939921e-03 -1.056239675403514156e-02 -2.373123484448402820e-03 1.028273209494390272e-02 0.000000000000000000e+00
6.251662756362463824e-05 -1.028887024401570205e-03 -2.487903662307777708e-03 -9.884585227254660822e-03 -2.370632329699695617e-03 9.524911185343043485e-03 0.000000000000000000e+00
-8.727548753528768799e-06 -1.167078062121684745e-03 -2.725802844977698314e-03 -1.084344487462018947e-02 -2.767641089056027681e-03 1.035323040771274350e-02 0.000000000000000000e+00
-8.039198326370566861e-05 -1.125356149839162878e-03 -2.543869144994603815e-03 -1.012526200281094191e-02 -2.743727597274592256e-03 9.587704353015258363e-03 0.000000000000000000e+00
-1.669521457237643780e-04 -1.270250540922862603e-03 -2.785262087601714232e-03 -1.108310064925710492e-02 -3.181015823248145580e-03 1.041878711647759026e-02 0.000000000000000000e+00
-2.288158759978231593e-04 -1.218380627067139343e-03 -2.597293872901168532e-03 -1.032399915154424974e-02 -3.131644078592898950e-03 9.645089057451317061e-03 0.000000000000000000e+00
-3.302397360295805662e-04 -1.368365436402479984e-03 -2.841523713318444555e-03 -1.127369775616138270e-02 -3.607480325331202664e-03 1.047774654969102492e-02 0.000000000000000000e+00
-3.825242643647475127e-04 -1.307029254566549614e-03 -2.647984812001430432e-03 -1.047867949926928333e-02 -3.532247642292318801e-03 9.697411149625745352e-03 0.000000000000000000e+00
-4.999130025885589745e-04 -1.462018444488760727e-03 -2.894949918306216619e-03 -1.141720452172378941e-02 -4.048598980555873084e-03 1.053213198979086052e-02 0.000000000000000000e+00
-5.412296729885301971e-04 -1.390328654966938027e-03 -2.695574157556723804e-03 -1.058647739193752102e-02 -3.943690739337757378e-03 9.744775804062077995e-03 0.000000000000000000e+00
-6.740289912357533275e-04 -1.548657799790964518e-03 -2.944604953328627817e-03 -1.150695555315373042e-02 -4.498501632145934792e-03 1.058054192462276610e-02 0.000000000000000000e+00
-7.045726415770281470e-04 -1.467360842651810326e-03 -2.739874572032702238e-03 -1.064548411460641830e-02 -4.363750320732329158e-03 9.787898672691142110e-03 0.000000000000000000e+00
-8.537408028151949324e-04 -1.628656982825993360e-03 -2.990755018138807619e-03 -1.154419561858777143e-02 -4.958300890671729633e-03 1.062540368334796703e-02 0.000000000000000000e+00
-8.721026976830081878e-04 -1.537120813080911086e-03 -2.780496973531915161e-03 -1.065318921604152536e-02 -4.790260747216557036e-03 9.827082662992259188e-03 0.000000000000000000e+00
-1.036872227512697364e-03 -1.699576480786391119e-03 -3.032588237826483457e-03 -1.152343528235100223e-02 -5.421957574556213189e-03 1.066573216100041854e-02 0.000000000000000000e+00
-1.043298618169763436e-03 -1.598677268737830337e-03 -2.817217413805889192e-03 -1.060784921199164899e-02 -5.220925532989806328e-03 9.863376593599593178e-03 0.000000000000000000e+00
-1.224441684646859763e-03 -1.761704925481860640e-03 -3.070221265815326062e-03 -1.144508186454462617e-02 -5.890593417853917657e-03 1.070422325330988578e-02 0.000000000000000000e+00
-1.217498455836352189e-03 -1.651046318323134976e-03 -2.849700997409138070e-03 -1.050720035127294949e-02 -5.653293268318204667e-03 9.897593353104472413e-03 0.000000000000000000e+00
-1.414095316547459014e-03 -1.812786874130556392e-03 -3.102908902531176238e-03 -1.130496153410565086e-02 -6.358071252297925469e-03 1.074027518096976053e-02 0.000000000000000000e+00
-1.394008777502120378e-03 -1.693332126790514369e-03 -2.877702860978520460e-03 -1.034962895359292645e-02 -6.085088781912162403e-03 9.931054194252109113e-03 0.000000000000000000e+00
-1.606620425609717184e-03 -1.853026160909487796e-03 -3.130745765513781587e-03 -1.110271781253757695e-02 -6.825165968233015690e-03 1.077706819051416076e-02 0.000000000000000000e+00
-1.571966359938892221e-03 -1.724605741700691031e-03 -2.900864821798465609e-03 -1.013293112340107882e-02 -6.513559179122552223e-03 9.964977744506997581e-03 0.000000000000000000e+00
-1.799446889494016322e-03 -1.880390177570245847e-03 -3.153030473539236711e-03 -1.083534002215458258e-02 -7.285888729478440240e-03 1.081420833657720237e-02 0.000000000000000000e+00
-1.750494983832395768e-03 -1.744105074604596073e-03 -2.918928412602828093e-03 -9.855695646709072832e-03 -6.936377279595173917e-03 1.000091322492302481e-02 0.000000000000000000e+00
-1.993149245767489308e-03 -1.895024894447538966e-03 -3.169798356145892004e-03 -1.050130098406132362e-02 -7.740642554874277437e-03 1.085542737716638229e-02 0.000000000000000000e+00
-1.928544918558372512e-03 -1.751015583678627863e-03 -2.931576918747735849e-03 -9.515881628777478340e-03 -7.350885192002998281e-03 1.004050868782635497e-02 0.000000000000000000e+00
-2.184976372028857305e-03 -1.895240792198105151e-03 -3.180453636847269117e-03 -1.009903662759992216e-02 -8.183420970696353436e-03 1.090059443704527453e-02 0.000000000000000000e+00
-2.105092755606857713e-03 -1.744723413321824790e-03 -2.938611146502428939e-03 -9.112196269488670453e-03 -7.754659040990929952e-03 1.008564684104684694e-02 0.000000000000000000e+00
-2.375240484924379114e-03 -1.881158961843154565e-03 -3.184862698872303888e-03 -9.625704315125105381e-03 -8.614339932906389663e-03 1.095358518152655947e-02 0.000000000000000000e+00
-2.278839379701497192e-03 -1.724577699375562378e-03 -2.939665206546288045e-03 -8.642453291852092434e-03 -8.144594318998610305e-03 1.013813130427010378e-02 0.000000000000000000e+00
-2.561125089325044790e-03 -1.851506842692418608e-03 -3.182686792668976139e-03 -9.081157833600528306e-03 -9.027785772030227918e-03 1.101482106632190039e-02 0.000000000000000000e+00
-2.448604231845813439e-03 -1.690153572872443721e-03 -2.934505306806750591e-03 -8.105167995718254303e-03 -8.518410786664265544e-03 1.019997127613114785e-02 0.000000000000000000e+00
-2.742660016240544563e-03 -1.806415217225465497e-03 -3.173649486027080302e-03 -8.461046614844924818e-03 -9.423193158452747298e-03 1.108831814677602168e-02 0.000000000000000000e+00
-2.612985626761515912e-03 -1.641039079647244048e-03 -2.922916113878182287e-03 -7.498532449881523121e-03 -8.872882197132447857e-03 1.027343528110535864e-02 0.000000000000000000e+00
-2.916956619113952875e-03 -1.745084431650389956e-03 -3.157471759405006129e-03 -7.766324711417027515e-03 -9.795264299710559897e-03 1.117436286837847348e-02 0.000000000000000000e+00
-2.770636464341447169e-03 -1.577033023911378340e-03 -2.904626710922980637e-03 -6.820731100592780649e-03 -9.205356647826068439e-03 1.036049437814279273e-02 0.000000000000000000e+00
-3.083821232247235811e-03 -1.667675311659566617e-03 -3.133932444907533421e-03 -6.991723878602584819e-03 -1.014273409531396553e-02 1.127764147144416640e-02 0.000000000000000000e+00
-2.920100492664168268e-03 -1.498021950207706343e-03 -2.879400208873894584e-03 -6.069712290535989041e-03 -9.512816696791048798e-03 1.046344959353917581e-02 0.000000000000000000e+00
-3.240377812759737131e-03 -1.573901667825894357e-03 -3.102789068521905058e-03 -6.138957218992047160e-03 -1.046059782724073628e-02 1.139793310277292804e-02 0.000000000000000000e+00
-3.059891102384332262e-03 -1.404020965852126324e-03 -2.847076417547167448e-03 -5.243814017507730796e-03 -9.792111936800740324e-03 1.058446218880004785e-02 0.000000000000000000e+00
-3.386271170540133824e-03 -1.464040787048204173e-03 -3.063791062787896147e-03 -5.201164216209974711e-03 -1.074699516342736416e-02 1.154040612744000605e-02 0.000000000000000000e+00
-3.188512178976588007e-03 -1.295217945880944299e-03 -2.807386300337166851e-03 -4.340613838758500265e-03 -1.004005176563760315e-02 1.072556650107525655e-02 0.000000000000000000e+00
-3.518725258475352557e-03 -1.338299239295348553e-03 -3.016867786238830451e-03 -4.181853750434783024e-03 -1.099704036667548124e-02 1.170451199569377820e-02 0.000000000000000000e+00
-3.304506728540768101e-03 -1.171933638058175742e-03 -2.760259089887140416e-03 -3.358379581438697414e-03 -1.025326297256912156e-02 1.088914172107235956e-02 0.000000000000000000e+00
-3.637143423373873086e-03 -1.197035167376347964e-03 -2.961562021235458753e-03 -3.072353128865223937e-03 -1.120772571341710488e-02 1.189513847964640547e-02 0.000000000000000000e+00
0.000000000000000000e+00 0.000000000000000000e+00 0.000000000000000000e+00 0.000000000000000000e+00 0.000000000000000000e+00 0.000000000000000000e+00 0.000000000000000000e+00
