-1.148307261232717202e-03 1.470381387243535620e-03 4.152669165822797659e-04 4.107823617945705053e-03 -9.021599571394922634e-03 -1.304238587419126461e-03 0.000000000000000000e+00
-1.018646501670855686e-03 1.373572255578880963e-03 3.824966157112419385e-04 3.830216493399873912e-03 -8.287986967706828523e-03 -1.188013836239898424e-03 0.000000000000000000e+00
-1.057996216352330432e-03 1.504301462803447897e-03 4.127467123969663643e-04 4.189494175484753669e-03 -8.934964743157358669e-03 -1.267521392099180133e-03 0.000000000000000000e+00
-9.337809374609096214e-04 1.402357423716971141e-03 3.789577915162267718e-04 3.903131988788999251e-03 -8.206346372668704703e-03 -1.150388726617990187e-03 0.000000000000000000e+00
-9.645914927750298684e-04 1.532747774236176141e-03 4.076775206059701784e-04 4.265729087559400057e-03 -8.844632225698756400e-03 -1.223187667143577073e-03 0.000000000000000000e+00
-8.467403537100182120e-04 1.426132003314373176e-03 3.730435985693225653e-04 3.970455139638673359e-03 -8.121985524522479238e-03 -1.105656415321121244e-03 0.000000000000000000e+00
-8.695598047620822779e-04 1.555907648766674534e-03 4.000094408278531688e-04 4.335431638521569653e-03 -8.752166896139002006e-03 -1.170755564350756117e-03 0.000000000000000000e+00
-7.580699819820235774e-04 1.445143873827270387e-03 3.649266709534471076e-04 4.032373338676897845e-03 -8.034956281914862330e-03 -1.053990712237329319e-03 0.000000000000000000e+00
-7.725818733763101243e-04 1.574018784090580603e-03 3.899701367111318984e-04 4.400170899439892480e-03 -8.656166377366769638e-03 -1.110504516401711328e-03 0.000000000000000000e+00
-6.682486857093883348e-04 1.459649884500202610e-03 3.545598491879187186e-04 4.089323430421565320e-03 -7.945315236705052797e-03 -9.947990024696817812e-04 0.000000000000000000e+00
-6.751286245485210724e-04 1.587402653368374938e-03 3.776966273601745083e-04 4.458702620144805451e-03 -8.558068084621783811e-03 -1.042759597344788958e-03 0.000000000000000000e+00
-5.778061875056916818e-04 1.469896204051690525e-03 3.421989139459069573e-04 4.141320761303468601e-03 -7.853179266150700499e-03 -9.283856291337766464e-04 0.000000000000000000e+00
-5.767118189393960481e-04 1.596291729598353637e-03 3.631533958857458000e-04 4.512919219271438465e-03 -8.456381212187391583e-03 -9.666044554992314630e-04 0.000000000000000000e+00
-4.871574770206055227e-04 1.476157730578520066e-03 3.278495761916133677e-04 4.188672064916687532e-03 -7.758416897295727921e-03 -8.545574705014491457e-04 0.000000000000000000e+00
-4.788363286445662670e-04 1.601069643967445444e-03 3.466472971908884926e-04 4.561431660952131040e-03 -8.352751656459656004e-03 -8.828471297694928666e-04 0.000000000000000000e+00
-3.967324135516758776e-04 1.478723062199815974e-03 3.116708177576532623e-04 4.231556782126055793e-03 -7.661039798797286693e-03 -7.733779572334231744e-04 0.000000000000000000e+00
-3.809463122327882978e-04 1.601875388405171741e-03 3.281997275717818408e-04 4.605705071613286350e-03 -8.245479348912176931e-03 -7.909560252910008415e-04 0.000000000000000000e+00
-3.069615374306222666e-04 1.477845605849403832e-03 2.937995654722358463e-04 4.270063689438607923e-03 -7.561085315267668250e-03 -6.850022567341795821e-04 0.000000000000000000e+00
-2.844299693847696098e-04 1.599245389250991689e-03 3.079838156738456956e-04 4.644862551382189508e-03 -8.136186254672495011e-03 -6.912318576803855308e-04 0.000000000000000000e+00
-2.181966658075518151e-04 1.473805178185294551e-03 2.743758324084966116e-04 4.304340031626274765e-03 -7.458498243994693411e-03 -5.892971156955528755e-04 0.000000000000000000e+00
-1.886949136518101255e-04 1.593231937702277445e-03 2.860154426516936521e-04 4.680229357428622450e-03 -8.023222683246178377e-03 -5.831087378203037019e-04 0.000000000000000000e+00
-1.307682702607892988e-04 1.466899964222168062e-03 2.534355016260148030e-04 4.334651109793696833e-03 -7.353221453321179268e-03 -4.861115879735145029e-04 0.000000000000000000e+00
-9.508442994315968733e-05 1.584390610073704853e-03 2.626782992073972700e-04 4.710601745134823659e-03 -7.908121201440021508e-03 -4.678929687418342809e-04 0.000000000000000000e+00
-4.499798913679131651e-05 1.457401531551327789e-03 2.311796772322405324e-04 4.361034972827582124e-03 -7.245245555044466101e-03 -3.757872150298435798e-04 0.000000000000000000e+00
-2.918085810404980052e-06 1.572686824432567576e-03 2.378708286560893281e-04 4.737320343123130328e-03 -7.789113115249879371e-03 -3.444827354335266989e-04 0.000000000000000000e+00
3.884851395410948705e-05 1.445563911830760606e-03 2.077273556599923410e-04 4.383638332893902145e-03 -7.134463504799626321e-03 -2.584459431886898528e-04 0.000000000000000000e+00
8.652235578729405852e-05 1.558811520734060263e-03 2.118757293641249095e-04 4.759650704402318411e-03 -7.668033736328183636e-03 -2.134870625059015481e-04 0.000000000000000000e+00
1.205287698335943958e-04 1.431631640445185649e-03 1.831889135112951816e-04 4.402568544638718606e-03 -7.020759899807327287e-03 -1.341221416872873107e-04 0.000000000000000000e+00
1.739673200279179266e-04 1.542569073237187727e-03 1.847446812681674544e-04 4.778329214152776672e-03 -7.542809926012861155e-03 -7.510424344880917147e-05 0.000000000000000000e+00
1.997941048707818634e-04 1.415856192926279178e-03 1.577489683184940539e-04 4.417821082768114138e-03 -6.904162523046153410e-03 -3.231454132945899005e-06 0.000000000000000000e+00
2.582399643328570082e-04 1.524702637166308605e-03 1.567433319486222221e-04 4.792865323217654350e-03 -7.415339471728898957e-03 7.029141548930972760e-05 0.000000000000000000e+00
2.764981134845967414e-04 1.398481096749892849e-03 1.314273558455647528e-04 4.429719859262881698e-03 -6.784512391967645328e-03 1.344818404591663352e-04 0.000000000000000000e+00
3.400751931403878103e-04 1.504931344609994337e-03 1.278667015045531485e-04 4.803851207941356449e-03 -7.283583511819013978e-03 2.227185246721496981e-04 0.000000000000000000e+00
3.504378376370242965e-04 1.379660971003338066e-03 1.044948285334190707e-04 4.438030137391635321e-03 -6.661756867146984007e-03 2.781720434517076512e-04 0.000000000000000000e+00
4.184133268036183129e-04 1.484017800282066979e-03 9.840008064823657641e-05 4.810927551969435001e-03 -7.149387084322000874e-03 3.814976754554777472e-04 0.000000000000000000e+00
4.214953141185862062e-04 1.359645113435836716e-03 7.699273643754778185e-05 4.442987210831361722e-03 -6.535855359142139775e-03 4.277843341364828689e-04 0.000000000000000000e+00
4.940047521212187487e-04 1.461601688630104201e-03 6.828054412053030653e-05 4.814627767609103159e-03 -7.010750516626362838e-03 5.469999742160336353e-04 0.000000000000000000e+00
4.895612279485206386e-04 1.338573270349946442e-03 4.907060350753389422e-05 4.444572506857369376e-03 -6.406688402718518915e-03 5.830411647560485022e-04 0.000000000000000000e+00
5.658805483657880497e-04 1.438424293041973279e-03 3.791327611732397962e-05 4.814426675152638779e-03 -6.869486126058088615e-03 7.176938508977048770e-04 0.000000000000000000e+00
5.545525619111146831e-04 1.316596913590983853e-03 2.084058908385921782e-05 4.442804244093601085e-03 -6.274157942872005123e-03 7.433120843454155136e-04 0.000000000000000000e+00
6.348010218217015055e-04 1.414046550963665716e-03 7.181437843922777731e-06 4.810751052879425060e-03 -6.723621220427578038e-03 8.940935144270412138e-04 0.000000000000000000e+00
6.164040901720513332e-04 1.293862721343103095e-03 -7.528349944163625906e-06 4.437632311358186143e-03 -6.138263727672566006e-03 9.082072123356432769e-04 0.000000000000000000e+00
6.998972232442057795e-04 1.389203204101546740e-03 -2.358474019981127157e-05 4.803364507028007324e-03 -6.574989511046069879e-03 1.074980774277589646e-03 0.000000000000000000e+00
6.750949057971467049e-04 1.270498230133282336e-03 -3.600533320219367894e-05 4.429218875008800183e-03 -5.998905992819825173e-03 1.077412783593745260e-03 0.000000000000000000e+00
7.619491275075440662e-04 1.363383920861466203e-03 -5.444060653075899481e-05 4.792345911280193604e-03 -6.421580910996649294e-03 1.260476353075468126e-03 0.000000000000000000e+00
7.305947585659056109e-04 1.246548571692540630e-03 -6.442861153566070698e-05 4.417364344158514200e-03 -5.856002300191232024e-03 1.250307364490721440e-03 0.000000000000000000e+00
8.201559536812619289e-04 1.337339858898334288e-03 -8.509334443448923757e-05 4.777680636919967583e-03 -6.265400835688605952e-03 1.449267819514155065e-03 0.000000000000000000e+00
7.829278482069934597e-04 1.222092789304574101e-03 -9.264588205953883104e-05 4.402007968861809672e-03 -5.709499886569435745e-03 1.425988006702016975e-03 0.000000000000000000e+00
8.753220882838086414e-04 1.310441541739482130e-03 -1.156466986968474053e-04 4.759239588308261659e-03 -6.104260762514801542e-03 1.641578391134768111e-03 0.000000000000000000e+00
8.321149599739008362e-04 1.197236748721158817e-03 -1.206785550292577280e-04 4.383326887918315151e-03 -5.559462108866597418e-03 1.604590537799044370e-03 0.000000000000000000e+00
9.267392885278780135e-04 1.283455247568204838e-03 -1.457255396390966240e-04 4.737008374192441806e-03 -5.940283107388033557e-03 1.835594058525513717e-03 0.000000000000000000e+00
8.782028600670399587e-04 1.171934689026932208e-03 -1.483236046105340655e-04 4.361038622917590146e-03 -5.405770167265622206e-03 1.784887820378555645e-03 0.000000000000000000e+00
9.752056474309767076e-04 1.255682247972234045e-03 -1.755401108096132923e-04 4.710891691797947090e-03 -5.771283048089159706e-03 2.032006903770255946e-03 0.000000000000000000e+00
9.212815759675752059e-04 1.146286864397938476e-03 -1.755485412494317554e-04 4.335097616255723096e-03 -5.248452324247310230e-03 1.966338172599391143e-03 0.000000000000000000e+00
1.020097147647197611e-03 1.227845162558499625e-03 -2.047102676767942331e-04 4.680950209263734507e-03 -5.599409074063643743e-03 2.228842583989365522e-03 0.000000000000000000e+00
9.614173430644579188e-04 1.120229910532816175e-03 -2.022773402213240423e-04 4.305549988154133700e-03 -5.087508566182563641e-03 2.148543738488273291e-03 0.000000000000000000e+00
1.062187719448742795e-03 1.199205605436182154e-03 -2.333921503814284648e-04 4.646668278906140870e-03 -5.422546595949206960e-03 2.426239161549714751e-03 0.000000000000000000e+00
9.987355440172207555e-04 1.093785576244121760e-03 -2.284334536512833136e-04 4.272190582211621290e-03 -4.922923136553514212e-03 2.330586802249623446e-03 0.000000000000000000e+00
1.100978097233834552e-03 1.170524279088369646e-03 -2.613159862561442726e-04 4.608546698236182237e-03 -5.242851472285536829e-03 2.622735990782221194e-03 0.000000000000000000e+00
1.033344126246726891e-03 1.066908757727413892e-03 -2.539370184266587227e-04 4.234940382331409126e-03 -4.754765381841608018e-03 2.511773016628193744e-03 0.000000000000000000e+00
1.137226036736854740e-03 1.141027547974904355e-03 -2.886939885849426624e-04 4.566013075955943634e-03 -5.058234925837012952e-03 2.818839040151566167e-03 0.000000000000000000e+00
1.065395312814215734e-03 1.039580225855984974e-03 -2.787411613471013627e-04 4.193639828342199394e-03 -4.583042164730155577e-03 2.691256056517543627e-03 0.000000000000000000e+00
1.170500159330900569e-03 1.111375643523870860e-03 -3.151698107456690767e-04 4.519457456756192926e-03 -4.870795617632595054e-03 3.012475633657807350e-03 0.000000000000000000e+00
1.095041598113327685e-03 1.011780687967478443e-03 -3.028540498202780817e-04 4.148432184544859069e-03 -4.407856858111625087e-03 2.868908458274033180e-03 0.000000000000000000e+00
1.201507427636194780e-03 1.080732112818505453e-03 -3.408706050531118414e-04 4.467766840071440981e-03 -4.678574985991890145e-03 3.203097014818689914e-03 0.000000000000000000e+00
1.122472706111377061e-03 9.834698840377187334e-04 -3.262248900332553880e-04 4.099057836217667727e-03 -4.229189839205282908e-03 3.043797417024762808e-03 0.000000000000000000e+00
1.229958551075716056e-03 1.049930162513618148e-03 -3.657115448540693148e-04 4.412289750222342377e-03 -4.483702754500384913e-03 3.390617410155449818e-03 0.000000000000000000e+00
1.147838313448279468e-03 9.545354092702351689e-04 -3.487769886462988023e-04 4.045391366894079965e-03 -4.047162459347219965e-03 3.214987765608690040e-03 0.000000000000000000e+00
1.256511909483143397e-03 1.018018715565421894e-03 -3.897350763011064867e-04 4.351485570889934706e-03 -4.284206870444950965e-03 3.573889831315124610e-03 0.000000000000000000e+00
1.171351043841029060e-03 9.249848805027438559e-04 -3.705452773085649021e-04 3.987424854124732576e-03 -3.861852390715014849e-03 3.382143133440207450e-03 0.000000000000000000e+00
1.280950636172839552e-03 9.858453857883586746e-04 -4.128170273108022759e-04 4.286559356471819626e-03 -4.082241923033969044e-03 3.752235275416015980e-03 0.000000000000000000e+00
1.193197439867565990e-03 8.946933128531897594e-04 -3.914422645289739044e-04 3.924873564908892831e-03 -3.673357927456155636e-03 3.544048811227051843e-03 0.000000000000000000e+00
1.303926682057421349e-03 9.524823576370911038e-04 -4.351128002746951218e-04 4.216205823106555783e-03 -3.875828551090698681e-03 3.925356036043714525e-03 0.000000000000000000e+00
1.213619655154610233e-03 8.637182997396908313e-04 -4.115938846120936745e-04 3.858080488328141655e-03 -3.481743182565999462e-03 3.701215529982260222e-03 0.000000000000000000e+00
1.325237120933034363e-03 9.186798462919587571e-04 -4.563991898793307023e-04 4.141522756595072963e-03 -3.667181319729095890e-03 4.091863085227798180e-03 0.000000000000000000e+00
1.232806670235800373e-03 8.319431979722513582e-04 -4.308779596661205247e-04 3.786494847837218458e-03 -3.287183720738440229e-03 3.851898991612978662e-03 0.000000000000000000e+00
1.345543712217150967e-03 8.835729308458994957e-04 -4.768930222315004297e-04 4.061152265694367713e-03 -3.454291283741639518e-03 4.251759919561726164e-03 0.000000000000000000e+00
1.250995984637182090e-03 7.993462759119385197e-04 -4.493893999703013620e-04 3.710427429935769794e-03 -3.089705004856835302e-03 3.996435247047402939e-03 0.000000000000000000e+00
1.364711099038656839e-03 8.480458732765261409e-04 -4.964834491282266171e-04 3.976589198924074253e-03 -3.239400305121709067e-03 4.404557077911652740e-03 0.000000000000000000e+00
1.268407855800651740e-03 7.659154148542401952e-04 -4.670911958321311008e-04 3.629519121095547973e-03 -2.889531686354196438e-03 4.133681807848121892e-03 0.000000000000000000e+00
1.383338616588764003e-03 8.111355391899610634e-04 -5.153122940322052425e-04 3.886135029048887191e-03 -3.020520001961291001e-03 4.549638289313318040e-03 0.000000000000000000e+00
1.285258559787602617e-03 7.315507981985880370e-04 -4.839851630281111206e-04 3.543877559031294311e-03 -2.686700238599737389e-03 4.263250189809220103e-03 0.000000000000000000e+00
1.401312827988304699e-03 7.736751387624751786e-04 -5.331730325771055767e-04 3.791154332134283322e-03 -2.799922212685768130e-03 4.685767263079343437e-03 0.000000000000000000e+00
1.301809437935938507e-03 6.963957901506556691e-04 -5.002301258776598036e-04 3.453635046003711295e-03 -2.481298369713780261e-03 4.385711554707683035e-03 0.000000000000000000e+00
1.419218383272149997e-03 7.348376851025739676e-04 -5.503571273014762344e-04 3.690190129006509778e-03 -2.575629205354257323e-03 4.813478050297526067e-03 0.000000000000000000e+00
1.318238050266387629e-03 6.602803377221411196e-04 -5.156763077205916979e-04 3.358411627774060548e-03 -2.273535442804508477e-03 4.499248065475969227e-03 0.000000000000000000e+00
1.436986525654646019e-03 6.955063825139218281e-04 -5.667092004217333390e-04 3.584871261276489918e-03 -2.349797164182820808e-03 4.932091061431664869e-03 0.000000000000000000e+00
1.334777740338258245e-03 6.232782661608760044e-04 -5.304223338971070234e-04 3.258298345249599492e-03 -2.063520282495012736e-03 4.604056782988141805e-03 0.000000000000000000e+00
1.455119197905585526e-03 6.547579008629733632e-04 -5.823800435974801903e-04 3.473358417778626972e-03 -2.120637858193941128e-03 5.041019111105216055e-03 0.000000000000000000e+00
1.351638640057495344e-03 5.854774989962063803e-04 -5.445340202551163244e-04 3.153256988277064465e-03 -1.851395642326281177e-03 4.700119314110073887e-03 0.000000000000000000e+00
1.473574900827431811e-03 6.135220934107288304e-04 -5.972534207488722213e-04 3.357395110803906846e-03 -1.890146050037344594e-03 5.139927285216838726e-03 0.000000000000000000e+00
1.369016666937547533e-03 5.468288598126092026e-04 -5.580026536932403136e-04 3.043360070321021738e-03 -1.637231120864335310e-03 4.786926210257114178e-03 0.000000000000000000e+00
1.492817003622803895e-03 5.710683226625712372e-04 -6.115825084030135361e-04 3.235094547442862734e-03 -1.656689215090434431e-03 5.229040513568872228e-03 0.000000000000000000e+00
1.387088012204176768e-03 5.074008868229951119e-04 -5.708626246799519688e-04 2.928441295009243106e-03 -1.421241116794202952e-03 4.864178457256063126e-03 0.000000000000000000e+00
1.512787293185061110e-03 5.281470622764405931e-04 -6.251449225168348445e-04 3.108459436938382225e-03 -1.422161782024922161e-03 5.307474268353651325e-03 0.000000000000000000e+00
1.406027878250171170e-03 4.672576660263438875e-04 -5.831258041929521241e-04 2.808444972195012213e-03 -1.203545062711253166e-03 4.931566175353063741e-03 0.000000000000000000e+00
1.533892384127877317e-03 4.840498299632234325e-04 -6.381669193249173144e-04 2.975241119345994889e-03 -1.184976280381278002e-03 5.375124749213533448e-03 0.000000000000000000e+00
1.425990765993895293e-03 4.264911187114306390e-04 -5.948779513106072780e-04 2.683506669112212251e-03 -9.842465229699115525e-04 4.989454798476344877e-03 0.000000000000000000e+00
1.556074719905542469e-03 4.397452211976071723e-04 -6.505316853644693698e-04 2.837660142674280905e-03 -9.470745160813365260e-04 5.432150119931478116e-03 0.000000000000000000e+00
1.447101472923442711e-03 3.850922524794575530e-04 -6.060448804030005299e-04 2.553410572666336975e-03 -7.636108169939426205e-04 5.036798283804877485e-03 0.000000000000000000e+00
1.579668787308155520e-03 3.944573753306146457e-04 -6.624315353545850993e-04 2.693427546406113038e-03 -7.068942323376070647e-04 5.478301477085611992e-03 0.000000000000000000e+00
1.469482656255488573e-03 3.431999964869369979e-04 -6.166934742319052365e-04 2.418126841049250686e-03 -5.416713726007493790e-04 5.073934787720446593e-03 0.000000000000000000e+00
1.604594191661631863e-03 3.490582741789149956e-04 -6.736531381504873295e-04 2.544705501875021980e-03 -4.663668475815008208e-04 5.512957631050863228e-03 0.000000000000000000e+00
1.493227681275563490e-03 3.008890747422943157e-04 -6.268489628022122506e-04 2.277850712408380218e-03 -3.186959793479715586e-04 5.100858360127746849e-03 0.000000000000000000e+00
1.631123205588363989e-03 3.028327525534668663e-04 -6.844162397053321634e-04 2.389204863777472099e-03 -2.239107773522874822e-04 5.536323903629014609e-03 0.000000000000000000e+00
1.518393845498552941e-03 2.583153790464698396e-04 -6.365124494205620653e-04 2.132232862661176398e-03 -9.495801546988147379e-05 5.117322807581592414e-03 0.000000000000000000e+00
1.659145227326644378e-03 2.567796233822472463e-04 -6.945733913059914943e-04 2.229252210504739651e-03 1.844574350018390874e-05 5.548458061886529791e-03 0.000000000000000000e+00
1.545042000414054151e-03 2.154864745000928394e-04 -6.456707605683453810e-04 1.981395738599900369e-03 1.294857015960992896e-04 5.123144845474270070e-03 0.000000000000000000e+00
1.688853234670495418e-03 2.100730577575538049e-04 -7.042255600149538441e-04 2.062256577698207138e-03 2.621968924958473224e-04 5.548609882346733357e-03 0.000000000000000000e+00
1.573177840472533839e-03 1.725778807020184047e-04 -6.543302425019714708e-04 1.825234675347786606e-03 3.542293205041069371e-04 5.118321965793093398e-03 0.000000000000000000e+00
1.720114794538762926e-03 1.637925219563907131e-04 -7.133277313550456800e-04 1.891024566168297838e-03 5.053756359663097442e-04 5.537983444419802836e-03 0.000000000000000000e+00
1.602813811934444832e-03 1.295945863981073920e-04 -6.624578958127347317e-04 1.663806865200179175e-03 5.791772698779951156e-04 5.102598246439216112e-03 0.000000000000000000e+00
1.753048372135052047e-03 1.169767804509724840e-04 -7.218274008511660345e-04 1.712556464061876227e-03 7.493388688928348529e-04 5.514476068108065121e-03 0.000000000000000000e+00
1.633905092806239856e-03 8.671471120569318458e-05 -6.700643855821197814e-04 1.497073553037964189e-03 8.038685488123142875e-04 5.076118982819455283e-03 0.000000000000000000e+00
1.787468977955050664e-03 7.090763017036927351e-05 -7.297900892186126587e-04 1.529642582285717367e-03 9.922283140730847606e-04 5.480494021321558051e-03 0.000000000000000000e+00
1.666408028088234294e-03 4.397929702304459454e-05 -6.770990091442830039e-04 1.324991244854523131e-03 1.028144851578538521e-03 5.038618583318887900e-03 0.000000000000000000e+00
1.823441574611513183e-03 2.448111272501662938e-05 -7.371129681885968399e-04 1.339661581141626812e-03 1.235173990213667139e-03 5.433615251288159698e-03 0.000000000000000000e+00
1.700233930714521724e-03 1.509936588595106599e-06 -6.835541043334336653e-04 1.147670907392317474e-03 1.251513508903734362e-03 4.990208446987720592e-03 0.000000000000000000e+00
1.860747033984887222e-03 -2.109179073206401966e-05 -7.437873658458216131e-04 1.145408087087851357e-03 1.476345270108314622e-03 5.375786604172150263e-03 0.000000000000000000e+00
1.735284120742607017e-03 -4.061379801165165837e-05 -6.894017354950876530e-04 9.650196127894972165e-04 1.473780571869198752e-03 4.930902320555929919e-03 0.000000000000000000e+00
1.899346557841172234e-03 -6.678769688020502748e-05 -7.497531473541624303e-04 9.439760320582024633e-04 1.716627547881266480e-03 5.304984588389016764e-03 0.000000000000000000e+00
1.771440799286219669e-03 -8.236248496634734906e-05 -6.945821360015702606e-04 7.772019709282318445e-04 1.694602603741657276e-03 4.860546962480283284e-03 0.000000000000000000e+00
1.939039803412950791e-03 -1.115578096733127467e-04 -7.549610417470070667e-04 7.386070490271734457e-04 1.954411736715400139e-03 5.223003214690935536e-03 0.000000000000000000e+00
1.808535985710992000e-03 -1.236399088682671454e-04 -6.990488270925965253e-04 5.843341472608898357e-04 1.913320050716205145e-03 4.779101487453196739e-03 0.000000000000000000e+00
1.979685442587614252e-03 -1.562662202903575270e-04 -7.593852528283012715e-04 5.262191555388540110e-04 2.190418174282893204e-03 5.128258730784152064e-03 0.000000000000000000e+00
1.846403900539882181e-03 -1.643957918470162483e-04 -7.027628115664208419e-04 3.865373301366048508e-04 2.129638080387685761e-03 4.686696242209409391e-03 0.000000000000000000e+00
2.021059092061697204e-03 -1.999269340848819354e-04 -7.629594272405004762e-04 3.100951179142441561e-04 2.423069744856842789e-03 5.022464512565161243e-03 0.000000000000000000e+00
1.884878918641183509e-03 -2.046831966929785196e-04 -7.056218763713817399e-04 1.840853917949303309e-04 2.343101340502862229e-03 4.582913060160231922e-03 0.000000000000000000e+00
2.062967392560038915e-03 -2.434949399114927360e-04 -7.655828153808330594e-04 8.740259819450812984e-05 2.652809822520030281e-03 4.903538422072140079e-03 0.000000000000000000e+00
1.923740560023208535e-03 -2.444274838807602990e-04 -7.075925781193231900e-04 -2.300249361653072810e-05 2.553305996237487108e-03 4.467977532758959924e-03 0.000000000000000000e+00
2.105164964072987754e-03 -2.859227438272438082e-04 -7.672741056601456444e-04 -1.384171574665415960e-04 2.878149228603632537e-03 4.774035290183498148e-03 0.000000000000000000e+00
1.962747761149304104e-03 -2.835846281515064238e-04 -7.086250462262216887e-04 -2.343088180891683692e-04 2.759572027339007860e-03 4.342104848416461493e-03 0.000000000000000000e+00
2.147419292648531514e-03 -3.283160135345020159e-04 -7.678218958563631791e-04 -3.703185912229400856e-04 3.099588985033818744e-03 4.630994037865043822e-03 0.000000000000000000e+00
2.001692375608508934e-03 -3.222029024127215369e-04 -7.086337773935941220e-04 -4.494992767485328500e-04 2.961463534934427599e-03 4.205146804308945718e-03 0.000000000000000000e+00
2.189455478796183130e-03 -3.695570447094509436e-04 -7.672956316733398063e-04 -6.047506856070583581e-04 3.315507997579736355e-03 4.477506424515276251e-03 0.000000000000000000e+00
2.040304891274394294e-03 -3.602942494276839547e-04 -7.075495072286497322e-04 -6.682673385753901130e-04 3.158435333845854842e-03 4.057200412785677557e-03 0.000000000000000000e+00
2.231019258880306833e-03 -4.108436935988946104e-04 -7.654698150238309351e-04 -8.442831226664893052e-04 3.526317534647382956e-03 4.310555657603076796e-03 0.000000000000000000e+00
2.078358757929367473e-03 -3.979351519896034972e-04 -7.052845391825740551e-04 -8.901975889727964386e-04 3.350044276591912507e-03 3.898139275581247176e-03 0.000000000000000000e+00
2.271833705749647103e-03 -4.510888951924640899e-04 -7.623913776855506530e-04 -1.085515815049120647e-03 3.730556830268128010e-03 4.133116605241626829e-03 0.000000000000000000e+00
2.115549548335633398e-03 -4.350386233454572871e-04 -7.018262538634051362e-04 -1.114995164861021237e-03 3.535649285499431471e-03 3.728608044411441114e-03 0.000000000000000000e+00
2.311564090651793690e-03 -4.914201213373492472e-04 -7.578633304237969437e-04 -1.330903411313144602e-03 3.928301833854508374e-03 3.942499563869272805e-03 0.000000000000000000e+00
2.151673161212189211e-03 -4.718709816659283351e-04 -6.970032864307140752e-04 -1.341841241319308153e-03 3.714810013710767578e-03 3.547860467987717925e-03 0.000000000000000000e+00
2.350017021751325819e-03 -5.308462470800245914e-04 -7.519380998395330806e-04 -1.576850851184197211e-03 4.118467641336831520e-03 3.741715163541048383e-03 0.000000000000000000e+00
2.186418983330697986e-03 -5.083645720912743915e-04 -6.907956421678823622e-04 -1.570332489793990760e-03 3.886843297261410868e-03 3.356503647444553096e-03 0.000000000000000000e+00
2.386767386954653358e-03 -5.705061772431352374e-04 -7.443855128480836303e-04 -1.826004235869760350e-03 4.300985602740947655e-03 3.527844225453380389e-03 0.000000000000000000e+00
2.219535311043949188e-03 -5.446248703905032240e-04 -6.831157928209735664e-04 -1.800054552977492506e-03 4.051371807578529882e-03 3.154500746967103808e-03 0.000000000000000000e+00
2.421702659760036069e-03 -6.094457797055363724e-04 -7.352817945882883510e-04 -2.074227406793305306e-03 4.474769141796564043e-03 3.304139426939523005e-03 0.000000000000000000e+00
2.250751192615953189e-03 -5.807291089042765364e-04 -6.738949502048119378e-04 -2.030196739729817068e-03 4.207770193166204820e-03 2.942070311497735347e-03 0.000000000000000000e+00
2.454346276958959284e-03 -6.488059661989842297e-04 -7.243582835399220432e-04 -2.324376439684527895e-03 4.639685536628412876e-03 3.067385814144785172e-03 0.000000000000000000e+00
2.279834909990680579e-03 -6.168091793715135829e-04 -6.630324536853610118e-04 -2.260204300531754029e-03 4.355615189384653974e-03 2.719086438553564022e-03 0.000000000000000000e+00
2.484636479685664590e-03 -6.876009368726454518e-04 -7.117627445452218149e-04 -2.572431061609314895e-03 4.794996181836985727e-03 2.821338604943157691e-03 0.000000000000000000e+00
2.306519616493335478e-03 -6.529036140187072235e-04 -6.504967713790582584e-04 -2.489370411529634453e-03 4.494471756409712526e-03 2.486083747776257624e-03 0.000000000000000000e+00
2.512100586022324167e-03 -7.270538319288921691e-04 -6.971499791979113292e-04 -2.820734406287606078e-03 4.940310538170678001e-03 2.562312990808335300e-03 0.000000000000000000e+00
2.330567456240448601e-03 -6.891106023353410492e-04 -6.361880094423594256e-04 -2.717090246420639232e-03 4.623759155238271745e-03 2.242911152382731643e-03 0.000000000000000000e+00
2.536692615755051228e-03 -7.660783708826890415e-04 -6.807378987739448606e-04 -3.065458856724490033e-03 5.074976959349442041e-03 2.294577913608097930e-03 0.000000000000000000e+00
2.351784436044286608e-03 -7.255397130239982229e-04 -6.200465914452391036e-04 -2.942601756346974184e-03 4.743232909414807352e-03 1.989837824986739889e-03 0.000000000000000000e+00
2.557961511454542869e-03 -8.059551806389730899e-04 -6.621643972290064406e-04 -3.309111849378432169e-03 5.198895635370348600e-03 2.014175736110290771e-03 0.000000000000000000e+00
2.369905931234331242e-03 -7.622195591113767321e-04 -6.019911764496010953e-04 -3.165222901914788167e-03 4.852331438461199298e-03 1.727049648960754524e-03 0.000000000000000000e+00
2.575951563256052845e-03 -8.455939139891954781e-04 -6.416445991279384753e-04 -3.547575986531548153e-03 5.311444185166713794e-03 1.725446230881999554e-03 0.000000000000000000e+00
2.384795060737427558e-03 -7.992322950834962469e-04 -5.820128863620460669e-04 -3.384267720823785908e-03 4.950873889788987015e-03 1.454927075878575948e-03 0.000000000000000000e+00
2.590153510314531504e-03 -8.861919177046706508e-04 -6.188011042624896874e-04 -3.783593047883115901e-03 5.412387595161050058e-03 1.424340641858368173e-03 0.000000000000000000e+00
2.396244419547152726e-03 -8.366486462476341313e-04 -5.599900862534312740e-04 -3.598914296578215044e-03 5.038445785418232958e-03 1.173467322807653090e-03 0.000000000000000000e+00
2.600734494349637993e-03 -9.266484386613316193e-04 -5.939247027202249063e-04 -4.012815870616748271e-03 5.501396806265823614e-03 1.115658874902614173e-03 0.000000000000000000e+00
2.404139657018966592e-03 -8.744862735922120933e-04 -5.358931643409114987e-04 -3.808774746261178734e-03 5.115137328127516980e-03 8.829401636014644339e-04 0.000000000000000000e+00
2.607178345231796202e-03 -9.681425364778117881e-04 -5.666033488151978048e-04 -4.237752774867153960e-03 5.578072032259129287e-03 7.952092249623454734e-04 0.000000000000000000e+00
2.408306566021450879e-03 -9.127512677221116810e-04 -5.096718113576925724e-04 -4.012863326489757299e-03 5.180337575070304013e-03 5.837087941342744557e-04 0.000000000000000000e+00
2.609761768610142918e-03 -1.009552077688019578e-03 -5.371174575149462171e-04 -4.455006204703515493e-03 5.642786302269442444e-03 4.674688983903330097e-04 0.000000000000000000e+00
2.408681820806370111e-03 -9.514345006239322000e-04 -4.812872775928900282e-04 -4.210517728849616503e-03 5.234142420493803627e-03 2.761637120864968153e-04 0.000000000000000000e+00
2.607964283816481543e-03 -1.051991827378639943e-03 -5.050530058339358641e-04 -4.666298584214523260e-03 5.694835992721802853e-03 1.285108428454861951e-04 0.000000000000000000e+00
2.405157369398509826e-03 -9.905319928106837146e-04 -4.506631474986283470e-04 -4.401435018531962839e-03 5.276489179271148799e-03 -3.973797680245638730e-05 0.000000000000000000e+00
2.602155339283790392e-03 -1.094232155892910230e-03 -4.707884320800381772e-04 -4.868125641344533960e-03 5.734562566951595386e-03 -2.165627230734656905e-04 0.000000000000000000e+00
2.397728995528945750e-03 -1.029941179148535779e-03 -4.178091946346607077e-04 -4.584728523390424471e-03 5.307466356571755028e-03 -3.632114921927609430e-04 0.000000000000000000e+00
2.591831250947702892e-03 -1.137369646663138889e-03 -4.338310238203857416e-04 -5.063173023628131375e-03 5.761801127409871270e-03 -5.724032913363430453e-04 0.000000000000000000e+00
2.386347586706374924e-03 -1.069592612513908803e-03 -3.826511514957164906e-04 -4.759835618385999112e-03 5.327076387912743627e-03 -6.940880699231044559e-04 0.000000000000000000e+00
2.577504905907579413e-03 -1.180147386805996401e-03 -3.945854711563112627e-04 -5.247325906805322404e-03 5.776971932292429557e-03 -9.335690605114521645e-04 0.000000000000000000e+00
2.371047322919636602e-03 -1.109408057757332866e-03 -3.451505509366736835e-04 -4.925990616322373228e-03 5.335390324473276991e-03 -1.032053658807541296e-03 0.000000000000000000e+00
2.558679873562355600e-03 -1.223524379733331724e-03 -3.526040361718218996e-04 -5.423332580264172975e-03 5.779983462073534639e-03 -1.304367617798174450e-03 0.000000000000000000e+00
2.351856025330223421e-03 -1.149147655308380145e-03 -3.053321817808596350e-04 -5.083025746820624136e-03 5.332754871830047705e-03 -1.376374408410985239e-03 0.000000000000000000e+00
2.535997134249998175e-03 -1.266261025621717717e-03 -3.082657490108969833e-04 -5.587359116924872637e-03 5.771579334298948538e-03 -1.679638004853156730e-03 0.000000000000000000e+00
2.328887356896680583e-03 -1.188686565124413841e-03 -2.631327116890819218e-04 -5.230126368445553453e-03 5.319521031336371664e-03 -1.726703368595483568e-03 0.000000000000000000e+00
2.508974510840311645e-03 -1.309146359453755570e-03 -2.611495506407157663e-04 -5.741771760130021107e-03 5.751488397375492667e-03 -2.063340507950428560e-03 0.000000000000000000e+00
2.302273663471895992e-03 -1.227799911900639973e-03 -2.185387382766523778e-04 -5.367057664142471651e-03 5.296243938440081678e-03 -2.082625450831265823e-03 0.000000000000000000e+00
2.478364903567911726e-03 -1.350914827290716769e-03 -2.116894534304192277e-04 -5.883517113395519971e-03 5.721007799468935673e-03 -2.450246892143681521e-03 0.000000000000000000e+00
2.272163818010486391e-03 -1.266221206938034083e-03 -1.715543446356437851e-04 -5.492869009522394208e-03 5.263238343439891054e-03 -2.443234546413375341e-03 0.000000000000000000e+00
2.443783479747510534e-03 -1.392292060556021838e-03 -1.593794268305165351e-04 -6.014372941797851979e-03 5.680080108929619342e-03 -2.844471876987331171e-03 0.000000000000000000e+00
2.238780423107072926e-03 -1.303648343077945526e-03 -1.221873348001417670e-04 -5.607509865162008111e-03 5.221280214080081805e-03 -2.808063534700755426e-03 0.000000000000000000e+00
2.406092278206303781e-03 -1.431941113526180587e-03 -1.047344224073820662e-04 -6.131541556164243900e-03 5.630237025934015094e-03 -3.240457082160919100e-03 0.000000000000000000e+00
2.202371062727082052e-03 -1.339774027944384827e-03 -7.046161864157629573e-05 -5.710096985010792991e-03 5.170998431981210786e-03 -3.176218213306825078e-03 0.000000000000000000e+00
2.364944389210713038e-03 -1.470449900745407490e-03 -4.726337876671815597e-05 -6.236883436218754184e-03 5.571561491955367984e-03 -3.642124653582268223e-03 0.000000000000000000e+00
2.163213350312762073e-03 -1.374255720714201434e-03 -1.632417637024985435e-05 -5.800359661206400119e-03 5.113344067661618197e-03 -3.547254081591733055e-03 0.000000000000000000e+00
2.321334917487594129e-03 -1.506474736896967759e-03 1.246786814754208272e-05 -6.327398615852963815e-03 5.505652064594634965e-03 -4.043843379410994032e-03 0.000000000000000000e+00
2.121680069562911775e-03 -1.406674230074733689e-03 4.013109115803825677e-05 -5.877887725449504330e-03 5.049428905627095787e-03 -3.920106137958789816e-03 0.000000000000000000e+00
2.275032970335669202e-03 -1.540544827526080240e-03 7.504154726899192607e-05 -6.404561535626740465e-03 5.433124290424196090e-03 -4.449646897622949737e-03 0.000000000000000000e+00
2.078134716370763635e-03 -1.436596113669474928e-03 9.887415137885269267e-05 -5.942066967287829016e-03 4.980160309380643469e-03 -4.293846879372509306e-03 0.000000000000000000e+00
2.227099643199920154e-03 -1.571254452801928991e-03 1.397692002522293864e-04 -6.466173328778523910e-03 5.355908388034347212e-03 -4.853598703749906207e-03 0.000000000000000000e+00
2.033001689375549259e-03 -1.463636049292671437e-03 1.598876306301982853e-04 -5.992255747885089079e-03 4.906747600176064594e-03 -4.667816663922241815e-03 0.000000000000000000e+00
2.177453129409312460e-03 -1.598973147363791369e-03 2.072474383142119958e-04 -6.512943849769747828e-03 5.274769555406955135e-03 -5.259588616738364308e-03 0.000000000000000000e+00
1.986800969536642314e-03 -1.487268731654695086e-03 2.231000369805058448e-04 -6.027724848992832563e-03 4.830788245933526071e-03 -5.040767919586075507e-03 0.000000000000000000e+00
2.127170786669435598e-03 -1.622368477086938432e-03 2.767187876630827770e-04 -6.543077738206726224e-03 5.191708065662936633e-03 -5.661591069888727290e-03 0.000000000000000000e+00
1.940054763690704509e-03 -1.507025929868177627e-03 2.884274668817632392e-04 -6.047930398899836746e-03 4.753607422606442867e-03 -5.411786906900140082e-03 0.000000000000000000e+00
2.076338193787469200e-03 -1.641664511695561934e-03 3.488053086509179668e-04 -6.556447898587336454e-03 5.107992302439967602e-03 -6.063327726572698140e-03 0.000000000000000000e+00
1.893346068783108294e-03 -1.522397213981896424e-03 3.558102595062340168e-04 -6.052166287328297756e-03 4.676903319323244546e-03 -5.779930894351137383e-03 0.000000000000000000e+00
2.026131280545045987e-03 -1.655579172824106493e-03 4.227042486896481766e-04 -6.551560352690444233e-03 5.025957645075518343e-03 -6.458872406961191359e-03 0.000000000000000000e+00
1.847293400476734959e-03 -1.532897521787035533e-03 4.251638713948235893e-04 -6.039153293779797593e-03 4.602367903352888590e-03 -6.144054274235255519e-03 0.000000000000000000e+00
1.976721198110292788e-03 -1.664173130396073841e-03 4.989636218152015967e-04 -6.528094973069720197e-03 4.946996288214489113e-03 -6.851607134065407223e-03 0.000000000000000000e+00
1.802543567452991047e-03 -1.537912869547131134e-03 4.963087292524648309e-04 -6.008144837602813482e-03 4.531799496694244311e-03 -6.502761576772320140e-03 0.000000000000000000e+00
1.929380394606716731e-03 -1.666325226690579253e-03 5.768241525796746760e-04 -6.484258292552169678e-03 4.873711249740786400e-03 -7.235888459716122156e-03 0.000000000000000000e+00
1.759840090746922492e-03 -1.536918865894243424e-03 5.691289508070324077e-04 -5.957928367264386793e-03 4.467272271960087693e-03 -6.855006258084106463e-03 0.000000000000000000e+00
1.884428730423909348e-03 -1.661889780645742221e-03 6.567750110463704827e-04 -6.418787534446579457e-03 4.807861890393727577e-03 -7.614699338556851771e-03 0.000000000000000000e+00
1.719937454166320379e-03 -1.529390373176342521e-03 6.435312376961432879e-04 -5.887051020145861457e-03 4.410919099938404031e-03 -7.199730865910192179e-03 0.000000000000000000e+00
1.843073270508199801e-03 -1.649856932419035971e-03 7.379148393034107301e-04 -6.330539279668201402e-03 4.751939187061182679e-03 -7.982317216892020895e-03 0.000000000000000000e+00
1.683578549045050554e-03 -1.514736622006462863e-03 7.192801234863765991e-04 -5.794119971085365250e-03 4.364629471409031680e-03 -7.535541874208906421e-03 0.000000000000000000e+00
1.805892654660135044e-03 -1.629976015396383815e-03 8.208460686840446385e-04 -6.217015664530478603e-03 4.708454487547086842e-03 -8.341889262325485888e-03 0.000000000000000000e+00
1.651580100361538239e-03 -1.492406773872301251e-03 7.962155146700733432e-04 -5.677350635117761612e-03 4.330835274992672623e-03 -7.861166767207494743e-03 0.000000000000000000e+00
1.773988592549319288e-03 -1.601332759671725281e-03 9.045334982405728308e-04 -6.077192103234096976e-03 4.679331776382689156e-03 -8.687666699084273247e-03 0.000000000000000000e+00
1.624783012927011328e-03 -1.461843705488852230e-03 8.741220525008974729e-04 -5.534860471986924324e-03 4.311690850531846309e-03 -8.175516958639050813e-03 0.000000000000000000e+00
1.748092701006537242e-03 -1.563529997375523450e-03 9.895506309841733961e-04 -5.907612577661147668e-03 4.667723990646077681e-03 -9.022374076841588320e-03 0.000000000000000000e+00
1.604073062947047879e-03 -1.422457932305998263e-03 9.527771547845342859e-04 -5.364509306563292057e-03 4.309777354241095537e-03 -8.477224922263548734e-03 0.000000000000000000e+00
1.729243113979678226e-03 -1.515874749335455185e-03 1.074887798139342876e-03 -5.707346907859900398e-03 4.675306829707182033e-03 -9.340989188000525800e-03 0.000000000000000000e+00
1.590203879863472114e-03 -1.373672436793926810e-03 1.031899085839338426e-03 -5.163803087217644361e-03 4.326933929966969572e-03 -8.764896946516609333e-03 0.000000000000000000e+00
1.718332077990603057e-03 -1.457689260450700797e-03 1.160962866751130695e-03 -5.472056651804280136e-03 4.705719738590463663e-03 -9.645546758090040029e-03 0.000000000000000000e+00
1.584060222452443600e-03 -1.314940471620396067e-03 1.111252339724116966e-03 -4.930232019878744154e-03 4.365666932792944266e-03 -9.037470004561454218e-03 0.000000000000000000e+00
1.716191841594910672e-03 -1.388513108376621119e-03 1.246772121111669462e-03 -5.200401778784780049e-03 4.759895380354262073e-03 -9.931423809844019956e-03 0.000000000000000000e+00
1.586493295958085747e-03 -1.245695727087159366e-03 1.190564395328080893e-03 -4.660761963943826913e-03 4.428276019748711434e-03 -9.293766073214859702e-03 0.000000000000000000e+00
1.723834854900990754e-03 -1.307420788659252597e-03 1.332702671531377225e-03 -4.887322588374765076e-03 4.842060065980646755e-03 -1.020040599343929877e-02 0.000000000000000000e+00
1.598275436231449964e-03 -1.165296826525330509e-03 1.269504143161098719e-03 -4.352389686486546339e-03 4.516880999735128910e-03 -9.532472382749013207e-03 0.000000000000000000e+00
1.741853796062009518e-03 -1.214211722523172998e-03 1.417714697333247176e-03 -4.531494413050118908e-03 4.952250417174397512e-03 -1.044838063939579342e-02 0.000000000000000000e+00
1.620146388511933822e-03 -1.073185419578293054e-03 1.347767908290914418e-03 -4.001855950546584495e-03 4.633614644832917406e-03 -9.752647608420428327e-03 0.000000000000000000e+00
1.771416843263096119e-03 -1.107645677611457380e-03 1.502184571512105160e-03 -4.126563425577600697e-03 5.095354083709313642e-03 -1.067698178537623832e-02 0.000000000000000000e+00
1.652777038202851712e-03 -9.686927784548493570e-04 1.424990886964058734e-03 -3.605399078242754740e-03 4.780161597203402835e-03 -9.953017704884326022e-03 0.000000000000000000e+00
1.812725724093106061e-03 -9.876616003468008387e-04 1.584973728216143574e-03 -3.671554370860974359e-03 5.270374749835493589e-03 -1.088235284011984660e-02 0.000000000000000000e+00
1.696794707383958434e-03 -8.511825302294218076e-04 1.500851590482285558e-03 -3.159531787019886906e-03 4.958616160952722396e-03 -1.013270474643812591e-02 0.000000000000000000e+00
1.866957074333736033e-03 -8.527688273251565754e-04 1.666414378080294245e-03 -3.158979252765092838e-03 5.482376782373066249e-03 -1.106588475252290316e-02 0.000000000000000000e+00
1.752728263845815260e-03 -7.199082750229957028e-04 1.575010383233155231e-03 -2.659905093676862009e-03 5.170468514077430910e-03 -1.029099106920750017e-02 0.000000000000000000e+00
1.933910703122154739e-03 -7.030892521244780369e-04 1.745460917219637809e-03 -2.588455398040423461e-03 5.729535929318796406e-03 -1.122484847815696796e-02 0.000000000000000000e+00
1.820867411340826303e-03 -5.741504549908738042e-04 1.646999142455168874e-03 -2.102912892266495248e-03 5.416982090987065845e-03 -1.042675392943026580e-02 0.000000000000000000e+00
2.014800081528822506e-03 -5.366410041173219625e-04 1.822332163965434404e-03 -1.950839353174416146e-03 6.017282295264880787e-03 -1.135997610748340492e-02 0.000000000000000000e+00
1.901574054969046301e-03 -4.130222811827288787e-04 1.716516150652824813e-03 -1.484149164323156356e-03 5.699767838021507771e-03 -1.053965230631104255e-02 0.000000000000000000e+00
0.000000000000000000e+00 0.000000000000000000e+00 0.000000000000000000e+00 0.000000000000000000e+00 0.000000000000000000e+00 0.000000000000000000e+00 0.000000000000000000e+00
