-1.494379776124961368e-01 -2.990364557827555059e-01 1.508695358229313610e-01 1.579514672543274934e+00 -7.959181199841403043e-03 1.570637541384417579e+00 -5.031618105510853312e-01 8.494879339785321726e-01 2.546565234394477795e-01 -5.438643329398521464e-01 -1.163953729178979657e+00 2.436739134200701096e-01 0.000000000000000000e+00
-1.505862848737288540e-01 -2.975660743955119703e-01 1.512848027395136408e-01 1.583622496161220639e+00 -1.698078077123632568e-02 1.569333302796998453e+00 -5.058843601334732654e-01 8.445425769923095016e-01 2.608371876973036851e-01 -5.365908072391687433e-01 -1.164826047594035074e+00 2.443412849444871748e-01 0.000000000000000000e+00
-1.516049313753997096e-01 -2.961925021399330893e-01 1.516672993552248827e-01 1.587452712654620512e+00 -2.526876773894315420e-02 1.568145288960758554e+00 -5.083065051449003890e-01 8.398831769281340787e-01 2.666973405179684509e-01 -5.298185550346652395e-01 -1.165679723881460017e+00 2.449689587239052280e-01 0.000000000000000000e+00
-1.526629275917520401e-01 -2.946882006771296414e-01 1.520800460676218491e-01 1.591642206830105266e+00 -3.420373248210051287e-02 1.566877767568659374e+00 -5.108265546159014292e-01 8.347376168069646774e-01 2.732073046446128473e-01 -5.224154665469493697e-01 -1.166652976101829386e+00 2.456601156058080271e-01 0.000000000000000000e+00
-1.535967085292129497e-01 -2.932858432534126703e-01 1.524590038591380758e-01 1.595545338818894265e+00 -4.241007885476921757e-02 1.565727378842041384e+00 -5.130515258381217469e-01 8.299009167932174247e-01 2.793604051851863446e-01 -5.155171469543443630e-01 -1.167592805650518262e+00 2.463071971716700448e-01 0.000000000000000000e+00
-1.545613000219879796e-01 -2.917530954791764941e-01 1.528666813797440460e-01 1.599811067906453665e+00 -5.125471108046797397e-02 1.564504191174897807e+00 -5.153471706977700295e-01 8.245715319778054164e-01 2.861754344146991702e-01 -5.079707138209549333e-01 -1.168652211132152008e+00 2.470165800622830810e-01 0.000000000000000000e+00
-1.554080403756979978e-01 -2.903269634758621209e-01 1.532397249783133686e-01 1.603781523046092339e+00 -5.937669660499045321e-02 1.563398534759576686e+00 -5.173565923192621208e-01 8.195737772971354307e-01 2.925973810673163644e-01 -5.009347753790202029e-01 -1.169664345504436431e+00 2.476777763819225098e-01 0.000000000000000000e+00
-1.562776001804600801e-01 -2.887710558270954464e-01 1.536397344191412218e-01 1.608116954684613908e+00 -6.812886350112945522e-02 1.562227779195225930e+00 -5.194100892567949934e-01 8.140789435990021250e-01 2.996901779985241543e-01 -4.932338789024061088e-01 -1.170794591071066204e+00 2.483995596163612596e-01 0.000000000000000000e+00
-1.570356701624421036e-01 -2.873259119532681760e-01 1.540046610900946689e-01 1.612149328023290806e+00 -7.616381978304431755e-02 1.561173788482988600e+00 -5.211869836256094457e-01 8.089357803228137689e-01 3.063574017875376754e-01 -4.860497688353220269e-01 -1.171865847619550483e+00 2.490695776571115461e-01 0.000000000000000000e+00
-1.578082520358184138e-01 -2.857518931691775954e-01 1.543946312268058008e-01 1.616549498922730699e+00 -8.481998616041108718e-02 1.560063283966586889e+00 -5.229790247231238531e-01 8.032914767084998742e-01 3.137041311286847822e-01 -4.781823915010644521e-01 -1.173053084833507897e+00 2.497980187942754893e-01 0.000000000000000000e+00
-1.584765007215278021e-01 -2.842922432846773928e-01 1.547491910759937195e-01 1.620638822353152264e+00 -9.276530139711613998e-02 1.559068484964117207e+00 -5.245075793202883530e-01 7.980185509081975104e-01 3.205935957106653689e-01 -4.708403559813386097e-01 -1.174170680384959642e+00 2.504714656549292817e-01 0.000000000000000000e+00
-1.591516293460763232e-01 -2.827048406313090179e-01 1.551268877033538940e-01 1.625097524973297070e+00 -1.013233694817379238e-01 1.558025725366772418e+00 -5.260234839022751574e-01 7.922421545038157431e-01 3.281678921669595184e-01 -4.627975761997856763e-01 -1.175401327124685258e+00 2.512007223851770443e-01 0.000000000000000000e+00
-1.597294355335820149e-01 -2.812349444272573273e-01 1.554690866172998009e-01 1.629238845734600538e+00 -1.091765487478886243e-01 1.557097339737638642e+00 -5.272892510788761422e-01 7.868543798815036405e-01 3.352568275145870746e-01 -4.552887935063072988e-01 -1.176552877980035383e+00 2.518722550987972930e-01 0.000000000000000000e+00
-1.603061473525214109e-01 -2.796386526976589737e-01 1.558322400131855467e-01 1.633751764953871977e+00 -1.176329299600760159e-01 1.556130735282139410e+00 -5.285121746514405139e-01 7.809614036004035587e-01 3.430359210587086150e-01 -4.470603913967757803e-01 -1.177814151072297033e+00 2.525964518229739109e-01 0.000000000000000000e+00
-1.607933048295420164e-01 -2.781624949670804536e-01 1.561600895893771601e-01 1.637940437018788664e+00 -1.253913468573717438e-01 1.555276177811637961e+00 -5.295018386020275969e-01 7.754736938581862082e-01 3.503020897768807096e-01 -4.393769053357882148e-01 -1.178988072480803950e+00 2.532606109093260560e-01 0.000000000000000000e+00
-1.612721411581865827e-01 -2.765614253231130082e-01 1.565067368865680486e-01 1.642501868679740795e+00 -1.337440985138313998e-01 1.554393330681868468e+00 -5.304198968088051913e-01 7.694805827200991155e-01 3.582606803784733618e-01 -4.309558568109032040e-01 -1.180267455068477966e+00 2.539739552520605681e-01 0.000000000000000000e+00
-1.616688735717382586e-01 -2.750827022609131922e-01 1.568184077043257019e-01 1.646733425461866851e+00 -1.414051383126286865e-01 1.553619952724635045e+00 -5.311213734399320430e-01 7.639073189278630105e-01 3.656823777043061163e-01 -4.230905767160040298e-01 -1.181452694911617751e+00 2.546253145204235291e-01 0.000000000000000000e+00
-1.620498198839710469e-01 -2.734808268725080205e-01 1.571466074318974837e-01 1.651339130533480137e+00 -1.496506176615408634e-01 1.552828996699344044e+00 -5.317202185005499571e-01 7.578289200558662175e-01 3.737980948102139767e-01 -4.144684595288180007e-01 -1.182738469085907962e+00 2.553217810797496767e-01 0.000000000000000000e+00
-1.623567814214016691e-01 -2.720029812666586166e-01 1.574404069973697196e-01 1.655609194222918745e+00 -1.572117029768085317e-01 1.552143994442609864e+00 -5.321226221412609370e-01 7.521842835464160881e-01 3.813537491388776512e-01 -4.064150936819320159e-01 -1.183924507877374799e+00 2.559548976946456333e-01 0.000000000000000000e+00
-1.626412113907864387e-01 -2.704037358774076250e-01 1.577483908130435653e-01 1.660254056774300935e+00 -1.653478892314810267e-01 1.551452762584929479e+00 -5.323929995709312246e-01 7.460362430119136246e-01 3.896027574573437402e-01 -3.975867812473465879e-01 -1.185205488361702919e+00 2.566287107399493062e-01 0.000000000000000000e+00
-1.628594080565939906e-01 -2.689299306992223304e-01 1.580227666454520619e-01 1.664558396805927210e+00 -1.728063874754757201e-01 1.550863465469233926e+00 -5.324865431042202779e-01 7.403338824858359812e-01 3.972713298162264817e-01 -3.893398701682390106e-01 -1.186382072931299936e+00 2.572381418659002716e-01 0.000000000000000000e+00
-1.630481029702458007e-01 -2.673366987615200530e-01 1.583087820881037555e-01 1.669238626163355832e+00 -1.808296101587218985e-01 1.550280356731413622e+00 -5.324164686780376021e-01 7.341305813587144513e-01 4.056320577424215035e-01 -3.802985714254745742e-01 -1.187647473923251207e+00 2.578832260609447147e-01 0.000000000000000000e+00
-1.631788712405065900e-01 -2.658697987972978849e-01 1.585622175897297703e-01 1.673573277273149529e+00 -1.881828316120430777e-01 1.549794245143440108e+00 -5.321924968303618497e-01 7.283840789375686242e-01 4.133930417911304556e-01 -3.718534545822379522e-01 -1.188805016891054001e+00 2.584634789282025391e-01 0.000000000000000000e+00
-1.632739556704497497e-01 -2.642854081872241800e-01 1.588248958889371676e-01 1.678283879018284352e+00 -1.960909528134830992e-01 1.549326352174698274e+00 -5.317752793560873714e-01 7.221401646038234645e-01 4.218425861396790655e-01 -3.625958738694453620e-01 -1.190045117852649437e+00 2.590741084766440827e-01 0.000000000000000000e+00
-1.633189536595865410e-01 -2.628280066556728523e-01 1.590560755661694081e-01 1.682644913991111935e+00 -2.033361983685275653e-01 1.548950564959668430e+00 -5.312262686973675541e-01 7.163625697769510081e-01 4.296758750119837877e-01 -3.539486563889853166e-01 -1.191174564470951935e+00 2.596197236049740398e-01 0.000000000000000000e+00
-1.633218717453969460e-01 -2.612553198312402847e-01 1.592939463948254974e-01 1.687382234334235065e+00 -2.111253114837774447e-01 1.548606082224234903e+00 -5.304521210579952184e-01 7.100918906742503811e-01 4.381931968102752428e-01 -3.444696671210663030e-01 -1.192379511706158413e+00 2.601897565915487487e-01 0.000000000000000000e+00
-1.632830232314428365e-01 -2.598097559194095241e-01 1.595016737504854898e-01 1.691765872667128967e+00 -2.182597749885770710e-01 1.548347636281046213e+00 -5.295715468435604478e-01 7.042959866148836845e-01 4.460790831141090429e-01 -3.356171864995883825e-01 -1.193472339859472431e+00 2.606952911454730182e-01 0.000000000000000000e+00
-1.631965008756555424e-01 -2.582509443986754638e-01 1.597135494798496147e-01 1.696525523371531285e+00 -2.259278087249052547e-01 1.548134149218540312e+00 -5.284362412708596413e-01 6.980123246018690164e-01 4.546427439153677419e-01 -3.259151574903751958e-01 -1.194633078620583433e+00 2.612191016423779932e-01 0.000000000000000000e+00
-1.630759721058219480e-01 -2.568193127582302782e-01 1.598967383933609099e-01 1.700928091916170004e+00 -2.329485686247125820e-01 1.548000027076853025e+00 -5.272186107309617675e-01 6.922106281671314143e-01 4.625619197328272314e-01 -3.168550501724120005e-01 -1.195681165667584089e+00 2.616791127864186994e-01 0.000000000000000000e+00
-1.629020047857940301e-01 -2.552767436849930904e-01 1.600814830746290773e-01 1.705706421130322781e+00 -2.404913785507254431e-01 1.547924922833404215e+00 -5.257145239263122383e-01 6.859272990492529809e-01 4.711514131966598740e-01 -3.069264194439467186e-01 -1.196789173839111431e+00 2.621505089441195646e-01 0.000000000000000000e+00
-1.627022106809232482e-01 -2.538608874920668113e-01 1.602392320429475714e-01 1.710124242213090895e+00 -2.473955410737715965e-01 1.547921691379271270e+00 -5.241554428451526970e-01 6.801318610430769906e-01 4.790849700840058567e-01 -2.976570209538169087e-01 -1.197784929770692175e+00 2.625595704875557379e-01 0.000000000000000000e+00
-1.624439707165903912e-01 -2.523361848549005026e-01 1.603959753748961936e-01 1.714917107536308549e+00 -2.548108805455004955e-01 1.547991982794760579e+00 -5.222805441482232247e-01 6.738617145725943613e-01 4.876800561861278638e-01 -2.875017219270722957e-01 -1.198832351027420362e+00 2.629730262467905311e-01 0.000000000000000000e+00
-1.621674726031057945e-01 -2.509377037581506098e-01 1.605274027307417584e-01 1.719346827395571431e+00 -2.615953929374681408e-01 1.548126464635219746e+00 -5.203765171268711631e-01 6.680844526408583617e-01 4.956097514898929468e-01 -2.780220835136375523e-01 -1.199768585308637725e+00 2.633257452884147365e-01 0.000000000000000000e+00
-1.618273974099654067e-01 -2.494327724135406155e-01 1.606552694322463115e-01 1.724150678603512787e+00 -2.688789764492871548e-01 1.548349183159891895e+00 -5.181253137679134868e-01 6.618402719910040366e-01 5.041905896801828213e-01 -2.676380855282823323e-01 -1.200747696483405402e+00 2.636750521548922310e-01 0.000000000000000000e+00
-1.614769595723283824e-01 -2.480531114425372774e-01 1.607597642607797306e-01 1.728588708740904423e+00 -2.755407333164341388e-01 1.548627355203343603e+00 -5.158738108033331660e-01 6.560925711473677424e-01 5.120981807469009439e-01 -2.579479242306768616e-01 -1.201617618053479664e+00 2.639660690830106238e-01 0.000000000000000000e+00
-1.610585462455247641e-01 -2.465690936422552104e-01 1.608581643414279672e-01 1.733399636292873858e+00 -2.826901204007561397e-01 1.549008852878799081e+00 -5.132463693613746880e-01 6.498864071220743499e-01 5.206457294235642408e-01 -2.473366753805538165e-01 -1.202521761243561693e+00 2.642458341555234402e-01 0.000000000000000000e+00
-1.606370509314061779e-01 -2.452094485288193737e-01 1.609351570778655149e-01 1.737842623503705219e+00 -2.892259757598982794e-01 1.549436637212935564e+00 -5.106458591359395172e-01 6.441794526431162682e-01 5.285137725480946180e-01 -2.374363906729410334e-01 -1.203319244831985824e+00 2.644698226479559322e-01 0.000000000000000000e+00
-1.601430461792849591e-01 -2.437478468401892695e-01 1.610034376219860452e-01 1.742657251271314323e+00 -2.962367262765246423e-01 1.549983637187151597e+00 -5.076386842120493847e-01 6.380235557833980886e-01 5.370089901093386686e-01 -2.265973083915617525e-01 -1.204141362660493320e+00 2.646738707217264897e-01 0.000000000000000000e+00
-1.596534849513364385e-01 -2.424092735698393231e-01 1.610525082254935791e-01 1.747101823778171692e+00 -3.026434146792431612e-01 1.550566678351907646e+00 -5.046884676459731933e-01 6.323681334715330893e-01 5.448203079026496809e-01 -2.164879488936209406e-01 -1.204860416154814651e+00 2.648255211010496213e-01 0.000000000000000000e+00
-1.590876044029706504e-01 -2.409708492767973498e-01 1.610904215016109031e-01 1.751916250453324331e+00 -3.095129008053012498e-01 1.551284372202805351e+00 -5.013035899004825158e-01 6.262736224749413383e-01 5.532452180111153694e-01 -2.054238960791572033e-01 -1.205595049141513053e+00 2.649486090776817515e-01 0.000000000000000000e+00
-1.585330518410595357e-01 -2.396542523632063659e-01 1.611112620906947623e-01 1.756359054697417932e+00 -3.157870587481732549e-01 1.552027684287150766e+00 -4.980038667308471223e-01 6.206803849745295976e-01 5.609830325583406996e-01 -1.951071595560832928e-01 -1.206230479377605969e+00 2.650226948902564272e-01 0.000000000000000000e+00
-1.578982508192378342e-01 -2.382402058122427002e-01 1.611184435285386851e-01 1.761169805750297357e+00 -3.225106799686008330e-01 1.552921777801577807e+00 -4.942396882671017955e-01 6.146589111708331554e-01 5.693192594025067166e-01 -1.838189185121053004e-01 -1.206871502251988026e+00 2.650586808544860840e-01 0.000000000000000000e+00
-1.572818467290657829e-01 -2.369463430908995971e-01 1.611109151785945215e-01 1.765607438061655543e+00 -3.286489436962733990e-01 1.553829985013913451e+00 -4.905915237583430843e-01 6.091378453359627132e-01 5.769673254209961577e-01 -1.732970852955816876e-01 -1.207418249223781270e+00 2.650499922914297257e-01 0.000000000000000000e+00
-1.565819495058215771e-01 -2.355571398867980504e-01 1.610873304383947102e-01 1.770410802568683550e+00 -3.352239332073194689e-01 1.554904965788191040e+00 -4.864519061599240080e-01 6.031998616324402152e-01 5.851979579279404931e-01 -1.617888505008063249e-01 -1.207961001453939476e+00 2.649938162371858752e-01 0.000000000000000000e+00
-1.559068546000244304e-01 -2.342866416566647680e-01 1.610513251051925165e-01 1.774840021443692351e+00 -3.412228392001392940e-01 1.555982378571784785e+00 -4.824571978143187834e-01 5.977609543171986672e-01 5.927405627672630573e-01 -1.510648334232752577e-01 -1.208414670945634484e+00 2.648972600029136926e-01 0.000000000000000000e+00
-1.551449054725168863e-01 -2.329232577358033018e-01 1.609968844986617575e-01 1.779632367354972544e+00 -3.476444201111359433e-01 1.557242854924860254e+00 -4.779423075287937972e-01 5.919173796743195659e-01 6.008480240737910094e-01 -1.393387021170610085e-01 -1.208853826209388416e+00 2.647428133044458787e-01 0.000000000000000000e+00
-1.544143107139509807e-01 -2.316767091641107612e-01 1.609324558871260968e-01 1.784049731699131058e+00 -3.535004224113271754e-01 1.558493162289350975e+00 -4.736037185074321032e-01 5.865702182586312041e-01 6.082695882415696254e-01 -1.284160048998315984e-01 -1.209210157163241206e+00 2.645532794586162861e-01 0.000000000000000000e+00
-1.535941547602697188e-01 -2.303393693052124269e-01 1.608473625426916076e-01 1.788827412336051026e+00 -3.597658232470157813e-01 1.559942430108865130e+00 -4.687192147521177521e-01 5.808307066353469716e-01 6.162381656972502064e-01 -1.164773783057642259e-01 -1.209542120193119352e+00 2.642957351364488283e-01 0.000000000000000000e+00
-1.528112269120627253e-01 -2.291172765159078528e-01 1.607547166606320688e-01 1.793229420304912836e+00 -3.654753231335852171e-01 1.561368418115567147e+00 -4.640401405853893935e-01 5.755844124459453814e-01 6.235236423333256894e-01 -1.053600206576068427e-01 -1.209797517341658191e+00 2.640082635415315626e-01 0.000000000000000000e+00
-1.519359048237789167e-01 -2.278068349741683707e-01 1.606390699619352214e-01 1.797988659893221097e+00 -3.715795838961000186e-01 1.563009996506701915e+00 -4.587878542835351348e-01 5.699594833285617224e-01 6.313364248652364452e-01 -9.321229430607622102e-02 -1.210017760763807626e+00 2.636415795489412961e-01 0.000000000000000000e+00
-1.511037898638050159e-01 -2.266095982254472119e-01 1.605183914069059636e-01 1.802371986781139412e+00 -3.771390460049666160e-01 1.564614587044500960e+00 -4.537725560291842597e-01 5.648230445341259065e-01 6.384714328997223021e-01 -8.190487850224967281e-02 -1.210168761997615139e+00 2.632512267121629446e-01 0.000000000000000000e+00
-1.501770505752771379e-01 -2.253261429778790070e-01 1.603726658672668670e-01 1.807108995155331854e+00 -3.830793291123546496e-01 1.566450181103026473e+00 -4.481597110052469302e-01 5.593213531961856999e-01 6.461139062799228228e-01 -6.955457713792648211e-02 -1.210274755809000347e+00 2.627708090962694309e-01 0.000000000000000000e+00
-1.492988477152100979e-01 -2.241542082888520748e-01 1.602243422626563329e-01 1.811470033778249444e+00 -3.884850992796202718e-01 1.568235068923405029e+00 -4.428130489322629204e-01 5.543033252017175450e-01 6.530840646429325602e-01 -5.806220479639392917e-02 -1.210318298492823130e+00 2.622727480381542020e-01 0.000000000000000000e+00
-1.483236420677791212e-01 -2.228985260408798408e-01 1.600488021518467197e-01 1.816180925470047391e+00 -3.942563823277094315e-01 1.570267075827175285e+00 -4.368430740061459705e-01 5.489348584973086087e-01 6.605401167468274437e-01 -4.551391821096936741e-02 -1.210306181109863211e+00 2.616726879102889147e-01 0.000000000000000000e+00
-1.474023604918115460e-01 -2.217522391764819023e-01 1.598732536105972879e-01 1.820516023086303115e+00 -3.995048346519567417e-01 1.572233413999774676e+00 -4.311706740423316697e-01 5.440434971021872457e-01 6.673319764748564253e-01 -3.384222566250660175e-02 -1.210240001556774692e+00 2.610621415856314576e-01 0.000000000000000000e+00
-1.463822633441643484e-01 -2.205243940139234027e-01 1.596685433429204937e-01 1.825196973295566849e+00 -4.051042437260203855e-01 1.574462256583764042e+00 -4.248521911980641663e-01 5.388162112250661773e-01 6.745880251808862305e-01 -2.110350849497916875e-02 -1.210107908766706819e+00 2.603380946642661065e-01 0.000000000000000000e+00
-1.454208460010998905e-01 -2.194041641033905865e-01 1.594662660026991696e-01 1.829502523283720983e+00 -4.101917522922029491e-01 1.576610800322252315e+00 -4.188603117719812419e-01 5.340595059125619049e-01 6.811881373104298198e-01 -9.258606445931171283e-03 -1.209929476973671481e+00 2.596104191859155974e-01 0.000000000000000000e+00
-1.443586582816511477e-01 -2.182049584979544044e-01 1.592328738523177412e-01 1.834149191562627124e+00 -4.156142988881521561e-01 1.579037039483802030e+00 -4.121983144366072049e-01 5.289827219265439417e-01 6.882287362842722800e-01 3.664806664828413295e-03 -1.209674479299296390e+00 2.587565764509225930e-01 0.000000000000000000e+00
-1.433599227376339269e-01 -2.171111729217102826e-01 1.590044403986664578e-01 1.838421382144838745e+00 -4.205372220247056703e-01 1.581367626286051653e+00 -4.058938464775762589e-01 5.243683292847909350e-01 6.946243176420976440e-01 1.567631908853393818e-02 -1.209382064211605767e+00 2.579071945107554442e-01 0.000000000000000000e+00
-1.422589446404000924e-01 -2.159406486426219129e-01 1.587431244124103136e-01 1.843029928843074927e+00 -4.257800734969912071e-01 1.583990362276833874e+00 -3.988982549261561039e-01 5.194492377248192128e-01 7.014372163427382567e-01 2.877593203446993791e-02 -1.209003229546542046e+00 2.569195112862290853e-01 0.000000000000000000e+00
-1.412256005141533655e-01 -2.148737398848944991e-01 1.584891873939836549e-01 1.847264869225406336e+00 -4.305348388788328151e-01 1.586502135293462068e+00 -3.922887218642565621e-01 5.149844481573013777e-01 7.076157500717217275e-01 4.094701722159300311e-02 -1.208595233267541813e+00 2.559439620894194412e-01 0.000000000000000000e+00
-1.400883744774165107e-01 -2.137327123369195947e-01 1.582004934053987122e-01 1.851830882301362280e+00 -4.355930738046698281e-01 1.589320974333613634e+00 -3.849659609729201848e-01 5.102318041654595460e-01 7.141865674292744437e-01 5.421602177702025682e-02 -1.208090164766808305e+00 2.548167958028002000e-01 0.000000000000000000e+00
-1.390229791646022950e-01 -2.126931321110636097e-01 1.579217522440516108e-01 1.856024522129704479e+00 -4.401761159693999836e-01 1.592012230390131178e+00 -3.780594521599631719e-01 5.059236750490655465e-01 7.201360693045115724e-01 6.653918802654905373e-02 -1.207565655190117271e+00 2.537107350678198814e-01 0.000000000000000000e+00
-1.378524790052713944e-01 -2.115817564675397389e-01 1.576065824333059417e-01 1.860543979586460672e+00 -4.450469115870325787e-01 1.595024706023788985e+00 -3.704205407577207954e-01 5.013438702119699109e-01 7.264533537262884977e-01 7.996822775754404422e-02 -1.206933953379550450e+00 2.524403073593112223e-01 0.000000000000000000e+00
-1.367574374071580667e-01 -2.105699757795722604e-01 1.573037283834856637e-01 1.864692411771005531e+00 -4.494547684451442038e-01 1.597893614482063018e+00 -3.632257447567627251e-01 4.971990927389386972e-01 7.321623721550913899e-01 9.243558337415461179e-02 -1.206291865240732397e+00 2.511995073179296711e-01 0.000000000000000000e+00
-1.355559299795218720e-01 -2.094892436667537550e-01 1.569628577784325518e-01 1.869160178611076972e+00 -4.541333434311360939e-01 1.601096711496881708e+00 -3.552784393002891283e-01 4.928003162769412637e-01 7.382120088873151964e-01 1.060168394062044467e-01 -1.205532331697841686e+00 2.497803753520536629e-01 0.000000000000000000e+00
-1.344334572734104949e-01 -2.085057737827160362e-01 1.566366328883992964e-01 1.873259236447294640e+00 -4.583625332703413768e-01 1.604140508913906471e+00 -3.478045107275771208e-01 4.888252820338889748e-01 7.436696249092147326e-01 1.186200661726795058e-01 -1.204772265522733088e+00 2.484006914598245186e-01 0.000000000000000000e+00
-1.332034987223347788e-01 -2.074558436202024181e-01 1.562709213435452271e-01 1.877671526197516982e+00 -4.628462360248417617e-01 1.607531126324061921e+00 -3.395608953103185779e-01 4.846131931643060109e-01 7.494417602558525182e-01 1.323434351383987184e-01 -1.203885033405573068e+00 2.468294264166777663e-01 0.000000000000000000e+00
-1.320556604088864994e-01 -2.065013082109321829e-01 1.559221443548989283e-01 1.881716917564411062e+00 -4.668933984841889817e-01 1.610746114089670611e+00 -3.318175214143178620e-01 4.808139941322261968e-01 7.546370549103791348e-01 1.450738528140602390e-01 -1.203006722878064982e+00 2.453068805767226468e-01 0.000000000000000000e+00
-1.307991484994033560e-01 -2.054832894953667610e-01 1.555324092785978218e-01 1.886068403135300997e+00 -4.711776053546339327e-01 1.614320003920985735e+00 -3.232865842049533756e-01 4.767961495746509404e-01 7.601183730659801796e-01 1.589305629266083431e-01 -1.201990993238308825e+00 2.435782393579090099e-01 0.000000000000000000e+00
-1.296277974555623269e-01 -2.045583046148640172e-01 1.551618640012892569e-01 1.890055827989425730e+00 -4.750394577453489475e-01 1.617702147054425943e+00 -3.152839515768334211e-01 4.731785781289146176e-01 7.650412263409918090e-01 1.717791001189933331e-01 -1.200994571516455833e+00 2.419089699866473486e-01 0.000000000000000000e+00
-1.283468468193894874e-01 -2.035724592290756585e-01 1.547490469739784547e-01 1.894342387345897549e+00 -4.791216996683829166e-01 1.621454382329841959e+00 -3.064786754856771434e-01 4.693598714418499296e-01 7.702229388739585403e-01 1.857583655759555141e-01 -1.199851542776593671e+00 2.400198400226428719e-01 0.000000000000000000e+00
-1.271536493795219214e-01 -2.026777659162224687e-01 1.543576047094494808e-01 1.898267260910806442e+00 -4.827950575958390722e-01 1.624998431141069011e+00 -2.982273701907710572e-01 4.659294203522052480e-01 7.748632307573131150e-01 1.987156429645997868e-01 -1.198737542492613661e+00 2.382001186945484905e-01 0.000000000000000000e+00
-1.258497226974645000e-01 -2.017252835585853776e-01 1.539224919091747856e-01 1.902483466733912998e+00 -4.866708861469297709e-01 1.628923787177112725e+00 -2.891578419404516875e-01 4.623168423335127786e-01 7.797330871266314745e-01 2.128078098070244895e-01 -1.197466948336536774e+00 2.361455232030660045e-01 0.000000000000000000e+00
-1.246361030423098898e-01 -2.008615652588456868e-01 1.535108980245626920e-01 1.906341547222241140e+00 -4.901526293294957703e-01 1.632625002707094986e+00 -2.806689160972832275e-01 4.590786381850581188e-01 7.840817628706222564e-01 2.258640902091924585e-01 -1.196235768964593271e+00 2.341717712954242414e-01 0.000000000000000000e+00
-1.233108659213768554e-01 -1.999428854125537280e-01 1.530544988346833613e-01 1.910483069978836212e+00 -4.938198106492248662e-01 1.636716865792322784e+00 -2.713489175464419145e-01 4.556763833134547248e-01 7.886315072769134460e-01 2.400577900681764854e-01 -1.194839340447010123e+00 2.319489472468327651e-01 0.000000000000000000e+00
-1.220780592511410551e-01 -1.991109422145814767e-01 1.526236208750172407e-01 1.914269564826673431e+00 -4.971069943699633065e-01 1.640568764783935762e+00 -2.626338227476984755e-01 4.526352863751795796e-01 7.926795121338341410e-01 2.532030200507530693e-01 -1.193492313567648067e+00 2.298177359397400588e-01 0.000000000000000000e+00
-1.207325155389239041e-01 -1.982273692837355772e-01 1.521467278527857403e-01 1.918330717092367799e+00 -5.005612856537049460e-01 1.644820524703497489e+00 -2.530744060148590879e-01 4.494497462372812890e-01 7.968976929844102663e-01 2.674878000190177851e-01 -1.191970450162722184e+00 2.274219895126183832e-01 0.000000000000000000e+00
-1.194815195542867220e-01 -1.974280230078236387e-01 1.516973384528154389e-01 1.922041144522303568e+00 -5.036509906585617813e-01 1.648816959950544891e+00 -2.441449600378778895e-01 4.466103171725524512e-01 8.006365048387729111e-01 2.807116265432653690e-01 -1.190508507882323208e+00 2.251300231442257549e-01 0.000000000000000000e+00
-1.181168084552480652e-01 -1.965799771345471125e-01 1.512008550036872123e-01 1.926017733721227643e+00 -5.068903909636834904e-01 1.653221517028456544e+00 -2.343605727719540177e-01 4.436449205882628255e-01 8.045164642309088343e-01 2.950756189092031412e-01 -1.188863473276981386e+00 2.225589741383496301e-01 0.000000000000000000e+00
-1.168484005994474134e-01 -1.958140617196928723e-01 1.507337638078550812e-01 1.929647252842323191e+00 -5.097799226500376868e-01 1.657355198836304666e+00 -2.252289262892085975e-01 4.410114204548243322e-01 8.079380935994429080e-01 3.083674559097885903e-01 -1.187288479808308317e+00 2.201031401391330689e-01 0.000000000000000000e+00
-1.154650619828586494e-01 -1.950029261805029113e-01 1.502184515138228760e-01 1.933533387871372078e+00 -5.128004426519989778e-01 1.661904837125617984e+00 -2.152315360703487834e-01 4.382719930890279780e-01 8.114691788887791191e-01 3.227994587520642833e-01 -1.185521206108931747e+00 2.173523943387038748e-01 0.000000000000000000e+00
-1.141798034230710468e-01 -1.942713753823043232e-01 1.497344663507947649e-01 1.937077265430403372e+00 -5.154871428905987152e-01 1.666168087315427204e+00 -2.059101726494488305e-01 4.358483500494877427e-01 8.145656362882141011e-01 3.361484205580319018e-01 -1.183834759348639132e+00 2.147297465867074595e-01 0.000000000000000000e+00
-1.127784905950827421e-01 -1.934977002435418481e-01 1.492012933182176593e-01 1.940868419762537656e+00 -5.182870651032844833e-01 1.670853854578506548e+00 -1.957147431140280613e-01 4.333375550632746487e-01 8.177417222042429046e-01 3.506361500461175340e-01 -1.181948309190481439e+00 2.117973066209075661e-01 0.000000000000000000e+00
-1.114766811571468036e-01 -1.928013044533911924e-01 1.487010631923399995e-01 1.944322054808541367e+00 -5.207683634729982636e-01 1.675239566133214231e+00 -1.862164126386923468e-01 4.311274309641314750e-01 8.205063497318541010e-01 3.640311179599163283e-01 -1.180152273351332104e+00 2.090050321522299026e-01 0.000000000000000000e+00
-1.100574627738746536e-01 -1.920664667682886184e-01 1.481507060650385232e-01 1.948012244937547877e+00 -5.233439926783525209e-01 1.680053044183511757e+00 -1.758357436046997235e-01 4.288505281006546044e-01 8.233178488946504281e-01 3.785626897374472777e-01 -1.178148111472993032e+00 2.058868533451538307e-01 0.000000000000000000e+00
-1.087392247236082660e-01 -1.914061864305664773e-01 1.476350297573179315e-01 1.951370656565321937e+00 -5.256175281211570294e-01 1.684552292248987726e+00 -1.661734955642696077e-01 4.268572518932712279e-01 8.257434560154948144e-01 3.919923120349307344e-01 -1.176244883399967911e+00 2.029223722224889337e-01 0.000000000000000000e+00
-1.073022381979536199e-01 -1.907106800480525555e-01 1.470683205568961982e-01 1.954955527826598427e+00 -5.279673252853398502e-01 1.689484383310419391e+00 -1.556229168527299422e-01 4.248162385233480998e-01 8.281855747350972408e-01 4.065551093762428958e-01 -1.174126338752809806e+00 1.996168566774825792e-01 0.000000000000000000e+00
-1.059674604576153617e-01 -1.900874017818916795e-01 1.465378982229990912e-01 1.958213826171848027e+00 -5.300308455678348629e-01 1.694088440093407533e+00 -1.458100004736286037e-01 4.230428728429779239e-01 8.302657698625584004e-01 4.200078678856964398e-01 -1.172118448448944417e+00 1.964777387663357577e-01 0.000000000000000000e+00
-1.045123412597097762e-01 -1.894326438810287061e-01 1.459555181794016110e-01 1.961687184589626654e+00 -5.321514834260288040e-01 1.699129459204512749e+00 -1.351030109823172232e-01 4.212423429194889768e-01 8.323294533912606319e-01 4.345894738022072490e-01 -1.169887518403785132e+00 1.929812079921434664e-01 0.000000000000000000e+00
-1.031607026196522808e-01 -1.888471663820324997e-01 1.454109841591464947e-01 1.964840441577903718e+00 -5.340028790683550852e-01 1.703829578518622823e+00 -1.251529418070768118e-01 4.196916175062495591e-01 8.340586438870492003e-01 4.480536173253208410e-01 -1.167777762188224377e+00 1.896651896055881192e-01 0.000000000000000000e+00
-1.016871277188248490e-01 -1.882336442886217709e-01 1.448137307383976224e-01 1.968197836688707625e+00 -5.358930251183924298e-01 1.708969505803839661e+00 -1.143051543178842805e-01 4.181329026097397317e-01 8.357398974832164207e-01 4.626410821962299580e-01 -1.165438308328644146e+00 1.859764951139898093e-01 0.000000000000000000e+00
-1.003181110518873015e-01 -1.876868154288091617e-01 1.442557280847043821e-01 1.971241196759028647e+00 -5.375302562392567651e-01 1.713756432014096776e+00 -1.042315644023346227e-01 4.168072475981255409e-01 8.371124907090430334e-01 4.761047263766390869e-01 -1.163229482520532487e+00 1.824815622364515943e-01 0.000000000000000000e+00
-9.882529404826449759e-02 -1.871157471061465905e-01 1.436441455763013686e-01 1.974476291306471509e+00 -5.391869454543471996e-01 1.718985472527665648e+00 -9.325706037952477545e-02 4.154943424702301491e-01 8.384038575216221645e-01 4.906851338706594290e-01 -1.160784168007621853e+00 1.785974083655982592e-01 0.000000000000000000e+00
-9.743820603606032082e-02 -1.866083462193235953e-01 1.430732829516214166e-01 1.977404732601480752e+00 -5.406081865711414025e-01 1.723849650984921711e+00 -8.307379816133429740e-02 4.143959549681405785e-01 8.394147934714162318e-01 5.041362279044316885e-01 -1.158479468400267276e+00 1.749216967843141013e-01 0.000000000000000000e+00
-9.592541874287525971e-02 -1.860801991570471547e-01 1.424481380291045818e-01 1.980513192038419135e+00 -5.420303483531663247e-01 1.729157125253275362e+00 -7.198835683436582977e-02 4.133294921096183350e-01 8.403128113909912322e-01 5.186964952427082221e-01 -1.155932287975660833e+00 1.708413844544196258e-01 0.000000000000000000e+00
-9.451939086462508854e-02 -1.856129414910208109e-01 1.418650122249116297e-01 1.983321637010614147e+00 -5.432338934158775778e-01 1.734088691428628426e+00 -6.170935397498700237e-02 4.124601697507892517e-01 8.409575626908996071e-01 5.321228551678562901e-01 -1.153535176678480489e+00 1.669832629832218307e-01 0.000000000000000000e+00
-9.298549848049721123e-02 -1.851288916610575874e-01 1.412268453055867123e-01 1.986296878129960142e+00 -5.444188696962588558e-01 1.739463816177841959e+00 -5.052751453893608580e-02 4.116435779815436624e-01 8.414553074986352854e-01 5.466495666763979688e-01 -1.150889326135486890e+00 1.627039292961143524e-01 0.000000000000000000e+00
-9.155950771450331593e-02 -1.847024005423461568e-01 1.406319673542761051e-01 1.988980384799072354e+00 -5.454031162192287674e-01 1.744453270976318304e+00 -4.016685666382190101e-02 4.110049186626290596e-01 8.417298794070222634e-01 5.600388753728803293e-01 -1.148403132099843349e+00 1.586619498411602491e-01 0.000000000000000000e+00
-9.000343299459777346e-02 -1.842626553211485496e-01 1.399814356689116357e-01 1.991818044941746635e+00 -5.463501907353101039e-01 1.749885421096249782e+00 -2.890444828241767530e-02 4.104380981141192986e-01 8.418254868901562382e-01 5.745188816938047172e-01 -1.145663138812315296e+00 1.541833617702444148e-01 0.000000000000000000e+00
-8.855633152167433075e-02 -1.838775630686690921e-01 1.393753907885086352e-01 1.994371455514412972e+00 -5.471138015523040465e-01 1.754922219380054660e+00 -1.847625222594016098e-02 4.100313668366369901e-01 8.417258846653870030e-01 5.878587887520660971e-01 -1.143091723621789457e+00 1.499563259090433975e-01 0.000000000000000000e+00
-8.697666273436617523e-02 -1.834831056933384774e-01 1.387129592531540501e-01 1.997064883060819085e+00 -5.478206957846416536e-01 1.760400520857140272e+00 -7.148168835638366546e-03 4.097171471175212742e-01 8.414134958695211886e-01 6.022783413162455801e-01 -1.140261049699144102e+00 1.452760533198245163e-01 0.000000000000000000e+00
-8.550718007811068666e-02 -1.831399056968515404e-01 1.380962657789221448e-01 1.999483009901868336e+00 -5.483623671572424030e-01 1.765474455644860718e+00 3.333352080255808873e-03 4.095432759878526729e-01 8.409365237182879760e-01 6.155562633001353534e-01 -1.137608274937316200e+00 1.408629457222110304e-01 0.000000000000000000e+00
-8.390258588644905480e-02 -1.827908474226726254e-01 1.374226126407716575e-01 2.002027715403743358e+00 -5.488287340048239038e-01 1.770987413275911582e+00 1.471136427943575860e-02 4.094809580183448317e-01 8.402148070628761012e-01 6.299021794601742386e-01 -1.134691980385625021e+00 1.359812798979332937e-01 0.000000000000000000e+00
-8.240935820517349131e-02 -1.824899583479303311e-01 1.367957636779694452e-01 2.004305566116151738e+00 -5.491474299841718754e-01 1.776088271636039329e+00 2.523201571822565950e-02 4.095406461162762191e-01 8.393575355079798683e-01 6.431056660915963619e-01 -1.131961707636075731e+00 1.313813515498507556e-01 0.000000000000000000e+00
-8.077823499958512732e-02 -1.821871255953768642e-01 1.361113474382641131e-01 2.006694770979929210e+00 -5.493713407615241628e-01 1.781624595539668343e+00 3.664481363862449881e-02 4.097323937147619444e-01 8.382214309869522317e-01 6.573638310937170992e-01 -1.128963520880864602e+00 1.262963367315886876e-01 0.000000000000000000e+00
-7.925984115408657438e-02 -1.819288102163303944e-01 1.354748349888435510e-01 2.008827003842590386e+00 -5.494662987769940443e-01 1.786741918347249936e+00 4.719035731122822597e-02 4.100260072249432008e-01 8.369817294995200996e-01 6.704802989365208354e-01 -1.126160144359392490e+00 1.215090300336838514e-01 0.000000000000000000e+00
-7.760069592675993000e-02 -1.816720305929481472e-01 1.347802615975375595e-01 2.011056256053095126e+00 -5.494478530334938604e-01 1.792290376409136465e+00 5.862238824812448373e-02 4.104704888108774430e-01 8.354312371128758130e-01 6.846376632913820925e-01 -1.123085391722841608e+00 1.162214651697644346e-01 0.000000000000000000e+00
-7.605565392634587585e-02 -1.814565441184480543e-01 1.341345908369692141e-01 2.013037651791695026e+00 -5.493183673318977611e-01 1.797413521254610735e+00 6.917866362768339272e-02 4.109981608913629847e-01 8.338069751640366789e-01 6.976544623303896353e-01 -1.120213172487191322e+00 1.112464888387930534e-01 0.000000000000000000e+00
-7.436680069167538043e-02 -1.812464710606905005e-01 1.334303652769542603e-01 2.015099908369393233e+00 -5.490561704394019138e-01 1.802962131136957469e+00 8.061465185551193458e-02 4.116968744928588553e-01 8.318378338540322048e-01 7.116966449681049189e-01 -1.117066115027044670e+00 1.057549341577519730e-01 0.000000000000000000e+00
-7.279362285120284659e-02 -1.810738931799884821e-01 1.327760350344522888e-01 2.016925143044741020e+00 -5.487019411188978069e-01 1.808080453102750562e+00 9.116751089873498248e-02 4.124583721170533845e-01 8.298276798632402418e-01 7.246011917671656422e-01 -1.114129647030095871e+00 1.005922382594436476e-01 0.000000000000000000e+00
-7.107350805666408367e-02 -1.809101006580320914e-01 1.320627073030972431e-01 2.018816167610909318e+00 -5.481965654829314971e-01 1.813618436547170365e+00 1.025922139814443024e-01 4.134094202318343569e-01 8.274409548943113535e-01 7.385154095145025632e-01 -1.110915544489506690e+00 9.489800037469071914e-02 0.000000000000000000e+00
-6.947069424472963883e-02 -1.807805060716339840e-01 1.314002494072845084e-01 2.020479974476109497e+00 -5.476173882130535020e-01 1.818721034793609581e+00 1.131276209971489449e-01 4.144042773465470564e-01 8.250435772810216228e-01 7.512950540584385495e-01 -1.107919355105112968e+00 8.954777632374878726e-02 0.000000000000000000e+00
-6.771764587259458679e-02 -1.806635292911830115e-01 1.306784220064333424e-01 2.022192530940171373e+00 -5.468680493441606671e-01 1.824235510861717646e+00 1.245257590479847271e-01 4.156085255019672520e-01 8.222355402276422254e-01 7.650667261084290738e-01 -1.104643001174042904e+00 8.364997306317292769e-02 0.000000000000000000e+00
-6.608374077978834693e-02 -1.805768145799773183e-01 1.300083576208512226e-01 2.023689604493209337e+00 -5.460641807953483529e-01 1.829311629844537102e+00 1.350297490852048199e-01 4.168359764483848262e-01 8.194504063596372845e-01 7.777089515401169884e-01 -1.101591884092166351e+00 7.811267026803134228e-02 0.000000000000000000e+00
-6.429627180183329627e-02 -1.805059069498069491e-01 1.292785675316326099e-01 2.025219247075495055e+00 -5.450719524812752681e-01 1.834792123865858660e+00 1.463864916258466875e-01 4.182908613518950824e-01 8.162237203828976995e-01 7.913253612985557961e-01 -1.098258871408904991e+00 7.201316584439559909e-02 0.000000000000000000e+00
-6.262986377374506197e-02 -1.804619276527839045e-01 1.286014685224883269e-01 2.026544238320349578e+00 -5.440438076296967296e-01 1.839830742449177547e+00 1.568452745035626983e-01 4.197498075760677239e-01 8.130505639440679388e-01 8.038175841818451239e-01 -1.095157686898534877e+00 6.628948754602970173e-02 0.000000000000000000e+00
-6.080642219913354879e-02 -1.804374465400588878e-01 1.278643555542997301e-01 2.027883899901491205e+00 -5.428086336394830624e-01 1.845264357700465707e+00 1.681454664829324097e-01 4.214556288332907963e-01 8.094022995667686793e-01 8.172642174207914723e-01 -1.091772875732071491e+00 5.998795738657624471e-02 0.000000000000000000e+00
-5.910618826841902707e-02 -1.804359366034702927e-01 1.271808014499662964e-01 2.029031570808883522e+00 -5.415571201305793281e-01 1.850254566147453428e+00 1.785453768558008247e-01 4.231447387546734551e-01 8.058413868732232643e-01 8.295940540566129062e-01 -1.088626617220251891e+00 5.407888562563797907e-02 0.000000000000000000e+00
-5.724544123443413984e-02 -1.804570283942023567e-01 1.264370140841204748e-01 2.030176978895971374e+00 -5.400807748604710135e-01 1.855630352751625578e+00 1.897747121054176311e-01 4.250982672827874898e-01 8.017747398886725385e-01 8.428585270769979321e-01 -1.085195799945957384e+00 4.757776818723989665e-02 0.000000000000000000e+00
-5.551015711369153283e-02 -1.804976421922140084e-01 1.257476123486253872e-01 2.031141998508760871e+00 -5.386069942886018147e-01 1.860561255072181508e+00 2.001023176546904425e-01 4.270159430047263394e-01 7.978268698887389654e-01 8.550135271872557619e-01 -1.082009527438759333e+00 4.148454715930107589e-02 0.000000000000000000e+00
-5.361081055585036059e-02 -1.805644298890942134e-01 1.249978592012712247e-01 2.032085974540819073e+00 -5.368903667407205482e-01 1.865866239660570525e+00 2.112458325381794122e-01 4.292168459085950460e-01 7.933402424002826692e-01 8.680813257611383893e-01 -1.078538030378813684e+00 3.478411083866196629e-02 0.000000000000000000e+00
-5.183936975656414092e-02 -1.806467923740605608e-01 1.243032770652696545e-01 2.032863176511747305e+00 -5.351957641369788909e-01 1.870726786623050808e+00 2.214878840374334135e-01 4.313611566392995811e-01 7.890064803583967112e-01 8.800491056467636408e-01 -1.075316803882308214e+00 2.850826978075476567e-02 0.000000000000000000e+00
-4.990032995315119013e-02 -1.807583501837338735e-01 1.235483160235226474e-01 2.033601783560774479e+00 -5.332413524002634908e-01 1.875949789837741744e+00 2.325319464989647478e-01 4.338056389143697400e-01 7.841036007915604955e-01 8.929082455492385328e-01 -1.071810485991109951e+00 2.161153976242540659e-02 0.000000000000000000e+00
-4.809179396744019813e-02 -1.808819900926021407e-01 1.228492671964300509e-01 2.034186117708035368e+00 -5.313280323495472857e-01 1.880728891325194940e+00 2.426754443931289917e-01 4.361743875459406228e-01 7.793855446043762569e-01 9.046767544062987998e-01 -1.068559631827477485e+00 1.515488150977213101e-02 0.000000000000000000e+00
-4.611210852485258388e-02 -1.810382563128924982e-01 1.220898819436017496e-01 2.034712336863574222e+00 -5.291376141752643925e-01 1.885857150055979092e+00 2.536054569809776948e-01 4.388614505068034188e-01 7.740661466430522886e-01 9.173127879884521718e-01 -1.065023952585260947e+00 8.062765973296128971e-03 0.000000000000000000e+00
-4.426570462431270170e-02 -1.812026521047395144e-01 1.213871191320353288e-01 2.035098874193710827e+00 -5.270079760948767067e-01 1.890543846298188502e+00 2.636376513863334381e-01 4.414521403257188337e-01 7.689659268394413161e-01 9.288699750130146038e-01 -1.061748730497654503e+00 1.427391666370097850e-03 0.000000000000000000e+00
-4.224464553225100449e-02 -1.814025790388243964e-01 1.206241597047948283e-01 2.035408969311625071e+00 -5.245849063500198639e-01 1.895566310810753663e+00 2.744406977692125937e-01 4.443774563356027163e-01 7.632348041735910193e-01 9.412712509450774645e-01 -1.058189682016872579e+00 -5.856487853274098578e-03 0.000000000000000000e+00
-4.035976661360982098e-02 -1.816072622355173749e-01 1.199185378284234466e-01 2.035593054703420002e+00 -5.222418050095170017e-01 1.900149223870913895e+00 2.843491716971773831e-01 4.471873243122317376e-01 7.577545512824257479e-01 9.526052650702913072e-01 -1.054895484906499092e+00 -1.266819229261347164e-02 0.000000000000000000e+00
-3.829679922104978207e-02 -1.818507571754288676e-01 1.191529550130426135e-01 2.035680457301614510e+00 -5.195889951869969714e-01 1.905052762292986035e+00 2.950111371213095524e-01 4.503491956059419432e-01 7.516122365442670095e-01 9.647576020194590374e-01 -1.051318792983495287e+00 -2.014225922486648224e-02 0.000000000000000000e+00
-3.637305866102657353e-02 -1.820951846593096279e-01 1.184453624349232903e-01 2.035657454807997979e+00 -5.170356891907594843e-01 1.909520739825744995e+00 3.047837731889234680e-01 4.533752123945444246e-01 7.457548800427469260e-01 9.758565921784733144e-01 -1.048011080330589762e+00 -2.712759968668441990e-02 0.000000000000000000e+00
-3.426789369695358578e-02 -1.823811074031368717e-01 1.176780883292631447e-01 2.035519037650531438e+00 -5.141575399621558518e-01 1.914294775115928493e+00 3.152926068503761337e-01 4.567688119926052170e-01 7.392072321866782758e-01 9.877490046052493922e-01 -1.044422670498789563e+00 -3.478761872116030440e-02 0.000000000000000000e+00
-3.230514593580428168e-02 -1.826646920312883782e-01 1.169694632830369230e-01 2.035284728832442269e+00 -5.113979679348168439e-01 1.918636879964344955e+00 3.249176039250587511e-01 4.600076486418186450e-01 7.329762341842198659e-01 9.986015192053768752e-01 -1.041106901783586558e+00 -4.194360122982507266e-02 0.000000000000000000e+00
-3.015772664315575016e-02 -1.829930080448228802e-01 1.162016413871805598e-01 2.034914410241219329e+00 -5.082983789497830251e-01 1.923267874002209998e+00 3.352597902812997632e-01 4.636305796992488126e-01 7.260245847907857986e-01 1.010219892355983751e+00 -1.037512699576415676e+00 -4.978729307513776042e-02 0.000000000000000000e+00
-2.815603426754724123e-02 -1.833152109472356017e-01 1.154930076097869657e-01 2.034464910964470796e+00 -5.053369154148485975e-01 1.927473020806518944e+00 3.447257966389046246e-01 4.670786409416017304e-01 7.194236737129151571e-01 1.020814679541618641e+00 -1.034194400858176710e+00 -5.711060740463817093e-02 0.000000000000000000e+00
-2.596657878875105810e-02 -1.836847679919450527e-01 1.147257119781136259e-01 2.033860160278863738e+00 -5.020214074172688612e-01 1.931950527231034220e+00 3.548902502818964133e-01 4.709254772676802481e-01 7.120749470009508642e-01 1.032148627087805082e+00 -1.030600464967114993e+00 -6.513310971120367387e-02 0.000000000000000000e+00
-2.392627389747666380e-02 -1.840450622413727366e-01 1.140181624708849761e-01 2.033191892940288348e+00 -4.988629720834230064e-01 1.936007727643819898e+00 3.641862138038998165e-01 4.745788682300782213e-01 7.051083839054124169e-01 1.042474568161396720e+00 -1.027285162305102473e+00 -7.262014186871669497e-02 0.000000000000000000e+00
-2.169525463859635697e-02 -1.844559059349716312e-01 1.132526926558611452e-01 2.032347609817621858e+00 -4.953366545487756234e-01 1.940318283301422975e+00 3.741601515604100481e-01 4.786466470580925114e-01 6.973647104037890010e-01 1.053510441402575992e+00 -1.023697418263574965e+00 -8.081844193555183520e-02 0.000000000000000000e+00
-1.961689588066698950e-02 -1.848538410869612347e-01 1.125474081166785711e-01 2.031457412228649062e+00 -4.919866102721837109e-01 1.944216422577004222e+00 3.832755194709923652e-01 4.825012398408459191e-01 6.900370226644358951e-01 1.063556617403654592e+00 -1.020390704296078033e+00 -8.846522630776679219e-02 0.000000000000000000e+00
-1.734506217491734240e-02 -1.853049299821536988e-01 1.117850167389930205e-01 2.030371896413599941e+00 -4.882560534419155829e-01 1.948349539182245849e+00 3.930488879079060416e-01 4.867839357688296120e-01 6.819061255403151556e-01 1.074284562643793572e+00 -1.016815277374592208e+00 -9.683381055917729408e-02 0.000000000000000000e+00
-1.522951262658170900e-02 -1.857399686054991561e-01 1.110831904851296154e-01 2.029256901248738920e+00 -4.847204041564161514e-01 1.952078147226657290e+00 4.019736067739523300e-01 4.908353028666262996e-01 6.742229057954363114e-01 1.084040454086053540e+00 -1.013522678160872825e+00 -1.046360902495392514e-01 0.000000000000000000e+00
-1.291794853592991531e-02 -1.862313887268365054e-01 1.103253271547058184e-01 2.027925997837425776e+00 -4.807921023225616430e-01 1.956020646790526563e+00 4.115344549558776488e-01 4.953292873375941263e-01 6.657082471582351779e-01 1.094447355256783716e+00 -1.009965627050908310e+00 -1.131711803257285515e-01 0.000000000000000000e+00
-1.076627537471772610e-02 -1.867032597085024337e-01 1.096283238682751043e-01 2.026584156596106467e+00 -4.770772923088508755e-01 1.959568507258514281e+00 4.202588375289227351e-01 4.995727349290127184e-01 6.576745554139020733e-01 1.103902575811973596e+00 -1.006692735229255620e+00 -1.211243447366003034e-01 0.000000000000000000e+00
-8.416258352966400277e-03 -1.872341059555824583e-01 1.088763857684355713e-01 2.025007305744922270e+00 -4.729588246675140439e-01 1.963310222422055329e+00 4.295983770242625122e-01 5.042714831982940682e-01 6.487846573791085092e-01 1.113979378165588230e+00 -1.003160052043265527e+00 -1.298197654327907791e-01 0.000000000000000000e+00
-6.229839369635702291e-03 -1.877424705276737327e-01 1.081855901262676889e-01 2.023436973255128279e+00 -4.690719813702526331e-01 1.966666726069499882e+00 4.381133019775728110e-01 5.087020178562907669e-01 6.404066189058283953e-01 1.123124007558647719e+00 -9.999124602519682270e-01 -1.379188627490204599e-01 0.000000000000000000e+00
-3.843071982681048934e-03 -1.883129767049168679e-01 1.074412046134196053e-01 2.021610969019258519e+00 -4.647709957675116854e-01 1.970194570294953262e+00 4.472204806678031774e-01 5.136012355766277349e-01 6.311461420053503524e-01 1.132857861342887462e+00 -9.964102702604596962e-01 -1.467700367570885511e-01 0.000000000000000000e+00
-1.623536671637099528e-03 -1.888576015753073711e-01 1.067580888205986317e-01 2.019810914466281027e+00 -4.607196239599331555e-01 1.973349071041920366e+00 4.555173925963769688e-01 5.182135975580496323e-01 6.224302815477935624e-01 1.141682112456810394e+00 -9.931935711378073739e-01 -1.550097905907664442e-01 0.000000000000000000e+00
7.981659881229364326e-04 -1.894670473550129075e-01 1.060228070260103433e-01 2.017736687059487721e+00 -4.562448548181365915e-01 1.976653210468859889e+00 4.643846870514183878e-01 5.233062606420672003e-01 6.128084136873916954e-01 1.151064961609377546e+00 -9.897277332951782691e-01 -1.640098602709051667e-01 0.000000000000000000e+00
3.048917180738889513e-03 -1.900477764639171840e-01 1.053489120758055314e-01 2.015706490319757904e+00 -4.520370846249703867e-01 1.979595280780357625e+00 4.724555298929580260e-01 5.280949238876523344e-01 6.037616554643925326e-01 1.159559513380348905e+00 -9.865474529004328863e-01 -1.723846030823364683e-01 0.000000000000000000e+00
5.503263457697848797e-03 -1.906965824301161683e-01 1.046245537922656094e-01 2.013382113880073376e+00 -4.473973990883419738e-01 1.982662666594502410e+00 4.810730198377500266e-01 5.333760389083067599e-01 5.937841224404105667e-01 1.168579107360229186e+00 -9.831242256352450415e-01 -1.815281672109600453e-01 0.000000000000000000e+00
7.783098367688529376e-03 -1.913133916094876819e-01 1.039615213385802484e-01 2.011121909579541622e+00 -4.430417838989573198e-01 1.985381753033055974e+00 4.889103700307169675e-01 5.383352110426842252e-01 5.844136569869124997e-01 1.176734905040542456e+00 -9.799859566066956296e-01 -1.900319235324488543e-01 0.000000000000000000e+00
1.026773484737419397e-02 -1.920009925463603273e-01 1.032497585940350265e-01 2.008549478517932307e+00 -4.382467877171203341e-01 1.988203091637999131e+00 4.972719301947524095e-01 5.437972878594095061e-01 5.740907119695473071e-01 1.185383920154738258e+00 -9.766109991362655895e-01 -1.993114253899641031e-01 0.000000000000000000e+00
1.257425446386752944e-02 -1.926538961603790345e-01 1.025992618226559683e-01 2.006060108106402673e+00 -4.337523159607106216e-01 1.990689175385775389e+00 5.048689300993396412e-01 5.489209101910992317e-01 5.644043956107656079e-01 1.193192308470850671e+00 -9.735200677960923477e-01 -2.079378369244079539e-01 0.000000000000000000e+00
1.508635504988985361e-02 -1.933809499923079267e-01 1.019021118434580570e-01 2.003239373700115067e+00 -4.288120054225399436e-01 1.993251488376583724e+00 5.129658719195621108e-01 5.545582562970654550e-01 5.537425633446875217e-01 1.201459293126674543e+00 -9.701996385489815022e-01 -2.173470180822532627e-01 0.000000000000000000e+00
1.741692250613030221e-02 -1.940700605946432677e-01 1.012659238340156975e-01 2.000522283453694428e+00 -4.241882462673016718e-01 1.995494399528966456e+00 5.203163629757489028e-01 5.598400038184786487e-01 5.437486518800018764e-01 1.208912016279206858e+00 -9.671616375354735728e-01 -2.260893270583859416e-01 0.000000000000000000e+00
1.995361512188535344e-02 -1.948361389655259568e-01 1.005851859352417527e-01 1.997456824596969938e+00 -4.191132693079522298e-01 1.997788977442574554e+00 5.281439926307370802e-01 5.656445631513881134e-01 5.327592507998444304e-01 1.216790712048097189e+00 -9.639012625709441062e-01 -2.356199150724252456e-01 0.000000000000000000e+00
2.230539955792964005e-02 -1.955616786785499550e-01 9.996513934379651356e-02 1.994514222840622963e+00 -4.143700363985374224e-01 1.999778815267561294e+00 5.352424820687751161e-01 5.710778778283405188e-01 5.224662663447428024e-01 1.223879913711833689e+00 -9.609215182062816885e-01 -2.444710641133580886e-01 0.000000000000000000e+00
2.486336106938418292e-02 -1.963676338591889281e-01 9.930297494656750712e-02 1.991205110991244531e+00 -4.091711407631670738e-01 2.001792991003671585e+00 5.427935091550449842e-01 5.770434252491453142e-01 5.111568864596121031e-01 1.231359401633321138e+00 -9.577273227948407408e-01 -2.541158850934049918e-01 0.000000000000000000e+00
2.723326700061851416e-02 -1.971298534183003048e-01 9.870098377011790602e-02 1.988039888089329743e+00 -4.043188093247058745e-01 2.003520040652632339e+00 5.496351034164312921e-01 5.826212829942617466e-01 5.005741500779099518e-01 1.238077624957209633e+00 -9.548112279802311031e-01 -2.630683674138153960e-01 0.000000000000000000e+00
2.980921856387456700e-02 -1.979754473322895003e-01 9.805933917098996755e-02 1.984492312102798195e+00 -3.990073651395391607e-01 2.005245486883514339e+00 5.569063987197018228e-01 5.887392298084462849e-01 4.889567756127113363e-01 1.245152711867168582e+00 -9.516885384440587625e-01 -2.728184498359476629e-01 0.000000000000000000e+00
3.219401362461199456e-02 -1.987746796273729966e-01 9.747732628462792148e-02 1.981108044381974409e+00 -3.940564912497501737e-01 2.006700413959392915e+00 5.634870697732876632e-01 5.944547064028925520e-01 4.780937415262784818e-01 1.251493032632374769e+00 -9.488412863436277433e-01 -2.818644091106197735e-01 0.000000000000000000e+00
3.478416713492652607e-02 -1.996608715450776672e-01 9.685852518036543179e-02 1.977324451334091293e+00 -3.886441036545891237e-01 2.008124754601251283e+00 5.704728742077017634e-01 6.007180618125954608e-01 4.661772940706643276e-01 1.258153598518662930e+00 -9.457962945322584414e-01 -2.917116469782695121e-01 0.000000000000000000e+00
3.718041155447367879e-02 -2.004975201913253013e-01 9.629853509411200052e-02 1.973725537037513078e+00 -3.836056578691708907e-01 2.009298221924058936e+00 5.767891599440699846e-01 6.065636338262920813e-01 4.550439491335880327e-01 1.264109491980516031e+00 -9.430230783101316572e-01 -3.008428606973378439e-01 0.000000000000000000e+00
3.978114604882331679e-02 -2.014241686299866330e-01 9.570461039139177561e-02 1.969712721166896330e+00 -3.781042610629050671e-01 2.010413880798961550e+00 5.834880087710280216e-01 6.129634096628342466e-01 4.428412118607902848e-01 1.270351542101498143e+00 -9.400607776506092472e-01 -3.107775168277694400e-01 0.000000000000000000e+00
4.218528570584228338e-02 -2.022986549035788451e-01 9.516871722705086412e-02 1.965903946420635151e+00 -3.729891237347775501e-01 2.011296820962563014e+00 5.895374457661702872e-01 6.189314205076473785e-01 4.314480755593770311e-01 1.275916749831436992e+00 -9.373666573128578428e-01 -3.199852964281775236e-01 0.000000000000000000e+00
4.479246405107407958e-02 -2.032667974400566568e-01 9.460211387823566631e-02 1.961666193645767997e+00 -3.674110517025184208e-01 2.012092030187525360e+00 5.959451445069554598e-01 6.254600267619220277e-01 4.189689021654292578e-01 1.281731362597461343e+00 -9.344930399176352154e-01 -3.299983160736846832e-01 0.000000000000000000e+00
4.720077061709553046e-02 -2.041795487077787685e-01 9.409244206687797374e-02 1.957653330319278240e+00 -3.622307141274481168e-01 2.012675738981659634e+00 6.017258685481086111e-01 6.315425535336085527e-01 4.073268934601477209e-01 1.286900425115250712e+00 -9.318830754703302244e-01 -3.392736068077262801e-01 0.000000000000000000e+00
4.981053238570567337e-02 -2.051891007854667881e-01 9.355532460936302752e-02 1.953198324114574724e+00 -3.565879278251786744e-01 2.013143207880049967e+00 6.078428166768843344e-01 6.381904694047189075e-01 3.945849992246637239e-01 1.292284271574954735e+00 -9.291030016083965393e-01 -3.493545370610304790e-01 0.000000000000000000e+00
5.221921420651204349e-02 -2.061405352860907203e-01 9.307403733177013749e-02 1.948987806385725108e+00 -3.513537854046848707e-01 2.013419371592136464e+00 6.133538956576670698e-01 6.443793228829267639e-01 3.827054365501472155e-01 1.297052262032578174e+00 -9.265819867415002742e-01 -3.586879179963494702e-01 0.000000000000000000e+00
5.482717849032852503e-02 -2.071925271134693602e-01 9.256898432593620163e-02 1.944321507801510585e+00 -3.456589494119630679e-01 2.013547882434981950e+00 6.191776297504252291e-01 6.511382259924660687e-01 3.697117404335961144e-01 1.301997485860746373e+00 -9.239012487882264368e-01 -3.688266388453084188e-01 0.000000000000000000e+00
5.723233585972703485e-02 -2.081830591062800440e-01 9.211832117843757328e-02 1.939920072782978622e+00 -3.403824602326919191e-01 2.013508144458179494e+00 6.244189305127828549e-01 6.574249506407343624e-01 3.576064748566956109e-01 1.306359610568241569e+00 -9.214741103497554597e-01 -3.782082229963577014e-01 0.000000000000000000e+00
5.983449119901082525e-02 -2.092772912621729542e-01 9.164753274635753511e-02 1.935051947141634088e+00 -3.346478976657403237e-01 2.013291581735106028e+00 6.299516476774225104e-01 6.642849207136423129e-01 3.443754910870182595e-01 1.310864613868219841e+00 -9.188971690999676589e-01 -3.883935158748794136e-01 0.000000000000000000e+00
6.223222019453977100e-02 -2.103072324413214900e-01 9.122972355172287440e-02 1.930467218618243663e+00 -3.293404313091685687e-01 2.012928370242913267e+00 6.349240357487093700e-01 6.706608612584281648e-01 3.320567731487478191e-01 1.314817011242006339e+00 -9.165684344637750058e-01 -3.978130500714623929e-01 0.000000000000000000e+00
6.482405144548747389e-02 -2.114446020879846289e-01 9.079589252790248866e-02 1.925404045594615532e+00 -3.235786301817586974e-01 2.012355966951576924e+00 6.401652699320398154e-01 6.776129101260255361e-01 3.186007522669589420e-01 1.318874603478850993e+00 -9.141010157138165226e-01 -4.080337962819957642e-01 0.000000000000000000e+00
6.721039903219384881e-02 -2.125141947004985377e-01 9.041324137640677217e-02 1.920644209976229533e+00 -3.182515537938459538e-01 2.011661878881653820e+00 6.448704097879374153e-01 6.840690118196228742e-01 3.060813651405511759e-01 1.322413811409511863e+00 -9.118752122537555627e-01 -4.174805613007248062e-01 0.000000000000000000e+00
6.978790393810142823e-02 -2.136943420873045341e-01 9.001865590525046090e-02 1.915396884069424210e+00 -3.124745818615535242e-01 2.010728309821142368e+00 6.498242888896482716e-01 6.911026865746312531e-01 2.924154871648638743e-01 1.326023726267114178e+00 -9.095214439033163512e-01 -4.277247433288509093e-01 0.000000000000000000e+00
7.215895126102106483e-02 -2.148037501450618669e-01 8.967350535431378722e-02 1.910470893453101837e+00 -3.071391915370802472e-01 2.009696256162334826e+00 6.542647105331919066e-01 6.976297615112792005e-01 2.797083471816053102e-01 1.329146948435504516e+00 -9.074030324142128290e-01 -4.371875871826613191e-01 0.000000000000000000e+00
7.471763113458342043e-02 -2.160272745247951987e-01 8.932090131814196532e-02 1.905047560872837664e+00 -3.013592080750067126e-01 2.008391888544536652e+00 6.589328324499372780e-01 7.047354747737740732e-01 2.658460610755248865e-01 1.332303326959466627e+00 -9.051682407854728662e-01 -4.474430210663929430e-01 0.000000000000000000e+00
7.706948715991364385e-02 -2.171764221801035788e-01 8.901556913636110568e-02 1.899964535126017040e+00 -2.960264532031766649e-01 2.007015514136125667e+00 6.631121977276258628e-01 7.113240687316028099e-01 2.529650166730841310e-01 1.335008299678660082e+00 -9.031614823250708746e-01 -4.569103590045428542e-01 0.000000000000000000e+00
7.960548429416364202e-02 -2.184426832057252965e-01 8.870730338735020870e-02 1.894377176009092167e+00 -2.902548738688777163e-01 2.005335876131272510e+00 6.675006877299130004e-01 7.184909015411150568e-01 2.389221682450963780e-01 1.337712073975362959e+00 -9.010494624225835469e-01 -4.671642615706477764e-01 0.000000000000000000e+00
8.193437165106032261e-02 -2.196313697708497104e-01 8.844417067566112678e-02 1.889147049640646614e+00 -2.849353528375413447e-01 2.003609172762677026e+00 6.714235240155996820e-01 7.251312274031186389e-01 2.258812010191961761e-01 1.339997199348705426e+00 -8.991584183115455264e-01 -4.766241093682317964e-01 0.000000000000000000e+00
8.444334616190063425e-02 -2.209405161303034659e-01 8.818302112502041101e-02 1.883405277880516593e+00 -2.791838644401658520e-01 2.001545832254726598e+00 6.755361771079817501e-01 7.323489265894512767e-01 2.116724376552965303e-01 1.342244108360405308e+00 -8.971742967204091590e-01 -4.868631315217458733e-01 0.000000000000000000e+00
8.674561982537253024e-02 -2.221683160422041059e-01 8.796448238674375864e-02 1.878038220216374121e+00 -2.738876205017257703e-01 1.999463206803895332e+00 6.792081436189829624e-01 7.390309975015418864e-01 1.984860618338779581e-01 1.344108187965406431e+00 -8.954029617003702590e-01 -4.963030056111543686e-01 0.000000000000000000e+00
8.922398472894044197e-02 -2.235192308694948227e-01 8.775279293331333941e-02 1.872154703102978601e+00 -2.681666127022568347e-01 1.997012959911751651e+00 6.830532156008394251e-01 7.462883112090895610e-01 1.841281614489338470e-01 1.345900362220975088e+00 -8.935501339509749341e-01 -5.065135985200317492e-01 0.000000000000000000e+00
9.149614854695092836e-02 -2.247854520764328567e-01 8.758123858867769562e-02 1.866661834093456207e+00 -2.629033743588169436e-01 1.994569725365338275e+00 6.864808370818258343e-01 7.530018074220431457e-01 1.708112907341019504e-01 1.347343262899580063e+00 -8.919021698684338473e-01 -5.159206158594914493e-01 0.000000000000000000e+00
9.393993202669843889e-02 -2.261777441369888786e-01 8.742185916184717909e-02 1.860647461151658355e+00 -2.572232942498873243e-01 1.991725253488350944e+00 6.900644532236638318e-01 7.602876835322819327e-01 1.563199659785445839e-01 1.348677772921818896e+00 -8.901854296507415443e-01 -5.260882652957913352e-01 0.000000000000000000e+00
9.617871244980551182e-02 -2.274813924800668241e-01 8.729967182704703732e-02 1.855039951286496347e+00 -2.520020140358072425e-01 1.988917189953650189e+00 6.932555194208239735e-01 7.670221521388198571e-01 1.428880467046209635e-01 1.349699760990136665e+00 -8.886644983521974073e-01 -5.354490767903380410e-01 0.000000000000000000e+00
9.858480472801181560e-02 -2.289133335935930047e-01 8.719493740463965525e-02 1.848908409730332103e+00 -2.463717770098732274e-01 1.985676732871489270e+00 6.965881992089490993e-01 7.743248727429532519e-01 1.282808744416454871e-01 1.350580202046516742e+00 -8.870867751434071691e-01 -5.455593683946603489e-01 0.000000000000000000e+00
1.007871757907388977e-01 -2.302531076215373895e-01 8.712447578599807896e-02 1.843198312745321310e+00 -2.412007785778920166e-01 1.982500514658182444e+00 6.995514319748530330e-01 7.810696610987152289e-01 1.147496192590615749e-01 1.351182475927038329e+00 -8.856962055802222178e-01 -5.548601256066257870e-01 0.000000000000000000e+00
1.031521201799496107e-01 -2.317235575222827970e-01 8.707721240723136080e-02 1.836961429309102556e+00 -2.356292170859366486e-01 1.978858390004600176e+00 7.026417641037809858e-01 7.883775082879471707e-01 1.000436437196441375e-01 1.351607383278960350e+00 -8.842618935961327198e-01 -5.648974798865935565e-01 0.000000000000000000e+00
1.053153335302623728e-01 -2.330978132429969985e-01 8.706088823086111095e-02 1.831161069647896156e+00 -2.305158730182750304e-01 1.975311135923008443e+00 7.053870171344619466e-01 7.951214311163549153e-01 8.642943106910472295e-02 1.351791540868339414e+00 -8.830049481406427869e-01 -5.741238683251186359e-01 0.000000000000000000e+00
1.076366684477499669e-01 -2.346042879798939662e-01 8.707335609900865303e-02 1.824833671032043192e+00 -2.250102209536803954e-01 1.971267292543597449e+00 7.082478513564522959e-01 8.024224206657797343e-01 7.164289490671205130e-02 1.351766240837983579e+00 -8.817166439633167263e-01 -5.840729721044639611e-01 0.000000000000000000e+00
1.097583485173128787e-01 -2.360109622099686999e-01 8.711348719016669129e-02 1.818955783306593688e+00 -2.199607920480532997e-01 1.967347186405638659e+00 7.107862433494612775e-01 8.091542926902548505e-01 5.796250270308411778e-02 1.351534678981201276e+00 -8.805962520927205217e-01 -5.932102112254985515e-01 0.000000000000000000e+00
1.120333814876485479e-01 -2.375515070374947801e-01 8.718852873743568321e-02 1.812551221770966947e+00 -2.145276677576291036e-01 1.962897539508015710e+00 7.134286983620651279e-01 8.164359077427494338e-01 4.311338225507488353e-02 1.351059304726622168e+00 -8.794578838847660895e-01 -6.030542532998401928e-01 0.000000000000000000e+00
1.141115162040193115e-01 -2.389881031511642551e-01 8.728740288881453591e-02 1.806609154803679118e+00 -2.095475074482484601e-01 1.958603692628643200e+00 7.157724798584166326e-01 8.231442107915772910e-01 2.938412104544374515e-02 1.350415352375041067e+00 -8.784768419182081844e-01 -6.120871630851709710e-01 0.000000000000000000e+00
1.163386158472192317e-01 -2.405593576039661841e-01 8.742717208906676529e-02 1.800142981474900594e+00 -2.041915990602141129e-01 1.953750093924893294e+00 7.182118022588747097e-01 8.303940676480727756e-01 1.449159107166630989e-02 1.349496561798963601e+00 -8.774904070504428999e-01 -6.218100313299139703e-01 0.000000000000000000e+00
1.183716175365947809e-01 -2.420229936532588555e-01 8.758705971969696358e-02 1.794150725727015505e+00 -1.992848514600380483e-01 1.949082277260971052e+00 7.203742890640190133e-01 8.370670838124570912e-01 7.310377192266681590e-04 1.348444080536164380e+00 -8.766513781490133939e-01 -6.307228325500821020e-01 0.000000000000000000e+00
1.205490706660040934e-01 -2.436219668006226469e-01 8.779430715801117557e-02 1.787637781877245757e+00 -1.940100819046310932e-01 1.943822688644232688e+00 7.226245270270814647e-01 8.442719998255575620e-01 -1.418572702047038447e-02 1.347083871009406408e+00 -8.758204718889086582e-01 -6.403064174698140931e-01 0.000000000000000000e+00
1.225358716355407357e-01 -2.451092355322773420e-01 8.801740719499168142e-02 1.781610057028252925e+00 -1.891792936586975671e-01 1.938781920724646612e+00 7.246204331060415171e-01 8.508976117225384161e-01 -2.795932986225135863e-02 1.345627654525350936e+00 -8.751256531605070554e-01 -6.490827982631428572e-01 0.000000000000000000e+00
1.246630424222101713e-01 -2.467316040093642804e-01 8.829412598265476420e-02 1.775066979290046199e+00 -1.839875855930346304e-01 1.933120329654757885e+00 7.266991634949028223e-01 8.580448702980384423e-01 -4.288035565969283702e-02 1.343834281847291701e+00 -8.744517402466623901e-01 -6.585102553639688994e-01 0.000000000000000000e+00
1.266030971859008758e-01 -2.482386299392324580e-01 8.858255344953652743e-02 1.769019048891146362e+00 -1.792339781704281876e-01 1.927708542747857745e+00 7.285444012351913745e-01 8.646108939656288461e-01 -5.664849902123902936e-02 1.341979922780269563e+00 -8.739032622201605705e-01 -6.671335709736455621e-01 0.000000000000000000e+00
1.286794353796883450e-01 -2.498802944509280199e-01 8.893135875818744540e-02 1.762462600992559025e+00 -1.741259858679882200e-01 1.921645215021285047e+00 7.304685351227736545e-01 8.716865800868331959e-01 -7.155341269408532767e-02 1.339757248534489298e+00 -8.733894052878298231e-01 -6.763853926005808370e-01 0.000000000000000000e+00
1.305727814484714533e-01 -2.514026916649099164e-01 8.928716901769367942e-02 1.756410434705230728e+00 -1.694490825486649754e-01 1.915865284126933910e+00 7.321803484924493954e-01 8.781804986679095926e-01 -8.529705497360273725e-02 1.337511005313062107e+00 -8.729891987550181254e-01 -6.848384656375740009e-01 0.000000000000000000e+00
1.325989127290164993e-01 -2.530582708377340229e-01 8.970987326638332759e-02 1.749858874352540283e+00 -1.644231249035894571e-01 1.909406411719972718e+00 7.339701259030371183e-01 8.851714296874220178e-01 -1.001650838653518338e-01 1.334868883195594380e+00 -8.726362633315554174e-01 -6.938968086113150857e-01 0.000000000000000000e+00
1.344462061294932342e-01 -2.545911683595210584e-01 9.013503713777815118e-02 1.743819721058760486e+00 -1.598207570002365685e-01 1.903262357445737463e+00 7.355668907136213575e-01 8.915804600087522402e-01 -1.138649171449372943e-01 1.332237946354705160e+00 -8.723858596100607654e-01 -7.021618624753487303e-01 0.000000000000000000e+00
1.364229273276035270e-01 -2.562553414899171322e-01 9.063400075959335278e-02 1.737291626085690766e+00 -1.548737607120220794e-01 1.896410750311672055e+00 7.372422853553902700e-01 8.984721882776594004e-01 -1.286743564927044225e-01 1.329182102161893697e+00 -8.721965088565559743e-01 -7.110060207184201175e-01 0.000000000000000000e+00
1.382254708950565181e-01 -2.577932543594642634e-01 9.113030948884581761e-02 1.731283481248087952e+00 -1.503419612153278351e-01 1.889907988734899735e+00 7.387438421570041713e-01 9.047833474289290745e-01 -1.423102739061281596e-01 1.326174594342867330e+00 -8.720972395269233068e-01 -7.190648127560270719e-01 0.000000000000000000e+00
1.401548512896632348e-01 -2.594595795861548426e-01 9.170713364142549229e-02 1.724799222955535782e+00 -1.454682499655870487e-01 1.882672100275183613e+00 7.403276906363015497e-01 9.115622242466440150e-01 -1.570398184211929671e-01 1.322716612825453719e+00 -8.720716731804586397e-01 -7.276762107198256890e-01 0.000000000000000000e+00
1.419146913804101573e-01 -2.609964984520490860e-01 9.227626259223252470e-02 1.718841294588271396e+00 -1.410009776936269610e-01 1.875817094017099507e+00 7.417552781386385075e-01 9.177623295804576697e-01 -1.705914467861155970e-01 1.319341455617941916e+00 -8.721246035071239522e-01 -7.355099656453208956e-01 0.000000000000000000e+00
1.437991201108340666e-01 -2.626583882326948283e-01 9.293303760327889518e-02 1.712422507053824816e+00 -1.361931158032332334e-01 1.868202394678542655e+00 7.432708165359752650e-01 9.244131749287670674e-01 -1.852181932831034050e-01 1.315489193101142318e+00 -8.722649520965710668e-01 -7.438663659347444224e-01 0.000000000000000000e+00
1.455190575650003870e-01 -2.641877786058711708e-01 9.357656884097503847e-02 1.706535456033678955e+00 -1.317821967032948294e-01 1.861002663812632463e+00 7.446470050292737231e-01 9.304886443235647064e-01 -1.986647599430224620e-01 1.311756107043123842e+00 -8.724708144488343420e-01 -7.514557758302249368e-01 0.000000000000000000e+00
1.473621308355085868e-01 -2.658376355382902068e-01 9.431448368027844920e-02 1.700204916754010753e+00 -1.270302575162336467e-01 1.853020346595740442e+00 7.461197331120875686e-01 9.369976097648001767e-01 -2.131664710268308394e-01 1.307522879332388310e+00 -8.727766119210026430e-01 -7.595377373693155132e-01 0.000000000000000000e+00
1.490457093845536374e-01 -2.673523721602966696e-01 9.503376380376482579e-02 1.694410796782925388e+00 -1.226656280448246150e-01 1.845484804721531535e+00 7.474684910461582010e-01 9.429347945199955117e-01 -2.264866706930257489e-01 1.303442650226277921e+00 -8.731360055101087259e-01 -7.668630282636874629e-01 0.000000000000000000e+00
1.508516020392137724e-01 -2.689823481756930534e-01 9.585460987244887043e-02 1.688193781118394909e+00 -1.179571735572775282e-01 1.837142915459206050e+00 7.489250404253497972e-01 9.492859010876164572e-01 -2.408393779138442437e-01 1.298838311017639802e+00 -8.736087166035978457e-01 -7.746469154977710936e-01 0.000000000000000000e+00
1.525031821395753107e-01 -2.704747549495653547e-01 9.665082538711894378e-02 1.682516430483277148e+00 -1.136263382822848556e-01 1.829281748691998555e+00 7.502717344095757301e-01 9.550707530284594515e-01 -2.540113726653761006e-01 1.294422523614179532e+00 -8.741217080085743607e-01 -7.816877142086953167e-01 0.000000000000000000e+00
1.542771707321246299e-01 -2.720760877092370800e-01 9.755535888535951661e-02 1.676439238380043051e+00 -1.089470065059021664e-01 1.820594081992914282e+00 7.517404677507544264e-01 9.612498193896611420e-01 -2.681920396797756734e-01 1.289462386083906953e+00 -8.747604006170026647e-01 -7.891531539554328400e-01 0.000000000000000000e+00
1.559019537450516413e-01 -2.735379314147259322e-01 9.842948093786041408e-02 1.670904377908056127e+00 -1.046353156553703201e-01 1.812418565034275231e+00 7.531119957121451547e-01 9.668682237623741349e-01 -2.811937252795968512e-01 1.284723557240220027e+00 -8.754269898378493897e-01 -7.958885546683521772e-01 0.000000000000000000e+00
1.576500464460581785e-01 -2.751014614121014557e-01 9.941903156884458748e-02 1.664996765330394979e+00 -9.996759166472424241e-02 1.803396190957433642e+00 7.546229401566015849e-01 9.728585385813166564e-01 -2.951770520572214451e-01 1.279419738771272685e+00 -8.762323297514893472e-01 -8.030105132134964796e-01 0.000000000000000000e+00
1.592541195090052264e-01 -2.765239193444074539e-01 1.003718087236291218e-01 1.659632256023831687e+00 -9.565781431048314687e-02 1.794918966035170094e+00 7.560477979188212627e-01 9.782960477369859742e-01 -3.079857916360666525e-01 1.274371317450863961e+00 -8.770519841559885066e-01 -8.094190774816358847e-01 0.000000000000000000e+00
1.609833626229849046e-01 -2.780397940937429091e-01 1.014466965217684646e-01 1.653924909115971786e+00 -9.098250748077596484e-02 1.785577976847169568e+00 7.576321790303366388e-01 9.840830302067007374e-01 -3.217482092012691197e-01 1.268740862274218451e+00 -8.780223734781861245e-01 -8.161763161154940160e-01 0.000000000000000000e+00
1.625735665028483767e-01 -2.794134665305368359e-01 1.024785956076078031e-01 1.648761106028754142e+00 -8.665557355080899526e-02 1.776813079900652959e+00 7.591401939975940261e-01 9.893249301803038742e-01 -3.343407000995997080e-01 1.263397495863083364e+00 -8.789944272760651378e-01 -8.222360062808331538e-01 0.000000000000000000e+00
1.642918985808389798e-01 -2.808711557909875367e-01 1.036395584743589338e-01 1.643289049376949862e+00 -8.194985381221853160e-02 1.767167533142562919e+00 7.608318339220123683e-01 9.948913363327329673e-01 -3.478555768414794969e-01 1.257454785048626178e+00 -8.801298660068203050e-01 -8.286020265505584792e-01 0.000000000000000000e+00
1.658759588032914234e-01 -2.821860962626079328e-01 1.047508108140830507e-01 1.638358817357071118e+00 -7.758418687942558734e-02 1.758130063138001464e+00 7.624544313951703289e-01 9.999227134221650992e-01 -3.602082500836485401e-01 1.251831919881087440e+00 -8.812532539336430659e-01 -8.342903389018859750e-01 0.000000000000000000e+00
1.675921506448863341e-01 -2.835746093709845539e-01 1.059975829351947202e-01 1.633158415578286338e+00 -7.282429149907132526e-02 1.748198639328157444e+00 7.642874851734718922e-01 1.005253629555203920e+00 -3.734513512362855892e-01 1.245596128188666718e+00 -8.825514118070021397e-01 -8.402428368333493269e-01 0.000000000000000000e+00
1.691786439408444198e-01 -2.848203050980717133e-01 1.071881473305228011e-01 1.628497653614342511e+00 -6.839601547932261383e-02 1.738904873254942585e+00 7.660576883500476164e-01 1.010059370321279237e+00 -3.855403715305365520e-01 1.239710275863482591e+00 -8.838246691241690156e-01 -8.455366684482088502e-01 0.000000000000000000e+00
1.709024787957454106e-01 -2.861277258867309659e-01 1.085208500020541783e-01 1.623610331025967746e+00 -6.355395541334196707e-02 1.728704467261503286e+00 7.680697731326296962e-01 1.015136686939515309e+00 -3.984834675863762055e-01 1.233198048049911844e+00 -8.852848137708322351e-01 -8.510476142709371139e-01 0.000000000000000000e+00
1.725007542319768605e-01 -2.872930227132562964e-01 1.097903541452152770e-01 1.619257941339481199e+00 -5.903707441360683816e-02 1.719171994878754273e+00 7.700222696858213256e-01 1.019701345047911101e+00 -4.102842006926263885e-01 1.227066785430276807e+00 -8.867062094236347614e-01 -8.559232630156269339e-01 0.000000000000000000e+00
1.742426080280388700e-01 -2.885072344357794694e-01 1.112080688425485242e-01 1.614726446926431080e+00 -5.408482399643244065e-02 1.708723614239358479e+00 7.722504699908634418e-01 1.024509948712158058e+00 -4.229026574115852810e-01 1.220299426784276609e+00 -8.883252116293210987e-01 -8.609696203861907371e-01 0.000000000000000000e+00
1.758627544165508039e-01 -2.895804198553577624e-01 1.125558367508394386e-01 1.610724590975884496e+00 -4.945120935159952325e-02 1.698970966630938051e+00 7.744214789114960418e-01 1.028817944670497697e+00 -4.343902027736421534e-01 1.213941129681712416e+00 -8.898926150888873954e-01 -8.654027849157639452e-01 0.000000000000000000e+00
1.776341712598139000e-01 -2.906880655329692198e-01 1.140580213223515438e-01 1.606598027550306895e+00 -4.435585526789020960e-02 1.688293984845561813e+00 7.769074732100577085e-01 1.033338993516043303e+00 -4.466545922256750512e-01 1.206937681805076545e+00 -8.916690101149973291e-01 -8.699549261670364020e-01 0.000000000000000000e+00
1.792869482980167517e-01 -2.916567583114240692e-01 1.154830122093156025e-01 1.602992628472064141e+00 -3.957569367068680677e-02 1.678340967140677487e+00 7.793348779646376290e-01 1.037374481515840552e+00 -4.578035166551281954e-01 1.200372190769704250e+00 -8.933800245363460180e-01 -8.739207725043278696e-01 0.000000000000000000e+00
1.810996740221098578e-01 -2.926444199117708700e-01 1.170679859375317461e-01 1.599321074101203166e+00 -3.430531892085131318e-02 1.667458614300557640e+00 7.821190131472336438e-01 1.041592529208362539e+00 -4.696882724937703202e-01 1.193156089480025495e+00 -8.953099507992993145e-01 -8.779545294494164320e-01 0.000000000000000000e+00
1.827964687294938162e-01 -2.934956024420002918e-01 1.185688375280140316e-01 1.596161542314183279e+00 -2.934670275989859078e-02 1.657325909554119514e+00 7.848423616779487411e-01 1.045339397125022218e+00 -4.804727433280462368e-01 1.186404044010292980e+00 -8.971615801262040613e-01 -8.814277575640705464e-01 0.000000000000000000e+00
1.846634258038275522e-01 -2.943483712693254484e-01 1.202352519060943259e-01 1.593002563061418186e+00 -2.386432597752552454e-02 1.646260024801596611e+00 7.879702443782468091e-01 1.049235002588562837e+00 -4.919471726217343743e-01 1.178996994070455662e+00 -8.992427073600465226e-01 -8.849120377972484741e-01 0.000000000000000000e+00
1.864161540676733675e-01 -2.950682795443484441e-01 1.218102622893274811e-01 1.590342657967741324e+00 -1.869385746344809363e-02 1.635969033732389111e+00 7.910309488400476541e-01 1.052676871981381268e+00 -5.023408911450684133e-01 1.172080232087302054e+00 -9.012318889572540348e-01 -8.878664155525277657e-01 0.000000000000000000e+00
1.883500647707955222e-01 -2.957713687964729221e-01 1.235557232065471189e-01 1.587754202569700901e+00 -1.296432153412929722e-02 1.624744185254232143e+00 7.945461217418704480e-01 1.056234255986481907e+00 -5.133788949151196768e-01 1.164507533527661565e+00 -9.034595566300780423e-01 -8.907761853595483892e-01 0.000000000000000000e+00
1.901709321821363485e-01 -2.963455192514637959e-01 1.252027223490022878e-01 1.585651289677434406e+00 -7.547339443142231374e-03 1.614317431324801877e+00 7.979869924492801747e-01 1.059354681835727563e+00 -5.233550297795295236e-01 1.157449091374515682e+00 -9.055825620720618918e-01 -8.931852143026067781e-01 0.000000000000000000e+00
1.921857322636651710e-01 -2.968821602555811179e-01 1.270250545129677222e-01 1.583700450324259990e+00 -1.530057147877350587e-03 1.602957455217318472e+00 8.019395229811212555e-01 1.062553604358103643e+00 -5.339245169348085795e-01 1.149735378435155608e+00 -9.079535743905594591e-01 -8.954876502230348922e-01 0.000000000000000000e+00
1.940873063186342173e-01 -2.972951825367638468e-01 1.287415706636205470e-01 1.582216301159936833e+00 4.169710690144157184e-03 1.592417802911007430e+00 8.058055007775346557e-01 1.065335742169882138e+00 -5.434558373181477275e-01 1.142559357719882485e+00 -9.102063423566575384e-01 -8.973240995317263158e-01 0.000000000000000000e+00
