-2.078073485814212473e-01 -1.450928553318451553e-01 9.942309525718219521e-02 2.359828654022057659e+00 4.133372359942377727e-03 -3.141485956501205656e+00 -7.859453098434049378e-01 6.990881751032337332e-01 -2.429335546370259280e-03 3.700866230092141659e-03 8.771406008412608868e-01 7.168057369472456784e-04 0.000000000000000000e+00
-2.075434170975541670e-01 -1.450275433689373339e-01 9.939977909387058552e-02 2.363071987077951519e+00 7.882050534780749018e-03 -3.141426460527054321e+00 -7.864525754520378387e-01 6.995828572757160080e-01 -4.269979333778595176e-03 7.064077963773163042e-03 8.811924672817620374e-01 1.313782098520022970e-03 0.000000000000000000e+00
-2.072255885348932292e-01 -1.449262810586367523e-01 9.942075164013919331e-02 2.366464025980885122e+00 1.187478938808661511e-02 -3.141401338744723049e+00 -7.869929974162421793e-01 6.996991708363252682e-01 -5.827928571474849662e-03 1.065292003910166783e-02 8.854982661322021720e-01 1.898170667697228909e-03 0.000000000000000000e+00
-2.069018212717266547e-01 -1.448070687650130084e-01 9.948147306136849444e-02 2.369484785422604212e+00 1.549885514760385163e-02 -3.141412326335937699e+00 -7.874738977300833609e-01 6.994280610373551088e-01 -6.870422980186585704e-03 1.391637116274967514e-02 8.893958023875331298e-01 2.389911919710051378e-03 0.000000000000000000e+00
-2.065172999849597679e-01 -1.446528577562559703e-01 9.959033978599413084e-02 2.372640359130070209e+00 1.936049332909206555e-02 -3.141458647331360154e+00 -7.879650512141210816e-01 6.987365712603160750e-01 -7.581753307346339454e-03 1.739988781770879928e-02 8.935358194601158432e-01 2.882086975697312290e-03 0.000000000000000000e+00
-2.061306737623063712e-01 -1.444899176513435302e-01 9.972881523546274496e-02 2.375448329805580183e+00 2.286776450961358620e-02 -3.141530924708777484e+00 -7.883823019779092611e-01 6.977440777010707196e-01 -7.864181540949477522e-03 2.056917851176839548e-02 8.972826207977482316e-01 3.308821349754006123e-03 0.000000000000000000e+00
-2.056767124817145131e-01 -1.442936487056893924e-01 9.991821497183273060e-02 2.378379153630535647e+00 2.660726108385924604e-02 3.141546705680970497e+00 -7.887855711459744734e-01 6.962969825437489435e-01 -7.774965644431919287e-03 2.395390437385318955e-02 9.012615832034083230e-01 3.751587225364866763e-03 0.000000000000000000e+00
-2.052243825653388420e-01 -1.440963270052272593e-01 1.001280107482673820e-01 2.380983655481235584e+00 3.000521174813153280e-02 3.141422604177829481e+00 -7.891041517913753855e-01 6.946264481709695238e-01 -7.334878274296352529e-03 2.703433911426120911e-02 9.048611117327594044e-01 4.151317562087077258e-03 0.000000000000000000e+00
-2.046976014399906896e-01 -1.438674606524622812e-01 1.003913976520806606e-01 2.383698426744836230e+00 3.362972371302097585e-02 3.141263851837241106e+00 -7.893820526511250435e-01 6.924656924205336850e-01 -6.480935670762466572e-03 3.032528425527238058e-02 9.086819489486960277e-01 4.584605809138888113e-03 0.000000000000000000e+00
-2.041769469479006172e-01 -1.436443346386131470e-01 1.006660177827775615e-01 2.386108440766149918e+00 3.692555499812488762e-02 3.141097586661425911e+00 -7.895690065596485674e-01 6.901593949165251152e-01 -5.355483794094784145e-03 3.332191056453236849e-02 9.121377333582101343e-01 4.993392193938994347e-03 0.000000000000000000e+00
-2.035750209235580033e-01 -1.433918944030675713e-01 1.009958513468974806e-01 2.388617694753377485e+00 4.044385080356605044e-02 3.140898730619336110e+00 -7.896877835442661642e-01 6.873345133692507769e-01 -3.781022957640045590e-03 3.652495058362491276e-02 9.158053056534128933e-01 5.455047527863677442e-03 0.000000000000000000e+00
-2.029837105511779205e-01 -1.431507421749568520e-01 1.013287564311423500e-01 2.390841794613553617e+00 4.364466186773352518e-02 3.140700243277810166e+00 -7.897123512053221273e-01 6.844338648889637389e-01 -2.006958197483754702e-03 3.944253094277998251e-02 9.191210077895887176e-01 5.906816396390092254e-03 0.000000000000000000e+00
-2.023038337628119132e-01 -1.428826324132475845e-01 1.017183926507221475e-01 2.393153507698102089e+00 4.706347952726153139e-02 3.140471932718949422e+00 -7.896386482221542380e-01 6.809850712773111159e-01 2.527339874485168281e-04 4.256216616607721298e-02 9.226383777993107937e-01 6.432855210113391439e-03 0.000000000000000000e+00
-2.016397692173655387e-01 -1.426305032128797889e-01 1.021030612769609353e-01 2.395199697489324819e+00 5.017626839100053360e-02 3.140251368421680400e+00 -7.894718011798607105e-01 6.775303521322331157e-01 2.639458956377627175e-03 4.540521962660210020e-02 9.258176595086473615e-01 6.959654481163585552e-03 0.000000000000000000e+00
-2.008803656896097356e-01 -1.423540256011071037e-01 1.025451226114513364e-01 2.397323527583149705e+00 5.350371920788354885e-02 3.140004614300428987e+00 -7.891767229310799880e-01 6.735045846704147410e-01 5.541372438182312621e-03 4.844669107190550245e-02 9.291898206599330523e-01 7.583184756432500596e-03 0.000000000000000000e+00
-2.001418830494004486e-01 -1.420972286937706164e-01 1.029751841569690324e-01 2.399199599118436055e+00 5.653501373018476883e-02 3.139771899988911485e+00 -7.887916964164817246e-01 6.695350099075971784e-01 8.504938099222592029e-03 5.121946620797672434e-02 9.322364769469836387e-01 8.215019725053800473e-03 0.000000000000000000e+00
-1.993008232159136917e-01 -1.418188055477057063e-01 1.034631075159249819e-01 2.401142654082388805e+00 5.977751341980530597e-02 3.139517581059361628e+00 -7.882456818139882415e-01 6.649708178523922042e-01 1.201458494178364589e-02 5.418677277811061871e-02 9.354665584541136392e-01 8.968259469274484849e-03 0.000000000000000000e+00
-1.984865345670757952e-01 -1.415628948060582704e-01 1.039321766837907751e-01 2.402855985191797661e+00 6.273410326624251354e-02 3.139283134102645256e+00 -7.876175086918657531e-01 6.605250033076411897e-01 1.551997072660005195e-02 5.689327265374169440e-02 9.383844509024589220e-01 9.733321152021599809e-03 0.000000000000000000e+00
-1.975630399302542028e-01 -1.412881789523756093e-01 1.044589316055534733e-01 2.404627024742303831e+00 6.589913205958009002e-02 3.139032136313531396e+00 -7.867961898116854202e-01 6.554665951331446472e-01 1.959593877496645931e-02 5.979106239704611025e-02 9.414775127715041547e-01 1.064486189620957556e-02 0.000000000000000000e+00
-1.966719856026677982e-01 -1.410380729463578953e-01 1.049609345432586105e-01 2.406184516242359628e+00 6.878697892710228246e-02 3.138805776770818845e+00 -7.859017671595822652e-01 6.505816253246395897e-01 2.360852358938880791e-02 6.243503208251997144e-02 9.442704363856975203e-01 1.156939179249549636e-02 0.000000000000000000e+00
-1.956647217274194717e-01 -1.407720373482514442e-01 1.055201973441045882e-01 2.407790027322851856e+00 7.188061924368760458e-02 3.138569092102633906e+00 -7.847794444971956107e-01 6.450660855490308876e-01 2.821699069771654855e-02 6.526682120387165831e-02 9.472298075680207763e-01 1.266776993190934196e-02 0.000000000000000000e+00
-1.946963322615080649e-01 -1.405319586850529989e-01 1.060491652469807422e-01 2.409198398796285279e+00 7.470568771722252421e-02 3.138360820630775816e+00 -7.835976001844457972e-01 6.397785789417602675e-01 3.270241976368248871e-02 6.785178938763264389e-02 9.499017570896973739e-01 1.377625768049248536e-02 0.000000000000000000e+00
-1.936053743115404568e-01 -1.402787337878477758e-01 1.066344054345912257e-01 2.410646263719736559e+00 7.773455506910309509e-02 3.138148958869183769e+00 -7.821541668736227138e-01 6.338475194570720728e-01 3.780343851562029123e-02 7.062164753007239837e-02 9.527324975913699090e-01 1.508576727799807067e-02 0.000000000000000000e+00
-1.925594445432097790e-01 -1.400522105986921895e-01 1.071846109373524453e-01 2.411911877022910211e+00 8.050240084832926968e-02 3.137968613699829490e+00 -7.806655929823229645e-01 6.281928295145068342e-01 4.272828916144910671e-02 7.315088490683427369e-02 9.552873346041100833e-01 1.640084350636030613e-02 0.000000000000000000e+00
-1.913842736065511363e-01 -1.398154366584589414e-01 1.077899440989472934e-01 2.413207871572103258e+00 8.347195377858174226e-02 3.137792415358623188e+00 -7.788789447860160475e-01 6.218816703632371601e-01 4.828870320142564232e-02 7.586186638323724751e-02 9.579930396926034097e-01 1.794646001955552822e-02 0.000000000000000000e+00
-1.902609644366457520e-01 -1.396054042143552165e-01 1.083558887957339067e-01 2.414336667809573900e+00 8.618778942200311377e-02 3.137649741667699832e+00 -7.770659312949173003e-01 6.158943516005209728e-01 5.361995222960103114e-02 7.833842310468598635e-02 9.604346923590152407e-01 1.948907319444331127e-02 0.000000000000000000e+00
-1.890025035867052561e-01 -1.393877545051668554e-01 1.089753960203157235e-01 2.415488023636042314e+00 8.910367513819217322e-02 3.137519252948170134e+00 -7.749201558256132438e-01 6.092421080926392341e-01 5.960141203791868847e-02 8.099406908706416330e-02 9.630204220404003923e-01 2.129100751928835605e-02 0.000000000000000000e+00
-1.878024087700509437e-01 -1.391965382792047512e-01 1.095519068263329371e-01 2.416485756338540902e+00 9.177217524605918442e-02 3.137423691795237168e+00 -7.727669235052568864e-01 6.029557163395072861e-01 6.530630256703218173e-02 8.342076643947958503e-02 9.653530182601735010e-01 2.308033136025295501e-02 0.000000000000000000e+00
-1.864609512200753050e-01 -1.390004014494513607e-01 1.101801970083012422e-01 2.417497655210866903e+00 9.463898649945567954e-02 3.137349483836911368e+00 -7.702434452143523957e-01 5.959963437789121965e-01 7.167645073644712816e-02 8.602367350989577333e-02 9.678223012228950317e-01 2.516012077176653025e-02 0.000000000000000000e+00
-1.851850038956714961e-01 -1.388297722479061580e-01 1.107623873127559777e-01 2.418369689234668662e+00 9.726427692876971065e-02 3.137310241643814113e+00 -7.677357461529065175e-01 5.894434361796905275e-01 7.772289167536294840e-02 8.840311639771911145e-02 9.700498357376645675e-01 2.721371549724565381e-02 0.000000000000000000e+00
-1.837622349961092749e-01 -1.386565130647526289e-01 1.113942104768418095e-01 2.419248574297317766e+00 1.000867021645541755e-01 3.137302029661236613e+00 -7.648224476574415620e-01 5.822135530313705676e-01 8.444497658283212083e-02 9.095631390191329102e-02 9.724078651458479827e-01 2.958770722721272561e-02 0.000000000000000000e+00
-1.824116903432116410e-01 -1.385076423727844008e-01 1.119774400574548717e-01 2.420000014556911605e+00 1.026726334942824614e-01 3.137328353553975990e+00 -7.619477649977827172e-01 5.754258877820583873e-01 9.080167578874220879e-02 9.329089084774720708e-02 9.745343326972489839e-01 3.192144777401677291e-02 0.000000000000000000e+00
-1.809086971313653702e-01 -1.383585244454484664e-01 1.126080739574304435e-01 2.420750557376964984e+00 1.054540892593194279e-01 3.137396217439706536e+00 -7.586295328585713760e-01 5.679577182952036951e-01 9.784400581729335578e-02 9.579654260410504218e-02 9.767848369764204897e-01 3.460785950876916345e-02 0.000000000000000000e+00
-1.794851851956346667e-01 -1.382321360671381061e-01 1.131881003511968631e-01 2.421386192207513055e+00 1.080037365269896910e-01 3.137496907162358184e+00 -7.553768810612030427e-01 5.609660549063913981e-01 1.044798043054435688e-01 9.808844239347042082e-02 9.788144320431697576e-01 3.723607701251412105e-02 0.000000000000000000e+00
-1.779043991015222814e-01 -1.381073945602042941e-01 1.138130555236700758e-01 2.422014190336879036e+00 1.107474500496890002e-01 3.137649834732235465e+00 -7.516452597417840886e-01 5.532938207010094089e-01 1.118070925706333707e-01 1.005490950497843622e-01 9.809624711994004986e-01 4.024760037912173544e-02 0.000000000000000000e+00
-1.764098250622206099e-01 -1.380036628801162846e-01 1.143858985531893691e-01 2.422538594020470448e+00 1.132634752766685793e-01 3.137833670115817597e+00 -7.480053177428909184e-01 5.461280198664195673e-01 1.186918966207060055e-01 1.028002900863635716e-01 9.828991885231334047e-01 4.318302391758033904e-02 0.000000000000000000e+00
-1.747530275079030027e-01 -1.379035921782395813e-01 1.150011311395278124e-01 2.423048141105045961e+00 1.159715935516087981e-01 3.138081265641035511e+00 -7.438483895973863058e-01 5.382823805845597942e-01 1.262732504538888190e-01 1.052177079868557297e-01 9.849485575609765453e-01 4.653469537322913602e-02 0.000000000000000000e+00
-1.731896828433138191e-01 -1.378223467727871521e-01 1.155632384297223675e-01 2.423465664597351577e+00 1.184556537966616752e-01 3.138356370790203353e+00 -7.398133676507799850e-01 5.309714374705605255e-01 1.333768331875120339e-01 1.074299792596277447e-01 9.867965250413825995e-01 4.978857888260156822e-02 0.000000000000000000e+00
-1.714598863882172419e-01 -1.377461607627203655e-01 1.161649951969898065e-01 2.423861879832970523e+00 1.211302271741812042e-01 3.138707293930301567e+00 -7.352260726731185692e-01 5.229843177557903511e-01 1.411788299170080307e-01 1.098062429988998084e-01 9.887523505459366868e-01 5.348963626732273352e-02 0.000000000000000000e+00
-1.698302426345736915e-01 -1.376867676876807334e-01 1.167130933074195936e-01 2.424176499256312400e+00 1.235836758397237389e-01 3.139081918089351664e+00 -7.307895791921826811e-01 5.155562621328548811e-01 1.484721628782990077e-01 1.119811800821402664e-01 9.905156960827055102e-01 5.707172109153381412e-02 0.000000000000000000e+00
-1.680298897185871776e-01 -1.376339645688828550e-01 1.172980714635910027e-01 2.424463067439208697e+00 1.262252441001190384e-01 3.139545021709390760e+00 -7.257631955297945137e-01 5.074567570200833044e-01 1.564645756257356801e-01 1.143176628526292593e-01 9.923817730585240415e-01 6.113414446904351374e-02 0.000000000000000000e+00
-1.663367424186610877e-01 -1.375954833945416123e-01 1.178292919780894593e-01 2.424678626709579454e+00 1.286484815018384964e-01 3.140026838175816959e+00 -7.209203702455398988e-01 4.999387531313304600e-01 1.639187635168677382e-01 1.164566639059104597e-01 9.940646911303722133e-01 6.505276547006734467e-02 0.000000000000000000e+00
-1.644693866562942086e-01 -1.375645074247100197e-01 1.183945417625134749e-01 2.424860094636830610e+00 1.312574125449303963e-01 3.140609950418698837e+00 -7.154530336856617101e-01 4.917564569981710543e-01 1.720697675072184740e-01 1.187550218609192687e-01 9.958460130044991532e-01 6.948256359757505607e-02 0.000000000000000000e+00
-1.627157181285945886e-01 -1.375456722634297302e-01 1.189063153278257234e-01 2.424980129838390397e+00 1.336502101038883339e-01 3.141206424475498693e+00 -7.102003479096439253e-01 4.841748035593653188e-01 1.796568471367452346e-01 1.208593102738669822e-01 9.974524983530621558e-01 7.374462834948902756e-02 0.000000000000000000e+00
-1.607843490278540732e-01 -1.375354145988380572e-01 1.194492898269104986e-01 2.425059720935886620e+00 1.362254564641691701e-01 -3.141267649161353148e+00 -7.042863326559321013e-01 4.759372801231003813e-01 1.879368812819106616e-01 1.231205420988044086e-01 9.991530598671322094e-01 7.855083516875502325e-02 0.000000000000000000e+00
-1.589733832776666911e-01 -1.375347262705920726e-01 1.199394318561414208e-01 2.425087590004881832e+00 1.385867827976499100e-01 -3.140549484184360640e+00 -6.986216558592791559e-01 4.683174436121656514e-01 1.956291557744957998e-01 1.251911581687194241e-01 1.000687306971126844e+00 8.316191550390228393e-02 0.000000000000000000e+00
-1.569819526721101810e-01 -1.375430221784449958e-01 1.204579453603791955e-01 2.425069348031510863e+00 1.411271514028569207e-01 -3.139703024920493135e+00 -6.922620937551972053e-01 4.600519902739684808e-01 2.040082595122121312e-01 1.274165122203464451e-01 1.002312034973156907e+00 8.834752290996369939e-02 0.000000000000000000e+00
-1.551171091502561716e-01 -1.375587701993217504e-01 1.209246247842950261e-01 2.425008284330438801e+00 1.434551120513338773e-01 -3.138856682552948474e+00 -6.861846935686091165e-01 4.524184717729335392e-01 2.117786977827904593e-01 1.294543381193398734e-01 1.003778105153245725e+00 9.331184659657475178e-02 0.000000000000000000e+00
-1.530690117637985292e-01 -1.375840703227709516e-01 1.214168156643367913e-01 2.424895017643403872e+00 1.459579767288721186e-01 -3.137867640159086591e+00 -6.793766551369577744e-01 4.441511875114869112e-01 2.202283752893940960e-01 1.316444552207937935e-01 1.005330927805843544e+00 9.888309637323645929e-02 0.000000000000000000e+00
-1.511538335065109595e-01 -1.376143829350093273e-01 1.218585186586961383e-01 2.424747917349173054e+00 1.482500186570794298e-01 -3.136886892328427212e+00 -6.728869310345981791e-01 4.365276891540533222e-01 2.280506120431748940e-01 1.336501817062733244e-01 1.006732948961715834e+00 1.042036261780240058e-01 0.000000000000000000e+00
-1.490533880787365262e-01 -1.376542228581548177e-01 1.223230070897583371e-01 2.424543241453859022e+00 1.507122842232750948e-01 -3.135749469414096158e+00 -6.656343444379854146e-01 4.282837075521449544e-01 2.365421011788926275e-01 1.358059606744220216e-01 1.008218793112898082e+00 1.101606681280973138e-01 0.000000000000000000e+00
-1.470915827063855041e-01 -1.376971339729994026e-01 1.227385567857244841e-01 2.424312966981756468e+00 1.529649204891390113e-01 -3.134628827474420731e+00 -6.587340274745627777e-01 4.206930659446601606e-01 2.443903037533015077e-01 1.377801453457409564e-01 1.009560693407161924e+00 1.158391184610131214e-01 0.000000000000000000e+00
-1.449424933150585126e-01 -1.377497158233081942e-01 1.231741807181690046e-01 2.424019401144199115e+00 1.553823211368099422e-01 -3.133336688053084629e+00 -6.510366929759068277e-01 4.124968547948050235e-01 2.528961739589052904e-01 1.399018774638286777e-01 1.010983553798563861e+00 1.221855228848344049e-01 0.000000000000000000e+00
-1.429378556337808359e-01 -1.378031448360091393e-01 1.235626980322516305e-01 2.423708708360007957e+00 1.575915587566130149e-01 -3.132070890862675761e+00 -6.437287792076477055e-01 4.049611408848032279e-01 2.607451754816414446e-01 1.418449031503936919e-01 1.012269527709936057e+00 1.282224097333396484e-01 0.000000000000000000e+00
-1.407446417480470724e-01 -1.378658468479274091e-01 1.239687597367870320e-01 2.423329597673147262e+00 1.599592896180475066e-01 -3.130619511410948075e+00 -6.355932215516191253e-01 3.968357365304306383e-01 2.692383956720678650e-01 1.439331376953952579e-01 1.013634064873465412e+00 1.349557215292790102e-01 0.000000000000000000e+00
-1.387010555324111882e-01 -1.379277862107449182e-01 1.243297198097547129e-01 2.422940913045222189e+00 1.621200725554841071e-01 -3.129204291476940014e+00 -6.278816391411311537e-01 3.893760558695505414e-01 2.770634287449929012e-01 1.458452540685585275e-01 1.014868107143580778e+00 1.413503707807227672e-01 0.000000000000000000e+00
-1.364675998783041466e-01 -1.379987298381879224e-01 1.247056657218001130e-01 2.422478632866654102e+00 1.644324383197552919e-01 -3.127588388380387663e+00 -6.193102551727110994e-01 3.813444613645759484e-01 2.855177667835042676e-01 1.478999660733387178e-01 1.016178382399899771e+00 1.484716468908378606e-01 0.000000000000000000e+00
-1.343890310628472196e-01 -1.380671417495664965e-01 1.250388074006500705e-01 2.422014609902076732e+00 1.665390480181434540e-01 -3.126020101362822157e+00 -6.112003304421745886e-01 3.739811871351567119e-01 2.932947297987535951e-01 1.497812730016411242e-01 1.017364421191366608e+00 1.552222775562411283e-01 0.000000000000000000e+00
-1.321199511960896023e-01 -1.381438146323083482e-01 1.253846218361742149e-01 2.421472184197089650e+00 1.687895226176978625e-01 -3.124236860848198738e+00 -6.022019085929602999e-01 3.660643415836508652e-01 3.016844861808301026e-01 1.518027121375521427e-01 1.018625028493355567e+00 1.627266160996504729e-01 0.000000000000000000e+00
-1.300103115154646050e-01 -1.382166692443171641e-01 1.256899083318452348e-01 2.420935267378306222e+00 1.708358424698586120e-01 -3.122512165387102190e+00 -5.936998999709368618e-01 3.588169814406774183e-01 3.093903427949746821e-01 1.536531596867232730e-01 1.019767058547808913e+00 1.698303652808414721e-01 0.000000000000000000e+00
-1.277096071754923179e-01 -1.382973828286013784e-01 1.260056555808920509e-01 2.420314974137290243e+00 1.730170316290493560e-01 -3.120558104866645088e+00 -5.842792339308905403e-01 3.510363565789291762e-01 3.176900843322063572e-01 1.556409764138720342e-01 1.020981992637102875e+00 1.777164180322432507e-01 0.000000000000000000e+00
-1.255728706202370315e-01 -1.383728592631253418e-01 1.262833771861140986e-01 2.419707576862112131e+00 1.749959533256459920e-01 -3.118674946770322531e+00 -5.753923985313507128e-01 3.439236525185727644e-01 3.253017982018162613e-01 1.574603981363437155e-01 1.022083942117150368e+00 1.851693742113708629e-01 0.000000000000000000e+00
-1.232450833365172915e-01 -1.384552435409172333e-01 1.265695499178342287e-01 2.419012509799409294e+00 1.771001737240336382e-01 -3.116548710415790513e+00 -5.655605404189961716e-01 3.362981900798353019e-01 3.334878227605018175e-01 1.594145591652166294e-01 1.023257663788575744e+00 1.934300338596058877e-01 0.000000000000000000e+00
-1.210851880678500136e-01 -1.385316164785206083e-01 1.268202278342220879e-01 2.418337176792607845e+00 1.790040826666419171e-01 -3.114505826398409560e+00 -5.562972671993734464e-01 3.293379852813995701e-01 3.409831564904752810e-01 1.612026554553662727e-01 1.024323460856825241e+00 2.012272535438966725e-01 0.000000000000000000e+00
-1.187342719220452342e-01 -1.386142866238694593e-01 1.270773913291494139e-01 2.417569710899110547e+00 1.810226659998033227e-01 -3.112205792945297311e+00 -5.460612411020857593e-01 3.218876922633620019e-01 3.490310961466402961e-01 1.631225615747180224e-01 1.025459898272989445e+00 2.098589414662502262e-01 0.000000000000000000e+00
-1.165550650985772291e-01 -1.386899860989951605e-01 1.273017237791245759e-01 2.416828946719478566e+00 1.828434459798868872e-01 -3.110002699853731123e+00 -5.364307512576549364e-01 3.150971308263643689e-01 3.563886112902023839e-01 1.648788830241116332e-01 1.026493271354967485e+00 2.179945324117923966e-01 0.000000000000000000e+00
-1.141853861570100576e-01 -1.387709386967459768e-01 1.275308563102330872e-01 2.415992174688307514e+00 1.847675822277823343e-01 -3.107529486872374846e+00 -5.258035067962345543e-01 3.078389515914624064e-01 3.642763618067987874e-01 1.667642179835628069e-01 1.027596818731668860e+00 2.269880939920172203e-01 0.000000000000000000e+00
-1.119906315561816357e-01 -1.388445962680034396e-01 1.277297569800557864e-01 2.415188632700174143e+00 1.864967027778883235e-01 -3.105166747423408591e+00 -5.158159869181648816e-01 3.012343453775795377e-01 3.714751525493922291e-01 1.684882486047392380e-01 1.028601562831928495e+00 2.354552152037606705e-01 0.000000000000000000e+00
-1.096060028718490592e-01 -1.389228924356075423e-01 1.279318736854850869e-01 2.414285175813389195e+00 1.883166138377738719e-01 -3.102521014257426213e+00 -5.048066787088590912e-01 2.941867888953891841e-01 3.791792781088278996e-01 1.703381302321786972e-01 1.029676081752748384e+00 2.448049579350267957e-01 0.000000000000000000e+00
-1.073993468270198343e-01 -1.389933306972345739e-01 1.281064228991544152e-01 2.413421678877988086e+00 1.899452163475010558e-01 -3.100000100005596781e+00 -4.944732474947017842e-01 2.877837173969980400e-01 3.861991044261676720e-01 1.720292042348653960e-01 1.030655991875843114e+00 2.535958862458101981e-01 0.000000000000000000e+00
-1.050038369595362453e-01 -1.390674140976918272e-01 1.282828585238933172e-01 2.412454953176249361e+00 1.916513634146523870e-01 -3.097184688199036362e+00 -4.830966227920467926e-01 2.809618638171919591e-01 3.936992318461032259e-01 1.738431165428319936e-01 1.031705610240470472e+00 2.632908079438642246e-01 0.000000000000000000e+00
-1.027887682885567228e-01 -1.391337165533405307e-01 1.284343028754756921e-01 2.411534387185025441e+00 1.931702007107363173e-01 -3.094508324760206985e+00 -4.724290980191390155e-01 2.747750243545584170e-01 4.005205195041778854e-01 1.755004682682155537e-01 1.032664281653871807e+00 2.723969713039289808e-01 0.000000000000000000e+00
-1.003858897319318683e-01 -1.392031384692795359e-01 1.285864000034236954e-01 2.410507427774509104e+00 1.947522399248784453e-01 -3.091526182892214258e+00 -4.606962422311722816e-01 2.681959179081130906e-01 4.077944113895111133e-01 1.772772960580027979e-01 1.033692794466860354e+00 2.824294653149073686e-01 0.000000000000000000e+00
-9.816574611459540078e-02 -1.392646470658270297e-01 1.287161346694570829e-01 2.409532943956972595e+00 1.961519145943011466e-01 -3.088698269112510442e+00 -4.497073404937192431e-01 2.622393420112305029e-01 4.143979856284716323e-01 1.789000766234857820e-01 1.034633889017066988e+00 2.918414427918972764e-01 0.000000000000000000e+00
-9.575914835296917005e-02 -1.393283455747615640e-01 1.288455085115083332e-01 2.408449496204688511e+00 1.976000129828667795e-01 -3.085554464450300571e+00 -4.376345654821175435e-01 2.559161819902985302e-01 4.214269998515722815e-01 1.806390375915234436e-01 1.035645357599079164e+00 3.021988424558653130e-01 0.000000000000000000e+00
-9.353703410835619014e-02 -1.393845900025933726e-01 1.289549858172578667e-01 2.407424519801644625e+00 1.988711798074400683e-01 -3.082579795517882193e+00 -4.263377357436239912e-01 2.502031355303469540e-01 4.277947511760065158e-01 1.822262982459675051e-01 1.036572337395508470e+00 3.119064973928812878e-01 0.000000000000000000e+00
-9.112984515666626428e-02 -1.394427078945187082e-01 1.290632600307889122e-01 2.406288128335795307e+00 2.001747232873309912e-01 -3.079280102935151753e+00 -4.139379245501605964e-01 2.441514681377917884e-01 4.345575824481535676e-01 1.839260941012241801e-01 1.037570423593042968e+00 3.225793484879692086e-01 0.000000000000000000e+00
-8.890864980645087068e-02 -1.394935075974448602e-01 1.291540640365417825e-01 2.405216205362084025e+00 2.013080082841587348e-01 -3.076164765187991090e+00 -4.023472815644041356e-01 2.386944346823808294e-01 4.406718008368120110e-01 1.854767695801932681e-01 1.038486817324139277e+00 3.325717619245419088e-01 0.000000000000000000e+00
-8.650399688079449256e-02 -1.395455159046161964e-01 1.292430199249190448e-01 2.404031188370395977e+00 2.024573141827605838e-01 -3.072716756443440556e+00 -3.896381109208142957e-01 2.329257115108897824e-01 4.471515380850838994e-01 1.871364515715306376e-01 1.039475249562722192e+00 3.435459829864859205e-01 0.000000000000000000e+00
-8.428637300682816080e-02 -1.395909389740466466e-01 1.293167980772976233e-01 2.402916205264876037e+00 2.034435214247678481e-01 -3.069468074428921778e+00 -3.777685018108720705e-01 2.277364422583295078e-01 4.529951793069901811e-01 1.886494100315614653e-01 1.040384452758875256e+00 3.538115368823598339e-01 0.000000000000000000e+00
-8.188684300899300161e-02 -1.396374630024623531e-01 1.293881848904212817e-01 2.401686609794788652e+00 2.044284849808795101e-01 -3.065879754613642039e+00 -3.647644526555832156e-01 2.222647780616799629e-01 4.591719819812651870e-01 1.902674634861095671e-01 1.041366892885005502e+00 3.650760092136088875e-01 0.000000000000000000e+00
-7.967516437013139052e-02 -1.396777952892006291e-01 1.294466195890246474e-01 2.400532752097875644e+00 2.052587308114937059e-01 -3.062506163748471177e+00 -3.526313570452911939e-01 2.173542751962237174e-01 4.647288007537704324e-01 1.917414898599547890e-01 1.042272167918550707e+00 3.756024530277696782e-01 0.000000000000000000e+00
-7.728329325958425977e-02 -1.397188556344293175e-01 1.295023413748820351e-01 2.399263423687042263e+00 2.060702881922504837e-01 -3.058787783038305896e+00 -3.393513045325293742e-01 2.121893572228808478e-01 4.705872225197267333e-01 1.933168328685206938e-01 1.043252144620672617e+00 3.871417635835149307e-01 0.000000000000000000e+00
-7.507963912000721607e-02 -1.397546420813066681e-01 1.295471559781859461e-01 2.398074992948918460e+00 2.067361167010290934e-01 -3.055298874354737571e+00 -3.269706680989145076e-01 2.075679238489959166e-01 4.758415061923981781e-01 1.947506455099057565e-01 1.044156753863945131e+00 3.979162142741893282e-01 0.000000000000000000e+00
-7.269743517362468876e-02 -1.397913458890368277e-01 1.295890269953978713e-01 2.396770689920177055e+00 2.073650280328740436e-01 -3.051460980459372863e+00 -3.134306577742472233e-01 2.027224187588944349e-01 4.813630380804596598e-01 1.962815470177809718e-01 1.045137729251475855e+00 4.097177796182801535e-01 0.000000000000000000e+00
-7.050360268798648578e-02 -1.398233366110291365e-01 1.296219534689596053e-01 2.395552383765219950e+00 2.078585289365024735e-01 -3.047867525861891025e+00 -3.008191252741225230e-01 1.983996589012618772e-01 4.862997397931394516e-01 1.976737977014039749e-01 1.046044801918756928e+00 4.207267549324497091e-01 0.000000000000000000e+00
-6.813290233883992353e-02 -1.398561526658091136e-01 1.296518815578936168e-01 2.394218404036010828e+00 2.082969872302884440e-01 -3.043922605602813025e+00 -2.870388978191301121e-01 1.938815561776720264e-01 4.914706665236918681e-01 1.991590592860979780e-01 1.047030104943059037e+00 4.327741300451548034e-01 0.000000000000000000e+00
-6.595036643028547030e-02 -1.398852756350311144e-01 1.296746401465277421e-01 2.392975080584357261e+00 2.086109379659797369e-01 -3.040236348509556930e+00 -2.742135634177425008e-01 1.898662915574027277e-01 4.960755383645478744e-01 2.005083165628730180e-01 1.047942703669601849e+00 4.440036150975828488e-01 0.000000000000000000e+00
-6.359253481384216644e-02 -1.399157807184661095e-01 1.296944548303778921e-01 2.391616595369169929e+00 2.088510958159930375e-01 -3.036197464972990812e+00 -2.602104460242672945e-01 1.856868763454436744e-01 5.008784162324513289e-01 2.019460573668658832e-01 1.048935663282037911e+00 4.562827850936657659e-01 0.000000000000000000e+00
-6.142243403496527171e-02 -1.399430842545868747e-01 1.297087024291564417e-01 2.390353344318032036e+00 2.089791452091738222e-01 -3.032430897476769971e+00 -2.471888865848111960e-01 1.819872795381328456e-01 5.051381423960332739e-01 2.032508564981934107e-01 1.049856717545041729e+00 4.677182656564115026e-01 0.000000000000000000e+00
-5.907860545286008208e-02 -1.399721020189012011e-01 1.297202370781950220e-01 2.388976131868134622e+00 2.090149080474494880e-01 -3.028312623178316620e+00 -2.329834854617876538e-01 1.781529101349072219e-01 5.095609871763819854e-01 2.046397449409401714e-01 1.050860329801838189e+00 4.802118866992728941e-01 0.000000000000000000e+00
-5.692177844513537227e-02 -1.399988948019797730e-01 1.297276639780667595e-01 2.387698140616254960e+00 2.089514754659012041e-01 -3.024479600751190489e+00 -2.197836273873508273e-01 1.747764213468502581e-01 5.134623850152939539e-01 2.058985546091933461e-01 1.051792769078502054e+00 4.918384157807182966e-01 0.000000000000000000e+00
-5.459262860507740900e-02 -1.400282962388909869e-01 1.297326553961574147e-01 2.386307816107016144e+00 2.087770383909686167e-01 -3.020296898320617540e+00 -2.053944515043550079e-01 1.712969680931481220e-01 5.174892177415482131e-01 2.072366266093900455e-01 1.052810229772966899e+00 5.045313078521448391e-01 0.000000000000000000e+00
-5.244957815630095499e-02 -1.400559057205195967e-01 1.297348300052534875e-01 2.385020398284081189e+00 2.085176402044575106e-01 -3.016411665242838325e+00 -1.920347038959724917e-01 1.682503783851247159e-01 5.210203030308844241e-01 2.084478489179149296e-01 1.053756783803408315e+00 5.163334391179672522e-01 0.000000000000000000e+00
-5.013551758897649008e-02 -1.400867909063553962e-01 1.297349937694549371e-01 2.383622856234080878e+00 2.081290624800424816e-01 -3.012180847028377961e+00 -1.774828920941569077e-01 1.651305850366377725e-01 5.246407373747921099e-01 2.097336730264756366e-01 1.054790822675658823e+00 5.292075260120602254e-01 0.000000000000000000e+00
-4.800643635778555768e-02 -1.401167087252036536e-01 1.297334522983549787e-01 2.382331391818299338e+00 2.076702592531578517e-01 -3.008258671277820095e+00 -1.639819470137297841e-01 1.624199863896414742e-01 5.277899253638111965e-01 2.108956934338612477e-01 1.055754088041940486e+00 5.411694802328010923e-01 0.000000000000000000e+00
-4.570746562178970573e-02 -1.401511339057086303e-01 1.297303768766926990e-01 2.380932322087186304e+00 2.070641332679867830e-01 -3.003996114114810378e+00 -1.492869903033224310e-01 1.596683417723443743e-01 5.309894470974323433e-01 2.121271724114275059e-01 1.056807767727230507e+00 5.542085166669107332e-01 0.000000000000000000e+00
-4.359222949897860466e-02 -1.401848904009155294e-01 1.297265633983741284e-01 2.379642211297819276e+00 2.064037274296115498e-01 -3.000052709048671939e+00 -1.356638976750231262e-01 1.572991603770962643e-01 5.337459519837191024e-01 2.132383597315062607e-01 1.057790274432387934e+00 5.663141484284612837e-01 0.000000000000000000e+00
-4.130806724325004203e-02 -1.402240464184426327e-01 1.297217527133063542e-01 2.378247466019347556e+00 2.055787008340388411e-01 -2.995775641503117370e+00 -1.208473676608536607e-01 1.549188935738106676e-01 5.365160389915648587e-01 2.144139955499649308e-01 1.058866058354725359e+00 5.794995255644708188e-01 0.000000000000000000e+00
-3.920625097936454584e-02 -1.402632200010075492e-01 1.297170285639817067e-01 2.376963947692206425e+00 2.047157107328825276e-01 -2.991827135805895654e+00 -1.071213521788011852e-01 1.528958731860024234e-01 5.388697407629767788e-01 2.154726520175418436e-01 1.059870269822767108e+00 5.917324231366135612e-01 0.000000000000000000e+00
-3.693628302475732844e-02 -1.403093084824529324e-01 1.297119071510879906e-01 2.375579128807453255e+00 2.036710241419608103e-01 -2.987553302411617651e+00 -9.220358043131668402e-02 1.508940915078875455e-01 5.411970772395968687e-01 2.165902642137504386e-01 1.060970887722269440e+00 6.050470301645192173e-01 0.000000000000000000e+00
-3.484718116188009057e-02 -1.403554445042791698e-01 1.297075018690331816e-01 2.374307326274455399e+00 2.026057995083858643e-01 -2.983615979532052265e+00 -7.839417471763111822e-02 1.492213433824519653e-01 5.431387879903737392e-01 2.175946754188738119e-01 1.061999067640121863e+00 6.173904489219002034e-01 0.000000000000000000e+00
-3.259049710333692534e-02 -1.404097064977342102e-01 1.297033711452565408e-01 2.372937894113239743e+00 2.013429327325955143e-01 -2.979363273788511624e+00 -6.339693257874295940e-02 1.475997778842163544e-01 5.450163165588794989e-01 2.186527659647190813e-01 1.063126783203715897e+00 6.308153108189351599e-01 0.000000000000000000e+00
-3.051314549859243316e-02 -1.404643498448773231e-01 1.297004131708343888e-01 2.371682633834350185e+00 2.000771266902079404e-01 -2.975453622736973891e+00 -4.952378993003123120e-02 1.462807474858137391e-01 5.465375141735329123e-01 2.196011842079235721e-01 1.064181062100250985e+00 6.432522731096051993e-01 0.000000000000000000e+00
-2.826857316742758391e-02 -1.405289032978636055e-01 1.296984327994938069e-01 2.370333629982338763e+00 1.985982614043582117e-01 -2.971239919396403195e+00 -3.446804771272920370e-02 1.450451738980714778e-01 5.479536500831825308e-01 2.205975060612358485e-01 1.065338338751945058e+00 6.567694801174386310e-01 0.000000000000000000e+00
-2.620177105114066679e-02 -1.405935849411338867e-01 1.296979603081702681e-01 2.369099599528456945e+00 1.971349138053346550e-01 -2.967374514370996419e+00 -2.055101284030160999e-02 1.440826575458463987e-01 5.490463450784419663e-01 2.214881836430560580e-01 1.066420847156035023e+00 6.692829417104212419e-01 0.000000000000000000e+00
-2.396787932406223287e-02 -1.406695709206425837e-01 1.296991621139919615e-01 2.367775880286785206e+00 1.954444129459966817e-01 -2.963217632065240803e+00 -5.458593901362145812e-03 1.432333754742201315e-01 5.499957620070552444e-01 2.224212054862085008e-01 1.067609549108591960e+00 6.828733856482318565e-01 0.000000000000000000e+00
-2.191021367904645925e-02 -1.407457291967046387e-01 1.297020614454726939e-01 2.366567119892908799e+00 1.937879107825617453e-01 -2.959412794976330474e+00 8.482449992470893207e-03 1.426295536313151036e-01 5.506528970060324824e-01 2.232523947071790305e-01 1.068722151232999629e+00 6.954459028383869201e-01 0.000000000000000000e+00
-1.968539384439399464e-02 -1.408351614670414753e-01 1.297073752098802379e-01 2.365273015158307679e+00 1.918909159393020758e-01 -2.955330435230228314e+00 2.359009368240774784e-02 1.421709739363602454e-01 5.511253417834125479e-01 2.241198029189746532e-01 1.069944608752373405e+00 7.090912078946531860e-01 0.000000000000000000e+00
-1.763527702581045575e-02 -1.409241591005474525e-01 1.297144174236689596e-01 2.364093427426918304e+00 1.900469959411630327e-01 -2.951602212971597528e+00 3.753514168055160916e-02 1.419273945651588764e-01 5.513405251994907275e-01 2.248897394348733647e-01 1.071089102230834866e+00 7.217054701348951662e-01 0.000000000000000000e+00
-1.541770014527744752e-02 -1.410279216349937526e-01 1.297245497760321775e-01 2.362832668675551862e+00 1.879507461188731909e-01 -2.947611115072081400e+00 5.263633032573692555e-02 1.418584686271962547e-01 5.513326688742750115e-01 2.256900359871989725e-01 1.072346846634651962e+00 7.353863283917140281e-01 0.000000000000000000e+00
-1.337339925329279929e-02 -1.411310106027974243e-01 1.297363717955359042e-01 2.361685550039373194e+00 1.859264326317049409e-01 -2.943975052986414376e+00 6.656542432447554170e-02 1.419760471893232734e-01 5.511003080691656564e-01 2.263969554538036999e-01 1.073524895942848500e+00 7.480248919769029170e-01 0.000000000000000000e+00
-1.116115287783566411e-02 -1.412509672374682723e-01 1.297520040925255191e-01 2.360461535847552028e+00 1.836389578628345731e-01 -2.940092427126914654e+00 8.163840426805202277e-02 1.422998376436064583e-01 5.506032290517022254e-01 2.271278267254623340e-01 1.074819858022899588e+00 7.617225947276166087e-01 0.000000000000000000e+00
-9.120826768909377422e-03 -1.413693140437372042e-01 1.297691141333948139e-01 2.359349587869318476e+00 1.814425636099863404e-01 -2.936563700321848991e+00 9.553154143088536665e-02 1.427789070341980993e-01 5.499183971773882185e-01 2.277699814433076786e-01 1.076032861320403322e+00 7.743678162155308575e-01 0.000000000000000000e+00
-6.911839901106447623e-03 -1.415060681324834535e-01 1.297906631614943185e-01 2.358165021250696824e+00 1.789737551783536773e-01 -2.932804730186295394e+00 1.105549574498619486e-01 1.434930170357460177e-01 5.489304975710234125e-01 2.284299460509429669e-01 1.077366439236260742e+00 7.880633884373723363e-01 0.000000000000000000e+00
-4.873576398461249362e-03 -1.416406958043032738e-01 1.298134405537174074e-01 2.357090475128082563e+00 1.766147486392783961e-01 -2.929397647159422302e+00 1.243922680983444995e-01 1.443332776491796643e-01 5.477890667278155767e-01 2.290055716758067350e-01 1.078615794682644013e+00 8.006978241228718263e-01 0.000000000000000000e+00
-2.665791925009682387e-03 -1.417958605243491155e-01 1.298412987707325827e-01 2.355947353022719959e+00 1.739752865597576914e-01 -2.925778202397862682e+00 1.393442281763229151e-01 1.454395048317281280e-01 5.463030228395511223e-01 2.295923159982216355e-01 1.079989519751934246e+00 8.143720910559925086e-01 0.000000000000000000e+00
-6.276478897676140284e-04 -1.419476311821794567e-01 1.298699673394927978e-01 2.354911833974341118e+00 1.714642744308196853e-01 -2.922506159956036687e+00 1.531058967274687987e-01 1.466400744958926694e-01 5.447017972341412495e-01 2.300996981201521852e-01 1.081276425769687632e+00 8.269782306549099404e-01 0.000000000000000000e+00
1.581085000831277190e-03 -1.421215526568238297e-01 1.299042754036345837e-01 2.353811689227488735e+00 1.686664062246387985e-01 -2.919039801407187884e+00 1.679655366617839318e-01 1.481347070786724063e-01 5.427176090639775907e-01 2.306118073530176171e-01 1.082691296677819492e+00 8.406126167507068647e-01 0.000000000000000000e+00
3.621049221770417451e-03 -1.422912522093446319e-01 1.299389532081423604e-01 2.352816254786450401e+00 1.660150246130385199e-01 -2.915915557682509984e+00 1.816319306249322418e-01 1.496941376997251161e-01 5.406539255352753592e-01 2.310492482068199349e-01 1.084016751952352031e+00 8.531730831369291890e-01 0.000000000000000000e+00
5.832763846840850405e-03 -1.424852241584400880e-01 1.299797992949854042e-01 2.351759874785228632e+00 1.630717018570768673e-01 -2.912616099014907256e+00 1.963774374617806295e-01 1.515776916701972732e-01 5.381661336029779363e-01 2.314844420184525298e-01 1.085473967121816097e+00 8.667484136355536606e-01 0.000000000000000000e+00
7.876440743714978668e-03 -1.426735016539859013e-01 1.300204843167565294e-01 2.350805030534448115e+00 1.602925107564496798e-01 -2.909651392405415926e+00 2.099290658267033705e-01 1.534939026535365181e-01 5.356381279382200766e-01 2.318502438389317133e-01 1.086838903759508979e+00 8.792459628410230765e-01 0.000000000000000000e+00
1.009318793777854752e-02 -1.428875801930230005e-01 1.300677248853141232e-01 2.349792552700172621e+00 1.572178711675453755e-01 -2.906530160843647348e+00 2.245402161865572843e-01 1.557614511636845056e-01 5.326484632984973544e-01 2.322071740040295706e-01 1.088339128980577719e+00 8.927439950890079245e-01 0.000000000000000000e+00
1.214238543769465863e-02 -1.430949378402951722e-01 1.301142640528588357e-01 2.348878126496068752e+00 1.543242142445269138e-01 -2.903735591531501292e+00 2.379578875486489942e-01 1.580318459272474774e-01 5.296552033913024538e-01 2.324997056050179811e-01 1.089744212771703635e+00 9.051614497246932567e-01 0.000000000000000000e+00
1.436601537969736317e-02 -1.433302029003581390e-01 1.301677548591823053e-01 2.347909284357331927e+00 1.511331061399308062e-01 -2.900804422236586078e+00 2.524130931819219548e-01 1.606826066735010383e-01 5.261596713025191718e-01 2.327761583709249960e-01 1.091288380150758908e+00 9.185632752782988408e-01 0.000000000000000000e+00
1.642241032652235269e-02 -1.435570313541311149e-01 1.302198812350525703e-01 2.347034779986140407e+00 1.481390281914007900e-01 -2.898189523213673180e+00 2.656777992289022228e-01 1.633039894239796674e-01 5.227010239948333137e-01 2.329938052110117064e-01 1.092734143727535523e+00 9.308837908503052594e-01 0.000000000000000000e+00
1.865472989658291739e-02 -1.438133181839952035e-01 1.302792295637440478e-01 2.346108533075554448e+00 1.448470106460417739e-01 -2.895457457778237931e+00 2.799577189281775569e-01 1.663318704253452518e-01 5.187029534083515969e-01 2.331885322209669709e-01 1.094322519580686048e+00 9.441718328463373222e-01 0.000000000000000000e+00
2.071986539031986721e-02 -1.440599633270167323e-01 1.303365923031101214e-01 2.345272719370687042e+00 1.417671993871199021e-01 -2.893030909856487476e+00 2.930508508219294983e-01 1.693004960924565649e-01 5.147793181743378632e-01 2.333297629825252517e-01 1.095809295838249930e+00 9.563786314397972887e-01 0.000000000000000000e+00
2.296235467407499453e-02 -1.443381057787234412e-01 1.304013805317312258e-01 2.344387723083505737e+00 1.383903915233481996e-01 -2.890507311519811218e+00 3.071342791670274575e-01 1.727034666886030079e-01 5.102767117193409696e-01 2.334406004181429628e-01 1.097442346218686637e+00 9.695341811715980640e-01 0.000000000000000000e+00
2.503753995092763973e-02 -1.446047478295810484e-01 1.304634807849621714e-01 2.343589224311453112e+00 1.352398329257296083e-01 -2.888276214403234565e+00 3.200374610960294297e-01 1.760150409250892944e-01 5.058896864556534645e-01 2.335038671387891507e-01 1.098970401473146952e+00 9.816109509248347464e-01 0.000000000000000000e+00
2.729161508979102702e-02 -1.449044186037612147e-01 1.305331043094217214e-01 2.342743439039835618e+00 1.317947002935002665e-01 -2.885967715174265980e+00 3.339061054992124578e-01 1.797858440020461412e-01 5.008874709801576230e-01 2.335297164461197506e-01 1.100648059801842216e+00 9.946172304775365847e-01 0.000000000000000000e+00
2.937798359537561674e-02 -1.451912659164784070e-01 1.305993872429776492e-01 2.341980212005521533e+00 1.285888440635778451e-01 -2.883938546623856958e+00 3.466014942841610935e-01 1.834355398284315819e-01 4.960390530576139767e-01 2.335135876767679697e-01 1.102217327474171560e+00 1.006547792686927956e+00 0.000000000000000000e+00
3.164461290166194901e-02 -1.455131581168331023e-01 1.306732052146038214e-01 2.341171711110192177e+00 1.250922687468221106e-01 -2.881852063800942165e+00 3.602346819574674952e-01 1.875709296586202668e-01 4.905370954035648268e-01 2.334523849059665923e-01 1.103939660330153005e+00 1.019386692565118269e+00 0.000000000000000000e+00
3.374301535843678840e-02 -1.458203227155457915e-01 1.307430024478542507e-01 2.340441536051971028e+00 1.218466526144119655e-01 -2.880029870932801384e+00 3.727047673141953288e-01 1.915533708184543049e-01 4.852303474574184428e-01 2.333554458422877065e-01 1.105550007262296797e+00 1.031155268001205716e+00 0.000000000000000000e+00
3.602308794787711932e-02 -1.461640106577700993e-01 1.308202139831336486e-01 2.339667545162502638e+00 1.183153905915501625e-01 -2.878169557061750705e+00 3.860854207371349767e-01 1.960450083787114994e-01 4.792353055275411222e-01 2.332062422422159775e-01 1.107316548592373495e+00 1.043810942396398378e+00 0.000000000000000000e+00
3.813411206661126290e-02 -1.464916195078950767e-01 1.308927917905938765e-01 2.338968103055121261e+00 1.150456880864760834e-01 -2.876558498856976787e+00 3.983131917241792830e-01 2.003543026280823480e-01 4.734739559833180955e-01 2.330271779484217876e-01 1.108967575310168208e+00 1.055402284461941065e+00 0.000000000000000000e+00
4.042800345404503476e-02 -1.468578009213233060e-01 1.309726138630778469e-01 2.338226019049529647e+00 1.114968869979620081e-01 -2.874929111755995415e+00 4.114214703466310685e-01 2.051977104788254014e-01 4.669872945162119038e-01 2.327880260825326841e-01 1.110778058798231216e+00 1.067857156510941818e+00 0.000000000000000000e+00
4.255192850855368109e-02 -1.472059619583718781e-01 1.310471539702501853e-01 2.337554675358290091e+00 1.082186252923795777e-01 -2.873532126740010462e+00 4.233904153652333080e-01 2.098274662311168381e-01 4.607760039058201862e-01 2.325255549123485810e-01 1.112469232669458741e+00 1.079256284924807963e+00 0.000000000000000000e+00
4.485986819607320347e-02 -1.475941739482887760e-01 1.311285972095184715e-01 2.336841512430672729e+00 1.046687565271078313e-01 -2.872135360091764511e+00 4.362105066682248622e-01 2.150132733742599889e-01 4.538063781750283354e-01 2.321956891218286134e-01 1.114322659630099466e+00 1.091495640662594191e+00 0.000000000000000000e+00
4.699666997539229951e-02 -1.479630311374226237e-01 1.312042297657822210e-01 2.336195626392110203e+00 1.013973057977066716e-01 -2.870954497666007743e+00 4.479047466203854300e-01 2.199565497658810265e-01 4.471506059787024867e-01 2.318486292975208696e-01 1.116053181706432973e+00 1.102688174354897521e+00 0.000000000000000000e+00
4.931836080294298152e-02 -1.483740769947841098e-01 1.312864129727605578e-01 2.335508643345168167e+00 9.786326253534305408e-02 -2.869793089761628391e+00 4.604178420287181606e-01 2.254790969841078685e-01 4.397010786194779364e-01 2.314262519486342817e-01 1.117948952928405904e+00 1.114695369024655935e+00 0.000000000000000000e+00
5.146767461347386691e-02 -1.487638374535663888e-01 1.313622213689756568e-01 2.334885586302927418e+00 9.461375133794192038e-02 -2.868829475108424898e+00 4.718219638696282137e-01 2.307284538087630843e-01 4.326070832657795684e-01 2.309935049162532283e-01 1.119717824524436356e+00 1.125667326399673485e+00 0.000000000000000000e+00
5.380263375157617184e-02 -1.491973366569060711e-01 1.314440338557150700e-01 2.334221792911107762e+00 9.111118108204152577e-02 -2.867902943756011958e+00 4.840137488924428077e-01 2.365773714185791798e-01 4.246881737644290222e-01 2.304780167977547589e-01 1.121654475269142193e+00 1.137428911037899448e+00 0.000000000000000000e+00
5.596376291633088640e-02 -1.496082646197212096e-01 1.315190653661814923e-01 2.333618969481122463e+00 8.789824426307379923e-02 -2.867156658358963384e+00 4.951130719465932639e-01 2.421249190615391844e-01 4.171630126302463548e-01 2.299585838718916087e-01 1.123460631120433817e+00 1.148166909711153316e+00 0.000000000000000000e+00
5.831095020059464534e-02 -1.500652014578282567e-01 1.315995488495514953e-01 2.332975801745347688e+00 8.444333231527023642e-02 -2.866466011372804434e+00 5.069659031416681172e-01 2.482933494231374938e-01 4.087796478347860418e-01 2.293483704423703862e-01 1.125436962965381760e+00 1.159667238246442578e+00 0.000000000000000000e+00
6.048283218691725277e-02 -1.504976373594796024e-01 1.316728008272950445e-01 2.332390709392052841e+00 8.128105806294572133e-02 -2.865936340767500479e+00 5.177463792343088844e-01 2.541306656374549555e-01 4.008314435614446225e-01 2.287413028718868202e-01 1.127278938333334812e+00 1.170158361886646237e+00 0.000000000000000000e+00
6.284104133153486926e-02 -1.509778273504689960e-01 1.317508044372973364e-01 2.331765500000512858e+00 7.788823223227137049e-02 -2.865479201474947946e+00 5.292476065864659684e-01 2.606073069609595172e-01 3.919957408548340183e-01 2.280359979466929643e-01 1.129293220223816174e+00 1.181385450094093237e+00 0.000000000000000000e+00
6.502230774729958473e-02 -1.514322731219183704e-01 1.318213158649902406e-01 2.331196056808300110e+00 7.479021664317464513e-02 -2.865164833965990532e+00 5.396959532016600836e-01 2.667255034464962038e-01 3.836330155578218104e-01 2.273404801385051355e-01 1.131169550369831800e+00 1.191617714476341350e+00 0.000000000000000000e+00
6.738969648674632273e-02 -1.519368837727309018e-01 1.318958074291423088e-01 2.330586660485542527e+00 7.147424634104693197e-02 -2.864940335858676690e+00 5.508293314282499686e-01 2.735023662486368301e-01 3.743521654750048278e-01 2.265386356237959198e-01 1.133220051251138338e+00 1.202557048128005013e+00 0.000000000000000000e+00
6.957859025495248539e-02 -1.524139102626300701e-01 1.319625505697148704e-01 2.330030804472740247e+00 6.845330607248278909e-02 -2.864839152952636248e+00 5.609329651298472497e-01 2.798920720073070911e-01 3.655847728503549554e-01 2.257539518533608902e-01 1.135128738804398019e+00 1.212518735343501186e+00 0.000000000000000000e+00
7.195324053161053501e-02 -1.529430577602720054e-01 1.320324077572996579e-01 2.329435309149284095e+00 6.522713039518901468e-02 -2.864843595175917024e+00 5.716876085599141843e-01 2.869569390365829809e-01 3.558723575128903693e-01 2.248554512358385826e-01 1.137213328147657521e+00 1.223160061269185306e+00 0.000000000000000000e+00
7.414768861941035960e-02 -1.534433988963985196e-01 1.320944038948781429e-01 2.328891449266759395e+00 6.229532009483707000e-02 -2.864952910137313680e+00 5.814347781496042034e-01 2.936083503066239664e-01 3.467106838888542875e-01 2.239809856471542682e-01 1.139152375737344292e+00 1.232840385515514114e+00 0.000000000000000000e+00
7.652698372344543531e-02 -1.539985158705373947e-01 1.321586015577046469e-01 2.328308279920559887e+00 5.917206343852310368e-02 -2.865184032955455429e+00 5.917960061076391609e-01 3.009520503020310933e-01 3.365760243605577795e-01 2.229846305043283461e-01 1.141268789855630184e+00 1.243170387909767971e+00 0.000000000000000000e+00
7.872455343936349270e-02 -1.545230026093650511e-01 1.322148700398095289e-01 2.327775286120381537e+00 5.634042409454664835e-02 -2.865500373085072106e+00 6.011757926249527983e-01 3.078548972684892471e-01 3.270315213298227164e-01 2.220198671099335164e-01 1.143236066952871610e+00 1.252559362332842374e+00 0.000000000000000000e+00
8.110590240308424015e-02 -1.551045162632191388e-01 1.322723356149481666e-01 2.327203393995435299e+00 5.333110927261852652e-02 -2.865953414086666484e+00 6.111347501003313587e-01 3.154644140301998689e-01 3.164897976289076098e-01 2.209257739551017397e-01 1.145381642685094015e+00 1.262569652238232143e+00 0.000000000000000000e+00
8.330386297945677199e-02 -1.556541364073629197e-01 1.323219380957510460e-01 2.326680390153741840e+00 5.060986724912375223e-02 -2.866473070485007657e+00 6.201371666911806857e-01 3.226079441801739112e-01 3.065747157324880678e-01 2.198703299255896915e-01 1.147374619286854802e+00 1.271657955774236681e+00 0.000000000000000000e+00
8.568393945437788317e-02 -1.562637964825875359e-01 1.323717145650852856e-01 2.326119007218995893e+00 4.772576183406584960e-02 -2.867144901681988767e+00 6.296809373526158771e-01 3.304729912484777321e-01 2.956372462935872303e-01 2.186775500076136580e-01 1.149546427155814454e+00 1.281336682123911608e+00 0.000000000000000000e+00
8.787925632292156730e-02 -1.568397062391674313e-01 1.324137734075089279e-01 2.325605764528159369e+00 4.512424610494614186e-02 -2.867863804971046982e+00 6.382967961112402389e-01 3.378460525949029125e-01 2.853645018627699592e-01 2.175311756716322154e-01 1.151562440101004281e+00 1.290115925815412457e+00 0.000000000000000000e+00
9.025480014768964832e-02 -1.574781848207718049e-01 1.324548710077081415e-01 2.325054840884197560e+00 4.237402431535386427e-02 -2.868748520043425732e+00 6.474185888979524517e-01 3.459527815321313815e-01 2.740483309168597614e-01 2.162401084646754235e-01 1.153757550629502360e+00 1.299456563864701764e+00 0.000000000000000000e+00
9.244413796774676728e-02 -1.580815975823247344e-01 1.324885051527457946e-01 2.324551321661731951e+00 3.990038234565052022e-02 -2.869662184402171246e+00 6.556398337620542582e-01 3.535437560347524100e-01 2.634321718634768938e-01 2.150026873089269375e-01 1.155793404124813240e+00 1.307919024544537567e+00 0.000000000000000000e+00
9.481116921361161520e-02 -1.587509007003771733e-01 1.325200901384351315e-01 2.324011297969093448e+00 3.729297951750609741e-02 -2.870755740192056926e+00 6.643287297135740399e-01 3.618808151167591247e-01 2.517506152160078337e-01 2.136126503779600672e-01 1.158008621519541315e+00 1.316911720597408131e+00 0.000000000000000000e+00
9.699094209058189975e-02 -1.593832042403577898e-01 1.325445493543736253e-01 2.323518002401271154e+00 3.495438045350240941e-02 -2.871859501422717731e+00 6.721481701482101556e-01 3.696776519716432063e-01 2.408056889260548061e-01 2.122841657576876873e-01 1.160061252929719844e+00 1.325050607204799169e+00 0.000000000000000000e+00
9.934566757249377322e-02 -1.600842461987291021e-01 1.325657380160070731e-01 2.322989808136494805e+00 3.249621612429143269e-02 -2.873155696802028203e+00 6.803997084697117614e-01 3.782304271019462649e-01 2.287776550207665238e-01 2.107958748272537319e-01 1.162292715607097238e+00 1.333690833887397842e+00 0.000000000000000000e+00
1.015120194147424160e-01 -1.607468691875492683e-01 1.325802842607075593e-01 2.322508045526959108e+00 3.029857894749232727e-02 -2.874444495490294127e+00 6.878112192043749351e-01 3.862207426100246477e-01 2.175198073027291290e-01 2.093764931900255477e-01 1.164358662822726265e+00 1.341500553784055194e+00 0.000000000000000000e+00
1.038499103455147038e-01 -1.614818743283193136e-01 1.325904232470085931e-01 2.321992824354861984e+00 2.799629462044128658e-02 -2.875938965140069303e+00 6.956166114642610143e-01 3.949767502210144166e-01 2.051606093158890864e-01 2.077895487859609536e-01 1.166602642357226882e+00 1.349780055297002512e+00 0.000000000000000000e+00
1.059987888148355567e-01 -1.621763320179319123e-01 1.325944244078309520e-01 2.321523984121645956e+00 2.594447856989745560e-02 -2.877407765028375586e+00 7.026151990719075036e-01 4.031476613405138298e-01 1.936064849265803911e-01 2.062795530926428145e-01 1.168678176952780090e+00 1.357255681634909505e+00 0.000000000000000000e+00
1.083156178745483533e-01 -1.629463668716363001e-01 1.325928071626811255e-01 2.321023904575989061e+00 2.380198258281884804e-02 -2.879093984118782590e+00 7.099723813203330236e-01 4.120916215454358267e-01 1.809366291985829989e-01 2.045949871898700423e-01 1.170930412286660172e+00 1.365172327449333478e+00 0.000000000000000000e+00
1.104427731977395272e-01 -1.636741890754718765e-01 1.325857142527373522e-01 2.320570157179378423e+00 2.189959833992904947e-02 -2.880737529137119779e+00 7.165541842173821507e-01 4.204298457604194184e-01 1.691038050011974825e-01 2.029948268488959151e-01 1.173011672678557105e+00 1.372310264961018600e+00 0.000000000000000000e+00
1.127335615003319108e-01 -1.644815103350350249e-01 1.325718310558128832e-01 2.320087606099106026e+00 1.992089808821884134e-02 -2.882610753118494351e+00 7.234568314467585415e-01 4.295482763062554166e-01 1.561410015532911366e-01 2.012125895131444686e-01 1.175267769596017864e+00 1.379858196122520919e+00 0.000000000000000000e+00
1.148345898799261883e-01 -1.652442681131261193e-01 1.325531830428592350e-01 2.319651140007056966e+00 1.817052294138044033e-02 -2.884423884526571502e+00 7.296190533140656242e-01 4.380401982056502108e-01 1.440478533593503307e-01 1.995228803805164375e-01 1.177350494726514096e+00 1.386655382172730100e+00 0.000000000000000000e+00
1.170948051549485364e-01 -1.660899697273333087e-01 1.325265604349558091e-01 2.319188880219739790e+00 1.635702200623700975e-02 -2.886477604524064322e+00 7.360676315775834810e-01 4.473170535468322107e-01 1.308142064285831019e-01 1.976443031923313387e-01 1.179605792695647803e+00 1.393834465523256849e+00 0.000000000000000000e+00
1.191651737176971232e-01 -1.668891341529765149e-01 1.324959647119975381e-01 2.318772777501584947e+00 1.475983050968121546e-02 -2.888454995672774306e+00 7.418088742555764004e-01 4.559486249558880044e-01 1.184803084720993382e-01 1.958657942821059872e-01 1.181685455190890632e+00 1.400289568531445372e+00 0.000000000000000000e+00
1.213895260622982614e-01 -1.677753879548831151e-01 1.324562863447390215e-01 2.318334241067397272e+00 1.311300545526350447e-02 -2.890684400956576638e+00 7.477995885486823369e-01 4.653694241539888532e-01 1.049957917666464180e-01 1.938912101366235541e-01 1.183934894205626254e+00 1.407096341961578956e+00 0.000000000000000000e+00
1.234246452369607006e-01 -1.686124397142448328e-01 1.324135209944208302e-01 2.317941592156666175e+00 1.166933714077078577e-02 -2.892821020438881341e+00 7.531195191422246360e-01 4.741261974237919730e-01 9.244111775579488821e-02 1.920248501999392288e-01 1.186006833533707727e+00 1.413208696137474130e+00 0.000000000000000000e+00
1.256084649623449012e-01 -1.695401754210532352e-01 1.323605089266154944e-01 2.317530338409914403e+00 1.018808371686574787e-02 -2.895219729915210927e+00 7.586556318372541519e-01 4.836743290115122496e-01 7.872956656741281201e-02 1.899559568623543637e-01 1.188245087271864842e+00 1.419645556492195926e+00 0.000000000000000000e+00
1.276036371830852612e-01 -1.704163975714734214e-01 1.323053729948585611e-01 2.317164770820912878e+00 8.896775190128103361e-03 -2.897510291942022587e+00 7.635552490317546459e-01 4.925415235980127870e-01 6.597555494896889527e-02 1.880028278084038551e-01 1.190304243426714148e+00 1.425415827626070442e+00 0.000000000000000000e+00
1.297414918899630343e-01 -1.713875057223329113e-01 1.322389450753343465e-01 2.316784950884672067e+00 7.580008353349043659e-03 -2.900073535464682717e+00 7.686357614432988150e-01 5.022014413724891213e-01 5.205920667275987235e-02 1.858403243585026732e-01 1.192525719250003835e+00 1.431481842798998372e+00 0.000000000000000000e+00
1.316920767462246011e-01 -1.723040579457207344e-01 1.321713886747895028e-01 2.316450390037531282e+00 6.439035236937229456e-03 -2.902513060486979768e+00 7.731174620837386602e-01 5.111639105469872879e-01 3.912782852571683456e-02 1.838017411230742915e-01 1.194566765909440553e+00 1.436912028261669860e+00 0.000000000000000000e+00
1.337792910215875597e-01 -1.733191113921480897e-01 1.320914889143713911e-01 2.316106141393013740e+00 5.283131749808767097e-03 -2.905234519136216775e+00 7.777484329032773314e-01 5.209184038296750252e-01 2.503224950814542105e-02 1.815476915107016587e-01 1.196765738021518866e+00 1.442612125100821041e+00 0.000000000000000000e+00
1.356806524590684349e-01 -1.742768929890017582e-01 1.320115314249278859e-01 2.315806558342313970e+00 4.289139413530485001e-03 -2.907817928859259382e+00 7.818160119942099140e-01 5.299606346788210409e-01 1.194667433398644008e-02 1.794251021876380747e-01 1.198783082547253853e+00 1.447705287527543350e+00 0.000000000000000000e+00
1.377118556979984032e-01 -1.753373079529546574e-01 1.319182896253746629e-01 2.315502643359939938e+00 3.290682962719948534e-03 -2.910693029640369467e+00 7.859994385925609395e-01 5.397932251604753429e-01 -2.303634342918359224e-03 1.770806382562572501e-01 1.200953159361505040e+00 1.453041330245680607e+00 0.000000000000000000e+00
1.395594494320944456e-01 -1.763370097413201332e-01 1.318260887910129853e-01 2.315242332326980623e+00 2.439469541717365075e-03 -2.913415490632834004e+00 7.896579561400572933e-01 5.488993385862696028e-01 -1.551957125243674795e-02 1.748756906764829533e-01 1.202940942799140212e+00 1.457801863852251634e+00 0.000000000000000000e+00
1.415301694854702030e-01 -1.774427522194599316e-01 1.317196468650992380e-01 2.314983198003159437e+00 1.592344974986836803e-03 -2.916437879886988327e+00 7.934030264229812168e-01 5.587922496666142269e-01 -2.989717902944755146e-02 1.724432758501022733e-01 1.205075999045056578e+00 1.462781575616536323e+00 0.000000000000000000e+00
1.433195717434532779e-01 -1.784847050699424065e-01 1.316154086672380319e-01 2.314766413251270194e+00 8.785391660586228113e-04 -2.919294477651733111e+00 7.966590737507392994e-01 5.679460669654345928e-01 -4.321844396007845646e-02 1.701578175816235161e-01 1.207027962966030321e+00 1.467215073041245654e+00 0.000000000000000000e+00
1.452247120071296638e-01 -1.796365036573695506e-01 1.314961008558090394e-01 2.314557240897675783e+00 1.771594298514145294e-04 -2.922459756933310171e+00 7.999709808823618484e-01 5.778819215183567115e-01 -5.769658606823968583e-02 1.676390164673833838e-01 1.209120808108668843e+00 1.471843380699694226e+00 0.000000000000000000e+00
1.469516792102425751e-01 -1.807206774389613635e-01 1.313801515433398182e-01 2.314388535221226562e+00 -4.056248652308802605e-04 -2.925445487352909879e+00 8.028326140526792498e-01 5.870668978019309980e-01 -7.109734635740938558e-02 1.652751281048018273e-01 1.211030694084419324e+00 1.475957032477485109e+00 0.000000000000000000e+00
1.487872221454500654e-01 -1.819177970233940012e-01 1.312483451338368745e-01 2.314233671529756009e+00 -9.690409255673770872e-04 -2.928747858980772278e+00 8.057236085740148157e-01 5.970273200159090798e-01 -8.564699434083933305e-02 1.626727703113604317e-01 1.213074270746891559e+00 1.480244322358349240e+00 0.000000000000000000e+00
1.504477643734462022e-01 -1.830437232531621217e-01 1.311210720936107355e-01 2.314117517640609911e+00 -1.428192074135026246e-03 -2.931857730249943561e+00 8.082005481248701884e-01 6.062266107903425683e-01 -9.910035206153811060e-02 1.602326822520889482e-01 1.214935420874693417e+00 1.484046783762764443e+00 0.000000000000000000e+00
1.522090811620949724e-01 -1.842859179156910721e-01 1.309772679734541867e-01 2.314021947679261171e+00 -1.861513702451134122e-03 -2.935292369316615968e+00 8.106792853094614282e-01 6.161932914328823729e-01 -1.136922111482456810e-01 1.575488650188048012e-01 1.216922139047892593e+00 1.488000912191259628e+00 0.000000000000000000e+00
1.537995100464927267e-01 -1.854527378580591856e-01 1.308391541275854275e-01 2.313962515943616793e+00 -2.204931012951050207e-03 -2.938521622666732114e+00 8.127826499384060988e-01 6.253897193091439988e-01 -1.271704694251367673e-01 1.550350406868517550e-01 1.218727362792802804e+00 1.491501903760277914e+00 0.000000000000000000e+00
1.554832108724940598e-01 -1.867382929948436798e-01 1.306838473614442830e-01 2.313930745696916702e+00 -2.517950134654611816e-03 -2.942082421058639152e+00 8.148646426996026815e-01 6.353438830945603577e-01 -1.417736469464772053e-01 1.522730097413033390e-01 1.220649765625676508e+00 1.495136586016017954e+00 0.000000000000000000e+00
1.570001931798684913e-01 -1.879446008973201521e-01 1.305354171833400523e-01 2.313932351167497625e+00 -2.754513977663464175e-03 -2.945425968515473780e+00 8.166072821588961084e-01 6.445200043675101131e-01 -1.552480436397876140e-01 1.496881455872724198e-01 1.222391739294697244e+00 1.498347692500380912e+00 0.000000000000000000e+00
1.586024671051309287e-01 -1.892721900258617640e-01 1.303693032939267360e-01 2.313969047508614096e+00 -2.956562739536039430e-03 -2.949108155637378381e+00 8.183049141957670081e-01 6.544424099569273734e-01 -1.698311142948980557e-01 1.468504642220089251e-01 1.224241437829811874e+00 1.501674247017998898e+00 0.000000000000000000e+00
1.600430714610501792e-01 -1.905160592214270587e-01 1.302111448029880103e-01 2.314035648262293243e+00 -3.095766310604375349e-03 -2.952560846320401833e+00 8.197012761343229759e-01 6.635803814472618356e-01 -1.832718220004190268e-01 1.441974564335856135e-01 1.225912438255782000e+00 1.504608384748993499e+00 0.000000000000000000e+00
1.615614318908988600e-01 -1.918828472057713119e-01 1.300347895080694038e-01 2.314144529153725482e+00 -3.198088923000774741e-03 -2.956357952001277933e+00 8.210334558906077218e-01 6.734519206598584828e-01 -1.978020289078912253e-01 1.412878364293763400e-01 1.227681309851812674e+00 1.507643323127247914e+00 0.000000000000000000e+00
1.629232464870457309e-01 -1.931618007432152062e-01 1.298675725149129878e-01 2.314279761358698728e+00 -3.249911120102755291e-03 -2.959914492378852735e+00 8.220997190120482578e-01 6.825336328721649526e-01 -2.111785544311413076e-01 1.385698142208414974e-01 1.229273480709516697e+00 1.510315006332815679e+00 0.000000000000000000e+00
1.643549109958569454e-01 -1.945651810901412038e-01 1.296817519968981591e-01 2.314464958301893915e+00 -3.263117625130540489e-03 -2.963821302219425746e+00 8.230826917703965018e-01 6.923341322626838101e-01 -2.256218091290225214e-01 1.355913348576968658e-01 1.230952204302648179e+00 1.513073242273810681e+00 0.000000000000000000e+00
1.656360080944110635e-01 -1.958760982661333916e-01 1.295060816040702056e-01 2.314672322851878850e+00 -3.238349255822114969e-03 -2.967475802211506863e+00 8.238367658330525423e-01 7.013412759644680472e-01 -2.389021945369207423e-01 1.328116687923050765e-01 1.232457289792706412e+00 1.515498716236600263e+00 0.000000000000000000e+00
1.669796861314072345e-01 -1.973120472774739231e-01 1.293114660104596747e-01 2.314937000058030492e+00 -3.174499230217620038e-03 -2.971485389490300388e+00 8.244929021466207431e-01 7.110512278779241857e-01 -2.532242754052034250e-01 1.297685162265635461e-01 1.234037343267450293e+00 1.518000223448511710e+00 0.000000000000000000e+00
1.681788405936980035e-01 -1.986512692464534602e-01 1.291280600240937992e-01 2.315219027225236204e+00 -3.083762403157663812e-03 -2.975232136125577576e+00 8.249544945425586473e-01 7.199651609415557152e-01 -2.663761632905050636e-01 1.269308015717864335e-01 1.235446688116320191e+00 1.520196931873663448e+00 0.000000000000000000e+00
1.694330869169451692e-01 -2.001157620386641856e-01 1.289254454403585548e-01 2.315566440720931318e+00 -2.954373493409434559e-03 -2.979338444637293914e+00 8.253042341727133691e-01 7.295635264053375035e-01 -2.805403187061461523e-01 1.238266210051900823e-01 1.236917951460534404e+00 1.522460485642176398e+00 0.000000000000000000e+00
1.705496694997064022e-01 -2.014789632241538730e-01 1.287349692420471370e-01 2.315925771219598861e+00 -2.808835813603138831e-03 -2.983171016246366491e+00 8.254947833487086273e-01 7.383652738080492828e-01 -2.935298869230074104e-01 1.209346943774730343e-01 1.238222634078564255e+00 1.524448002763702403e+00 0.000000000000000000e+00
1.717146684659198730e-01 -2.029666889444795841e-01 1.285250207201908412e-01 2.316357766176967203e+00 -2.626316058920163954e-03 -2.987366397429926934e+00 8.255642252741323128e-01 7.478322122720358900e-01 -3.075001642112906719e-01 1.177741463419294671e-01 1.239575919386488145e+00 1.526496772590300477e+00 0.000000000000000000e+00
1.727488377399158392e-01 -2.043488990579926390e-01 1.283281185721846795e-01 2.316796233485685086e+00 -2.437238710189859603e-03 -2.991277924590298287e+00 8.255071670477773793e-01 7.565026658330067377e-01 -3.202927916655409213e-01 1.148320940290700753e-01 1.240766751867917073e+00 1.528296270538867185e+00 0.000000000000000000e+00
1.738247615803296953e-01 -2.058543998365307548e-01 1.281116020248607157e-01 2.317314841044273876e+00 -2.213354209996687416e-03 -2.995555286194012012e+00 8.253210120875807965e-01 7.658163393762590365e-01 -3.340299092003875536e-01 1.116194062928098085e-01 1.241991140179081077e+00 1.530152893292815897e+00 0.000000000000000000e+00
1.747774471390490247e-01 -2.072500460595720351e-01 1.279089136598430265e-01 2.317833820139403755e+00 -1.991806009415064693e-03 -2.999538484888691237e+00 8.250415133311770344e-01 7.743359914405044675e-01 -3.465899095334192825e-01 1.086315808987146914e-01 1.243058535143984900e+00 1.531787275253797542e+00 0.000000000000000000e+00
1.757662175922531655e-01 -2.087667421581247407e-01 1.276864525192057953e-01 2.318439776420594622e+00 -1.738592423961904387e-03 -3.003889322465207457e+00 8.246296554685963454e-01 7.834762266177652812e-01 -3.600563167434593925e-01 1.053718966915929145e-01 1.244144172762355449e+00 1.533478648862106608e+00 0.000000000000000000e+00
1.766392736936581442e-01 -2.101695831959393690e-01 1.274785484700062255e-01 2.319039815916617897e+00 -1.495460754950883597e-03 -3.007936370741064014e+00 8.241550801623441780e-01 7.918254363722455613e-01 -3.723470714902841205e-01 1.023429004915208662e-01 1.245078143356646461e+00 1.534972682233641139e+00 0.000000000000000000e+00
1.775428993978817038e-01 -2.116905339211469506e-01 1.272507404357883509e-01 2.319733694306962413e+00 -1.224605306760828682e-03 -3.012352003031989689e+00 8.235466810113155622e-01 8.007696628932765570e-01 -3.855005572722398632e-01 9.904108008252698880e-02 1.246013312373427606e+00 1.536525438307211999e+00 0.000000000000000000e+00
1.783390523811201334e-01 -2.130937352958675868e-01 1.270381478303403977e-01 2.320414590978032265e+00 -9.704752403818517337e-04 -3.016454398324261987e+00 8.229061907691515021e-01 8.089285232088433419e-01 -3.974845158614874752e-01 9.597577334546739114e-02 1.246803738584963073e+00 1.537905488384091024e+00 0.000000000000000000e+00
1.791614203642321046e-01 -2.146110777665232450e-01 1.268054752144215647e-01 2.321195729211410708e+00 -6.932215262684948698e-04 -3.020925030456890870e+00 8.221352056335735625e-01 8.176563013122782886e-01 -4.102857985892804926e-01 9.263748427429625842e-02 1.247578052671903581e+00 1.539350386433513629e+00 0.000000000000000000e+00
1.798843408328601179e-01 -2.160072120966784470e-01 1.265886149584271037e-01 2.321956928468802417e+00 -4.380351763542122967e-04 -3.025073743891481648e+00 8.213598928612242389e-01 8.256046387436742906e-01 -4.219242120270902952e-01 8.954100190772588952e-02 1.248214148698269188e+00 1.540644949039400968e+00 0.000000000000000000e+00
1.806296088072500139e-01 -2.175125940933431146e-01 1.263515446054645497e-01 2.322824284029415765e+00 -1.649466007904720755e-04 -3.029589311715962907e+00 8.204602770449955784e-01 8.340925326119202898e-01 -4.343285505944067815e-01 8.617174526650418775e-02 1.248815090998245392e+00 1.542013014891374656e+00 0.000000000000000000e+00
1.812840233341730667e-01 -2.188935887777215816e-01 1.261307662255672923e-01 2.323664033962419495e+00 8.192234590786995341e-05 -3.033774565460470640e+00 8.195835644141413745e-01 8.418099073977791669e-01 -4.455817377805366686e-01 8.304950513876573071e-02 1.249285937878971575e+00 1.543252316904642818e+00 0.000000000000000000e+00
1.819581984588257983e-01 -2.203780004353865507e-01 1.258895435034165788e-01 2.324615363353830233e+00 3.412109174494304398e-04 -3.038324026912365028e+00 8.185932679627955233e-01 8.500374106904428073e-01 -4.575482526646441617e-01 7.965545613227105470e-02 1.249702323115405411e+00 1.544578038495284522e+00 0.000000000000000000e+00
1.825498288515493006e-01 -2.217352379482325220e-01 1.256650599672676782e-01 2.325531246523676820e+00 5.711996079300618590e-04 -3.042535346383001382e+00 8.176505089369073831e-01 8.575032499113436346e-01 -4.683755338134429902e-01 7.651314242781612207e-02 1.249996602415859082e+00 1.545794171007069062e+00 0.000000000000000000e+00
1.831593582140577658e-01 -2.231889565397617292e-01 1.254198880322276721e-01 2.326563920546250497e+00 8.078492607137555126e-04 -3.047107061848139509e+00 8.166084805813866865e-01 8.654461278625049658e-01 -4.798566210098564877e-01 7.310049290558293111e-02 1.250214848467191109e+00 1.547113234694985406e+00 0.000000000000000000e+00
1.836949528333128578e-01 -2.245132120862622649e-01 1.251917506082179665e-01 2.327553266390054887e+00 1.013059943299587928e-03 -3.051332966155700266e+00 8.156372257318348362e-01 8.726396588619452777e-01 -4.902161179131827584e-01 6.994409773686419141e-02 1.250321108594685260e+00 1.548340818799457397e+00 0.000000000000000000e+00
1.842480246934125043e-01 -2.259261066816504737e-01 1.249426231099450973e-01 2.328663104526728755e+00 1.219452179278768256e-03 -3.055914356703037793e+00 8.145856099963896257e-01 8.802770722360744315e-01 -5.011691002654334870e-01 6.651957218064492861e-02 1.250329630710173667e+00 1.549691307788236605e+00 0.000000000000000000e+00
1.847354378187690549e-01 -2.272076823979956861e-01 1.247107793527972713e-01 2.329721822309744450e+00 1.393574371280958957e-03 -3.060143193096993119e+00 8.136255404234161714e-01 8.871773226204697771e-01 -5.110182023458462730e-01 6.335534149265649451e-02 1.250235621123693797e+00 1.550966296160112057e+00 0.000000000000000000e+00
1.852408892250485828e-01 -2.285686976611833732e-01 1.244575354504948578e-01 2.330904685920290653e+00 1.563066788706102272e-03 -3.064720903766594340e+00 8.126086123611693246e-01 8.944845040194291386e-01 -5.213928126883589087e-01 5.992584331533933745e-02 1.250019905075397508e+00 1.552388956814432452e+00 0.000000000000000000e+00
1.856890107819111901e-01 -2.297972701354111524e-01 1.242217511154116438e-01 2.332028405221610701e+00 1.700674049186723380e-03 -3.068939975549400678e+00 8.117018060099974175e-01 9.010701685000589434e-01 -5.306875112088444979e-01 5.676036010940072735e-02 1.249713242075874753e+00 1.553749965289517476e+00 0.000000000000000000e+00
1.861571685732871517e-01 -2.310952477475332334e-01 1.239640498698563742e-01 2.333278652761644700e+00 1.828260291157235429e-03 -3.073499997736997891e+00 8.107659046239164002e-01 9.080260789512368813e-01 -5.404393413304422467e-01 5.333317139209137192e-02 1.249261170480833849e+00 1.555286875554602100e+00 0.000000000000000000e+00
1.865758550896162715e-01 -2.322600441061500598e-01 1.237239199775097970e-01 2.334462116592109560e+00 1.925283923499776506e-03 -3.077696011993199310e+00 8.099563702315595304e-01 9.142758522393803489e-01 -5.491349617637144576e-01 5.017328498563112388e-02 1.248729204053090402e+00 1.556774117865356910e+00 0.000000000000000000e+00
1.870178782875999146e-01 -2.334826058898238910e-01 1.234611768284514105e-01 2.335774015780117008e+00 2.007122635161451285e-03 -3.082223454392288176e+00 8.091512966340285162e-01 9.208550585543665568e-01 -5.582108150216227305e-01 4.675604567170674880e-02 1.248025064260873451e+00 1.558471084111955340e+00 0.000000000000000000e+00
1.874180429173882556e-01 -2.345722052501601762e-01 1.232160777581182282e-01 2.337011163638810896e+00 2.060878202944316229e-03 -3.086382463600253701e+00 8.084857726776176756e-01 9.267473024661668779e-01 -5.662612181017958601e-01 4.360894659966808168e-02 1.247254478599459038e+00 1.560127170835821087e+00 0.000000000000000000e+00
1.878462521388385709e-01 -2.357071838007697429e-01 1.229475619366719313e-01 2.338377918554602974e+00 2.095093383527313335e-03 -3.090862159632868256e+00 8.078621935083756256e-01 9.329286990933225443e-01 -5.746151549672110503e-01 4.020951301434440295e-02 1.246285487436833650e+00 1.562030532066900568e+00 0.000000000000000000e+00
1.882396406403521738e-01 -2.367096423595723975e-01 1.226966884658929752e-01 2.339662441737569765e+00 2.104100257774632610e-03 -3.094969409386595594e+00 8.073894824148866167e-01 9.384417088658956185e-01 -5.819734690590999682e-01 3.708267477253635036e-02 1.245263099894352354e+00 1.563900337468245416e+00 0.000000000000000000e+00
1.886672986902340476e-01 -2.377432157808207769e-01 1.224213876360415454e-01 2.341076603128927403e+00 2.089779575290329205e-03 -3.099384887923514409e+00 8.070030577407160122e-01 9.441990636684833849e-01 -5.895493634120483328e-01 3.370946084038235063e-02 1.244012745762560046e+00 1.566060960060626561e+00 0.000000000000000000e+00
1.890665412184339145e-01 -2.386459818377753561e-01 1.221636897600862498e-01 2.342401304887391511e+00 2.054371074951433229e-03 -3.103425383100884005e+00 8.067744919401600434e-01 9.493109348018631266e-01 -5.961674518789498167e-01 3.061070230331781883e-02 1.242724308427179958e+00 1.568191355774635642e+00 0.000000000000000000e+00
1.895075713843042964e-01 -2.395648228735148544e-01 1.218803600263504566e-01 2.343855211304771924e+00 1.992613098721562892e-03 -3.107760233329666999e+00 8.066803491956258121e-01 9.546232088072714728e-01 -6.029175665568918818e-01 2.727215107722687909e-02 1.241179142362715870e+00 1.570659972947084482e+00 0.000000000000000000e+00
1.899259376568509794e-01 -2.403546977864594869e-01 1.216145875787312675e-01 2.345212598119732039e+00 1.914268004986396932e-03 -3.111718215858066294e+00 8.067495248049405543e-01 9.593119036434377689e-01 -6.087464272347482552e-01 2.420958656385220967e-02 1.239610540480659218e+00 1.573100094295869500e+00 0.000000000000000000e+00
1.903952430267940865e-01 -2.411433669153354165e-01 1.213216806718077079e-01 2.346697865401811356e+00 1.807131093568337121e-03 -3.115954575859044784e+00 8.070092495902504437e-01 9.641522655036840472e-01 -6.146116400614842767e-01 2.091492131969333035e-02 1.237752985620328872e+00 1.575933165063495789e+00 0.000000000000000000e+00
1.908466274309756350e-01 -2.418063686873266338e-01 1.210463472749155195e-01 2.348080180787951221e+00 1.688828567045774776e-03 -3.119813907033189171e+00 8.074324924664912917e-01 9.683954800685073971e-01 -6.196010057847204378e-01 1.789701885003713161e-02 1.235889438647545857e+00 1.578734810530259436e+00 0.000000000000000000e+00
1.913592012217556204e-01 -2.424501366258962065e-01 1.207421825771789747e-01 2.349587891599282941e+00 1.540521815181161713e-03 -3.123934651198275070e+00 8.081058727481179593e-01 9.727427576529255049e-01 -6.245320482800840178e-01 1.465528289224627551e-02 1.233705380237571925e+00 1.581986929695409660e+00 0.000000000000000000e+00
1.918578034245011776e-01 -2.429714687090291092e-01 1.204555074137168003e-01 2.350986940720048324e+00 1.386165488694857117e-03 -3.127678476422964593e+00 8.089418390142938398e-01 9.765182545513035883e-01 -6.286306531977158274e-01 1.169081945463549925e-02 1.231531974471958391e+00 1.585203895134170926e+00 0.000000000000000000e+00
1.924295003577627672e-01 -2.434529217981055149e-01 1.201379690809356859e-01 2.352508499685281862e+00 1.201468699124852435e-03 -3.131664636228401744e+00 8.100965856629520623e-01 9.803450838796928801e-01 -6.325654737083079571e-01 8.512078179746675188e-03 1.229002637226655592e+00 1.588937646982461871e+00 0.000000000000000000e+00
1.929897144356059746e-01 -2.438168266280273389e-01 1.198379508192808640e-01 2.353915949975515787e+00 1.016199994801070261e-03 -3.135275805655270087e+00 8.114065946031620014e-01 9.836303594004146555e-01 -6.357209201258883224e-01 5.610197987455460208e-03 1.226503926333888606e+00 1.592626258250275928e+00 0.000000000000000000e+00
