2.919891711168631776e-04 -5.825415894451235754e-04 5.780124187177576589e-04 -4.809623676605312426e-03 -1.140249818376570801e-03 -8.719164128279111026e-04 0.000000000000000000e+00
3.610649553226763508e-04 -5.663266523138754671e-04 6.216316972472574198e-04 -5.112210498180225215e-03 -1.119863784220243019e-03 -9.066270911679552569e-04 0.000000000000000000e+00
3.743879708806852058e-04 -4.663591838822422897e-04 5.691518101437476052e-04 -4.632064177067185540e-03 -9.298846166529983748e-04 -8.009668810466941125e-04 0.000000000000000000e+00
4.502501588510565700e-04 -4.473020780986769473e-04 6.109527247503410141e-04 -4.927358516757518458e-03 -8.969332726964651670e-04 -8.274503521494835923e-04 0.000000000000000000e+00
4.571647711408555192e-04 -3.619729292455020619e-04 5.582730874790220454e-04 -4.466987673649835955e-03 -7.275100290899949584e-04 -7.255504735179663101e-04 0.000000000000000000e+00
5.404807230126318363e-04 -3.400318045399530753e-04 5.980566359712613522e-04 -4.754400559415117300e-03 -6.812462263146024100e-04 -7.432981293060691996e-04 0.000000000000000000e+00
5.405410597679460860e-04 -2.687405172671353260e-04 5.453913846262120613e-04 -4.313686759656487624e-03 -5.327682096982755411e-04 -6.462335982995170980e-04 0.000000000000000000e+00
6.308289673960798538e-04 -2.450793853223942609e-04 5.831642872246717291e-04 -4.594812630868361225e-03 -4.752711906146345200e-04 -6.561293102929077747e-04 0.000000000000000000e+00
6.244931110371831906e-04 -1.859627676665254192e-04 5.307009340402291109e-04 -4.171272764120104171e-03 -3.458760736938515379e-04 -5.640051060402662131e-04 0.000000000000000000e+00
7.223928338258855941e-04 -1.605552311064739612e-04 5.662041336472328767e-04 -4.445821699508911706e-03 -2.762285799713382062e-04 -5.651527975794046199e-04 0.000000000000000000e+00
7.090128839533915706e-04 -1.129585129430177304e-04 5.142500768484797868e-04 -4.039223524416879485e-03 -1.665696660428928055e-04 -4.790967943471002854e-04 0.000000000000000000e+00
8.139472787310753077e-04 -8.659743487171578380e-05 5.474904812639846963e-04 -4.308437881182847207e-03 -8.654446773581625507e-05 -4.720512744853522236e-04 0.000000000000000000e+00
7.939613406957035657e-04 -4.892771653097760520e-05 4.961203672030206624e-04 -3.916790264433700486e-03 5.246046589579833608e-06 -3.917735550071910211e-04 0.000000000000000000e+00
9.063919473784876057e-04 -2.170061101530729175e-05 5.269981526822009599e-04 -4.180527701218128556e-03 9.593583917899550784e-05 -3.760719198266926355e-04 0.000000000000000000e+00
8.791318293718819454e-04 6.821169065612808780e-06 4.764441303778954584e-04 -3.803476767752389520e-03 1.695451860292962465e-04 -3.022125105891504404e-04 0.000000000000000000e+00
9.983665061105428951e-04 3.436067602191616999e-05 5.049464126741093351e-04 -4.062836485048570978e-03 2.692284868412997412e-04 -2.782737912414567916e-04 0.000000000000000000e+00
9.642276780608971531e-04 5.499678240403205187e-05 4.553943844767954774e-04 -3.698800450560923991e-03 3.261390482660608825e-04 -2.106711584257681125e-04 0.000000000000000000e+00
1.090670576808533410e-03 8.285481308800690670e-05 4.813747869703705051e-04 -3.953543346097987410e-03 4.351456344156012790e-04 -1.777507288105439898e-04 0.000000000000000000e+00
1.048953638745853123e-03 9.635194186347062484e-05 4.330260986206285745e-04 -3.602193493878580455e-03 4.749916251247654486e-04 -1.170655512519047647e-04 0.000000000000000000e+00
1.181843696518664055e-03 1.241959244549784014e-04 4.565466862732070474e-04 -3.853363036921741980e-03 5.917329647853186714e-04 -7.545398875929976157e-05 0.000000000000000000e+00
1.132948594871951986e-03 1.315951370556567301e-04 4.095241794414422598e-04 -3.513206814433900149e-03 6.159523936570820979e-04 -2.138012900276820005e-05 0.000000000000000000e+00
1.272586277070081318e-03 1.594085039916259827e-04 4.304755704299806363e-04 -3.760647239215764159e-03 7.405188408706742109e-04 2.963954167878313228e-05 0.000000000000000000e+00
1.215888378266083425e-03 1.614145019589452446e-04 3.849878419085461800e-04 -3.431539227765512123e-03 7.488491061957702755e-04 7.651105962480642120e-05 0.000000000000000000e+00
1.361413135963024379e-03 1.890737863448344047e-04 4.034453107837204788e-04 -3.676038479499155187e-03 8.796754693891628563e-04 1.367108400942562696e-04 0.000000000000000000e+00
1.297350570329314223e-03 1.865278132250069998e-04 3.596078158876608866e-04 -3.356570451208185091e-03 8.733974861723226013e-04 1.766338656556953879e-04 0.000000000000000000e+00
1.449002265987764382e-03 2.139467883570667084e-04 3.754856857658417368e-04 -3.598263317462269129e-03 1.010378427874769613e-03 2.467253808933200787e-04 0.000000000000000000e+00
1.376972763455913684e-03 2.075590642039437661e-04 3.334760433086614295e-04 -3.288019618556958790e-03 9.894126551639459421e-04 2.792155420667796761e-04 0.000000000000000000e+00
1.533859898132483579e-03 2.347753537681462888e-04 3.468944002748414190e-04 -3.527672280064564347e-03 1.130934718361231717e-03 3.589325979098667574e-04 0.000000000000000000e+00
1.454402412401689659e-03 2.251151388869276904e-04 3.067713540589600552e-04 -3.225687180745673288e-03 1.096627320091414504e-03 3.843814810662316006e-04 0.000000000000000000e+00
1.616620499527876564e-03 2.521125097268428483e-04 3.176894831453530577e-04 -3.463029537422279702e-03 1.242400601102033875e-03 4.744285515898560845e-04 0.000000000000000000e+00
1.529223773294063893e-03 2.397603878499798835e-04 2.796662300952046376e-04 -3.169111206052122043e-03 1.194551361155760105e-03 4.920540969384212815e-04 0.000000000000000000e+00
1.695887409675161939e-03 2.667247578282683218e-04 2.881834142077488448e-04 -3.404883450315310256e-03 1.343127660311083105e-03 5.923487444206010366e-04 0.000000000000000000e+00
1.601091778588609182e-03 2.520652375356813302e-04 2.522850346686061895e-04 -3.117957408921512297e-03 1.282927140644929409e-03 6.023802010455270306e-04 0.000000000000000000e+00
1.772276106365100468e-03 2.789510703138375902e-04 2.583720389142812879e-04 -3.352101148885289206e-03 1.434005569072915875e-03 7.137921863016316593e-04 0.000000000000000000e+00
1.669666507543104972e-03 2.625255378417845620e-04 2.247991031967960796e-04 -3.071913355703337345e-03 1.361431838717841458e-03 7.154626700969224373e-04 0.000000000000000000e+00
1.844413823591711798e-03 2.895397887598682996e-04 2.286356637698633287e-04 -3.305086479395313859e-03 1.513284010409510216e-03 8.375228458787908892e-04 0.000000000000000000e+00
1.734656439517229254e-03 2.716028006351789426e-04 1.973188851968621371e-04 -3.030743096609889164e-03 1.429809541209969836e-03 8.314093482857387585e-04 0.000000000000000000e+00
1.912943722097132371e-03 2.986614087950867358e-04 1.989356714471451903e-04 -3.262791995282121604e-03 1.581789690616730581e-03 9.647017495244547547e-04 0.000000000000000000e+00
1.795689388161297861e-03 2.796302204090550525e-04 1.700782345608192747e-04 -2.994069377774799534e-03 1.487361314526314260e-03 9.497640935482998259e-04 0.000000000000000000e+00
1.976618718732670033e-03 3.071120310862984759e-04 1.695985616899930992e-04 -3.225447091856459281e-03 1.638136229886733020e-03 1.094225084771860423e-03 0.000000000000000000e+00
1.852571322151524980e-03 2.870359482764206493e-04 1.431426118966155903e-04 -2.961622929817941952e-03 1.534061389880658766e-03 1.070821954429757028e-03 0.000000000000000000e+00
2.036063018217154630e-03 3.147148387247222789e-04 1.406634991917427024e-04 -3.192419642810584435e-03 1.682662942255053196e-03 -6.281958600613988253e+00 0.000000000000000000e+00
1.904991852099302552e-03 2.940593030513749540e-04 1.167044848662396328e-04 -2.933008753818633352e-03 1.569355599958743852e-03 1.194164807532427375e-03 0.000000000000000000e+00
2.090155767170809309e-03 3.223412032625494472e-04 1.123925457311020226e-04 -3.163547388540521865e-03 1.714363332170787402e-03 1.361155743965447584e-03 0.000000000000000000e+00
1.952755361974978232e-03 3.008969781827242063e-04 9.092464839620395534e-05 -2.908042431651658433e-03 1.592793737325237657e-03 1.319349556637927634e-03 0.000000000000000000e+00
2.139518372596876938e-03 3.296281657878818994e-04 8.481202293422751559e-05 -3.138195042305724769e-03 1.733488559928275663e-03 1.498075134320320245e-03 0.000000000000000000e+00
1.995709325973871184e-03 3.078105631845740042e-04 6.588919577266150185e-05 -2.886287303586421160e-03 1.604283963945629665e-03 1.446384075034501393e-03 0.000000000000000000e+00
2.183171209099887822e-03 3.373169616287530204e-04 5.820499249521715601e-05 -3.116332983683633984e-03 1.739086952062596225e-03 1.636103734255822673e-03 0.000000000000000000e+00
2.033683476203168583e-03 3.148338643587933472e-04 4.176774214509348937e-05 -2.867506058294111426e-03 1.603328288757310816e-03 1.574519162679699491e-03 0.000000000000000000e+00
2.221734820046700198e-03 3.448897780439219574e-04 3.258639109290917268e-05 -3.097238869115948035e-03 1.731338792844372421e-03 1.775583523043078316e-03 0.000000000000000000e+00
2.066575071892284843e-03 3.220932154525679714e-04 1.866602316993870581e-05 -2.851213856423839843e-03 1.589778297290234121e-03 1.703428166354381545e-03 0.000000000000000000e+00
2.254410116632438177e-03 3.530512807528030095e-04 8.177616035984214271e-06 -3.080843149309231421e-03 1.709630703817133224e-03 1.915136883168244708e-03 0.000000000000000000e+00
2.094299824010908972e-03 3.295707308637041422e-04 -3.291480443867733641e-06 -2.837007442558103776e-03 1.563318413670078399e-03 1.832319158184603225e-03 0.000000000000000000e+00
2.281797138304814121e-03 3.610577664371616979e-04 -1.495157114028700107e-05 -3.066448981589253719e-03 1.673936668049158527e-03 2.054654627176688564e-03 0.000000000000000000e+00
2.116854370636411797e-03 3.372446815930740804e-04 -2.401004953338226056e-05 -2.824576880047224847e-03 1.523895777693073939e-03 1.960701810042042581e-03 0.000000000000000000e+00
2.303289057070723178e-03 3.696361920375867971e-04 -3.667066031654009350e-05 -3.053826997552633316e-03 1.624134359263784688e-03 2.192959621030166062e-03 0.000000000000000000e+00
2.134233834228671522e-03 3.450045215367680829e-04 -4.336434250645782029e-05 -2.813452920175762983e-03 1.471301268370694970e-03 2.087588793433070578e-03 0.000000000000000000e+00
2.319488572549349703e-03 3.778784629977494092e-04 -5.690444615438772225e-05 -3.042255449545727686e-03 1.560139577519770171e-03 2.329661799381099740e-03 0.000000000000000000e+00
2.146521490742042682e-03 3.527673907953998711e-04 -6.131464322922663968e-05 -2.803233848892361380e-03 1.405660303322342486e-03 2.212423837559374107e-03 0.000000000000000000e+00
2.329940879056691116e-03 3.864092110085204368e-04 -7.552309113345589964e-05 -3.031512171032701985e-03 1.481934075103552573e-03 2.463143845149229350e-03 0.000000000000000000e+00
2.153788254918700962e-03 3.603299632071177427e-04 -7.773300708428798611e-05 -2.793382272597177973e-03 1.326917292144624838e-03 2.334040064763343025e-03 0.000000000000000000e+00
2.335284637634951754e-03 3.942400372898280381e-04 -9.249310663099474805e-05 -3.020820290748460479e-03 1.389635593374460854e-03 2.593083670574980459e-03 0.000000000000000000e+00
2.156204576362966141e-03 3.675375278654191558e-04 -9.259337280598245457e-05 -2.783475750836927887e-03 1.235343062301996753e-03 2.451731104577081766e-03 0.000000000000000000e+00
2.335229876420444328e-03 4.019477120540959625e-04 -1.076969594515780893e-04 -3.009921370598078738e-03 1.283532021397970624e-03 2.717719869626211704e-03 0.000000000000000000e+00
2.153957270742190566e-03 3.741677183372038584e-04 -1.058370110985223933e-04 -2.772986946030897570e-03 1.131161930670199212e-03 2.564403374639034894e-03 0.000000000000000000e+00
2.330471104545192573e-03 4.085189156422530665e-04 -1.211556750933956428e-04 -2.998046378314356275e-03 1.163956392382647920e-03 2.836880294943888714e-03 0.000000000000000000e+00
2.147268386060566248e-03 3.799595024824853340e-04 -1.173957885730464445e-04 -2.761484370453537451e-03 1.014723194762368053e-03 2.671028222458016188e-03 0.000000000000000000e+00
2.320828695769536210e-03 4.144483030784629207e-04 -1.327499098092710383e-04 -2.984810591097009080e-03 1.031405513729044543e-03 2.948463931965239482e-03 0.000000000000000000e+00
2.136420140182934690e-03 3.846718818103223025e-04 -1.272553442751150898e-04 -2.748397412827507935e-03 8.864836643724949283e-04 2.770464652377846448e-03 0.000000000000000000e+00
2.307042692542032869e-03 4.186707820207913322e-04 -1.425067657480072469e-04 -2.969532719011347410e-03 8.863036124551193495e-04 3.052141520422768650e-03 0.000000000000000000e+00
2.121752434183069025e-03 3.881151141064131949e-04 -1.354188349297485994e-04 -2.733297466394724040e-03 7.471988903637871715e-04 2.862080804534983258e-03 0.000000000000000000e+00
2.289115941495889484e-03 4.217611695427336826e-04 -1.503967268372263799e-04 -2.951883534032084810e-03 7.296730387027494658e-04 3.146273826276857477e-03 0.000000000000000000e+00
2.103573284845519642e-03 3.899133936061116579e-04 -1.418182145660751292e-04 -2.715651699727317236e-03 5.973394054947789300e-04 2.944214213149720649e-03 0.000000000000000000e+00
2.267777606980866945e-03 4.225637880274912828e-04 -1.564113327683358534e-04 -2.931164730615165581e-03 5.619276738411116412e-04 3.230093188971494556e-03 0.000000000000000000e+00
2.082310361656666831e-03 3.899273421873183931e-04 -1.465073179417325511e-04 -2.695001609216873817e-03 4.379282993483002429e-04 3.016357317959350581e-03 0.000000000000000000e+00
2.243180720900683767e-03 4.217476573380174454e-04 -1.605835606603434051e-04 -2.907089459110778762e-03 3.845526899017848166e-04 3.302384458520712940e-03 0.000000000000000000e+00
2.058377732587518549e-03 3.878882050576959450e-04 -1.494875802188627700e-04 -2.670956735180141095e-03 2.698272631249665210e-04 3.077354061935100304e-03 0.000000000000000000e+00
2.216042138055734911e-03 4.181017624325933379e-04 -1.628734306639290086e-04 -2.878937285169413940e-03 1.980524948073103531e-04 3.362142724963490537e-03 0.000000000000000000e+00
2.032228459940374488e-03 3.836109994790337652e-04 -1.507914330180909479e-04 -2.643100168970846653e-03 9.415368711174210148e-05 3.126452808793089844e-03 0.000000000000000000e+00
2.186650453196506416e-03 4.124020133674799471e-04 -1.633939053515554019e-04 -2.846639537358086613e-03 4.209159887302860170e-06 3.408435904691753393e-03 0.000000000000000000e+00
2.004344792397569353e-03 3.769166797341350073e-04 -1.504500380278828153e-04 -2.611116163011573121e-03 -8.792589276129803011e-05 3.162917913774432321e-03 0.000000000000000000e+00
2.155734536816514280e-03 4.034998255678934331e-04 -1.621202664735810206e-04 -2.809522125649444035e-03 -1.961993451740084993e-04 3.440597506735088018e-03 0.000000000000000000e+00
1.975189922986259061e-03 3.675871783374029533e-04 -1.484884175528555783e-04 -2.574684909049551607e-03 -2.752630853759541196e-04 3.185586895290803966e-03 0.000000000000000000e+00
2.123645267225068856e-03 3.922303569293961178e-04 -1.591831532848780872e-04 -2.767655843434191354e-03 -4.012113376563597456e-04 3.457831445869530285e-03 0.000000000000000000e+00
1.945298930875957732e-03 3.555928807424113547e-04 -1.449849843824096984e-04 -2.533608572967693817e-03 -4.663704533860446588e-04 3.194434875644969196e-03 0.000000000000000000e+00
2.091094474313576201e-03 3.774551686990257338e-04 -1.545398409423109909e-04 -2.720440768981369217e-03 -6.099273551782857794e-04 3.459350005634576064e-03 0.000000000000000000e+00
1.915161464655611157e-03 3.408091873678686934e-04 -1.399991917382242823e-04 -2.487656895343803853e-03 -6.599139359884098610e-04 3.188585597057702614e-03 0.000000000000000000e+00
2.058499963057534854e-03 3.602265332064702452e-04 -1.484140272758199819e-04 -2.668119634669174900e-03 -8.201110792089849610e-04 3.445344673411732117e-03 0.000000000000000000e+00
1.885297145525821616e-03 3.232229653324647511e-04 -1.335987902541940775e-04 -2.436820609315937247e-03 -8.543693733398249890e-04 3.167958429185713243e-03 0.000000000000000000e+00
2.026520254422771450e-03 3.393217004964144135e-04 -1.406885215907843767e-04 -2.610252233087528850e-03 -1.030850348200829103e-03 3.414405284438259969e-03 0.000000000000000000e+00
1.856200418495795867e-03 3.028327028856969694e-04 -1.258724827729318374e-04 -2.380993993995161873e-03 -1.048232728063425157e-03 3.132203302824709823e-03 0.000000000000000000e+00
1.995595298979496723e-03 3.160596219546618624e-04 -1.316910271947913103e-04 -2.547297918152224838e-03 -1.239745515419166111e-03 3.367904154311318621e-03 0.000000000000000000e+00
1.828364074086173685e-03 2.796976705095322036e-04 -1.169037149525570252e-04 -2.320283499525288562e-03 -1.239958207024827175e-03 3.081393690296252430e-03 0.000000000000000000e+00
1.966333085111557355e-03 2.892405934413755375e-04 -1.212837656582727019e-04 -2.478749713064942739e-03 -1.445786357452405468e-03 3.304449082155436201e-03 0.000000000000000000e+00
1.802248475521205096e-03 2.539195050978160229e-04 -1.067867083906215431e-04 -2.254791999296124061e-03 -1.427967494549875482e-03 3.015624479886902520e-03 0.000000000000000000e+00
1.939127948220938091e-03 2.601398461063858525e-04 -1.097572170161154048e-04 -2.405406838699164496e-03 -1.646726865835113074e-03 3.225017839604049641e-03 0.000000000000000000e+00
1.778293355156307376e-03 2.256306127071394663e-04 -9.562367309809416405e-05 -2.184686696408810747e-03 -1.610740654339970490e-03 2.935173569239779567e-03 0.000000000000000000e+00
1.914540315239722512e-03 2.278988117879326980e-04 -9.708866155815065735e-05 -2.326865049537829577e-03 -1.841364477084717066e-03 3.129743289171926790e-03 0.000000000000000000e+00
1.756902393496330428e-03 1.949420722862499344e-04 -8.349363017623456784e-05 -2.110195930152158894e-03 -1.786743013110658751e-03 2.840107733998564754e-03 0.000000000000000000e+00
1.892885920131433253e-03 1.938458571952017540e-04 -8.356152449136289295e-05 -2.244051505245536760e-03 -2.027662676621577731e-03 3.019879647681911194e-03 0.000000000000000000e+00
1.738442404555243237e-03 1.621410218535374037e-04 -7.052895390145808019e-05 -2.031585865776897037e-03 -1.954506670874156526e-03 2.731421530565381062e-03 0.000000000000000000e+00
1.874632374870371931e-03 1.569670599270434064e-04 -6.906648414164995309e-05 -2.156632728538276922e-03 -2.204437316966068039e-03 2.894694011860821092e-03 0.000000000000000000e+00
1.723233360536244319e-03 1.274594220576075188e-04 -5.684647784173768592e-05 -1.949150248362840898e-03 -2.112608129822834968e-03 2.609666333375670888e-03 0.000000000000000000e+00
1.860007688092676914e-03 1.187601516696445980e-04 -5.393530447345140644e-05 -2.065658639214262848e-03 -2.369878976867134668e-03 2.756297150340536461e-03 0.000000000000000000e+00
1.711545149591649911e-03 9.117434427391435392e-05 -4.255869539884771235e-05 -1.863361210478586827e-03 -2.259743643787892609e-03 2.475768379549325715e-03 0.000000000000000000e+00
1.849374251155180837e-03 7.835466143563118990e-05 -3.810764092172791440e-05 -1.970753779705347597e-03 -2.522838385148773455e-03 2.604519049460130020e-03 0.000000000000000000e+00
1.703594042354202726e-03 5.357713707501710054e-05 -2.778506226493171472e-05 -1.774439995419818672e-03 -2.394670030810175376e-03 2.330649147797458909e-03 0.000000000000000000e+00
1.842831615012197055e-03 3.732490945621003142e-05 -2.193439655785722753e-05 -1.873164245899339164e-03 -2.661907839559773947e-03 2.441893468641431753e-03 0.000000000000000000e+00
1.699538491531382006e-03 1.497393282350045762e-05 -1.264278991781886408e-05 -1.682837113437862797e-03 -2.516291540570758656e-03 2.175376384211169523e-03 0.000000000000000000e+00
1.840630327858826243e-03 -5.257058182578377981e-06 -5.314142761211892996e-06 -1.772348577954829807e-03 -2.785986713480514965e-03 2.268081077116068656e-03 0.000000000000000000e+00
1.699494364017187231e-03 -2.438329948582784734e-05 2.773907112355034066e-06 -1.588934375816641875e-03 -2.623541889545499828e-03 2.010786759463645268e-03 0.000000000000000000e+00
1.842743157651701574e-03 -4.781885450083622757e-05 1.141327712372852687e-05 -1.669759570508411173e-03 -2.894093513075013391e-03 2.085783973610588760e-03 0.000000000000000000e+00
1.703494619167798471e-03 -6.411674049000559705e-05 1.831912424396509032e-05 -1.492959641328006626e-03 -2.715611791874739112e-03 1.838371611997402510e-03 0.000000000000000000e+00
1.849287939402397690e-03 -9.120782131212534782e-05 2.831182780622942818e-05 -1.564648879100793977e-03 -2.985262162568336208e-03 1.895064687562619810e-03 0.000000000000000000e+00
1.711524556551548629e-03 -1.039125038311827787e-04 3.387535040809408482e-05 -1.395428288511801895e-03 -2.791763467379304586e-03 1.659401144948002838e-03 0.000000000000000000e+00
1.860099390083049670e-03 -1.338824873245852976e-04 4.504777292835271396e-05 -1.458348199554926339e-03 -3.059018827600290535e-03 1.698710573362571807e-03 0.000000000000000000e+00
1.723503412154885235e-03 -1.434746404265774267e-04 4.932089412205964418e-05 -1.296368346518583792e-03 -2.851417147915036310e-03 1.475148379757929007e-03 0.000000000000000000e+00
1.875189187397131863e-03 -1.767609459092100987e-04 6.171109087109438729e-05 -1.350230236256244609e-03 -3.114469357551996609e-03 1.496616918520210504e-03 0.000000000000000000e+00
1.739300801400132067e-03 -1.825150146533005557e-04 6.454457706292493491e-05 -1.196245201191104002e-03 -2.894143965253448414e-03 1.286988353312423783e-03 0.000000000000000000e+00
1.894277029751688509e-03 -2.184067662963778966e-04 7.800466142936224312e-05 -1.241377958637102097e-03 -3.151555640064529484e-03 1.291393729253353939e-03 0.000000000000000000e+00
1.758711530725600445e-03 -2.207219995449122285e-04 7.940221024983762366e-05 -1.095118013986429162e-03 -2.919766902536480302e-03 1.096472296999273510e-03 0.000000000000000000e+00
1.917209337327152770e-03 -2.596071494823382064e-04 9.393787369320338865e-05 -1.131064485665689290e-03 -3.169724680848418075e-03 1.083676622834151004e-03 0.000000000000000000e+00
1.781524141378938546e-03 -2.579777368113267411e-04 9.384025867807677113e-05 -9.931431663501300022e-04 -2.927968034916794693e-03 9.044602609069585242e-04 0.000000000000000000e+00
1.943592609529913584e-03 -2.989949633464550338e-04 1.092246085724335458e-04 -1.020361712870787585e-03 -3.169493426900427124e-03 8.760842561068571399e-04 0.000000000000000000e+00
1.807409443581976111e-03 -2.939734334294341611e-04 1.076996707999045011e-04 -8.903249689637959818e-04 -2.918977040854198179e-03 7.127454528803589540e-04 0.000000000000000000e+00
1.973222523457014016e-03 -3.376007879226650132e-04 1.239591288227231969e-04 -9.083429163352363389e-04 -3.150173432697744857e-03 6.684480870253750595e-04 0.000000000000000000e+00
1.836055325460184476e-03 -3.286178734080991148e-04 1.209029000303063484e-04 -7.866806809841975223e-04 -2.892819408686353455e-03 5.222671781872634256e-04 0.000000000000000000e+00
2.005574564268591473e-03 -3.740362429054122639e-04 1.378128857109084393e-04 -7.959784332989272571e-04 -3.112954899180842006e-03 4.637061554348953507e-04 0.000000000000000000e+00
1.867093157223120165e-03 -3.617841119549491946e-04 1.333546474683589000e-04 -6.823051598843221655e-04 -2.849876898388004065e-03 3.343448707391338814e-04 0.000000000000000000e+00
2.040315055175410258e-03 -4.093630276564286241e-04 1.508665984089330170e-04 -6.819400969995115247e-04 -3.057334295312408301e-03 2.618713858608678891e-04 0.000000000000000000e+00
1.900088480465578211e-03 -3.933570640385630757e-04 1.449377270888868585e-04 -5.769260079500071470e-04 -2.790632738460363527e-03 1.502573890630465314e-04 0.000000000000000000e+00
2.076968548252407232e-03 -4.424934029683136316e-04 1.629101907575369879e-04 -5.676798762319634761e-04 -2.984649868241540105e-03 6.488232735835097742e-05 0.000000000000000000e+00
1.934601451216298035e-03 -4.233208439111124655e-04 1.555632935210382595e-04 -4.704272053581703972e-04 -2.715632691117519926e-03 -2.901094475360466163e-05 0.000000000000000000e+00
2.115033224742636497e-03 -4.743865557970128322e-04 1.739293361570776186e-04 -4.512933938620733443e-04 -2.894853691760790326e-03 -1.265849302574117985e-04 0.000000000000000000e+00
1.970203597364255516e-03 -4.517305975258179007e-04 1.651851936367437768e-04 -3.626293526064472417e-04 -2.625537467990657348e-03 -2.025263626777018544e-04 0.000000000000000000e+00
2.153974994049651093e-03 -5.040549989867304514e-04 1.837257635076000595e-04 -3.341831049787913344e-04 -2.789674110008188990e-03 -3.108572128005526736e-04 0.000000000000000000e+00
2.006399537403634470e-03 -4.786137806938595141e-04 1.737037575659100552e-04 -2.533775665582993497e-04 -2.521195445166934945e-03 -3.693541159166535692e-04 0.000000000000000000e+00
2.193312302422291415e-03 -5.326673011128990609e-04 1.923603007287361111e-04 -2.144694416426062844e-04 -2.668934318620586055e-03 -4.878675089683426336e-04 0.000000000000000000e+00
2.042723741886569300e-03 -5.041409990782230732e-04 1.810802401646244286e-04 -1.423988073518955844e-04 -2.403291712822497317e-03 -5.289825292780214738e-04 0.000000000000000000e+00
2.232474126576962370e-03 -5.592542876972639299e-04 1.996253821392318661e-04 -9.355199806471148349e-05 -2.534910517122845874e-03 -6.558998857060238663e-04 0.000000000000000000e+00
2.078612461348466889e-03 -5.283258338351359829e-04 1.871967020559001105e-04 -2.926146740467316931e-05 -2.273193406965745567e-03 -6.801497957069635447e-04 0.000000000000000000e+00
2.270988761702147363e-03 -5.851856390261811480e-04 2.056356858441688029e-04 3.050633753876041965e-05 -2.387119090804468158e-03 -8.155662095497007158e-04 0.000000000000000000e+00
2.113649088376960694e-03 -5.514713923513159255e-04 1.920572292091610178e-04 8.601756614190492201e-05 -2.131584011220155617e-03 -8.228809503378897716e-04 0.000000000000000000e+00
2.308232062933797402e-03 -6.094377738307121817e-04 2.101463263518704716e-04 1.564847494197607602e-04 -2.228527779664979391e-03 -9.648487292026608486e-04 0.000000000000000000e+00
2.147297809032097660e-03 -5.737416785664140040e-04 1.956042186344042477e-04 2.039149461792177931e-04 -1.979757426212813698e-03 -9.564526519425520235e-04 0.000000000000000000e+00
2.343748550008108167e-03 -6.334983709307961952e-04 2.133012575374626518e-04 2.861277274215368038e-04 -2.058445212042236960e-03 -1.104869365045502150e-03 0.000000000000000000e+00
2.179085648864161062e-03 -5.953978208809163064e-04 1.978100393383447342e-04 3.247368520655768975e-04 -1.818790465297315251e-03 -1.080649861294080694e-03 0.000000000000000000e+00
2.377000145076156590e-03 -6.564523371387076534e-04 2.149216883379073684e-04 4.181208814237891147e-04 -1.880020229175105584e-03 -1.234052635243010343e-03 0.000000000000000000e+00
2.208544469042381109e-03 -6.166969766413232801e-04 1.986396520365224516e-04 4.485935047524591823e-04 -1.649873205236573881e-03 -1.195331385824172088e-03 0.000000000000000000e+00
2.407475453367925733e-03 -6.797646398760959219e-04 2.151178903257860986e-04 5.544604164180455541e-04 -1.692639675252571863e-03 -1.353492324102756328e-03 0.000000000000000000e+00
2.235254302829683959e-03 -6.379726009326791569e-04 1.981189336284355784e-04 5.756023266041410125e-04 -1.474075339825464681e-03 -1.300588224534049431e-03 0.000000000000000000e+00
2.434716419360508088e-03 -7.025799089546425069e-04 2.137586353874870726e-04 6.936454311166073694e-04 -1.499611776865084067e-03 -1.461967538023412061e-03 0.000000000000000000e+00
2.258728399983811475e-03 -6.594419852352095823e-04 1.961962517382370708e-04 7.061997915567275186e-04 -1.292834577341750446e-03 -1.396248505387553962e-03 0.000000000000000000e+00
2.458236010316458553e-03 -7.264039405387445747e-04 2.109815487704169712e-04 8.374086681737225035e-04 -1.300165001006270415e-03 -1.560874754380936480e-03 0.000000000000000000e+00
2.278600823622273230e-03 -6.814839892127222409e-04 1.929293852266922293e-04 8.404412181146625471e-04 -1.107081408162180480e-03 -1.482777146397218360e-03 0.000000000000000000e+00
2.477661575828224438e-03 -7.503778405321404055e-04 2.066767677900843703e-04 9.843792205543877571e-04 -1.097672061162846546e-03 -1.649362160130340982e-03 0.000000000000000000e+00
2.294483523290313798e-03 -7.043328746684507369e-04 1.883193941981525787e-04 9.782785083922718172e-04 -9.182469081490118867e-04 -1.560300047911411525e-03 0.000000000000000000e+00
2.492510989392918153e-03 -7.759933096563587096e-04 2.009959265035360376e-04 1.136371517299394895e-03 -8.912915673802146443e-04 -1.728924725517888561e-03 0.000000000000000000e+00
2.306004049179383175e-03 -7.283020559615271949e-04 1.824060308712738276e-04 1.119930631721999248e-03 -7.273609817777249020e-04 -1.629314406176529673e-03 0.000000000000000000e+00
2.502552533215060548e-03 -8.023739409483698903e-04 1.938721375739638209e-04 1.291374231278119566e-03 -6.843829537261925111e-04 -1.799100877481585314e-03 0.000000000000000000e+00
2.312843360651226088e-03 -7.536261264785848457e-04 1.752223128252961004e-04 1.265465222914485821e-03 -5.356661070647916745e-04 -1.690277536563478122e-03 0.000000000000000000e+00
2.507226734543843705e-03 -8.309208324405736867e-04 1.854393025763761971e-04 1.451651411231047462e-03 -4.762745429864878588e-04 -1.861153394222547774e-03 0.000000000000000000e+00
2.314730117900565265e-03 -7.805774688383615434e-04 1.668481951260375462e-04 1.414674730530585123e-03 -3.441239269532658795e-04 -1.743936798582090830e-03 0.000000000000000000e+00
2.506527856709406255e-03 -8.607489339242935245e-04 1.757049770624297125e-04 1.614656308716710953e-03 -2.700394494281610491e-04 -1.915193298324791016e-03 0.000000000000000000e+00
2.311354091478048933e-03 -8.092899055091307137e-04 1.573122062325654769e-04 1.567722296052842523e-03 -1.541033662415536298e-04 -1.790666261720197383e-03 0.000000000000000000e+00
2.499883108598222048e-03 -8.932218661825419570e-04 1.648305961599733083e-04 1.782895903160053308e-03 -6.469513023166229004e-05 -1.962747592067604074e-03 0.000000000000000000e+00
2.302521516922492739e-03 -8.399787160460747693e-04 1.467280360168965458e-04 1.724322599450545113e-03 3.354107536113204446e-05 -1.831365329358902727e-03 0.000000000000000000e+00
2.487357327512804139e-03 -9.272641397488068371e-04 1.527895858553368624e-04 1.953804870436393060e-03 1.362783825187285913e-04 -2.003634519748942466e-03 0.000000000000000000e+00
2.288054780573103852e-03 -8.727399172797078997e-04 1.351715501736461267e-04 1.884266821847724316e-03 2.178471007185933672e-04 -1.866847446031272284e-03 0.000000000000000000e+00
2.468450277587463937e-03 -9.641876673815164001e-04 1.398031431815993653e-04 2.129475077785158987e-03 3.341450442024829215e-04 -2.039628392789261113e-03 0.000000000000000000e+00
2.267745103639098869e-03 -9.075937097794695152e-04 1.227251067226348136e-04 2.047411632743134646e-03 3.975453129325678958e-04 -1.897598185143234417e-03 0.000000000000000000e+00
2.443382949390449088e-03 -1.002847946641571841e-03 1.258831613872996025e-04 2.307495856338270812e-03 5.257616309388701836e-04 -2.070844056809129086e-03 0.000000000000000000e+00
2.241545676336262338e-03 -9.445984952968222714e-04 1.095309775678704467e-04 2.213705884503980315e-03 5.721134787863846327e-04 -1.924791838475048422e-03 0.000000000000000000e+00
2.411603680100127267e-03 -1.044334103462690733e-03 1.112141209305000933e-04 2.489666870264528598e-03 7.119843334044695382e-04 -2.098608082478303771e-03 0.000000000000000000e+00
2.209311378969097683e-03 -9.836497327106452637e-04 9.566495369552063810e-05 2.382771269072492260e-03 7.403480251668703715e-04 -1.948909483424188238e-03 0.000000000000000000e+00
2.373589084657262704e-03 -1.087452425242718679e-03 9.591888437407436463e-05 2.673700435698478373e-03 8.902230059328886114e-04 -2.123460976558355640e-03 0.000000000000000000e+00
2.171059213874809712e-03 -1.024627879839201672e-03 8.127526109776017638e-05 2.554223977035086079e-03 9.015251632158438611e-04 -1.970829053261624608e-03 0.000000000000000000e+00
2.328738458044640747e-03 -1.133111815456555593e-03 8.011558668216678392e-05 2.861289393358390498e-03 1.061192207491234996e-03 -2.146487233142924111e-03 0.000000000000000000e+00
2.126793856651487680e-03 -1.067376895533822534e-03 6.651357884551734045e-05 2.727990461673712730e-03 1.054982088845690669e-03 -1.991388180261122187e-03 0.000000000000000000e+00
2.277695273305180290e-03 -1.179975693504003997e-03 6.394203098120110340e-05 3.050172807903095418e-03 1.222344934914243453e-03 -2.168055844852467828e-03 0.000000000000000000e+00
2.076559191015181494e-03 -1.111590006603713210e-03 5.147978133573927195e-05 2.903769604801098581e-03 1.199733479058551211e-03 -2.011082171326172841e-03 0.000000000000000000e+00
2.219930425294613929e-03 -1.228799021483262255e-03 4.759342595284099531e-05 3.241743910372463233e-03 1.374580694735172415e-03 -2.189314154446453387e-03 0.000000000000000000e+00
2.020469463714702485e-03 -1.156953127271459492e-03 3.633936881929089591e-05 3.081152070675052812e-03 1.335098810447910012e-03 -2.030556991615473095e-03 0.000000000000000000e+00
2.156253555433418345e-03 -1.278138196824540884e-03 3.116905110521484001e-05 3.433979437740042329e-03 1.515518445277752591e-03 -2.210466210955441824e-03 0.000000000000000000e+00
1.958739877747889269e-03 -1.203064961344868511e-03 2.124716834558948442e-05 3.259513128897495449e-03 1.460527092834951191e-03 -2.050487366016540136e-03 0.000000000000000000e+00
2.086192819492321826e-03 -1.328573885862160964e-03 1.489994761059987294e-05 3.628403618174402823e-03 1.646032950886944235e-03 -2.232504464541484879e-03 0.000000000000000000e+00
1.891539500696731713e-03 -1.249455463302018288e-03 6.321470215703284268e-06 3.438862677575649229e-03 1.575155253920712539e-03 -2.071123311344624796e-03 0.000000000000000000e+00
2.010774280671007164e-03 -1.378554385766950219e-03 -1.085949306575684226e-06 3.822556084666750564e-03 1.764005306833738018e-03 -2.255492815833815001e-03 0.000000000000000000e+00
1.819196925000904352e-03 -1.295634881261442661e-03 -8.252008539197386305e-06 3.618754808267787837e-03 1.678621043386563372e-03 -2.093009479536167561e-03 0.000000000000000000e+00
1.929539610143554684e-03 -1.428428057510366944e-03 -1.662621149033094436e-05 4.017950075234644203e-03 1.869919862145241751e-03 -2.279937042301227734e-03 0.000000000000000000e+00
1.742056217330256729e-03 -1.340985905216945939e-03 -2.233763013916034712e-05 3.798847721298237445e-03 1.770168015655659843e-03 -2.116269482195676233e-03 0.000000000000000000e+00
1.843741970724149803e-03 -1.476666842999546647e-03 -3.155129480032770051e-05 4.212459821193448306e-03 1.962282932936432189e-03 -2.305935774797873705e-03 0.000000000000000000e+00
1.660555127354107485e-03 -1.384936062996500183e-03 -3.574760550545397209e-05 3.978490084422858786e-03 1.849550515986564392e-03 -2.141220044740599349e-03 0.000000000000000000e+00
1.753092871462857971e-03 -1.523403877822626651e-03 -4.568094839448033628e-05 4.407398647370719402e-03 2.041448089908026731e-03 -2.333774684103229191e-03 0.000000000000000000e+00
1.575169755030803032e-03 -1.426729229649648101e-03 -4.838096952465564815e-05 4.157550425245126746e-03 1.915845950992700608e-03 -2.167554283152739458e-03 0.000000000000000000e+00
1.658922808908558366e-03 -1.567056032544422717e-03 -5.888813884286081546e-05 4.600311706252746546e-03 2.105977279454052109e-03 -2.363059935330369399e-03 0.000000000000000000e+00
1.486526981947039472e-03 -1.465734554134456857e-03 -6.005447548151909842e-05 4.335617665518931574e-03 1.969114547439421159e-03 -2.195530751292640304e-03 0.000000000000000000e+00
1.561143009693510830e-03 -1.607655783368355795e-03 -7.095219941530284125e-05 4.792939929253670073e-03 2.156392566700304769e-03 -2.394038654771168950e-03 0.000000000000000000e+00
1.395239760792948980e-03 -1.501163472616473538e-03 -7.062689005338240733e-05 4.512060395986949857e-03 2.008722554512676339e-03 -2.224719392727614320e-03 0.000000000000000000e+00
1.461327969452919096e-03 -1.643680050359641598e-03 -8.177113151341952602e-05 4.982526138657128456e-03 2.191796209839225185e-03 -2.426226132924647061e-03 0.000000000000000000e+00
1.302014025880204873e-03 -1.532264179755188360e-03 -8.000603757320201570e-05 4.686631788240802621e-03 2.034133310794494776e-03 -2.254546875597007727e-03 0.000000000000000000e+00
1.359444639062845628e-03 -1.674874101745493782e-03 -9.118107166738997904e-05 5.170785505986152941e-03 2.211964288158618785e-03 -2.459067214452215211e-03 0.000000000000000000e+00
1.207761954273300908e-03 -1.558322013344076717e-03 -8.797582463446196321e-05 4.858603973225683603e-03 2.045807729247339779e-03 -2.285172466738316643e-03 0.000000000000000000e+00
1.257258004530054096e-03 -1.699886467166789039e-03 -9.908573532896314262e-05 5.355102148015156160e-03 2.216432311717309034e-03 -2.491855811658894027e-03 0.000000000000000000e+00
1.113260270950239272e-03 -1.578535836298494699e-03 -9.448204843534591113e-05 5.027729699621730219e-03 2.043008084972264271e-03 -2.315490866162228656e-03 0.000000000000000000e+00
1.154987044927724416e-03 -1.718412700774274438e-03 -1.052332759262225581e-04 5.537046011172996884e-03 2.205789960524562332e-03 -2.524539523520719086e-03 0.000000000000000000e+00
1.019533105312331323e-03 -1.592125346620731907e-03 -9.938915241552992441e-05 5.193225012678936992e-03 2.025737635943158921e-03 -2.344933351351219386e-03 0.000000000000000000e+00
1.054474323205573105e-03 -1.729177246727192641e-03 -1.096760538970426024e-04 5.713743686355243767e-03 2.179241183513980218e-03 -2.555593104272890770e-03 0.000000000000000000e+00
9.276028130888458456e-04 -1.598386455117034588e-03 -1.025728093116268225e-04 5.354757219683925484e-03 1.994129849386183650e-03 -2.372810718701767740e-03 0.000000000000000000e+00
9.561107779356148306e-04 -1.731745557724012619e-03 -1.121351474215465105e-04 5.887067297363657303e-03 2.137199136317935455e-03 -2.584635252632860869e-03 0.000000000000000000e+00
8.385650977858205568e-04 -1.596555157252821378e-03 -1.039957444203126746e-04 5.511661801892664414e-03 1.948113531913264751e-03 -2.398170886860118145e-03 0.000000000000000000e+00
8.618655301531885637e-04 -1.725119987117801346e-03 -1.126456932766528585e-04 6.053673061551911871e-03 2.079833348068493848e-03 -2.610452333724921914e-03 0.000000000000000000e+00
7.535607381836950669e-04 -1.586016533485085089e-03 -1.035079130477650766e-04 5.663559898912318147e-03 1.887953164097844194e-03 -2.420145260094930251e-03 0.000000000000000000e+00
7.722997203235271169e-04 -1.708655736643555079e-03 -1.110340937389570071e-04 6.215423876075654164e-03 2.006965924286063796e-03 -2.632063784644422810e-03 0.000000000000000000e+00
6.737767504778613414e-04 -1.566043540086853314e-03 -1.010637288003934930e-04 5.809485551199422559e-03 1.813763016507152770e-03 -2.437674370008746649e-03 0.000000000000000000e+00
6.893767420154683911e-04 -1.681713774184384613e-03 -1.073661276870807590e-04 6.369662445105284121e-03 1.919347850579455894e-03 -2.648292287492193253e-03 0.000000000000000000e+00
6.005145381935417248e-04 -1.536078011036334789e-03 -9.659393413631589542e-05 5.948829926295751136e-03 1.726214315409091427e-03 -2.450064670708407277e-03 0.000000000000000000e+00
6.138743821820502600e-04 -1.643515282591323512e-03 -1.013502881479777518e-04 6.517524784511508074e-03 1.817024494509045240e-03 -2.658330942533648766e-03 0.000000000000000000e+00
5.349627096252751457e-04 -1.495500415613082446e-03 -9.004945217222504183e-05 6.080994310424081561e-03 1.625360118463703429e-03 -2.456013902579989860e-03 0.000000000000000000e+00
5.476425053433930934e-04 -1.593689202931319882e-03 -9.321309645499153973e-05 6.656223580324471811e-03 1.700976552341693093e-03 -2.660903027790872954e-03 0.000000000000000000e+00
4.783860615783230852e-04 -1.443781692887780022e-03 -8.145331205239303429e-05 6.205429697681452694e-03 1.511781311074322787e-03 -2.454645818288803127e-03 0.000000000000000000e+00
4.916419144946893027e-04 -1.531272012349288447e-03 -8.264742319095963463e-05 6.786856098413451832e-03 1.570963038895367703e-03 -2.655026583215036595e-03 0.000000000000000000e+00
4.320365012250582115e-04 -1.380387824601481128e-03 -7.070838102547771786e-05 6.321298644723860605e-03 1.385963909979803788e-03 -2.445019010596460873e-03 0.000000000000000000e+00
4.475091397065644738e-04 -1.456290692487177685e-03 -6.994300645607465228e-05 6.907027683126898410e-03 1.428699081649220659e-03 -2.639940319710820660e-03 0.000000000000000000e+00
3.970966940028686221e-04 -1.304897884655681350e-03 -5.780934256689740369e-05 6.428038742215314016e-03 1.248708783503360564e-03 -2.426496539855271806e-03 0.000000000000000000e+00
4.163394453130242479e-04 -1.367449987994123761e-03 -5.475822020573062332e-05 7.017477529896787303e-03 1.273503837467160338e-03 -2.614524666856521407e-03 0.000000000000000000e+00
3.747700621715144287e-04 -1.216721976565943164e-03 -4.281483786647277689e-05 6.524552815929673955e-03 1.100320635747387144e-03 -2.398139588001058087e-03 0.000000000000000000e+00
3.993801101798977182e-04 -1.265205080079490063e-03 -3.741798278499020025e-05 7.116161807088516866e-03 1.107645615750385559e-03 -2.578590427398275153e-03 0.000000000000000000e+00
3.660709992107380462e-04 -1.115450129817535663e-03 -2.568377902850693673e-05 6.610409900071001488e-03 9.415909174608216858e-04 -2.359551903724277366e-03 0.000000000000000000e+00
3.978307217228638226e-04 -1.147835551727760528e-03 -1.766332359488809178e-05 7.203402483891174768e-03 9.298397572705674463e-04 -2.530925668085881597e-03 0.000000000000000000e+00
3.720355576216916038e-04 -1.000512979797363311e-03 -6.477172297486566421e-06 6.684780223328967708e-03 7.731187202382194812e-04 -2.310419851008216341e-03 0.000000000000000000e+00
4.124445681887300985e-04 -1.016123930437901057e-03 4.203104805353130580e-06 7.277258811466236210e-03 7.428669664664155903e-04 -2.472176209349807863e-03 0.000000000000000000e+00
3.934304921120457266e-04 -8.714125989766341451e-04 1.480555635419156246e-05 6.747112393685750220e-03 5.954765186713117942e-04 -2.250653462154694751e-03 0.000000000000000000e+00
4.444287102497168629e-04 -8.678720102628934008e-04 2.842012568425589247e-05 7.337826350321652313e-03 5.449514466597804585e-04 -2.401376432007218398e-03 0.000000000000000000e+00
4.309616628278278849e-04 -7.274767333090015331e-04 3.810147786996453956e-05 6.796320270610944903e-03 4.091012267100069266e-04 -2.180408770398933882e-03 0.000000000000000000e+00
4.938216553808383313e-04 -7.041065606646912389e-04 5.462436882727739196e-05 7.383754298302847019e-03 3.390469058413003722e-04 -2.320000238718478158e-03 0.000000000000000000e+00
4.850333271478879382e-04 -5.680092819369264578e-04 6.331713065879651658e-05 6.831930957235332613e-03 2.141869293055265189e-04 -2.100015689122436413e-03 0.000000000000000000e+00
0.000000000000000000e+00 0.000000000000000000e+00 0.000000000000000000e+00 0.000000000000000000e+00 0.000000000000000000e+00 0.000000000000000000e+00 0.000000000000000000e+00
