-2.098416383062326196e-01 -1.464109526486803980e-01 1.012699120672084369e-01 2.355222998486309116e+00 -9.946944526030065958e-03 3.136733668496233030e+00 -7.853423701726112149e-01 6.971011240348983229e-01 -8.853013253695918294e-03 -4.699660089865465365e-03 8.720845229327182091e-01 2.112615862803542566e-03 0.000000000000000000e+00
-2.120970508585366954e-01 -1.480132739957284727e-01 1.036047228652299673e-01 2.353877226690080704e+00 -2.281428398812623826e-02 3.130423789654805500e+00 -7.853101459234211879e-01 6.955633482424593561e-01 -1.995666394461781401e-02 -1.076682427116219636e-02 8.711897008064516390e-01 4.732287454259489351e-03 0.000000000000000000e+00
-2.141212644236603901e-01 -1.494316593975454910e-01 1.057863273702346479e-01 2.352550188957228006e+00 -3.462471433848435254e-02 3.124610531091255083e+00 -7.853124761893749417e-01 6.939402181370833977e-01 -2.979318258887997395e-02 -1.632723414994943431e-02 8.702262357030881024e-01 7.033634183413544315e-03 0.000000000000000000e+00
-2.162514622645642093e-01 -1.509058695360959435e-01 1.081767797789712493e-01 2.351019073935820991e+00 -4.734653449011805293e-02 3.118324308764899744e+00 -7.853391078002758263e-01 6.919650847146261441e-01 -4.001053326902326290e-02 -2.230908198916060903e-02 8.690376669085858596e-01 9.412488262964611996e-03 0.000000000000000000e+00
-2.181594245240209284e-01 -1.522118661898581027e-01 1.104068263117310850e-01 2.349517696981490822e+00 -5.902144968415434789e-02 3.112531709691385373e+00 -7.853766583716459415e-01 6.899442780794738939e-01 -4.904184515770015906e-02 -2.779312364309521888e-02 8.678098830670321062e-01 1.151311899060265993e-02 0.000000000000000000e+00
-2.201628696355379666e-01 -1.535707813946141920e-01 1.128467339394161884e-01 2.347794316986301588e+00 -7.159488697459392981e-02 3.106265499449989864e+00 -7.854210665828228466e-01 6.875449030953670881e-01 -5.840112533462016309e-02 -3.369474479476505802e-02 8.663424147273711684e-01 1.369753006136162007e-02 0.000000000000000000e+00
-2.221002485602745213e-01 -1.548753292785681746e-01 1.153101659001582596e-01 2.345969369051155162e+00 -8.409042572737313037e-02 3.100006746282658376e+00 -7.854591497864110705e-01 6.849332075933536323e-01 -6.733110394381935926e-02 -3.955708015916702125e-02 8.647375938544894503e-01 1.579970459019407192e-02 0.000000000000000000e+00
-2.238292964427555654e-01 -1.560341022446556647e-01 1.176036349622064242e-01 2.344192910770321436e+00 -9.555417634479823619e-02 3.094233915176672234e+00 -7.854797892848591756e-01 6.823358931612265588e-01 -7.519754917169563235e-02 -4.493444764728175139e-02 8.631369008812972421e-01 1.767685449048243818e-02 0.000000000000000000e+00
-2.256377377815316221e-01 -1.572435751004417626e-01 1.201079448807783195e-01 2.342167528070105309e+00 -1.078951490620183584e-01 3.087982376072127444e+00 -7.854769263866874240e-01 6.793243906005649313e-01 -8.331979102227360379e-02 -5.072429717635772162e-02 8.612776815452856116e-01 1.965283263434796507e-02 0.000000000000000000e+00
-2.272472426171425475e-01 -1.583207953297705028e-01 1.224367411186184224e-01 2.340204149333214634e+00 -1.192139042595665721e-01 3.082210807536743591e+00 -7.854431042408434038e-01 6.763666838939229597e-01 -9.045799485006744689e-02 -5.603711213636244914e-02 8.594502869843005932e-01 2.143347207344538374e-02 0.000000000000000000e+00
-2.287988039346637303e-01 -1.593631209360365508e-01 1.247807990992555460e-01 2.338149422297202129e+00 -1.304608941193285965e-01 3.076435508102881577e+00 -7.853715983655747968e-01 6.732413311966604086e-01 -9.725731142914884053e-02 -6.132040345897012829e-02 8.575192288778841210e-01 2.318125684318855101e-02 0.000000000000000000e+00
-2.304139764367629517e-01 -1.604561129464782965e-01 1.273362096410526056e-01 2.335819455528475252e+00 -1.425624727644612122e-01 3.070170967155015695e+00 -7.852435003171418515e-01 6.696709642812457286e-01 -1.042498403453151479e-01 -6.701176596198360480e-02 8.553143978114076118e-01 2.504745033230476245e-02 0.000000000000000000e+00
-2.318436454016219173e-01 -1.614343555070586744e-01 1.297086563305330786e-01 2.333571403361614394e+00 -1.536545918607838956e-01 3.064377372806792454e+00 -7.850708608994776405e-01 6.662075898626249604e-01 -1.103651239984098087e-01 -7.223633874374424391e-02 8.531778768268915014e-01 2.675360032347482570e-02 0.000000000000000000e+00
-2.333256114524388802e-01 -1.624640451215542680e-01 1.322923169429853218e-01 2.331029362806364968e+00 -1.655835457915841857e-01 3.058084799701112910e+00 -7.848167287524566715e-01 6.622782288322675015e-01 -1.166304767789301255e-01 -7.786586181400824425e-02 8.507575294492001339e-01 2.859364073844861479e-02 0.000000000000000000e+00
-2.347380222861818189e-01 -1.634657612296201434e-01 1.348889088459643559e-01 2.328375771642441805e+00 -1.774196347504242155e-01 3.051770334887185410e+00 -7.844854315128508837e-01 6.581704360088748151e-01 -1.225335064931452056e-01 -8.346495826881808466e-02 8.482320537874781241e-01 3.043463406574995617e-02 0.000000000000000000e+00
-2.359792720166310198e-01 -1.643682600796447513e-01 1.372960341327867373e-01 2.325825775890180580e+00 -1.882596709472519336e-01 3.045917859992296695e+00 -7.841036007915608286e-01 6.542228323250504074e-01 -1.276654179137279854e-01 -8.860689815538061453e-02 8.458102416711871241e-01 3.214311848406303795e-02 0.000000000000000000e+00
-2.372558031780706567e-01 -1.653248705015413766e-01 1.399137495024954658e-01 2.322953353551751920e+00 -1.999074986511066854e-01 3.039546806593077743e+00 -7.836003965035902574e-01 6.497816117331797203e-01 -1.328893415499730057e-01 -9.414950230556715094e-02 8.430922194626523369e-01 3.401258682908221004e-02 0.000000000000000000e+00
-2.383711157471136433e-01 -1.661910856071617537e-01 1.423384007970241449e-01 2.320199567997246248e+00 -2.105689102244836519e-01 3.033632367884294467e+00 -7.830473245242081104e-01 6.455350016379666211e-01 -1.374108564487095396e-01 -9.924091703282381105e-02 8.405000981946509908e-01 3.576284542580670384e-02 0.000000000000000000e+00
-2.395107127095967292e-01 -1.671139776581650194e-01 1.449730055052320110e-01 2.317104489041152071e+00 -2.220177161584802050e-01 3.027183234840982173e+00 -7.823457147350266760e-01 6.407793283003848650e-01 -1.419910940494821805e-01 -1.047304327311553152e-01 8.376053752477893299e-01 3.769366634443857556e-02 0.000000000000000000e+00
-2.404986182786781057e-01 -1.679539898096922557e-01 1.474111189258071053e-01 2.314142891056171880e+00 -2.324888304732253275e-01 3.021186758518081827e+00 -7.815969669945508347e-01 6.362494244442145064e-01 -1.459305750919819289e-01 -1.097739688154393961e-01 8.348563272125549828e-01 3.951529765837719782e-02 0.000000000000000000e+00
-2.414991392102682488e-01 -1.688537911328867880e-01 1.500581047741285090e-01 2.310820020307252420e+00 -2.437241806648908771e-01 3.014637377275603214e+00 -7.806699871981215288e-01 6.311945449581624068e-01 -1.498938914262377686e-01 -1.152127679397617066e-01 8.317984190698989311e-01 4.153902544835001015e-02 0.000000000000000000e+00
-2.423583104662524745e-01 -1.696771859610507749e-01 1.525058368894604000e-01 2.307646463297150508e+00 -2.539923792367395627e-01 3.008537308354730655e+00 -7.797027270902047169e-01 6.263971931495209144e-01 -1.532798344361645526e-01 -1.202107556470270178e-01 8.289056934938547894e-01 4.345981790100204856e-02 0.000000000000000000e+00
-2.432189953172498309e-01 -1.705638178023325402e-01 1.551612575119535598e-01 2.304092196558594541e+00 -2.650009496806919884e-01 3.001863865874543791e+00 -7.785282730494799130e-01 6.210620825377651810e-01 -1.566603179658565548e-01 -1.256014930360517812e-01 8.256997135945900457e-01 4.560484435624955618e-02 0.000000000000000000e+00
-2.439482164445046786e-01 -1.713794624559986657e-01 1.576148250994171551e-01 2.300702655221983139e+00 -2.750522304798757034e-01 2.995638104351810771e+00 -7.773215281805377908e-01 6.160131951641657500e-01 -1.595204198185473654e-01 -1.305559547042511315e-01 8.226762933880504836e-01 4.765065557732400120e-02 0.000000000000000000e+00
-2.446672244199560864e-01 -1.722623364622641873e-01 1.602744836868609246e-01 2.296911878983316946e+00 -2.858172640315901347e-01 2.988816163258114056e+00 -7.758760309198700078e-01 6.104134994981106344e-01 -1.623445689965217209e-01 -1.359003447679301424e-01 8.193352246424916441e-01 4.994488147145399737e-02 0.000000000000000000e+00
-2.452654486340887785e-01 -1.730784587265049024e-01 1.627302292549803464e-01 2.293302484765640692e+00 -2.956365359617385558e-01 2.982441973515458589e+00 -7.744104933719994088e-01 6.051291886841481116e-01 -1.647063934092585225e-01 -1.408129781622584065e-01 8.161938929786884955e-01 5.213982971357288693e-02 0.000000000000000000e+00
-2.458423643198177078e-01 -1.739659460305476857e-01 1.653904778355885785e-01 2.289271775449198465e+00 -3.061423799766398446e-01 2.975446604366959846e+00 -7.726757768169489893e-01 5.992838164075332541e-01 -1.670072314330326435e-01 -1.461129849818955384e-01 8.127322496147763031e-01 5.460738578277500588e-02 0.000000000000000000e+00
-2.463086985864145206e-01 -1.747900880477606389e-01 1.678448994137128891e-01 2.285438705039221752e+00 -3.157135883882453697e-01 2.968900875420970920e+00 -7.709337365689009625e-01 5.937801276987755283e-01 -1.688979426489343183e-01 -1.509851882619250851e-01 8.094854567718061666e-01 5.697373756936491979e-02 0.000000000000000000e+00
-2.467420147552084886e-01 -1.756901226781640846e-01 1.705017096735228221e-01 2.281163603426016095e+00 -3.259408603894327072e-01 2.961707317639247883e+00 -7.688896938532379099e-01 5.877051909361957760e-01 -1.707013021810814823e-01 -1.562419187138484045e-01 8.059158222256913584e-01 5.963898341523497793e-02 0.000000000000000000e+00
-2.470757539892921018e-01 -1.765290466830687910e-01 1.729514014917572229e-01 2.277103678205083526e+00 -3.352468074199732584e-01 2.954967232390434351e+00 -7.668552385174990382e-01 5.819982364572376943e-01 -1.721476649691033867e-01 -1.610748070782856423e-01 8.025758853235955836e-01 6.219734911641960212e-02 0.000000000000000000e+00
-2.473654169811880243e-01 -1.774483346607863277e-01 1.756013374122840920e-01 2.272581517717972233e+00 -3.451775082427541719e-01 2.947551065611869081e+00 -7.644874219923096792e-01 5.757126436524326873e-01 -1.734853707846502058e-01 -1.662895594535266086e-01 7.989121080329463220e-01 6.508036663805248645e-02 0.000000000000000000e+00
-2.475660002790789904e-01 -1.783080860919229182e-01 1.780429528913019532e-01 2.268291886397173940e+00 -3.541999137644422646e-01 2.940594297548572378e+00 -7.621461039199665111e-01 5.698186686859237904e-01 -1.745136172815298092e-01 -1.710839651402122075e-01 7.954908781385759964e-01 6.784959227973333395e-02 0.000000000000000000e+00
-2.477025476791679393e-01 -1.791797757327273921e-01 1.804795777121401545e-01 2.263891242632059431e+00 -3.630795460674889341e-01 2.933525706856887627e+00 -7.596528525074343063e-01 5.638407375660502430e-01 -1.753506488121419071e-01 -1.758600948839171285e-01 7.920348274129529464e-01 7.072625150426366247e-02 0.000000000000000000e+00
-2.477779445284007398e-01 -1.801389454168913773e-01 1.831126607980243237e-01 2.258998080322442981e+00 -3.725322344631165628e-01 2.925736514837547375e+00 -7.567765719511214684e-01 5.572739815291600785e-01 -1.760475980694156117e-01 -1.810137110673839533e-01 7.882544702455854813e-01 7.396866677619194641e-02 0.000000000000000000e+00
-2.477783192009494484e-01 -1.811146084649394583e-01 1.857382012987917608e-01 2.253974122333288754e+00 -3.818066186093638237e-01 2.917804786187113919e+00 -7.537164001215386211e-01 5.506183092013748892e-01 -1.765356223391725266e-01 -1.861462050544550884e-01 7.844400246162649415e-01 7.734538859084429119e-02 0.000000000000000000e+00
-2.477116433886873414e-01 -1.820311099992368009e-01 1.881541534191681075e-01 2.249220194573463338e+00 -3.902032204969159146e-01 2.910351711755112536e+00 -7.507243386368346316e-01 5.443991289762537544e-01 -1.768054005575976362e-01 -1.908650435452096950e-01 7.808912958847072927e-01 8.058639738082187809e-02 0.000000000000000000e+00
-2.475807546288009975e-01 -1.829637184439674158e-01 1.905621402169141443e-01 2.244354594476321907e+00 -3.984373900268298740e-01 2.902767957417981659e+00 -7.475697577466084986e-01 5.381116053796584087e-01 -1.769083317337292183e-01 -1.955658391195790047e-01 7.773186652823658171e-01 8.394947049488755975e-02 0.000000000000000000e+00
-2.473663164284654603e-01 -1.839932004771132057e-01 1.931609291316828680e-01 2.238957722489058888e+00 -4.071681414795227383e-01 2.894400286973127567e+00 -7.439658350014587418e-01 5.312270676456946061e-01 -1.768374916487329696e-01 -2.006379126394189638e-01 7.734243913993702479e-01 8.773451316129790567e-02 0.000000000000000000e+00
-2.471016699371832714e-01 -1.849617319363235646e-01 1.955501096199583899e-01 2.233860609387519069e+00 -4.150476498073194520e-01 2.886532092270821526e+00 -7.404661084339584365e-01 5.248091157347125613e-01 -1.766109897980217003e-01 -2.053010244843636589e-01 7.698103486420782016e-01 9.136149721701204707e-02 0.000000000000000000e+00
-2.467427329284860305e-01 -1.860314655582641641e-01 1.981270856489353027e-01 2.228214439228941579e+00 -4.233829745917296883e-01 2.877847985218983329e+00 -7.364850820784535346e-01 5.177924852106808862e-01 -1.761976671968414898e-01 -2.103322684157413469e-01 7.658771926071674674e-01 9.543812273327241524e-02 0.000000000000000000e+00
-2.463082980298326174e-01 -1.871234721844597382e-01 2.006913393757819575e-01 2.222439895898377316e+00 -4.315019168610412237e-01 2.868993139492681976e+00 -7.323030536396747392e-01 5.107136032961684391e-01 -1.756152338664411783e-01 -2.153418908080189653e-01 7.619282573427978988e-01 9.967257383363363477e-02 0.000000000000000000e+00
-2.458407919117037987e-01 -1.881514642650080893e-01 2.030465562860451489e-01 2.216997085671369661e+00 -4.387995739225281078e-01 2.860664904994292712e+00 -7.282643032675423234e-01 5.041285380267840344e-01 -1.749350625240349011e-01 -2.199469956754703803e-01 7.582718703241736469e-01 1.037227341865613606e-01 0.000000000000000000e+00
-2.452623762903177740e-01 -1.892871583497215404e-01 2.055844553125657503e-01 2.210980672193618268e+00 -4.464855630220982974e-01 2.851472851473010994e+00 -7.236941190998846807e-01 4.969441949331044883e-01 -1.740499609357470945e-01 -2.249149229519314397e-01 7.543016297710835039e-01 1.082662284866694469e-01 0.000000000000000000e+00
-2.446619172245507734e-01 -1.903563420810879814e-01 2.079138770663199742e-01 2.205317991801817534e+00 -4.533711174584267312e-01 2.842828671709499488e+00 -7.192933119775558604e-01 4.902696141615798253e-01 -1.731013429554608685e-01 -2.294810457989267805e-01 7.506307285245183980e-01 1.126071228068497576e-01 0.000000000000000000e+00
-2.439394841965517591e-01 -1.915374654415900602e-01 2.104223549023813145e-01 2.199067647337866305e+00 -4.605973056290135759e-01 2.833289821257400920e+00 -7.143271157558034323e-01 4.829967875406824263e-01 -1.719375415590962408e-01 -2.344061461161080218e-01 7.466501682222042025e-01 1.174711368665272981e-01 0.000000000000000000e+00
-2.432066961718192533e-01 -1.926486859086621872e-01 2.127234279614992341e-01 2.193194178287057206e+00 -4.670472097776032783e-01 2.824323066583025010e+00 -7.095599242465071566e-01 4.762488699706396988e-01 -1.707440459165772140e-01 -2.389323714810225874e-01 7.429749393388676015e-01 1.221108877952849364e-01 0.000000000000000000e+00
-2.423416240085978224e-01 -1.938752920237603594e-01 2.152000149801576168e-01 2.186721777058173721e+00 -4.737894427311069023e-01 2.814432961381113874e+00 -7.041962512320603107e-01 4.689055028703687511e-01 -1.693284426391454822e-01 -2.438137793115697227e-01 7.389952445639076384e-01 1.273014803060118494e-01 0.000000000000000000e+00
-2.414772824122635442e-01 -1.950287101488001051e-01 2.174703019030554962e-01 2.180649647224391252e+00 -4.797799362266563783e-01 2.805141152720688869e+00 -6.990596127005426208e-01 4.621002940473756815e-01 -1.679131056778229159e-01 -2.482989753509402819e-01 7.353256748978874713e-01 1.322468040027208747e-01 0.000000000000000000e+00
-2.405501218881108960e-01 -1.962022740132571830e-01 2.197250106900771049e-01 2.174487398478044398e+00 -4.855415381141461317e-01 2.795693587239355349e+00 -6.937448752711260491e-01 4.552732805929575743e-01 -1.663994980722764971e-01 -2.527639979450535535e-01 7.316622970814017357e-01 1.373408069896619454e-01 0.000000000000000000e+00
-2.394749328914210496e-01 -1.974962432100036691e-01 2.221493100064885207e-01 2.167714665663432072e+00 -4.915181273862168077e-01 2.785284290866853585e+00 -6.877853865418012136e-01 4.478569761683321437e-01 -1.646543286099475534e-01 -2.575778946419671200e-01 7.277032418048899887e-01 1.430288779920156628e-01 0.000000000000000000e+00
-2.384176831996212831e-01 -1.987110792638122347e-01 2.243698436026540510e-01 2.161378091941905666e+00 -4.967853228642087338e-01 2.775516339782313047e+00 -6.820989384032367653e-01 4.409963735946654251e-01 -1.629523023572778673e-01 -2.619998239606914914e-01 7.240599042756070691e-01 1.484359938217444108e-01 0.000000000000000000e+00
-2.372024718189004455e-01 -2.000488539120613141e-01 2.267560333429336772e-01 2.154427371067045627e+00 -5.022144760267504005e-01 2.764764516648332560e+00 -6.757377784025008216e-01 4.335523722947031144e-01 -1.610153852964630872e-01 -2.667663163902017076e-01 7.201275471890231650e-01 1.544642586862205180e-01 0.000000000000000000e+00
-2.360163420120102440e-01 -2.013035821314930196e-01 2.289402268481887104e-01 2.147937534302387874e+00 -5.069641777217732681e-01 2.754685455110511771e+00 -6.696796195547884967e-01 4.266740596997874446e-01 -1.591467783176090389e-01 -2.711435212473695677e-01 7.165135044317311186e-01 1.601879577905324370e-01 0.000000000000000000e+00
-2.346619414885408594e-01 -2.026838413108376924e-01 2.312858185811381140e-01 2.140833853267505305e+00 -5.118196446915002085e-01 2.743603618740947159e+00 -6.629149906489055777e-01 4.192193724659512011e-01 -1.570406173695200192e-01 -2.758604455910906861e-01 7.126180321262450823e-01 1.665616346483918542e-01 0.000000000000000000e+00
-2.332362370506078086e-01 -2.040849254261614676e-01 2.336096741830553658e-01 2.133661856334006401e+00 -5.163688222682902840e-01 2.732357201290813720e+00 -6.559431012311870424e-01 4.117658836546055912e-01 -1.548564258014915040e-01 -2.805510046400199742e-01 7.087453964271064333e-01 1.731140928391796119e-01 0.000000000000000000e+00
-2.318568942183897030e-01 -2.053964456869667998e-01 2.357347896538017351e-01 2.126988241056052331e+00 -5.202895627821768620e-01 2.721834763753485653e+00 -6.493223496031955699e-01 4.048908001425115533e-01 -1.527755648837580971e-01 -2.848566703324055815e-01 7.051933387441858825e-01 1.793228867360494860e-01 0.000000000000000000e+00
-2.302945065754470055e-01 -2.068362136997317358e-01 2.380148675186766205e-01 2.119709498269411796e+00 -5.242297768743480191e-01 2.710288833334731251e+00 -6.419501870736381566e-01 3.974525246388929678e-01 -1.504570168387351359e-01 -2.894944322127240843e-01 7.013723683701946765e-01 1.862229373833630131e-01 0.000000000000000000e+00
-2.287901223779487125e-01 -2.081818102309906104e-01 2.400987940253181407e-01 2.112953380894604827e+00 -5.275792497403029024e-01 2.699501904741363312e+00 -6.349626515845154806e-01 3.905992124687102662e-01 -1.482628384166186919e-01 -2.937503966612660666e-01 6.978721757495035538e-01 1.927516934404490956e-01 0.000000000000000000e+00
-2.270935304545214917e-01 -2.096566165044806418e-01 2.423334351897010741e-01 2.105603481082966688e+00 -5.308911834509024708e-01 2.687683865849517684e+00 -6.271962746345992601e-01 3.831927950296317720e-01 -1.458328370799759632e-01 -2.983333307126425638e-01 6.941117922903117243e-01 1.999970562126050233e-01 0.000000000000000000e+00
-2.254659623264492208e-01 -2.110331881630748974e-01 2.443745020165934145e-01 2.098799634728531593e+00 -5.336508780312230193e-01 2.676660015466169273e+00 -6.198457502888987669e-01 3.763766672461693608e-01 -1.435457143358158660e-01 -3.025373635199280486e-01 6.906719202683108128e-01 2.068450254158507307e-01 0.000000000000000000e+00
-2.237799909685619926e-01 -2.124233716973556174e-01 2.463944010310320509e-01 2.091986486518645272e+00 -5.361214611938320829e-01 2.665533992535676688e+00 -6.123227196835884234e-01 3.695838088327315085e-01 -1.412209078622312930e-01 -3.067156635331805825e-01 6.872640061793908739e-01 2.138456603285852076e-01 0.000000000000000000e+00
-2.218880562306803084e-01 -2.139439255295033371e-01 2.485582816137875128e-01 2.084605846996561596e+00 -5.384671271299081852e-01 2.653374636711971934e+00 -6.039789028303156337e-01 3.622553221450515171e-01 -1.386650721640823036e-01 -3.112122778757248631e-01 6.836103489008840128e-01 2.216018506873319582e-01 0.000000000000000000e+00
-2.200820196688919317e-01 -2.153597708111104625e-01 2.505330367781269940e-01 2.077803136616783952e+00 -5.403244332704515429e-01 2.642061666149736254e+00 -5.961004067985070654e-01 3.555222184085722881e-01 -1.362764829823901458e-01 -3.153349844012220404e-01 6.802748062145869135e-01 2.289186527557293127e-01 0.000000000000000000e+00
-2.180615450139893052e-01 -2.169057369208507724e-01 2.526473811807225522e-01 2.070456552248591819e+00 -5.419994701178554308e-01 2.629720551773417903e+00 -5.873760242254619790e-01 3.482663694396240794e-01 -1.336620577402594101e-01 -3.197701795911264133e-01 6.767035737718180011e-01 2.370146125352997624e-01 0.000000000000000000e+00
-2.159748666875030421e-01 -2.184635364142412661e-01 2.547351985739940150e-01 2.063146837344743467e+00 -5.433193744205628839e-01 2.617302356196125501e+00 -5.784547674688327312e-01 3.410550618399075806e-01 -1.310251287869172998e-01 -3.241720186883774724e-01 6.731790132271526783e-01 2.452872564084401241e-01 0.000000000000000000e+00
-2.139909447913740381e-01 -2.199105939990714520e-01 2.566387140600120964e-01 2.056443292812677015e+00 -5.442213206432491290e-01 2.605781904322117537e+00 -5.700484329089704483e-01 3.344414008783183623e-01 -1.285758195323716269e-01 -3.282051764222207457e-01 6.699685059540348986e-01 2.530778348347625384e-01 0.000000000000000000e+00
-2.119521117455683279e-01 -2.213654374009855208e-01 2.585191400880745838e-01 2.049793019312769360e+00 -5.448172265526296520e-01 2.594216870415732679e+00 -5.614789797323407328e-01 3.278725808915834983e-01 -1.261162571076288597e-01 -3.322087064889368557e-01 6.668011418905763765e-01 2.610158525169344879e-01 0.000000000000000000e+00
-2.096822760991961521e-01 -2.229489926788057186e-01 2.605299954139558283e-01 2.042660938377187207e+00 -5.451162356019323418e-01 2.581649914728930462e+00 -5.520140386391717557e-01 3.208106433395067070e-01 -1.234449733762248425e-01 -3.365117755992595994e-01 6.634202588867208483e-01 2.697797996769240592e-01 0.000000000000000000e+00
-2.075311125152364822e-01 -2.244167353367822748e-01 2.623615061248715796e-01 2.036156260621217129e+00 -5.450702671670515365e-01 2.570026227905838123e+00 -5.431107582199007355e-01 3.143459529513938921e-01 -1.209772883101574159e-01 -3.404514563788411108e-01 6.603481028322326640e-01 2.780208684463901792e-01 0.000000000000000000e+00
-2.051409569578085401e-01 -2.260120017938236914e-01 2.643186793637989918e-01 2.029208075706696590e+00 -5.446709835596252880e-01 2.557421624574466978e+00 -5.332878549867114959e-01 3.074050560708612156e-01 -1.183069366851350335e-01 -3.446834856670860092e-01 6.570745452203071713e-01 2.871108697475895366e-01 0.000000000000000000e+00
-2.026899040912821526e-01 -2.276110057624106120e-01 2.662477317740765681e-01 2.022375296527226141e+00 -5.439092454261227338e-01 2.544818128662968526e+00 -5.232843561421013368e-01 3.005326357198572218e-01 -1.156444413853281450e-01 -3.488775981993109121e-01 6.538593774152817728e-01 2.963660869049146163e-01 0.000000000000000000e+00
-2.003738524920044839e-01 -2.290894191835376459e-01 2.680030168515130651e-01 2.016183138912754913e+00 -5.428833957051382164e-01 2.533197789553912394e+00 -5.138911539507964310e-01 2.942537341072910539e-01 -1.131980616079817370e-01 -3.527143478027608414e-01 6.509454131295443480e-01 3.050555487781660413e-01 0.000000000000000000e+00
-1.980072927222320256e-01 -2.305689085825973483e-01 2.697338073639281020e-01 2.010112391013423760e+00 -5.415487601346460345e-01 2.521602351995582580e+00 -5.043479825006065287e-01 2.880402796785135333e-01 -1.107665955327392648e-01 -3.565170422337713418e-01 6.480847786446357617e-01 3.138830622644244728e-01 0.000000000000000000e+00
-1.953873344427817516e-01 -2.321717198270946136e-01 2.715808769072374229e-01 2.003685345309028421e+00 -5.397552264155964785e-01 2.509082173786456149e+00 -4.938426442380846049e-01 2.813868377481413274e-01 -1.081536350292080506e-01 -3.605973046293954321e-01 6.450477097375093560e-01 3.236003711603919752e-01 0.000000000000000000e+00
-1.927102796524819139e-01 -2.337728816799912734e-01 2.733989718115626966e-01 1.997426010407806984e+00 -5.376033511414273214e-01 2.496618656355972021e+00 -4.831682951148835170e-01 2.748175017739452053e-01 -1.055674392946321927e-01 -3.646360217120141467e-01 6.420764874883352347e-01 3.334741740599152515e-01 0.000000000000000000e+00
-1.901891133453711136e-01 -2.352484520924233435e-01 2.750510456307910800e-01 1.991809032438667693e+00 -5.352997646275619026e-01 2.485177273822825494e+00 -4.731666271935228152e-01 2.688322636058306792e-01 -1.032078785688219646e-01 -3.683260311394007114e-01 6.393942847964618759e-01 3.427263618715004068e-01 0.000000000000000000e+00
-1.876208773472003710e-01 -2.367204801922750124e-01 2.766779362510375373e-01 1.986356323841029337e+00 -5.326944137028220005e-01 2.473808034121860011e+00 -4.630255760786100572e-01 2.629256386241439203e-01 -1.008786778794383832e-01 -3.719788561800670412e-01 6.367714705968974265e-01 3.521083454967132709e-01 0.000000000000000000e+00
-1.847864574314662944e-01 -2.383099921175484970e-01 2.784117998018718620e-01 1.980646035579409769e+00 -5.295342794027022570e-01 2.461585513359018318e+00 -4.518849740275633908e-01 2.566193397418635724e-01 -9.839408174044894650e-02 -3.758930371922109548e-01 6.339989201650431117e-01 3.624165432595420899e-01 0.000000000000000000e+00
-1.818991930886602881e-01 -2.398924348712982435e-01 2.801159304228678093e-01 1.975150884669483631e+00 -5.260280735527111950e-01 2.449473942360504530e+00 -4.405885770527469547e-01 2.504121770311613648e-01 -9.595342775944604163e-02 -3.797618778867963285e-01 6.312990740309480930e-01 3.728707155396209227e-01 0.000000000000000000e+00
-1.791878856080263704e-01 -2.413459723614030106e-01 2.816622845395910235e-01 1.970279682625006856e+00 -5.224872126887794010e-01 2.438404339815661626e+00 -4.300248156938114574e-01 2.447745978985998716e-01 -9.374380300300733104e-02 -3.832916315955873232e-01 6.288734003310766374e-01 3.826488443769830994e-01 0.000000000000000000e+00
-1.762017958876547219e-01 -2.429115587524782738e-01 2.833084314440157403e-01 1.965230434967970119e+00 -5.183262796571832531e-01 2.426544129220133073e+00 -4.184366694215769233e-01 2.387705678000435205e-01 -9.140088703400994774e-02 -3.870696252074873889e-01 6.263192956876361128e-01 3.933776218549626669e-01 0.000000000000000000e+00
-1.734015343350177318e-01 -2.443470327715246970e-01 2.848011890752083497e-01 1.960787598278667332e+00 -5.141908418399854241e-01 2.415727807276875971e+00 -4.076109861694320879e-01 2.333263341626217735e-01 -8.928846765735909408e-02 -3.905139913138277463e-01 6.240305750468220225e-01 4.034030584890523907e-01 0.000000000000000000e+00
-1.705600927534501599e-01 -2.457722322546427862e-01 2.862680941477489527e-01 1.956561662368130783e+00 -5.097770499447227266e-01 2.405047719677171347e+00 -3.966643288247703181e-01 2.279794224182855877e-01 -8.722784676391048819e-02 -3.939160797378631340e-01 6.218095652767232639e-01 4.135431774975835695e-01 0.000000000000000000e+00
-1.674366424971119038e-01 -2.473033159554837712e-01 2.878280074496501473e-01 1.952235793255555407e+00 -5.046874825120006847e-01 2.393641699112925014e+00 -3.846730132530114532e-01 2.222996987614736242e-01 -8.505723731744141425e-02 -3.975531255490706850e-01 6.194810303776124849e-01 4.246543183290713008e-01 0.000000000000000000e+00
-1.642671974756142184e-01 -2.488200523083384241e-01 2.893572211135878036e-01 1.948180652500083099e+00 -4.992831981971024291e-01 2.382417682807879800e+00 -3.725468085720400890e-01 2.167418480140463621e-01 -8.295547058515073680e-02 -4.011382397190216831e-01 6.172353863674303609e-01 4.358941897097507456e-01 0.000000000000000000e+00
-1.613020988920706722e-01 -2.502060722799600012e-01 2.907417145396231639e-01 1.944682769075475548e+00 -4.940225284714863108e-01 2.372226664889332426e+00 -3.612383275037774899e-01 2.117218226487606603e-01 -8.107940675524427654e-02 -4.044008783704777787e-01 6.152366839693258482e-01 4.463795875536106794e-01 0.000000000000000000e+00
-1.580484243981930825e-01 -2.516912404422816385e-01 2.922121251903346262e-01 1.941164908896718444e+00 -4.880357760238753784e-01 2.361379436618539884e+00 -3.488668123968960977e-01 2.064061864024760995e-01 -7.911971966710962256e-02 -4.078838603126243578e-01 6.131531598905023417e-01 4.578546826375713974e-01 0.000000000000000000e+00
-1.550077518020478440e-01 -2.530462575817798987e-01 2.935420366417744176e-01 1.938173387937354164e+00 -4.822499824570263272e-01 2.351552961380668272e+00 -3.373385539596747140e-01 2.016163247344004428e-01 -7.738147442361476003e-02 -4.110501258221331833e-01 6.113069234648049743e-01 4.685515687614972835e-01 0.000000000000000000e+00
-1.516746221760579272e-01 -2.544958871100432840e-01 2.949530492309692109e-01 1.935213941771422697e+00 -4.757086509935852803e-01 2.341117603079052589e+00 -3.247363758128788969e-01 1.965571509010905771e-01 -7.557851436563112202e-02 -4.144263150045675026e-01 6.093917111668745168e-01 4.802494039811294191e-01 0.000000000000000000e+00
-1.485631302924505237e-01 -2.558160332608776510e-01 2.962281524238918329e-01 1.932744288666437882e+00 -4.694259285885915567e-01 2.331684922444893449e+00 -3.130034534458849271e-01 1.920090876152372728e-01 -7.399060456567152499e-02 -4.174924123675756715e-01 6.077027344035462741e-01 4.911446290272389326e-01 0.000000000000000000e+00
-1.454193574973332015e-01 -2.571181623887849321e-01 2.974769244861992790e-01 1.930528935844796123e+00 -4.629152721972165097e-01 2.322450158958571098e+00 -3.011777532044153105e-01 1.875810829602761742e-01 -7.247926064705145777e-02 -4.205090748028493253e-01 6.060907895747484897e-01 5.021302351028430477e-01 0.000000000000000000e+00
-1.419785527526800928e-01 -2.585074525225337094e-01 2.988000413705561020e-01 1.928417649673585643e+00 -4.556134247590426511e-01 2.312675174509800868e+00 -2.882664153445749222e-01 1.829220823702643051e-01 -7.093103194733396677e-02 -4.237205141823486843e-01 6.044323725849289897e-01 5.141293404207905038e-01 0.000000000000000000e+00
-1.387711688874680438e-01 -2.597695230107936459e-01 2.999937632931053977e-01 1.926737106279798439e+00 -4.486509585053433113e-01 2.303869542725705877e+00 -2.762591374510323661e-01 1.787523377620136300e-01 -6.958746717738883980e-02 -4.266313825433188378e-01 6.029840790051166355e-01 5.252930121047799661e-01 0.000000000000000000e+00
-1.352640240007623729e-01 -2.611138395063682949e-01 3.012569586377298325e-01 1.925207885728376311e+00 -4.408763922486769182e-01 2.294571122907462346e+00 -2.631591978517438535e-01 1.743798267262670343e-01 -6.822752396674003350e-02 -4.297257759929091758e-01 6.015056917049863561e-01 5.374778729087604789e-01 0.000000000000000000e+00
-1.317246879858258723e-01 -2.624332282308150521e-01 3.024892103191161863e-01 1.923980404750220252e+00 -4.328709339895318031e-01 2.285526873086437760e+00 -2.499689604467449366e-01 1.701594321230343876e-01 -6.696931350973200914e-02 -4.327582176576414974e-01 6.001218466235539450e-01 5.497523157939083749e-01 0.000000000000000000e+00
-1.284301684824958323e-01 -2.636285102387726509e-01 3.035989091620714397e-01 1.923115498848573246e+00 -4.252840659016974278e-01 2.277408926040046744e+00 -2.377166550881582574e-01 1.664025274180164216e-01 -6.590151907066488235e-02 -4.355009739748005315e-01 5.989300154567162027e-01 5.611590675063948819e-01 0.000000000000000000e+00
-1.248327799348594030e-01 -2.648981784167969700e-01 3.047710073988184609e-01 1.922467693388131060e+00 -4.168606764707827317e-01 2.268867809713345451e+00 -2.243648470287755714e-01 1.624857331790528214e-01 -6.484917096592002217e-02 -4.384100447020349289e-01 5.977325916515893178e-01 5.735951642697106889e-01 0.000000000000000000e+00
-1.214872999969159595e-01 -2.660461386071940604e-01 3.058252482752943369e-01 1.922134110405396612e+00 -4.089055869688369427e-01 2.261219927257294593e+00 -2.119722263702553400e-01 1.590131874994280547e-01 -6.397578728642838719e-02 -4.410373196964253451e-01 5.967141988507430606e-01 5.851431633885122441e-01 0.000000000000000000e+00
-1.178375277468095700e-01 -2.672631105529309492e-01 3.069373208594998181e-01 1.922056441634059532e+00 -4.001023773105272241e-01 2.253193171443782727e+00 -1.984779391925534098e-01 1.554087654115739459e-01 -6.313848943970779004e-02 -4.438196239557720690e-01 5.957059260620389818e-01 5.977235369038831347e-01 0.000000000000000000e+00
-1.144461483105197186e-01 -2.683614935337387819e-01 3.079359630745822085e-01 1.922244568340454762e+00 -3.918135835311149506e-01 2.246025206014142572e+00 -1.859618477279944004e-01 1.522301994267803160e-01 -6.246910389971627175e-02 -4.463275893333268907e-01 5.948642339995194872e-01 6.093975035422454223e-01 0.000000000000000000e+00
-1.110345530063594904e-01 -2.694353609044449205e-01 3.089077953349616545e-01 1.922678681184646798e+00 -3.833770547729216105e-01 2.239090591738871705e+00 -1.733926095549314650e-01 1.491960433520962137e-01 -6.190065216503870538e-02 -4.487769318773864313e-01 5.941085620402094536e-01 6.211264644571178328e-01 0.000000000000000000e+00
-1.073171635191262491e-01 -2.705706712382230927e-01 3.099302576886780458e-01 1.923422661945972223e+00 -3.740799706869393226e-01 2.231843251395242866e+00 -1.597203732821417810e-01 1.460749184230642206e-01 -6.140157577675786627e-02 -4.513629944539078731e-01 5.933881103863158923e-01 6.338907292457586218e-01 0.000000000000000000e+00
-1.035789498620253296e-01 -2.716761470424297054e-01 3.109213841602939676e-01 1.924445414787005149e+00 -3.646296177660657278e-01 2.224871434954108107e+00 -1.459958058939320735e-01 1.431272318600236571e-01 -6.102527111472966226e-02 -4.538784832615422316e-01 5.927696578021721674e-01 6.467103212060458794e-01 0.000000000000000000e+00
-1.001110071846185307e-01 -2.726699551965802160e-01 3.118081139792390211e-01 1.925633159098289582e+00 -3.557786085934182552e-01 2.218682664360975387e+00 -1.332845130438486403e-01 1.405637728632542494e-01 -6.078971451631209888e-02 -4.561363445232249902e-01 5.922907548591486160e-01 6.585892846693169878e-01 0.000000000000000000e+00
-9.633674048487635144e-02 -2.737174006797754577e-01 3.127381775549927800e-01 1.927178282564796064e+00 -3.460614897047693539e-01 2.212246090515483488e+00 -1.194728269984796920e-01 1.379596091136986724e-01 -6.065788804235339171e-02 -4.585118176365484133e-01 5.918723722518972608e-01 6.715029527951111854e-01 0.000000000000000000e+00
-9.283807113095352004e-02 -2.746569482747394098e-01 3.135685933476013987e-01 1.928837030730234936e+00 -3.369821076944816696e-01 2.206551417807133042e+00 -1.066901780759389601e-01 1.357163619484976769e-01 -6.065123013962803178e-02 -4.606389176887082937e-01 5.915790250578250031e-01 6.834603463524853151e-01 0.000000000000000000e+00
-8.932641033628850591e-02 -2.755701376198138042e-01 3.143718298022829538e-01 1.930713819545614385e+00 -3.278054646538124395e-01 2.201094219081113579e+00 -9.387953267243877298e-02 1.336296254316092780e-01 -6.075682447684949139e-02 -4.627019354271381668e-01 5.913754929715157038e-01 6.954496312639130151e-01 0.000000000000000000e+00
-8.550877531361107675e-02 -2.765294322960936690e-01 3.152113572247032813e-01 1.932986382590061503e+00 -3.177637040233305399e-01 2.195449567704987004e+00 -7.997455276513298905e-02 1.315470750710593384e-01 -6.099943845215616278e-02 -4.648637231524963553e-01 5.912567159868982181e-01 7.084696260962286551e-01 0.000000000000000000e+00
-8.167864660353618689e-02 -2.774576081170769259e-01 3.160186390027761583e-01 1.935501594027999595e+00 -3.076271894430977483e-01 2.190084074388050972e+00 -6.604659060985766661e-02 1.296535009569857733e-01 -6.137853943332882700e-02 -4.669477132845106793e-01 5.912453309732380591e-01 7.215179170151263532e-01 0.000000000000000000e+00
-7.813329251917332241e-02 -2.782864987149012426e-01 3.167353395936868266e-01 1.938031210704520113e+00 -2.981951719827105052e-01 2.185377277347717584e+00 -5.317429718831133412e-02 1.280736139298098708e-01 -6.185005210432725775e-02 -4.688020390620192268e-01 5.913297531797935269e-01 7.335833683337303901e-01 0.000000000000000000e+00
-7.428312355506853926e-02 -2.791542101961704825e-01 3.174807462163214411e-01 1.940989224904340560e+00 -2.879049168062253194e-01 2.180544189949935152e+00 -3.921714429077521880e-02 1.265459498271347683e-01 -6.249400445590858055e-02 -4.707347283546033379e-01 5.915245634135328778e-01 7.466722058802245376e-01 0.000000000000000000e+00
-7.072164666371537345e-02 -2.799273826655364061e-01 3.181398805212208858e-01 1.943914360285124765e+00 -2.783478271836665741e-01 2.176328644784810251e+00 -2.632673513203255544e-02 1.253082124210068149e-01 -6.321345742439343773e-02 -4.724471409355243123e-01 5.918008663766285427e-01 7.587668853917921563e-01 0.000000000000000000e+00
-6.715409451243092853e-02 -2.806738664910648495e-01 3.187712414742818190e-01 1.947019160147106298e+00 -2.687425738162998456e-01 2.172347539235484959e+00 -1.343397386109274928e-02 1.242369725172792622e-01 -6.405395106442246522e-02 -4.740901448805350804e-01 5.921697807666318480e-01 7.708696875446845453e-01 0.000000000000000000e+00
-6.328364151529082549e-02 -2.814525967297721309e-01 3.194236199649785890e-01 1.950577949642918085e+00 -2.582914237871269947e-01 2.168298854202221904e+00 5.310440741489952593e-04 1.232665582279464100e-01 -6.510283705974995172e-02 -4.757905399470370167e-01 5.926747826883380643e-01 7.839858224923520469e-01 0.000000000000000000e+00
-5.940861501746187712e-02 -2.822000922689940072e-01 3.200431701026356657e-01 1.954330221154468639e+00 -2.478022399530255271e-01 2.164522463529816587e+00 1.448881243757570506e-02 1.224937005572270116e-01 -6.629526743783298315e-02 -4.774079442560693609e-01 5.932887078986286422e-01 7.971020905980740201e-01 0.000000000000000000e+00
-5.582877888811786649e-02 -2.828627273120809527e-01 3.205855375258763740e-01 1.957958721321594986e+00 -2.380943743454064787e-01 2.161278375226221016e+00 2.736189960596254606e-02 1.219586298823380627e-01 -6.752578101950401646e-02 -4.788257113518866737e-01 5.939532331696306677e-01 8.092053588041572265e-01 0.000000000000000000e+00
-5.194871811656353450e-02 -2.835511590001332793e-01 3.211409464216395948e-01 1.962059652096605156e+00 -2.275586984391360090e-01 2.158024609108019298e+00 4.129089789734948640e-02 1.215736033677398548e-01 -6.900063963118996391e-02 -4.802792313853382900e-01 5.947794788978277847e-01 8.223082445254015216e-01 0.000000000000000000e+00
-4.836639322166399330e-02 -2.841595785798902707e-01 3.216238897340504277e-01 1.965993842920989998e+00 -2.178236915332654178e-01 2.155259734999664278e+00 5.412861599780600941e-02 1.213979762162275405e-01 -7.049280878996144750e-02 -4.815444659297213326e-01 5.956398796670050455e-01 8.343908732330364009e-01 0.000000000000000000e+00
-4.448591691332829529e-02 -2.847896799730698647e-01 3.221146537197125403e-01 1.970408324321327065e+00 -2.072753758705618843e-01 2.152521609547707993e+00 6.800986880427487002e-02 1.214037436244632534e-01 -7.225195984801313642e-02 -4.828313719474748855e-01 5.966781795969997582e-01 8.474624668114724146e-01 0.000000000000000000e+00
-4.090537297066364902e-02 -2.853449543946290357e-01 3.225373381634053516e-01 1.974616601719388242e+00 -1.975442677839494010e-01 2.150231232023932293e+00 8.079456503190360350e-02 1.215922122058567811e-01 -7.400898037719283451e-02 -4.839406451205201520e-01 5.977353879707340001e-01 8.595078112638462331e-01 0.000000000000000000e+00
-3.702914261867171902e-02 -2.859183204605438289e-01 3.229621188344130034e-01 1.979311251548468320e+00 -1.870168294991843005e-01 2.148005527282913274e+00 9.460863127749681578e-02 1.219959474271127969e-01 -7.605735072962738208e-02 -4.850562765906679674e-01 5.989878060523708969e-01 8.725299366250339750e-01 0.000000000000000000e+00
-3.345450541651680959e-02 -2.864217919134793844e-01 3.233236167755246804e-01 1.983761615842690951e+00 -1.773197717222325664e-01 2.146184588595063225e+00 1.073227370914816153e-01 1.225526229963450064e-01 -7.808175263225125562e-02 -4.860062927305264791e-01 6.002422880838528263e-01 8.845214852233883596e-01 0.000000000000000000e+00
-2.988413085933880331e-02 -2.869009336386602049e-01 3.236553449181932551e-01 1.988316720271402716e+00 -1.676495550922565414e-01 2.144587378201556760e+00 1.199967706534391526e-01 1.232873142396922195e-01 -8.023505153163457138e-02 -4.868787443036364793e-01 6.015916452291686367e-01 8.964813422047707148e-01 0.000000000000000000e+00
-2.602203066960533800e-02 -2.873929292301185545e-01 3.239810140339530187e-01 1.993360999211369666e+00 -1.572112727665100351e-01 2.143107358236771010e+00 1.336773126598785055e-01 1.242843601399258452e-01 -8.271352240011697887e-02 -4.877357828319375810e-01 6.031602471112252895e-01 9.093980063867912467e-01 0.000000000000000000e+00
-2.216719742616877348e-02 -2.878574968445852256e-01 3.242709288360351993e-01 1.998510537047714308e+00 -1.468208748110062523e-01 2.141888048551497725e+00 1.473007881175845135e-01 1.254933021167673191e-01 -8.534499187322430735e-02 -4.884994775640313924e-01 6.048408349171198184e-01 9.222679986707080779e-01 0.000000000000000000e+00
-1.861616510906756797e-02 -2.882622599205245661e-01 3.245068149296850279e-01 2.003348840378344597e+00 -1.372788114225222955e-01 2.140991098820273386e+00 1.598218064301601959e-01 1.267962952919806097e-01 -8.790895021269817811e-02 -4.891215254156466852e-01 6.064906632124239527e-01 9.341029533969656962e-01 0.000000000000000000e+00
-1.507303785933375440e-02 -2.886444444228276618e-01 3.247118286181660540e-01 2.008261263373691818e+00 -1.277905423203593571e-01 2.140313027931240786e+00 1.722863324381125605e-01 1.282799673023989895e-01 -9.060287081336770854e-02 -4.896630459338006669e-01 6.082353666215620791e-01 9.458907035929017271e-01 0.000000000000000000e+00
-1.124448498113018481e-02 -2.890334634439018502e-01 3.248988446325226098e-01 2.013658169623078642e+00 -1.175792731106355404e-01 2.139823628361454233e+00 1.857215473738851597e-01 1.300910500017073701e-01 -9.366750343777652255e-02 -4.901583273175281197e-01 6.102321382278762529e-01 9.586035027934767250e-01 0.000000000000000000e+00
-7.427330466425272754e-03 -2.893973190458014599e-01 3.250487060312643450e-01 2.019124680247051273e+00 -1.074465107819038145e-01 2.139589270120055620e+00 1.990806125472383559e-01 1.321164672344967150e-01 -9.688566729902814423e-02 -4.905569026641721786e-01 6.123405628628919573e-01 9.712515206005355450e-01 0.000000000000000000e+00
-3.914657708706113098e-03 -2.897111915836756424e-01 3.251539886700621218e-01 2.024224257815148142e+00 -9.816890509186748659e-02 2.139596728115330748e+00 2.113408907443384277e-01 1.341749492766950158e-01 -9.999117944616942033e-02 -4.908390645816660403e-01 6.143850050527185358e-01 9.828657658514527995e-01 0.000000000000000000e+00
-1.219482090768137558e-04 -2.900280095047573781e-01 3.252317970843319750e-01 2.029798422596896579e+00 -8.820712824545395847e-02 2.139846134405047451e+00 2.245413313852637205e-01 1.366098691389760755e-01 -1.035012257628940002e-01 -4.910510854939499348e-01 6.167060165217498335e-01 9.953776961268085977e-01 0.000000000000000000e+00
3.366362349800566030e-03 -2.902997564544946840e-01 3.252696495871623128e-01 2.034982458846084974e+00 -7.910032041999937036e-02 2.140298716869683204e+00 2.366466302516780362e-01 1.390479598274299844e-01 -1.068765161284606080e-01 -4.911591765446935431e-01 6.189468002629425758e-01 1.006858184111976806e+00 0.000000000000000000e+00
6.841805905097246565e-03 -2.905521191747436616e-01 3.252745713556199347e-01 2.040196421645294578e+00 -7.008418994490650533e-02 2.140963386665052592e+00 2.486718511930650077e-01 1.416684354386623101e-01 -1.103807034907866580e-01 -4.911827455203407466e-01 6.212814604325604950e-01 1.018269030434639344e+00 0.000000000000000000e+00
1.059139757435538683e-02 -2.908043578403891605e-01 3.252422071942446258e-01 2.045871007179291823e+00 -6.042585711468806409e-02 2.141922213124233920e+00 2.616042779597875234e-01 1.447137435004111072e-01 -1.143223150621583972e-01 -4.911120053038854905e-01 6.239167914892483902e-01 1.030548000693640276e+00 0.000000000000000000e+00
1.432423242124498258e-02 -2.910350600497912388e-01 3.251705714604997133e-01 2.051564098457371088e+00 -5.088661373829772572e-02 2.143126081300596120e+00 2.744345225644349573e-01 1.479717549094731743e-01 -1.184133299706837672e-01 -4.909412966780114518e-01 6.266609792554933556e-01 1.042737289002932943e+00 0.000000000000000000e+00
1.775404593548783258e-02 -2.912297470047232051e-01 3.250687989279506529e-01 2.056828967373292016e+00 -4.219359910109066192e-02 2.144455504255798672e+00 2.861823919230470081e-01 1.511695122988721829e-01 -1.223225841348112297e-01 -4.906936226966340242e-01 6.292913168851372863e-01 1.053905055297098547e+00 0.000000000000000000e+00
2.145163492497535740e-02 -2.914215618554462095e-01 3.249194733320013850e-01 2.062535447945066380e+00 -3.290404144419944998e-02 2.146130724165441261e+00 2.988017141693602441e-01 1.548396811761376390e-01 -1.267008209669013841e-01 -4.903270385725846947e-01 6.322456946404166889e-01 1.065908521541331089e+00 0.000000000000000000e+00
2.484753581123442037e-02 -2.915814631480593833e-01 3.247453687731574612e-01 2.067798767024520146e+00 -2.445190255603257867e-02 2.147891890472530818e+00 3.103480155229669246e-01 1.584161234277891017e-01 -1.308729291306194309e-01 -4.898979700314592400e-01 6.350687119749279796e-01 1.076897989200515715e+00 0.000000000000000000e+00
2.822608672620027445e-02 -2.917255799718635467e-01 3.245358852968222574e-01 2.073051977646338528e+00 -1.612303035277218299e-02 2.149858800582823193e+00 3.217923178068235468e-01 1.621738104363772970e-01 -1.351698063914079651e-01 -4.893811170429021029e-01 6.379835417880196369e-01 1.087796975961664803e+00 0.000000000000000000e+00
3.186590051342942653e-02 -2.918644877898092793e-01 3.242687182329109241e-01 2.078724640987580585e+00 -7.244341352579120041e-03 2.152219897760538903e+00 3.340717541190154072e-01 1.664479676041158984e-01 -1.399642953018775948e-01 -4.887218515150529852e-01 6.412441830686581579e-01 1.099498639475364081e+00 0.000000000000000000e+00
3.520611539114954641e-02 -2.919776128169414564e-01 3.239842206403572566e-01 2.083937997597210767e+00 8.124849177550963475e-04 2.154612117626184542e+00 3.452929833720642661e-01 1.705816263795960075e-01 -1.445181676078584054e-01 -4.880205746210078965e-01 6.443490294255270756e-01 1.110198821261139113e+00 0.000000000000000000e+00
3.880265585828134717e-02 -2.920845220332008996e-01 3.236345437293017824e-01 2.089554380568650060e+00 9.384950547953074818e-03 2.157432613546091282e+00 3.573224487264385352e-01 1.752629642332509119e-01 -1.495893589555872261e-01 -4.871599075357215813e-01 6.478149338471834717e-01 1.121677245296462289e+00 0.000000000000000000e+00
4.210165330518840510e-02 -2.921692395528869834e-01 3.232732100856865465e-01 2.094703921475779218e+00 1.715013997822545377e-02 2.160245450538534673e+00 3.683067898005248919e-01 1.797698816802624500e-01 -1.543955657748532495e-01 -4.862723758129390284e-01 6.511075996399301458e-01 1.132165439459466683e+00 0.000000000000000000e+00
4.565216706016490128e-02 -2.922465757616434789e-01 3.228394388261436321e-01 2.100238588458172018e+00 2.539717739009539343e-02 2.163518324126721737e+00 3.800731348391993003e-01 1.848525579101923111e-01 -1.597361358668438758e-01 -4.852095748009155884e-01 6.547751719351327937e-01 1.143407840843181811e+00 0.000000000000000000e+00
4.917723074567693226e-02 -2.923099061857570846e-01 3.223607838335141307e-01 2.105721566771390663e+00 3.346596415891589515e-02 2.167025943465223925e+00 3.916957690475503795e-01 1.901442090619093195e-01 -1.652155898096816511e-01 -4.840401141872346380e-01 6.585474064611754885e-01 1.154521078914027887e+00 0.000000000000000000e+00
5.240812221676809796e-02 -2.923563214238338315e-01 3.218789252091570074e-01 2.110731501715955361e+00 4.075262257464284943e-02 2.170469540829745636e+00 4.022948172909295295e-01 1.952115887603280420e-01 -1.703941065493408402e-01 -4.828663259367821925e-01 6.621209691698983768e-01 1.164662662661158699e+00 0.000000000000000000e+00
5.561614869383595117e-02 -2.923918529184897919e-01 3.213581028910545978e-01 2.115687651073230313e+00 4.787990369774774990e-02 2.174109874838319634e+00 4.127661336705256701e-01 2.004538715633376600e-01 -1.756871392158734224e-01 -4.816014908665626759e-01 6.657818835623757758e-01 1.174689064691143647e+00 0.000000000000000000e+00
5.906507426188878362e-02 -2.924186253768097377e-01 3.207495198124584168e-01 2.120991161293931171e+00 5.541740809541284563e-02 2.178273687682176440e+00 4.239631947366820919e-01 2.063284553881594152e-01 -1.815482241429196009e-01 -4.801284631781262413e-01 6.698454013326459178e-01 1.185418408090854747e+00 0.000000000000000000e+00
6.222340434088616951e-02 -2.924332959269692056e-01 3.201460993143103728e-01 2.125821550044380892e+00 6.220079938693068300e-02 2.182320131475020908e+00 4.341596396022684989e-01 2.119313801370362182e-01 -1.870745497209431729e-01 -4.786730123528842307e-01 6.736862122567581768e-01 1.195196337191135161e+00 0.000000000000000000e+00
6.561676401413074622e-02 -2.924389616442621964e-01 3.194467301202502663e-01 2.130979259167169459e+00 6.935655531806395047e-02 2.186922160882597055e+00 4.450517687236108522e-01 2.181948520600368036e-01 -1.931849065260209386e-01 -4.769922248099079942e-01 6.779435415753589655e-01 1.205649510785805179e+00 0.000000000000000000e+00
6.872260825284154384e-02 -2.924351550941742817e-01 3.187587789332592125e-01 2.135667011417575978e+00 7.578107395563460358e-02 2.191369355211249648e+00 4.549620236405545470e-01 2.241526596689235040e-01 -1.989365355322649798e-01 -4.753450596756940150e-01 6.819610532377978762e-01 1.215168047995911937e+00 0.000000000000000000e+00
7.205783130052487162e-02 -2.924218707033557352e-01 3.179671056306790367e-01 2.140662058856333871e+00 8.254144460587742316e-02 2.196401182314263067e+00 4.655392672525086595e-01 2.307959982319102155e-01 -2.052857778871228778e-01 -4.734567785942869755e-01 6.864073338357397081e-01 1.225335597563671053e+00 0.000000000000000000e+00
7.536125695582253370e-02 -2.923999929919141039e-01 3.171262655611647996e-01 2.145566315080374764e+00 8.908901925978307546e-02 2.201655616885633826e+00 4.759468009239974373e-01 2.376357449252902987e-01 -2.117565935457430548e-01 -4.714592746186729855e-01 6.909513524456873945e-01 1.235348816946259864e+00 0.000000000000000000e+00
7.838195582033083419e-02 -2.923724600447699107e-01 3.163063670959899154e-01 2.150009811820810413e+00 9.494223579296612314e-02 2.206700309144268068e+00 4.854019881896738942e-01 2.441202425740105764e-01 -2.178341934694127957e-01 -4.695192616330911561e-01 6.952307860013356988e-01 1.244453898397131830e+00 0.000000000000000000e+00
8.137442378693376943e-02 -2.923384680351548970e-01 3.154439180558236133e-01 2.154370004198097988e+00 1.006092214269287410e-01 2.211930716688280896e+00 4.947088373826329377e-01 2.507675092996051736e-01 -2.240100640373066110e-01 -4.674864707730336799e-01 6.995911130750952500e-01 1.253423691264627715e+00 0.000000000000000000e+00
8.458376486014552997e-02 -2.922948038970835660e-01 3.144613359149708853e-01 2.158997270561483717e+00 1.065358940556140332e-01 2.217803951290767017e+00 5.046219551977485507e-01 2.581496420384934987e-01 -2.308087148261153132e-01 -4.651798403738887644e-01 7.044047767454134634e-01 1.262986836422993253e+00 0.000000000000000000e+00
8.775811337940679635e-02 -2.922448826931113852e-01 3.134276289288085993e-01 2.163521431973192577e+00 1.122369529781428454e-01 2.223892285126971124e+00 5.143549434546338395e-01 2.657191780943393700e-01 -2.377174873259988441e-01 -4.627635543168598931e-01 7.093117176329116758e-01 1.272385797700155363e+00 0.000000000000000000e+00
9.065682054398112311e-02 -2.921934690750236374e-01 3.124280932395357979e-01 2.167604018701966950e+00 1.172981959950298858e-01 2.229699628025054281e+00 5.231786619363388846e-01 2.728690166071455758e-01 -2.441892350910004339e-01 -4.604366506039168083e-01 7.139221821120568245e-01 1.280915103723352155e+00 0.000000000000000000e+00
9.376224811691605265e-02 -2.921324755663048389e-01 3.112956242430756082e-01 2.171923686070933890e+00 1.225607866784663713e-01 2.236192126605922592e+00 5.325617108259877996e-01 2.807882590036324122e-01 -2.512990762531850386e-01 -4.578112731118030299e-01 7.190032937348462827e-01 1.289994618827759343e+00 0.000000000000000000e+00
9.659567414970900157e-02 -2.920719050155894947e-01 3.102039609897818684e-01 2.175814344671975320e+00 1.272122028975020136e-01 2.242369621680952996e+00 5.410576940460448681e-01 2.882571275702732749e-01 -2.579512531820395971e-01 -4.552907908771248180e-01 7.237728155100964234e-01 1.298224718702485569e+00 0.000000000000000000e+00
9.962853126320149466e-02 -2.920020976678591174e-01 3.089707199269941529e-01 2.179922757631773678e+00 1.320256213439900961e-01 2.249259676249315554e+00 5.500807168458288210e-01 2.965175541919128910e-01 -2.652507114138376032e-01 -4.524552233959766023e-01 7.290243028636237410e-01 1.306975067096159071e+00 0.000000000000000000e+00
1.023937629464284349e-01 -2.919339885823834524e-01 3.077856281679456907e-01 2.183616458616242539e+00 1.362599473374972447e-01 2.255799099025849852e+00 5.582421071644311228e-01 3.042951829974347988e-01 -2.720712001235852107e-01 -4.497414622451858524e-01 7.339482879820985461e-01 1.314899169761635234e+00 0.000000000000000000e+00
1.053514194348837280e-01 -2.918566076740621851e-01 3.064508044701315659e-01 2.187510176003852891e+00 1.406192238387182769e-01 2.263075620080549299e+00 5.669004433424422729e-01 3.128832117226678089e-01 -2.795456280390014037e-01 -4.466974025401980741e-01 7.393640923748836524e-01 1.323316090386830624e+00 0.000000000000000000e+00
1.080455134786085930e-01 -2.917823835968960111e-01 3.051711397818224758e-01 2.191004395154129369e+00 1.444307731103560144e-01 2.269968336443305645e+00 5.747212819366507297e-01 3.209585153590333584e-01 -2.865213790403005056e-01 -4.437908951055128393e-01 7.444376139885663379e-01 1.330928603204767802e+00 0.000000000000000000e+00
1.109242485650667048e-01 -2.916992643103066829e-01 3.037331615252846784e-01 2.194681483701062419e+00 1.483287342338135417e-01 2.277623428312693932e+00 5.830067755620507164e-01 3.298636267015539469e-01 -2.941574608338848318e-01 -4.405377772549537441e-01 7.500132080467563078e-01 1.339004239736269364e+00 0.000000000000000000e+00
1.135442768713800926e-01 -2.916201192324193725e-01 3.023580787043535500e-01 2.197975889417828732e+00 1.517135877335702432e-01 2.284860122466312760e+00 5.904822021628758355e-01 3.382246209438576900e-01 -3.012748920051759871e-01 -4.374393557742146665e-01 7.552312061495756179e-01 1.346300502174759606e+00 0.000000000000000000e+00
1.161276904066649573e-01 -2.915389792870182184e-01 3.009369795698165206e-01 2.201174874630054568e+00 1.548927087074210007e-01 2.292258425438598479e+00 5.977903156682168317e-01 3.467182406084474144e-01 -3.084553069362474531e-01 -4.342491883939224029e-01 7.605166488070014275e-01 1.353443499692515539e+00 0.000000000000000000e+00
1.188844579061800605e-01 -2.914489378001716702e-01 2.993455228284913616e-01 2.204533676876303083e+00 1.581048471149459900e-01 2.300452536123608560e+00 6.055184096774632874e-01 3.560653368233802629e-01 -3.163009795076210384e-01 -4.306902397816814165e-01 7.663169470821667995e-01 1.361008608243049034e+00 0.000000000000000000e+00
1.213894572127866417e-01 -2.913642081666748540e-01 2.978281836273714012e-01 2.207536248025465220e+00 1.608546310158471826e-01 2.308180344741550982e+00 6.124757182882134554e-01 3.648253058864915355e-01 -3.236012366877460966e-01 -4.273098561205301849e-01 7.717387435874046853e-01 1.367830295375287220e+00 0.000000000000000000e+00
1.240593803283524393e-01 -2.912708376417817435e-01 2.961320926423758326e-01 2.210684394566150957e+00 1.636005644670142090e-01 2.316726772253996813e+00 6.198211160488155125e-01 3.744542311237820664e-01 -3.315687488789906823e-01 -4.235450118665124442e-01 7.776841175629519709e-01 1.375044798768311871e+00 0.000000000000000000e+00
1.266833526590662173e-01 -2.911756310759467947e-01 2.943819526761696226e-01 2.213725432582992703e+00 1.661061048587981759e-01 2.325450539433455699e+00 6.269685077823702324e-01 3.842222066594883079e-01 -3.395921874531271367e-01 -4.196747730123547848e-01 7.837017297830677354e-01 1.382077807733047559e+00 0.000000000000000000e+00
1.290635426661826957e-01 -2.910864837799886917e-01 2.927181613163364338e-01 2.216439326440204916e+00 1.682046833047383672e-01 2.333659210613263202e+00 6.333883239061152137e-01 3.933595456490638353e-01 -3.470443779734413425e-01 -4.160082659815881323e-01 7.893196015235626195e-01 1.388407209537784404e+00 0.000000000000000000e+00
1.315959187079988324e-01 -2.909885495946384903e-01 2.908635640608966955e-01 2.219280073322124736e+00 1.702471049704024075e-01 2.342717824750421229e+00 6.401505559670171985e-01 4.033847825460717407e-01 -3.551627582404388583e-01 -4.119350276733392269e-01 7.954723691689999931e-01 1.395087482816139035e+00 0.000000000000000000e+00
1.338904166753346059e-01 -2.908967262048621771e-01 2.891038165860102538e-01 2.221813134526344768e+00 1.719209859926174033e-01 2.351229343171293173e+00 6.462157721916180764e-01 4.127508870732849444e-01 -3.626936451709648068e-01 -4.080827651565396286e-01 8.012114813181206996e-01 1.401092112125940758e+00 0.000000000000000000e+00
1.363287344910663335e-01 -2.907956526757249360e-01 2.871458320351617521e-01 2.224462884495076231e+00 1.735067716933684778e-01 2.360609401382335548e+00 6.525951082667938996e-01 4.230144103088277485e-01 -3.708873928968117184e-01 -4.038100560826437535e-01 8.074917478007456184e-01 1.407421780246786547e+00 0.000000000000000000e+00
1.385347902903378003e-01 -2.907009871674450241e-01 2.852908566609151375e-01 2.226824381828477861e+00 1.747610833340873526e-01 2.369412937502586747e+00 6.583062572244688937e-01 4.325928020644340122e-01 -3.784791330582462088e-01 -3.997743017667376719e-01 8.133456421928488833e-01 1.413102302851925618e+00 0.000000000000000000e+00
1.408755464265714075e-01 -2.905967950542268641e-01 2.832300540682928247e-01 2.229293862504750479e+00 1.758949240597638131e-01 2.379104212577408006e+00 6.643016320494825599e-01 4.430775674075350667e-01 -3.867289403250389057e-01 -3.953036199553079943e-01 8.197470159260450417e-01 1.419080700024989872e+00 0.000000000000000000e+00
1.429905181153218741e-01 -2.904987943942984874e-01 2.812810508625938621e-01 2.231494464932310962e+00 1.767367120026133165e-01 2.388188644905504532e+00 6.696604447949400241e-01 4.528507028178533345e-01 -3.943628915897512410e-01 -3.910870702908991747e-01 8.257089680793781028e-01 1.424438846980174755e+00 0.000000000000000000e+00
1.452315152832208967e-01 -2.903904112826919404e-01 2.791194699238526145e-01 2.233796514477871753e+00 1.774292329274542723e-01 2.398177318914916256e+00 6.752766520597535127e-01 4.635359376120101182e-01 -4.026479857409877017e-01 -3.864226102206526625e-01 8.322233264218209525e-01 1.430070766895420009e+00 0.000000000000000000e+00
1.472529042588613390e-01 -2.902882413664122363e-01 2.770780381957256289e-01 2.235848503190045022e+00 1.778673838769533333e-01 2.407531733553144981e+00 6.802860580701926008e-01 4.734853409969780880e-01 -4.103045738749655502e-01 -3.820281613954265021e-01 8.382864121175498395e-01 1.435109733993958914e+00 0.000000000000000000e+00
1.493909821740704025e-01 -2.901749119191451842e-01 2.748171552891071623e-01 2.237996271371001100e+00 1.781273951722712745e-01 2.417807748024782377e+00 6.855248288295147097e-01 4.843516707452601988e-01 -4.186032501477614520e-01 -3.771721867532896733e-01 8.449066976923506056e-01 1.440396907706093188e+00 0.000000000000000000e+00
1.513165302838940518e-01 -2.900673820987238472e-01 2.726854399783571470e-01 2.239913006366478498e+00 1.781729417883859412e-01 2.427420986527328406e+00 6.901891557417066947e-01 4.944578344498929412e-01 -4.262622351267202347e-01 -3.726031344290952063e-01 8.510635932374776003e-01 1.445121089163784678e+00 0.000000000000000000e+00
1.533499043856855759e-01 -2.899473073954683677e-01 2.703282889858703575e-01 2.241921885383420410e+00 1.780149668640103044e-01 2.437970772082423299e+00 6.950579468465896138e-01 5.054826222830348659e-01 -4.345521229679190078e-01 -3.675605720630846784e-01 8.577812173501206949e-01 1.450071106681914967e+00 0.000000000000000000e+00
1.551775448723567707e-01 -2.898328728281738265e-01 2.681088028972989368e-01 2.243717400833687314e+00 1.776803608213302077e-01 2.447832279621670715e+00 6.993827207197965690e-01 5.157251731249932192e-01 -4.421920663450835676e-01 -3.628206113759344098e-01 8.640244658935934963e-01 1.454486095137048407e+00 0.000000000000000000e+00
1.571035787998248112e-01 -2.897044801809108283e-01 2.656579943960920565e-01 2.245602925442021558e+00 1.771174649899620590e-01 2.458645914666274912e+00 7.038861927021476950e-01 5.268865811220562190e-01 -4.504494636209834812e-01 -3.575944240527629270e-01 8.708317053769176752e-01 1.459103750151136802e+00 0.000000000000000000e+00
1.588315778603295869e-01 -2.895812204170151727e-01 2.633539402556255293e-01 2.247292238092127192e+00 1.764174737945580773e-01 2.468744744794299617e+00 7.078784043342311039e-01 5.372439474965106099e-01 -4.580485274754153568e-01 -3.526875497442919505e-01 8.771534505935205672e-01 1.463216469822546273e+00 0.000000000000000000e+00
1.606491473122030333e-01 -2.894419195745785989e-01 2.608135851219429147e-01 2.249071198919533110e+00 1.754680298105002478e-01 2.479809230569786749e+00 7.120270101013292940e-01 5.485174079964386662e-01 -4.662493991571783347e-01 -3.472833966812758910e-01 8.840411841207924670e-01 1.467512148660844007e+00 0.000000000000000000e+00
1.622760479909303999e-01 -2.893075443503894673e-01 2.584285434798094805e-01 2.250669894546664551e+00 1.744186132020422164e-01 2.490135271334530831e+00 7.156949152916680656e-01 5.589671527712051224e-01 -4.737844805664213066e-01 -3.422140029672827710e-01 8.904335031062823314e-01 1.471331121664017694e+00 0.000000000000000000e+00
1.638540596773860880e-01 -2.891668976853349893e-01 2.560060768110084539e-01 2.252230569719560371e+00 1.732078394304359392e-01 2.500566749303174241e+00 7.192106208257089683e-01 5.694529500892286933e-01 -4.812804135076400591e-01 -3.370682431090316622e-01 8.968566481813901037e-01 1.475012409238834143e+00 0.000000000000000000e+00
1.655079947485849634e-01 -2.890067603425210407e-01 2.533406057657893173e-01 2.253882853805072806e+00 1.717185176156568183e-01 2.511984255885901351e+00 7.228497638762749755e-01 5.808468853389692210e-01 -4.893501910847435354e-01 -3.314085930289361603e-01 9.038478455170115833e-01 1.478847627524657371e+00 0.000000000000000000e+00
1.669835336813285109e-01 -2.888508940198716846e-01 2.508435496522655739e-01 2.255376393481856923e+00 1.701852898906919265e-01 2.522628168582714991e+00 7.260562098287304256e-01 5.913898074623749057e-01 -4.967465218011934969e-01 -3.261074710105925645e-01 9.103291806619373538e-01 1.482250215291397222e+00 0.000000000000000000e+00
1.685265067877604883e-01 -2.886724485534464812e-01 2.481001020717834848e-01 2.256964412938462061e+00 1.683581216991152374e-01 2.534269782805096405e+00 7.293676509071621572e-01 6.028320790859003075e-01 -5.046953252857802052e-01 -3.202828381009666381e-01 9.173784349093226931e-01 1.485790488486493865e+00 0.000000000000000000e+00
1.698992103621546901e-01 -2.884981472975201022e-01 2.455334734324539081e-01 2.258406660054720128e+00 1.665225065682589545e-01 2.545116412831652575e+00 7.322768215029374916e-01 6.134070923004414366e-01 -5.119670200632142620e-01 -3.148316802447106988e-01 9.239091716924695552e-01 1.488926227512007872e+00 0.000000000000000000e+00
1.713304550861281250e-01 -2.882979492777912878e-01 2.427173902592376087e-01 2.259948010697987897e+00 1.643783324543068858e-01 2.556973337966582438e+00 7.352722785180314524e-01 6.248701365804695262e-01 -5.197662204735657987e-01 -3.088470246430846111e-01 9.310072949458576552e-01 1.492183939315447017e+00 0.000000000000000000e+00
1.727041836837651390e-01 -2.880846711336275123e-01 2.398662916128410094e-01 2.261471519448740253e+00 1.620796186649959836e-01 2.568937201747191423e+00 7.381109419239467728e-01 6.363325150702250355e-01 -5.274771370937811898e-01 -3.027824076297289113e-01 9.381267900669936211e-01 1.495301702003602795e+00 0.000000000000000000e+00
1.739209745372160831e-01 -2.878753463964863202e-01 2.372047563738879927e-01 2.262866286469794375e+00 1.598253685142307923e-01 2.580074200255246808e+00 7.405946059565547968e-01 6.469057306510304084e-01 -5.345090807940808819e-01 -2.971142687236587587e-01 9.447153840248224688e-01 1.498058473205998498e+00 0.000000000000000000e+00
1.751839058415877171e-01 -2.876339273055310009e-01 2.342908929021573217e-01 2.264368694221445821e+00 1.572460998495963658e-01 2.592238257800321133e+00 7.431416532231065464e-01 6.583443404280570066e-01 -5.420262524449932506e-01 -2.908995825828771253e-01 9.518685681337480942e-01 1.500917909268416617e+00 0.000000000000000000e+00
1.762992212352094412e-01 -2.873964418699709311e-01 2.315748623924558380e-01 2.265751384114301104e+00 1.547449278058392608e-01 2.603554924905954415e+00 7.453650598381863501e-01 6.688815367551189661e-01 -5.488660490726435803e-01 -2.850965545675944735e-01 9.584834608073413698e-01 1.503444849668738037e+00 0.000000000000000000e+00
1.773663745444518103e-01 -2.871438601980274008e-01 2.288351020791436763e-01 2.267133659530259138e+00 1.521335557951033479e-01 2.614954728074934565e+00 7.474697560476760705e-01 6.793912359439259196e-01 -5.556035803144350194e-01 -2.792311420037766889e-01 9.651076079657227025e-01 1.505867793628492102e+00 0.000000000000000000e+00
1.784687040731184615e-01 -2.868519802614367120e-01 2.258422528492513570e-01 2.268634494426467363e+00 1.491867732326621621e-01 2.627395555047947084e+00 7.496209909972147978e-01 6.907380332423720404e-01 -5.627800005038716691e-01 -2.728086294294279623e-01 9.722915515852387225e-01 1.508380352958927251e+00 0.000000000000000000e+00
1.794369561694584003e-01 -2.865645655948978465e-01 2.230585016409702970e-01 2.270026420991509752e+00 1.463635335348252298e-01 2.638961730430839481e+00 7.514919282420225999e-01 7.011685033887491425e-01 -5.692832401487633032e-01 -2.668184644132968186e-01 9.789276163894982119e-01 1.510600097727508473e+00 0.000000000000000000e+00
1.804331961896300240e-01 -2.862323663810262264e-01 2.200219827399199635e-01 2.271545179624721023e+00 1.431997875154036315e-01 2.651578625899102537e+00 7.533998834259827415e-01 7.124127024061999158e-01 -5.761889500133933195e-01 -2.602643417468277764e-01 9.861191500181210046e-01 1.512902533647936698e+00 0.000000000000000000e+00
1.813051183735891747e-01 -2.859052130189571050e-01 2.172019816742501996e-01 2.272960282213428052e+00 1.401888043582975030e-01 2.663302257241760174e+00 7.550571685723389548e-01 7.227333171576112436e-01 -5.824282038152310825e-01 -2.541568311951649672e-01 9.927572121931980131e-01 1.514939052933520269e+00 0.000000000000000000e+00
1.821989063470288439e-01 -2.855271755200272099e-01 2.141306778280277490e-01 2.274511256785396895e+00 1.368352184088683643e-01 2.676084287261554451e+00 7.567458790195582541e-01 7.338418946965498124e-01 -5.890323772654367795e-01 -2.474801032500114073e-01 9.999453502914308345e-01 1.517055200735697218e+00 0.000000000000000000e+00
1.829777095433358647e-01 -2.851551498377039029e-01 2.112826260353993790e-01 2.275962617362437435e+00 1.336606370510438069e-01 2.687956296779283605e+00 7.582111502513199097e-01 7.440209624360234475e-01 -5.949769522926571241e-01 -2.412630202642486454e-01 1.006575090088101421e+00 1.518930465617276182e+00 0.000000000000000000e+00
1.837724489577674536e-01 -2.847256259521586119e-01 2.081855332370203260e-01 2.277559276813811984e+00 1.301426445334561421e-01 2.700894352811471499e+00 7.597037854632820997e-01 7.549579658217334677e-01 -6.012439029698314341e-01 -2.344716765236807554e-01 1.013748381063256820e+00 1.520883761118795086e+00 0.000000000000000000e+00
1.845177976853286106e-01 -2.842669927605941949e-01 2.050789828446535346e-01 2.279184616086765480e+00 1.265498775128985898e-01 2.713908603322390700e+00 7.611056068820725162e-01 7.657923043474211822e-01 -6.073236334223733879e-01 -2.276248391638983626e-01 1.020909621234480147e+00 1.522763420216172836e+00 0.000000000000000000e+00
1.851628758633468430e-01 -2.838163703912903180e-01 2.022051740197394754e-01 2.280712927815951474e+00 1.231726016150389569e-01 2.725987608881380808e+00 7.623247354500835016e-01 7.756927388578452875e-01 -6.127596112604160039e-01 -2.212571877080052873e-01 1.027506337833633543e+00 1.524438814857941749e+00 0.000000000000000000e+00
1.858165930495015161e-01 -2.832970886135357524e-01 1.990877927600882558e-01 2.282401991635074623e+00 1.194544604065361781e-01 2.739141487975552902e+00 7.635716274724586583e-01 7.862996434264400980e-01 -6.184488557181249124e-01 -2.143099158856132669e-01 1.034634954281503205e+00 1.526196634335448721e+00 0.000000000000000000e+00
1.863798392813473259e-01 -2.827876501356104688e-01 1.962087972949159709e-01 2.283994325489997479e+00 1.159730231344520135e-01 2.751343682342908270e+00 7.646614595695463423e-01 7.959732431910166994e-01 -6.235089283683028505e-01 -2.078543967585043672e-01 1.041196250838158699e+00 1.527773492016884394e+00 0.000000000000000000e+00
1.869480741023238080e-01 -2.822015602596915085e-01 1.930910058002587859e-01 2.285757466676593186e+00 1.121541816308839756e-01 2.764624801891117478e+00 7.657835824948511227e-01 8.063160953375302364e-01 -6.287739312643620959e-01 -2.008172432493221804e-01 1.048280525653878303e+00 1.529439565594838069e+00 0.000000000000000000e+00
1.874351983083835105e-01 -2.816274805782357227e-01 1.902165824110364500e-01 2.287422597501721722e+00 1.085905848124872897e-01 2.776939011700951365e+00 7.667722144705158005e-01 8.157270408395976835e-01 -6.334242100018040444e-01 -1.942832440938400407e-01 1.054795083733403027e+00 1.530945716349332519e+00 0.000000000000000000e+00
1.878880012978625669e-01 -2.810202473807572598e-01 1.873478783407779846e-01 2.289125567539561423e+00 1.049947729801772311e-01 2.789302944829482378e+00 7.677228298216195457e-01 8.249989027537357744e-01 -6.378653640146474402e-01 -1.877150566078640004e-01 1.061283209939108518e+00 1.532428564444288321e+00 0.000000000000000000e+00
1.883415570397332095e-01 -2.803233597325001658e-01 1.842494207503328485e-01 2.291015008689684773e+00 1.010684998043882565e-01 2.802749752903805014e+00 7.687179865419550007e-01 8.348757017094854405e-01 -6.424305547552612294e-01 -1.805635536193765101e-01 1.068278801490528673e+00 1.534016740560357306e+00 0.000000000000000000e+00
1.887588048053077117e-01 -2.795842671415540992e-01 1.811635491325623293e-01 2.292952977117125091e+00 9.711539285782144759e-02 2.816247194324669856e+00 7.696863119143078080e-01 8.445688091290468602e-01 -6.467318928108753973e-01 -1.733778955899087648e-01 1.075237042207660476e+00 1.535595462454556248e+00 0.000000000000000000e+00
1.891134152189263562e-01 -2.788629035502930287e-01 1.783289302653696118e-01 2.294786314099366287e+00 9.344701407733779774e-02 2.828748140523814847e+00 7.705644892837614224e-01 8.533419941290675270e-01 -6.504569228065965047e-01 -1.667170966770252227e-01 1.081623435659724963e+00 1.537052344728884190e+00 0.000000000000000000e+00
1.894666098296778900e-01 -2.780373053728094068e-01 1.752760791675584406e-01 2.296822120206376994e+00 8.945649373130137860e-02 2.842332146310418750e+00 7.715083801531127383e-01 8.626464797665592821e-01 -6.542162410013523388e-01 -1.594740308813094587e-01 1.088499118383064346e+00 1.538639721896625678e+00 0.000000000000000000e+00
1.897660403939092633e-01 -2.772331046736841165e-01 1.724772902797456209e-01 2.298748517307084072e+00 8.576151861395509002e-02 2.854905364370034615e+00 7.723812312003862646e-01 8.710420285240066951e-01 -6.574238853762983670e-01 -1.527658776352929237e-01 1.094803553052581702e+00 1.540121904201309455e+00 0.000000000000000000e+00
1.900638643593055011e-01 -2.763145626006960898e-01 1.694690648753338635e-01 2.300887702316243733e+00 8.175012254455715777e-02 2.868558936601091069e+00 7.733384378751880783e-01 8.799168796986411856e-01 -6.606042323500709301e-01 -1.454777378381275910e-01 1.101584027766950635e+00 1.541755753530072770e+00 0.000000000000000000e+00
1.903162044732862046e-01 -2.754213195119510349e-01 1.667170362030014896e-01 2.302911726929759872e+00 7.804252935607536301e-02 2.881188393722396768e+00 7.742418486959701251e-01 8.878940458488374654e-01 -6.632568739538444724e-01 -1.387335819831245487e-01 1.107794186533879177e+00 1.543299188539828393e+00 0.000000000000000000e+00
1.905674976794145548e-01 -2.744027299737134551e-01 1.637655318908916580e-01 2.305158751676425588e+00 7.402376184976944273e-02 2.894893906040901133e+00 7.752526514877096098e-01 8.962915253980752173e-01 -6.658130425471296965e-01 -1.314126936269296164e-01 1.114465471643554917e+00 1.545019990078183136e+00 0.000000000000000000e+00
1.907812632440001044e-01 -2.734141384101027028e-01 1.610713082543307473e-01 2.307283906958552677e+00 7.031443949702520513e-02 2.907562128390101641e+00 7.762246387065613318e-01 9.038082975748238379e-01 -6.678717992278154769e-01 -1.246444278416829615e-01 1.120568704492716838e+00 1.546662760996598385e+00 0.000000000000000000e+00
1.909796303946801888e-01 -2.723775211363771986e-01 1.584088137931850548e-01 2.309458595603212316e+00 6.660725081626628352e-02 2.920242223160625539e+00 7.772436307186528781e-01 9.110887142048279541e-01 -6.696314163390579832e-01 -1.178689382319794698e-01 1.126616077538014071e+00 1.548367317252303588e+00 0.000000000000000000e+00
1.911795498113098291e-01 -2.711987147565516065e-01 1.555631569044926554e-01 2.311870814593114165e+00 6.259495168553907973e-02 2.933987094539356022e+00 7.784113602776253638e-01 9.186983641245932697e-01 -6.711905639992449268e-01 -1.105240647812170407e-01 1.133101274266520520e+00 1.550294247459030439e+00 0.000000000000000000e+00
1.913524664039473189e-01 -2.700573147986768396e-01 1.529750729090327832e-01 2.314150171855793747e+00 5.889614451921687532e-02 2.946676792180464854e+00 7.795588498123132704e-01 9.254538051247154229e-01 -6.722972405902274406e-01 -1.037429492437107470e-01 1.139022679792257353e+00 1.552158060747922619e+00 0.000000000000000000e+00
1.915297508932185810e-01 -2.687612271170521927e-01 1.502162849589981364e-01 2.316676795576987136e+00 5.489478298589300920e-02 2.960420440057782265e+00 7.808894982509713145e-01 9.324685714359841615e-01 -6.731245515828605530e-01 -9.639904118884344564e-02 1.145363799505790592e+00 1.554281399085042592e+00 0.000000000000000000e+00
1.916863230047035349e-01 -2.675084934881817311e-01 1.477138704421550042e-01 2.319062351927567267e+00 5.120652077781340239e-02 2.973097783093293422e+00 7.822088282549967131e-01 9.386537630676931032e-01 -6.735370086566866421e-01 -8.962547404855186750e-02 1.151146054864570667e+00 1.556347878932889506e+00 0.000000000000000000e+00
1.918507729153953179e-01 -2.660884854515886966e-01 1.450537922535338198e-01 2.321704796883223842e+00 4.721601298617583709e-02 2.986815345647712228e+00 7.837492006294984881e-01 9.450277062416615470e-01 -6.735919363541693627e-01 -8.229702897276383600e-02 1.157329648599625616e+00 1.558714497035588398e+00 0.000000000000000000e+00
1.920125023415640564e-01 -2.646007576794033311e-01 1.424501692121048768e-01 2.324407660464510972e+00 4.323013970112743465e-02 3.000508503872213240e+00 7.854194686861688535e-01 9.510451853037227288e-01 -6.732232882802752227e-01 -7.498268200599643440e-02 1.163424559070380893e+00 1.561228387946568708e+00 0.000000000000000000e+00
1.921615418108523765e-01 -2.631659883090613494e-01 1.400994769930360151e-01 2.326956640925024189e+00 3.955307616154346562e-02 3.013120345629698882e+00 7.870876062139673390e-01 9.562740357879845332e-01 -6.724994410959915792e-01 -6.824697336507598577e-02 1.168969393617980357e+00 1.563690879848510518e+00 0.000000000000000000e+00
1.923251219331608419e-01 -2.615431765575979006e-01 1.376129255844946164e-01 2.329776583366647280e+00 3.556979205808463718e-02 3.026745305083181403e+00 7.890448964571210588e-01 9.615726610928061469e-01 -6.712879025370873665e-01 -6.097124639530392826e-02 1.174884274399046413e+00 1.566525548512790911e+00 0.000000000000000000e+00
1.924802855888133879e-01 -2.599799014002183162e-01 1.353760104823865107e-01 2.332433564077633026e+00 3.189058037960723624e-02 3.039280150785097501e+00 7.910035182808198284e-01 9.661116196966825775e-01 -6.697616449163629193e-01 -5.427862270739392675e-02 1.180255337685518269e+00 1.569309483958305274e+00 0.000000000000000000e+00
1.926413347703662127e-01 -2.583524028581732357e-01 1.331976487943685172e-01 2.335142755733033759e+00 2.820615622608491080e-02 3.051767571743201124e+00 7.931194663459150140e-01 9.703016376187314496e-01 -6.678343818144998334e-01 -4.761200645200423104e-02 1.185537984023799396e+00 1.572265859084402306e+00 0.000000000000000000e+00
1.928246816685849352e-01 -2.565145951425015780e-01 1.309068410702686758e-01 2.338136655088841387e+00 2.420480194388741069e-02 3.065233822464672020e+00 7.956039959058772704e-01 9.744324002065261059e-01 -6.652804769081411829e-01 -4.042340646176979801e-02 1.191156987607757456e+00 1.575677901073011755e+00 0.000000000000000000e+00
1.930191714238561063e-01 -2.545975251797584771e-01 1.286904654434942452e-01 2.341191795842572532e+00 2.018798839531932288e-02 3.078627170133495294e+00 7.983017115111000761e-01 9.781276693770656339e-01 -6.622332214098451963e-01 -3.327382802328882755e-02 1.196664804216204914e+00 1.579320572812022094e+00 0.000000000000000000e+00
1.932106373789131415e-01 -2.527550717916906553e-01 1.267137708321399159e-01 2.344066692155744480e+00 1.646190908683564658e-02 3.090916512777922787e+00 8.009966973762058240e-01 9.811354435122011663e-01 -6.589668543328630612e-01 -2.671320141809508178e-02 1.201645581244925598e+00 1.582903722900669274e+00 0.000000000000000000e+00
1.934328199599870679e-01 -2.506779003362396008e-01 1.246501476024845650e-01 2.347240398512679960e+00 1.239944011530624834e-02 3.104140633303147823e+00 8.041535419533586415e-01 9.839425484591990401e-01 -6.549239760610409133e-01 -1.965258088240116885e-02 1.206925431264062265e+00 1.587039745231616727e+00 0.000000000000000000e+00
1.936528599798989225e-01 -2.486839027305427219e-01 1.228193078893356355e-01 2.350224958667442632e+00 8.619562242691003462e-03 3.116256553858889333e+00 8.072992678329601324e-01 9.861065000029429761e-01 -6.507178460143970833e-01 -1.318201281453873323e-02 1.211689160663941278e+00 1.591105060635622959e+00 0.000000000000000000e+00
1.939088539606935446e-01 -2.464384254353198800e-01 1.209188154429029910e-01 2.353518302119209871e+00 4.485164164504951145e-03 3.129273395632589772e+00 8.109738309260241529e-01 9.879733093480612682e-01 -6.456343375466265799e-01 -6.227635761582168451e-03 1.216726529865826301e+00 1.595793156260543855e+00 0.000000000000000000e+00
