-1.465469088570243439e-01 -3.021379105509403584e-01 1.536038292777991143e-01 1.569247861950948675e+00 8.687795114309615485e-03 1.564346376453079834e+00 -4.940949121723423598e-01 8.466096560514018154e-01 2.451350567521419777e-01 -5.530552347568519211e-01 -1.161283643870066218e+00 2.429568739413231204e-01 0.000000000000000000e+00
-1.451266425070308619e-01 -3.034004922185428166e-01 1.563333150116887338e-01 1.564292488763761924e+00 1.455082205241842175e-02 1.557669885894044315e+00 -4.888490174571043512e-01 8.395860347295085457e-01 2.427653760141894601e-01 -5.540763905873291595e-01 -1.159917042756692052e+00 2.428084360000648256e-01 0.000000000000000000e+00
-1.435410241683790500e-01 -3.047076791881540569e-01 1.592894524045759819e-01 1.559030225259926183e+00 2.086132190596945435e-02 1.550372191998271365e+00 -4.830806771150198964e-01 8.318793125880099559e-01 2.404697311545413996e-01 -5.549657532333610588e-01 -1.158613558561152557e+00 2.425028881992486729e-01 0.000000000000000000e+00
-1.420344810150706294e-01 -3.058596077112374911e-01 1.620158154518941962e-01 1.554275555196838354e+00 2.665152306492180045e-02 1.543578608191568557e+00 -4.776744268126454362e-01 8.246801889502805016e-01 2.385916699538175312e-01 -5.555883670067079949e-01 -1.157564539407770488e+00 2.420913632318041908e-01 0.000000000000000000e+00
-1.403563479097143796e-01 -3.070493692786941398e-01 1.649649359884759470e-01 1.549241561774265641e+00 3.288901150269474272e-02 1.536159458157104973e+00 -4.717256905962218805e-01 8.167937700142289259e-01 2.368096157103909416e-01 -5.560487276906418419e-01 -1.156586360339384445e+00 2.415088133881061472e-01 0.000000000000000000e+00
-1.387650710697165002e-01 -3.080947615481928747e-01 1.676814802138779092e-01 1.544707627340831557e+00 3.861585530025646307e-02 1.529257882778828792e+00 -4.661460352173695809e-01 8.094372535560757642e-01 2.353913492718691103e-01 -5.562754625679484644e-01 -1.155822698896804113e+00 2.408472175943032201e-01 0.000000000000000000e+00
-1.369959678723701446e-01 -3.091711058026820891e-01 1.706165419323164290e-01 1.539923146887941741e+00 4.478835245161416623e-02 1.521725997738621050e+00 -4.600022557406112655e-01 8.013893804789380404e-01 2.340917266599105151e-01 -5.563071874744340839e-01 -1.155137600706381384e+00 2.399997997354400003e-01 0.000000000000000000e+00
-1.353218382804190767e-01 -3.101138707475823431e-01 1.733171390861639460e-01 1.535628451446688914e+00 5.045858950534221066e-02 1.514725022971674440e+00 -4.542372776394031364e-01 7.938931146425829422e-01 2.331018296827280789e-01 -5.561409729328994356e-01 -1.154628271147903451e+00 2.391006666171588135e-01 0.000000000000000000e+00
-1.334642552218839040e-01 -3.110811746876496198e-01 1.762318416657783215e-01 1.531112360597639110e+00 5.657278868075898970e-02 1.507090453947104836e+00 -4.478873362047590678e-01 7.857036279744804563e-01 2.322484197114120796e-01 -5.557500541743894962e-01 -1.154201632741272965e+00 2.380031945766939716e-01 0.000000000000000000e+00
-1.317093984927903694e-01 -3.119249356939302054e-01 1.789107231183653390e-01 1.527074157672036137e+00 6.219085115808997699e-02 1.499998887670301206e+00 -4.419261829997529478e-01 7.780847901489544860e-01 2.316567984752511133e-01 -5.551942191653762571e-01 -1.153916940820743475e+00 2.368784417798126263e-01 0.000000000000000000e+00
-1.297654707667885987e-01 -3.127867418962335666e-01 1.817988672920256288e-01 1.522845115149944917e+00 6.824972025344511195e-02 1.492270381811949154e+00 -4.353575960396133815e-01 7.697713999111358563e-01 2.312200400564781155e-01 -5.543817552958204553e-01 -1.153719067951750610e+00 2.355420675448108569e-01 0.000000000000000000e+00
-1.279323393458298985e-01 -3.135349345696205048e-01 1.844507200292864468e-01 1.519079393974861247e+00 7.381774355719494807e-02 1.485096472212647845e+00 -4.291905139033168615e-01 7.620469677483882043e-01 2.309970003151839979e-01 -5.534397952182593672e-01 -1.153630784161614464e+00 2.342030967277462794e-01 0.000000000000000000e+00
-1.259052048793286305e-01 -3.142950762503419759e-01 1.873069275074201179e-01 1.515153435647694558e+00 7.982306455727794514e-02 1.477283574172283398e+00 -4.223946927231663206e-01 7.536285158055661126e-01 2.309428049870008159e-01 -5.522124108508690288e-01 -1.153630251529396356e+00 2.326413191959829374e-01 0.000000000000000000e+00
-1.239964719339095855e-01 -3.149509048546320633e-01 1.899267911187819680e-01 1.511675060532259529e+00 8.534137819833809147e-02 1.470035571284998177e+00 -4.160129265134958620e-01 7.458150009043552631e-01 2.310598509169097259e-01 -5.508882205778544705e-01 -1.153711611100698420e+00 2.310989993849340007e-01 0.000000000000000000e+00
-1.218888472191434202e-01 -3.156125743264022732e-01 1.927457282767720548e-01 1.508068203375517058e+00 9.129191049416540693e-02 1.462146769369209842e+00 -4.089794847850829473e-01 7.373085314875059693e-01 2.313598560137071214e-01 -5.492476800568519835e-01 -1.153881121304081825e+00 2.293219552133081429e-01 0.000000000000000000e+00
-1.199075004962828345e-01 -3.161790832225246373e-01 1.953290295578150593e-01 1.504890766478801822e+00 9.675881774758110510e-02 1.454833022579333557e+00 -4.023753779139043751e-01 7.294220459724271022e-01 2.317890244233735686e-01 -5.475453874880733540e-01 -1.154106158416193573e+00 2.275866727365261633e-01 0.000000000000000000e+00
-1.177230634245161750e-01 -3.167456508409123295e-01 1.981061253046125237e-01 1.501616534151007265e+00 1.026524834988862267e-01 1.446877439919240782e+00 -3.950980239191538845e-01 7.208454022608541401e-01 2.324114051701249295e-01 -5.454988480588883748e-01 -1.154417615105678419e+00 2.256066124660522643e-01 0.000000000000000000e+00
-1.156722664535655143e-01 -3.172257265698235629e-01 2.006486292175586328e-01 1.498752540172148429e+00 1.080649551485723947e-01 1.439506111493240814e+00 -3.882647853256877002e-01 7.129017253613656457e-01 2.331256649744843923e-01 -5.434228806996579397e-01 -1.154761961834625650e+00 2.236882210195705045e-01 0.000000000000000000e+00
-1.134142713712218836e-01 -3.177000935891586275e-01 2.033792441855123145e-01 1.495824545820885199e+00 1.138970516862878313e-01 1.431492525540054794e+00 -3.807352632652202806e-01 7.042714189538277214e-01 2.340433902861254190e-01 -5.409727724967849927e-01 -1.155190331295964823e+00 2.215143492007660420e-01 0.000000000000000000e+00
-1.112974574816181089e-01 -3.180964671272897837e-01 2.058770221964469904e-01 1.493285390224842857e+00 1.192505042080251876e-01 1.424071901378467064e+00 -3.736672337321499948e-01 6.962859970042524216e-01 2.350165093484406498e-01 -5.385278241685241829e-01 -1.155630818140263916e+00 2.194222364274270587e-01 0.000000000000000000e+00
-1.089700275858122430e-01 -3.184816619622360956e-01 2.085573299620480103e-01 1.490714574511904367e+00 1.250159713416358898e-01 1.416009518667217471e+00 -3.658813824167624906e-01 6.876187392365894491e-01 2.361998849788171650e-01 -5.356818703591246233e-01 -1.156150800343102025e+00 2.170656218235727519e-01 0.000000000000000000e+00
-1.067907979603765212e-01 -3.187969723685895040e-01 2.110068003702691153e-01 1.488510434475907473e+00 1.303047299047728202e-01 1.408547898034521184e+00 -3.585737682541259019e-01 6.796066190970860843e-01 2.374062969526231637e-01 -5.328729011993635911e-01 -1.156665456223759714e+00 2.148086760235146664e-01 0.000000000000000000e+00
-1.043975963280968228e-01 -3.190956825960521437e-01 2.136327901869211066e-01 1.486308073158600251e+00 1.359964039091305921e-01 1.400445775607653154e+00 -3.505253292552565347e-01 6.709183889358388830e-01 2.388297565552706114e-01 -5.296341644186909337e-01 -1.157254680614939746e+00 2.122775910787465525e-01 0.000000000000000000e+00
-1.021597299101263817e-01 -3.193324714541670994e-01 2.160306551312828893e-01 1.484448042188823536e+00 1.412137025003570301e-01 1.392951762842325580e+00 -3.429742688794731875e-01 6.628942179924028899e-01 2.402446940424296518e-01 -5.264663343020417052e-01 -1.157822599717399203e+00 2.098642844331871649e-01 0.000000000000000000e+00
-9.970526475780151776e-02 -3.195474859717912786e-01 2.185991870210703680e-01 1.482622480509101948e+00 1.468242459624997664e-01 1.384819323427807225e+00 -3.346612115367907925e-01 6.542007280880026698e-01 2.418804075839562362e-01 -5.228430037704480116e-01 -1.158458562585710006e+00 2.071686827120794161e-01 0.000000000000000000e+00
-9.741265809088783811e-02 -3.197082150601170958e-01 2.209423711170492854e-01 1.481114470476322609e+00 1.519626212840199386e-01 1.377301919139432451e+00 -3.268637421811477761e-01 6.461788874105205416e-01 2.434800352927122269e-01 -5.193218054666588479e-01 -1.159060170675959123e+00 2.046069547700185565e-01 0.000000000000000000e+00
-9.490090349877969289e-02 -3.198421180058730884e-01 2.234500110395827854e-01 1.479674440681215231e+00 1.574830579450843260e-01 1.369149200764746110e+00 -3.182817055683674345e-01 6.374954509392354307e-01 2.453037680071987747e-01 -5.153175430306429217e-01 -1.159722498839061755e+00 2.017542431893529220e-01 0.000000000000000000e+00
-9.255759405559048358e-02 -3.199292140137668383e-01 2.257357663682477700e-01 1.478525121285830579e+00 1.625343099707543537e-01 1.361617696015943846e+00 -3.102357965725336952e-01 6.294898555444027322e-01 2.470647832780135111e-01 -5.114487023360575479e-01 -1.160339153789469613e+00 1.990516839598973631e-01 0.000000000000000000e+00
-8.999327937819477652e-02 -3.199846358106198663e-01 2.281799459097007543e-01 1.477476467483491263e+00 1.679559754165174112e-01 1.353454595189960585e+00 -3.013846808211144701e-01 6.208313196293098191e-01 2.490507025028856347e-01 -5.070720966901350879e-01 -1.161008406171406548e+00 1.960507508198119919e-01 0.000000000000000000e+00
-8.760336619990345686e-02 -3.200004619750402846e-01 2.304057316176322256e-01 1.476691361498535748e+00 1.729114645783593751e-01 1.345918770629600081e+00 -2.930891337625994297e-01 6.128554850596588111e-01 2.509508679406571297e-01 -5.028615058486651801e-01 -1.161622797434887611e+00 1.932144509693639878e-01 0.000000000000000000e+00
-8.499065830577777481e-02 -3.199799793118234259e-01 2.327835260217731017e-01 1.476040125543739201e+00 1.782243967407914909e-01 1.337756634435213643e+00 -2.839664421590193388e-01 6.042366302448081150e-01 2.530759373324857897e-01 -4.981168846296073482e-01 -1.162280598224137318e+00 1.900719042383136603e-01 0.000000000000000000e+00
-8.255829067147713030e-02 -3.199269106354771242e-01 2.349470505257636177e-01 1.475623464367963322e+00 1.830752636643637743e-01 1.330226761772368871e+00 -2.754208908531730615e-01 5.963038057267617820e-01 2.550935481743299427e-01 -4.935707354907875599e-01 -1.162876480518042488e+00 1.871085716038688729e-01 0.000000000000000000e+00
-7.990201455332086866e-02 -3.198330804023250540e-01 2.372564096989152049e-01 1.475372688461927595e+00 1.882701269602833349e-01 1.322076706323820572e+00 -2.660283378073839411e-01 5.877384138707945072e-01 2.573339324413590479e-01 -4.884670868672733035e-01 -1.163505785483628152e+00 1.838322676070693329e-01 0.000000000000000000e+00
-7.743137257326214440e-02 -3.197134987543863160e-01 2.393556210884255075e-01 1.475327381061585896e+00 1.930072992249733943e-01 1.314563686063829895e+00 -2.572332316626404491e-01 5.798614491566126405e-01 2.594479497146640057e-01 -4.835917044386925379e-01 -1.164067845631689524e+00 1.807481939067030474e-01 0.000000000000000000e+00
-7.473574555425720189e-02 -3.195489120356080903e-01 2.415940989451263732e-01 1.475480426053775496e+00 1.980739035960055183e-01 1.306438327667577504e+00 -2.475701014500992503e-01 5.713636350133060038e-01 2.617820772520638162e-01 -4.781338553901977040e-01 -1.164652675807070992e+00 1.773439749537956689e-01 0.000000000000000000e+00
-7.223099503329460935e-02 -3.193652056181019439e-01 2.436271452092758638e-01 1.475808073941752951e+00 2.026884393722272470e-01 1.298953711434443159e+00 -2.385267221127330972e-01 5.635550469601119383e-01 2.639722609325449998e-01 -4.729358642850674532e-01 -1.165166799055510571e+00 1.741450690761765507e-01 0.000000000000000000e+00
-6.950079906562604826e-02 -3.191324241728705768e-01 2.457931360328053649e-01 1.476365083694071600e+00 2.076176035946639686e-01 1.290865649090669143e+00 -2.285964435533433259e-01 5.551376935712393212e-01 2.663781606613226938e-01 -4.671332357439482719e-01 -1.165692507054692406e+00 1.706198593859954427e-01 0.000000000000000000e+00
-6.696604945207763893e-02 -3.188870026843646510e-01 2.477583538244488293e-01 1.477065991619259222e+00 2.121008019447989668e-01 1.283421731090992779e+00 -2.193068050389289370e-01 5.474096328515065668e-01 2.686250696730225762e-01 -4.616194270230482011e-01 -1.166145643914169305e+00 1.673116640351422213e-01 0.000000000000000000e+00
-6.420542828198551322e-02 -3.185887260344554273e-01 2.498498923467725452e-01 1.478027248050977960e+00 2.168827805178770163e-01 1.275385195783066417e+00 -2.091103435285857348e-01 5.390861891805728279e-01 2.710822352527839652e-01 -4.554773453114848714e-01 -1.166598114983373735e+00 1.636705236137586394e-01 0.000000000000000000e+00
-6.164473481211837913e-02 -3.182840563968621916e-01 2.517458119858023147e-01 1.479100194281033787e+00 2.212262088671446136e-01 1.267995228567831534e+00 -1.995772255115108584e-01 5.314504735716385486e-01 2.733669611519631282e-01 -4.496546764831628740e-01 -1.166977881754819091e+00 1.602581653747696677e-01 0.000000000000000000e+00
-5.885828000536123122e-02 -3.179228794299834848e-01 2.537617065922170290e-01 1.480463013374821557e+00 2.258527572165514030e-01 1.260024166327868400e+00 -1.891195911220149573e-01 5.232329571330628371e-01 2.758552857164786598e-01 -4.431828954286477495e-01 -1.167345131669141001e+00 1.565072028479339294e-01 0.000000000000000000e+00
-5.627557813223642985e-02 -3.175614260273336709e-01 2.555870222977611461e-01 1.481905499346640731e+00 2.300486333361848601e-01 1.252702089917694828e+00 -1.793465222907239254e-01 5.157009383590734908e-01 2.781599853238334585e-01 -4.370585570278470167e-01 -1.167640476234030888e+00 1.529954920555282039e-01 0.000000000000000000e+00
-5.346721885406737623e-02 -3.171401659936877726e-01 2.575256663127309387e-01 1.483667038386706771e+00 2.345111970814759417e-01 1.244812738498397575e+00 -1.686302949593813383e-01 5.076021989051152650e-01 2.806602941132541051e-01 -4.302629355847781278e-01 -1.167910254452455776e+00 1.491390350600117209e-01 0.000000000000000000e+00
-5.086630887621607783e-02 -3.167244804001024816e-01 2.592792928463703572e-01 1.485475101455785207e+00 2.385524338502134079e-01 1.237573151040760600e+00 -1.586214531478342127e-01 5.001849956636219563e-01 2.829673905655896160e-01 -4.238442513044964333e-01 -1.168110923640593324e+00 1.455324491537718923e-01 0.000000000000000000e+00
-4.804034950571955259e-02 -3.162457990220391979e-01 2.611398717074854270e-01 1.487629544649225366e+00 2.428441923602191466e-01 1.229781223273507917e+00 -1.476531576193156059e-01 4.922160853128051405e-01 2.854613077683945122e-01 -4.167348096164754656e-01 -1.168273243309033704e+00 1.415757740774843676e-01 0.000000000000000000e+00
-4.542486551896635777e-02 -3.157784489919083781e-01 2.628208127866245580e-01 1.489797776590718215e+00 2.467245761855174635e-01 1.222639831357040352e+00 -1.374134280636370442e-01 4.849244168271953925e-01 2.877542894669526952e-01 -4.100293361763057698e-01 -1.168369916056603453e+00 1.378784243123432895e-01 0.000000000000000000e+00
-4.258489174211707584e-02 -3.152452797390224437e-01 2.646021016326608466e-01 1.492339232772836866e+00 2.508388990729288892e-01 1.214963089530984863e+00 -1.261971672704968461e-01 4.770975861205342672e-01 2.902238387457831692e-01 -4.026123992509215155e-01 -1.168414657162916814e+00 1.338252262912971724e-01 0.000000000000000000e+00
-3.995828993700203252e-02 -3.147289005478512980e-01 2.662096111272711507e-01 1.494860720824211953e+00 2.545532034318318537e-01 1.207936064059190295e+00 -1.157321093194623590e-01 4.699418054295458891e-01 2.924864604079144836e-01 -3.956278598180251738e-01 -1.168398811354430800e+00 1.300409159941866288e-01 0.000000000000000000e+00
-3.710817208492787206e-02 -3.141439513836833952e-01 2.679111074237218171e-01 1.497780374170677220e+00 2.584854665730835777e-01 1.200391833380390461e+00 -1.042757479092947109e-01 4.622671743791827437e-01 2.949151301640120515e-01 -3.879137141149879842e-01 -1.168318117573401427e+00 1.258957224022350940e-01 0.000000000000000000e+00
-3.447368553213187720e-02 -3.135811762384240753e-01 2.694445139728025018e-01 1.500646985075822393e+00 2.620296000742250442e-01 1.193496090617036653e+00 -9.359152012292511202e-02 4.552573016264170880e-01 2.971322117715033961e-01 -3.806578984355535322e-01 -1.168182429515862042e+00 1.220279469720857851e-01 0.000000000000000000e+00
-3.161657987456032576e-02 -3.129474982132984251e-01 2.710652739099554953e-01 1.503935761712853925e+00 2.657755388966624999e-01 1.186104100873804246e+00 -8.190062576688394991e-02 4.477465548516347815e-01 2.995032240900008524e-01 -3.726533017261295377e-01 -1.167967645573946944e+00 1.177938370892392395e-01 0.000000000000000000e+00
-2.897721259926572951e-02 -3.123410055856159495e-01 2.725241024866656980e-01 1.507137882050827216e+00 2.691467242846061758e-01 1.179357036827521688e+00 -7.100404417309413851e-02 4.408922772855569105e-01 3.016599850988013198e-01 -3.651342658624543991e-01 -1.167705590522683190e+00 1.138458006417376461e-01 0.000000000000000000e+00
-2.611645498443270277e-02 -3.116613381590265242e-01 2.740640028012325535e-01 1.510784053724689713e+00 2.727045309514144478e-01 1.172135478799642749e+00 -5.908770906958857316e-02 4.335546026921160978e-01 3.039582931195399240e-01 -3.568497709224631720e-01 -1.167350990623539309e+00 1.095266110844414914e-01 0.000000000000000000e+00
-2.347496870298234478e-02 -3.110138183726517958e-01 2.754478648679038466e-01 1.514310716614176044e+00 2.759012180658153568e-01 1.165555378247354668e+00 -4.798615561802514057e-02 4.268652080870278254e-01 3.060407519339272131e-01 -3.490756042263583048e-01 -1.166956576466098516e+00 1.055012264520299031e-01 0.000000000000000000e+00
-2.061318570361678551e-02 -3.102912502815088347e-01 2.769061995204504800e-01 1.518302247849034892e+00 2.792695990858931054e-01 1.158525431787769788e+00 -3.585132479183538584e-02 4.197116577934523751e-01 3.082510424806386151e-01 -3.405184015907429251e-01 -1.166455236390891104e+00 1.010994539338060660e-01 0.000000000000000000e+00
-1.797205557083384614e-02 -3.096053798310022254e-01 2.782148639871471762e-01 1.522141246576294016e+00 2.822918799087585917e-01 1.152130655176119012e+00 -2.455275567625493649e-02 4.131961010285190028e-01 3.102458832951624501e-01 -3.324974597301286749e-01 -1.165923669437311183e+00 9.699935931043933424e-02 0.000000000000000000e+00
-1.511200147830854025e-02 -3.088426413859250985e-01 2.795918371006175795e-01 1.526463776699155339e+00 2.854720923309876923e-01 1.145311034490777313e+00 -1.220966045133447739e-02 4.062350307027289831e-01 3.123544410882326261e-01 -3.236782020432495410e-01 -1.165271727602459784e+00 9.251823291410955774e-02 0.000000000000000000e+00
-1.247344063189839529e-02 -3.081211092401233143e-01 2.808251594743104151e-01 1.530601648781341417e+00 2.883214240893092750e-01 1.139120546327421657e+00 -7.225604015410135679e-04 3.999020003410069801e-01 3.142488807296603959e-01 -3.154188406860459204e-01 -1.164598613636942170e+00 8.834580850001196028e-02 0.000000000000000000e+00
-9.617144780589842110e-03 -3.073212607812422781e-01 2.821203802326558430e-01 1.535240446245730084e+00 2.913156020437686067e-01 1.132532791906310621e+00 1.182056325339819573e-02 3.931437630217400891e-01 3.162415910153122400e-01 -3.063451845360369297e-01 -1.163791010036375750e+00 8.378728398450173420e-02 0.000000000000000000e+00
-6.983072839208187207e-03 -3.065666891324818621e-01 2.832783598330673724e-01 1.539662643047199353e+00 2.939951282496577889e-01 1.126565428716170825e+00 2.348716042568158024e-02 3.870014815730949964e-01 3.180236452587388296e-01 -2.978559590872458807e-01 -1.162973020107557875e+00 7.954467695330215415e-02 0.000000000000000000e+00
-4.132655310558718334e-03 -3.057323674371603683e-01 2.844921630263719248e-01 1.544600915268197205e+00 2.968078982231876495e-01 1.120229043361669063e+00 3.621906988767249758e-02 3.804536339799443612e-01 3.198886569701213656e-01 -2.885386902765218475e-01 -1.162007357896295057e+00 7.491140083494476909e-02 0.000000000000000000e+00
-1.504697392670264946e-03 -3.049473619794469403e-01 2.855749567171828041e-01 1.549291782148279673e+00 2.993223630758041764e-01 1.114503494594696331e+00 4.805565996128700890e-02 3.745100576381327762e-01 3.215466079067501592e-01 -2.798282560096860827e-01 -1.161041695685032460e+00 7.060050036654148820e-02 0.000000000000000000e+00
1.338420408844543611e-03 -3.040815208071161457e-01 2.867072229790965099e-01 1.554512507897293894e+00 3.019593469121466534e-01 1.108439746550599292e+00 6.096691875853255116e-02 3.681822870195636810e-01 3.232710047125766373e-01 -2.702753307320037157e-01 -1.159914645911710895e+00 6.589395818988248721e-02 0.000000000000000000e+00
3.958922497947106427e-03 -3.032685891924101762e-01 2.877150359553158343e-01 1.559455487532483531e+00 3.043151146828471099e-01 1.102974574915641881e+00 7.296348158987675525e-02 3.624450390832059665e-01 3.247940665399928761e-01 -2.613524427892068847e-01 -1.158799447205240307e+00 6.151644124352438625e-02 0.000000000000000000e+00
6.793276583436875203e-03 -3.023737103232646550e-01 2.887663982460621503e-01 1.564939839351367823e+00 3.067845092031764587e-01 1.097202191992771692e+00 8.604194113049803971e-02 3.563440366314570840e-01 3.263671957959026759e-01 -2.515748465840627057e-01 -1.157510077763478362e+00 5.673876769862506303e-02 0.000000000000000000e+00
9.405276801103845327e-03 -3.015352547538679429e-01 2.896995531792549428e-01 1.570117573353848606e+00 3.089895779751494764e-01 1.092015392713744593e+00 9.818804461823940621e-02 3.508203409250101323e-01 3.277452485019640704e-01 -2.424483433311724612e-01 -1.156244277297363565e+00 5.229609901291169122e-02 0.000000000000000000e+00
1.223004576790041355e-02 -3.006141250726537262e-01 2.906701266806446249e-01 1.575846524234389534e+00 3.113004703164574671e-01 1.086554833204900650e+00 1.114231396428493753e-01 3.449551946773013467e-01 3.291552591411064377e-01 -2.324543486427025629e-01 -1.154790590816344054e+00 4.744833855826204733e-02 0.000000000000000000e+00
1.483277567426800371e-02 -2.997524684191422706e-01 2.915290495897936429e-01 1.581240737603393676e+00 3.133644029492890226e-01 1.081664044788878343e+00 1.237078939548429957e-01 3.396519754195992946e-01 3.303785821878344464e-01 -2.231332016036411681e-01 -1.153373389642258218e+00 4.294177481233279331e-02 0.000000000000000000e+00
1.764711952132455228e-02 -2.988072763087800121e-01 2.924196430552641335e-01 1.587194062895758151e+00 3.155283884513160331e-01 1.076532489413913662e+00 1.370866914873979381e-01 3.340285443303288582e-01 3.316165526205576697e-01 -2.129338439056125132e-01 -1.151756318228362108e+00 3.802561689074934748e-02 0.000000000000000000e+00
2.024007521104733212e-02 -2.979245959827717671e-01 2.932048603300350664e-01 1.592785905128738300e+00 3.174622255456096553e-01 1.071954391984044630e+00 1.494988114785245903e-01 3.289523595555560731e-01 3.326760912602455544e-01 -2.034270578938157936e-01 -1.150187716346305455e+00 3.345623375201323829e-02 0.000000000000000000e+00
2.304373117037751897e-02 -2.969578679425761703e-01 2.940158230921834370e-01 1.598942993594378414e+00 3.194916482183352002e-01 1.067170535092070160e+00 1.630096934787690910e-01 3.235790991611849909e-01 3.337312356841353189e-01 -1.930309258807439143e-01 -1.148406594209260501e+00 2.847231918663329503e-02 0.000000000000000000e+00
2.562666470375613362e-02 -2.960561789589082893e-01 2.947279971302322332e-01 1.604713131379186031e+00 3.213078835269684852e-01 1.062920428704161147e+00 1.755374862073676712e-01 3.187361740083894945e-01 3.346184678012948943e-01 -1.833476388677021673e-01 -1.146687523725614444e+00 2.384101963314745609e-02 0.000000000000000000e+00
2.841936138430476225e-02 -2.950697681996223287e-01 2.954603055404597112e-01 1.611052583145238692e+00 3.232173952518424542e-01 1.058499527285629238e+00 1.891668622313638359e-01 3.136180777359615646e-01 3.354833293652983439e-01 -1.727658179476244948e-01 -1.144744348236238052e+00 1.879064671500242298e-02 0.000000000000000000e+00
3.099225891843289740e-02 -2.941509442161650556e-01 2.961001492296038151e-01 1.616981135021838156e+00 3.249297777707367274e-01 1.054591868084009842e+00 2.017983018606369361e-01 3.090143710280824907e-01 3.361902654766599774e-01 -1.629151845495849238e-01 -1.142876007573492947e+00 1.409815583398550329e-02 0.000000000000000000e+00
3.377421848777718144e-02 -2.931470160543642178e-01 2.967543680902709480e-01 1.623481291431373208e+00 3.267345327842567926e-01 1.050549815237743267e+00 2.155336051169910450e-01 3.041592619132998943e-01 3.368552568008527093e-01 -1.521565297331259892e-01 -1.140771710838166975e+00 8.981626249292620767e-03 0.000000000000000000e+00
3.633726973533564497e-02 -2.922127184883459572e-01 2.973226781351623327e-01 1.629548024324852129e+00 3.283579860644647574e-01 1.046997603721373071e+00 2.282562913031129515e-01 2.998002997095990940e-01 3.373747063714727101e-01 -1.421478044348765679e-01 -1.138756097367140452e+00 4.228528947902009116e-03 0.000000000000000000e+00
3.910868501260864050e-02 -2.911927378382479503e-01 2.979000205274616175e-01 1.636186806832439444e+00 3.300750553914140184e-01 1.043346458414291522e+00 2.420833238142634791e-01 2.952124055206923336e-01 3.378334358692387518e-01 -1.312234094524522554e-01 -1.136493875179172663e+00 -9.532010750635340392e-04 0.000000000000000000e+00
4.166226556564839312e-02 -2.902444582619776448e-01 2.983977273978503097e-01 1.642371212566667182e+00 3.316254400196738672e-01 1.040161046215064111e+00 2.548845566077859170e-01 2.911034142748090692e-01 3.381584746802828167e-01 -1.210658717059162476e-01 -1.134333385744845879e+00 -5.766466766645614653e-03 0.000000000000000000e+00
4.442375144934229692e-02 -2.892101809382263133e-01 2.988989405085513140e-01 1.649126186418667928e+00 3.332721646826772854e-01 1.036913495486180725e+00 2.687899359892552131e-01 2.867898922572077458e-01 3.384025533941885655e-01 -1.099848495618816480e-01 -1.131915368633108265e+00 -1.101339241650880346e-02 0.000000000000000000e+00
4.696839532216747631e-02 -2.882491970791430935e-01 2.993269588030579853e-01 1.655407428723517427e+00 3.347662267913769085e-01 1.034105007427337686e+00 2.816567158351072631e-01 2.829357988171586902e-01 3.385271893332044701e-01 -9.968785372038796444e-02 -1.129612932712680262e+00 -1.588651427905494670e-02 0.000000000000000000e+00
4.972049153370679264e-02 -2.872016294288240457e-01 2.997534325354322959e-01 1.662256192777128661e+00 3.363613702276877504e-01 1.031269443174133382e+00 2.956257614113862453e-01 2.789000611460094037e-01 3.385515572571784482e-01 -8.846127317802371381e-02 -1.127043514892971832e+00 -2.119796332870371378e-02 0.000000000000000000e+00
5.225685357054335456e-02 -2.862290144825768712e-01 3.001129268236668035e-01 1.668613540339367596e+00 3.378163120636905603e-01 1.028845310721904216e+00 3.085448224383878779e-01 2.753054261751613496e-01 3.384697982117133019e-01 -7.803419023965806056e-02 -1.124602860911968705e+00 -2.613074312055953252e-02 0.000000000000000000e+00
5.500042113849612502e-02 -2.851694885870249552e-01 3.004655853310185254e-01 1.675533114604755625e+00 3.393784906356929199e-01 1.026430773262946072e+00 3.225633695214287222e-01 2.715539809503780266e-01 3.382671316527579020e-01 -6.667135987921184170e-02 -1.121885105019542861e+00 -3.150696003985956756e-02 0.000000000000000000e+00
5.752924615006750619e-02 -2.841861024140613368e-01 3.007575996632649851e-01 1.681945408540057585e+00 3.408120443090343343e-01 1.024397669475620720e+00 3.355211795422910481e-01 2.682230655064750668e-01 3.379741839328496145e-01 -5.612361493751958502e-02 -1.119310094561545288e+00 -3.649930933575449427e-02 0.000000000000000000e+00
6.026503624862703662e-02 -2.831151472719773965e-01 3.010380299804911175e-01 1.688913446250187356e+00 3.423607777721073830e-01 1.022408163926490587e+00 3.495741812719347918e-01 2.647585592443909563e-01 3.375406213073843809e-01 -4.463555774919079205e-02 -1.116449726392745756e+00 -4.193984783716374343e-02 0.000000000000000000e+00
6.278713631843875487e-02 -2.821216547199944524e-01 3.012638681386987649e-01 1.695359765250815443e+00 3.437906941021511287e-01 1.020769955634656334e+00 3.625570250070437872e-01 2.616952582005273031e-01 3.370315580650158349e-01 -3.397657589771729131e-02 -1.113744820252579482e+00 -4.699176871769238789e-02 0.000000000000000000e+00
6.551611951288591196e-02 -2.810401589155004376e-01 3.014731056480146054e-01 1.702352967281054674e+00 3.453449833297752569e-01 1.019210623904753810e+00 3.766296675497268764e-01 2.585235665002974526e-01 3.363611072605883212e-01 -2.237278563467314310e-02 -1.110745967707095661e+00 -5.249707196786099206e-02 0.000000000000000000e+00
6.803230296053068560e-02 -2.800370124190538768e-01 3.016340503482468627e-01 1.708812222289698646e+00 3.467889346810615336e-01 1.017969643123496581e+00 3.896235301138461504e-01 2.557314418344311391e-01 3.356319337541247005e-01 -1.161203357885578699e-02 -1.107916092732777580e+00 -5.760863933442900847e-02 0.000000000000000000e+00
7.075529924129018988e-02 -2.789450808549854832e-01 3.017738727951433386e-01 1.715808384868562797e+00 3.483680544905971566e-01 1.016840268068318842e+00 4.037005002933005682e-01 2.528544455535753355e-01 3.347216652935356418e-01 9.656278489425142847e-05 -1.104785147397225886e+00 -6.317844101724798267e-02 0.000000000000000000e+00
7.326639004155570400e-02 -2.779325458851084618e-01 3.018712907330712847e-01 1.722259626862802762e+00 3.498434190722097270e-01 1.015996761431143369e+00 4.166913002221662166e-01 2.503367929275552850e-01 3.337687862555052121e-01 1.094963051434742242e-02 -1.101835696489963157e+00 -6.834980883385587125e-02 0.000000000000000000e+00
7.598430607438055873e-02 -2.768306656125256726e-01 3.019429124240260998e-01 1.729235394277912619e+00 3.514655782869429146e-01 1.015298110553609412e+00 4.307571517040696407e-01 2.477596852301992558e-01 3.326137732907379352e-01 2.275339088574289750e-02 -1.098577851528469207e+00 -7.398469567700285965e-02 0.000000000000000000e+00
7.849106514150412661e-02 -2.758088326097046794e-01 3.019782430653941141e-01 1.735657687813362493e+00 3.529891320771016971e-01 1.014850439557893225e+00 4.437305745068224616e-01 2.455194174764677995e-01 3.314341260858875149e-01 3.368929155631419925e-02 -1.095514550484605554e+00 -7.921606784192160300e-02 0.000000000000000000e+00
8.120464441156573232e-02 -2.746967183833970982e-01 3.019835562303009313e-01 1.742591181815564383e+00 3.546723802118574298e-01 1.014578220435613520e+00 4.577698609568523480e-01 2.432433468508315710e-01 3.300326375622331110e-01 4.557740963583253868e-02 -1.092136996432112594e+00 -8.491589004258529028e-02 0.000000000000000000e+00
8.370774677211441361e-02 -2.736655278893250776e-01 3.019583201164319775e-01 1.748963782122642030e+00 3.562600023623825329e-01 1.014522712187050146e+00 4.707114589845787789e-01 2.412830938409651349e-01 3.286235590294723785e-01 5.658669703919232824e-02 -1.088966037101182449e+00 -9.020751622716707829e-02 0.000000000000000000e+00
8.641771606351837665e-02 -2.725433391277090611e-01 3.018987237609104257e-01 1.755831826656513606e+00 3.580207639489980664e-01 1.014673377253989539e+00 4.847083013047354672e-01 2.393125710161450592e-01 3.269716002052960313e-01 6.854941275755731256e-02 -1.085474899228197510e+00 -9.597296870394439461e-02 0.000000000000000000e+00
8.891773502746271041e-02 -2.715025938479424528e-01 3.018144580420579759e-01 1.762134021674714113e+00 3.596874051845881937e-01 1.015004837107494229e+00 4.976035270399808974e-01 2.376345964370701891e-01 3.253310929738073565e-01 7.962261602707901287e-02 -1.082202673196817067e+00 -1.013251318690550490e-01 0.000000000000000000e+00
9.162461364499435712e-02 -2.703697510810243454e-01 3.016919200427530812e-01 1.768915161093407740e+00 3.615414946202655244e-01 1.015570408353011711e+00 5.115424123169147741e-01 2.359700708215002329e-01 3.234281312168911793e-01 9.164927673993031321e-02 -1.078605807828556085e+00 -1.071561313981619495e-01 0.000000000000000000e+00
9.412198464173691936e-02 -2.693191564505812430e-01 3.015502602004844213e-01 1.775126566322949628e+00 3.633007534768539770e-01 1.016281678037291858e+00 5.243766516631973573e-01 2.345763553992777084e-01 3.215544642319656532e-01 1.027769791044469694e-01 -1.075239106157505287e+00 -1.125691311494241009e-01 0.000000000000000000e+00
9.682614814492233879e-02 -2.681756061788513890e-01 3.013663067956949271e-01 1.781797866866138946e+00 3.652617315740673831e-01 1.017254821483562388e+00 5.382412347457180557e-01 2.332216552870248205e-01 3.193975700651108252e-01 1.148577435993189122e-01 -1.071543504091829524e+00 -1.184664101001603465e-01 0.000000000000000000e+00
9.932112384621792633e-02 -2.671147915197538691e-01 3.011689343565406851e-01 1.787898295761105594e+00 3.671256772518236566e-01 1.018337116637348938e+00 5.509997404485015293e-01 2.321138468525791032e-01 3.172895449042585359e-01 1.260305366100419600e-01 -1.068089517316051174e+00 -1.239405626879534345e-01 0.000000000000000000e+00
1.020227633382265880e-01 -2.659597880767874400e-01 3.009256433455318458e-01 1.794438994318287683e+00 3.692062158209905576e-01 1.019706465216400293e+00 5.647745750022864497e-01 2.310686892827775174e-01 3.148791178016276948e-01 1.381549353348991704e-01 -1.064303500931367497e+00 -1.299040544812917752e-01 0.000000000000000000e+00
1.045154227939058267e-01 -2.648883351559152000e-01 3.006742175097228409e-01 1.800408451384715391e+00 3.711854035897932391e-01 1.021149894765662758e+00 5.774426330965480858e-01 2.302481194166536571e-01 3.125362018326305336e-01 1.493634563161213291e-01 -1.060769552743859645e+00 -1.354396678336168558e-01 0.000000000000000000e+00
1.072144924669490157e-01 -2.637217542393249792e-01 3.003732245559413427e-01 1.806796103942881260e+00 3.733954449605123571e-01 1.022904876597551027e+00 5.911111076542980847e-01 2.295156835378546201e-01 3.098702444234064934e-01 1.615215856406600758e-01 -1.056900778628301341e+00 -1.414700965164786550e-01 0.000000000000000000e+00
1.097046905493093694e-01 -2.626392478060997071e-01 3.000694980359149833e-01 1.812615015436803922e+00 3.754984563472274495e-01 1.024697921920683541e+00 6.036739043064743848e-01 2.289833675702182270e-01 3.072921713301555169e-01 1.727564968838092296e-01 -1.053294592196225121e+00 -1.470674619165799335e-01 0.000000000000000000e+00
1.124009503765875523e-01 -2.614603065258290782e-01 2.997129440344351581e-01 1.818829790774326938e+00 3.778467219125500876e-01 1.026824295191063552e+00 6.172207389814349243e-01 2.285626546970129513e-01 3.043721483529380212e-01 1.849381119602110934e-01 -1.049352048518471747e+00 -1.531647359428027488e-01 0.000000000000000000e+00
1.148883297419426713e-01 -2.603663725045973210e-01 2.993587279482415875e-01 1.824479057344817967e+00 3.800801636307120646e-01 1.028954269005363020e+00 6.296634936474758693e-01 2.283192750628933454e-01 3.015589181354330073e-01 1.961901506581208432e-01 -1.045681413588015696e+00 -1.588241197067892518e-01 0.000000000000000000e+00
1.175812316926053563e-01 -2.591750293454177512e-01 2.989482879231127876e-01 1.830499169863511355e+00 3.825723204769078123e-01 1.031439083278068214e+00 6.430719105247796330e-01 2.282127985535606085e-01 2.983838974838404212e-01 2.083853478560821204e-01 -1.041673289568419092e+00 -1.649889048666455527e-01 0.000000000000000000e+00
1.200651889711851356e-01 -2.580693492510819920e-01 2.985453413629672870e-01 1.835960001226797367e+00 3.849407713234205275e-01 1.033892505890972480e+00 6.553798426606353145e-01 2.282587380823644652e-01 2.953363090904084221e-01 2.196452595239643812e-01 -1.037946395359934826e+00 -1.707105233763558660e-01 0.000000000000000000e+00
1.227539806839685749e-01 -2.568649827224568361e-01 2.980831751676570329e-01 1.841766634392394408e+00 3.875810286824199480e-01 1.036719670981766317e+00 6.686346617220686461e-01 2.284648001717093646e-01 2.919086876094219019e-01 2.318440353446404589e-01 -1.033881878904255869e+00 -1.769426365775207122e-01 0.000000000000000000e+00
1.252336924000083396e-01 -2.557473497162397469e-01 2.976332891648024725e-01 1.847020875334728807e+00 3.900868803089307946e-01 1.039482191673362532e+00 6.807931239417436275e-01 2.288001587319775931e-01 2.886278063044986908e-01 2.431026986557617564e-01 -1.030107047796150477e+00 -1.827266729252797206e-01 0.000000000000000000e+00
1.279172834801732273e-01 -2.545301694439502382e-01 2.971211592813473579e-01 1.852593413530764010e+00 3.928760115979912371e-01 1.042636613176444627e+00 6.938775006934120304e-01 2.293205903432495307e-01 2.849474508360636538e-01 2.552951661136056982e-01 -1.025994993915013476e+00 -1.890266634447279881e-01 0.000000000000000000e+00
1.303916582374980149e-01 -2.534005384452599485e-01 2.966261482322472554e-01 1.857623447033941666e+00 3.955193646867041224e-01 1.045693252702304399e+00 7.058717790318835839e-01 2.299450849741162539e-01 2.814347413582491964e-01 2.665434597412325024e-01 -1.022180614864720338e+00 -1.948732174990766564e-01 0.000000000000000000e+00
1.330688369264313720e-01 -2.521702179906907815e-01 2.960662247602202646e-01 1.862944638398433383e+00 3.984568873520712984e-01 1.049157410420599845e+00 7.187709995087641079e-01 2.307775558413614203e-01 2.775048476956736287e-01 2.787198650087519547e-01 -1.018030544359022738e+00 -2.012407690864288778e-01 0.000000000000000000e+00
1.355365380165280409e-01 -2.510287233944805130e-01 2.955278593273670817e-01 1.867733523353952485e+00 4.012355250491959069e-01 1.052492800495670178e+00 7.305865131590641992e-01 2.316906372658519009e-01 2.737623074157853331e-01 2.899488340737188530e-01 -1.014185272640084401e+00 -2.071498741368807128e-01 0.000000000000000000e+00
1.382056437950094918e-01 -2.497858986806203441e-01 2.949218710275156585e-01 1.872783949020297101e+00 4.043171723212255486e-01 1.056250696885145501e+00 7.432836662882350565e-01 2.328362625877767322e-01 2.695838076654508697e-01 3.020993400996372369e-01 -1.010006373415586634e+00 -2.135853862663003866e-01 0.000000000000000000e+00
1.406651383302792435e-01 -2.486328911029416222e-01 2.943419422021482101e-01 1.877315577732275642e+00 4.072267048317832483e-01 1.059849014716724991e+00 7.549060341804770813e-01 2.340370652785366268e-01 2.656137002704153094e-01 3.133000297227788722e-01 -1.006138930880573490e+00 -2.195569923785850863e-01 0.000000000000000000e+00
1.433244686186550265e-01 -2.473776977303292213e-01 2.936919496546765984e-01 1.882079600204540348e+00 4.104472170273636422e-01 1.063882883768638710e+00 7.673868054710788478e-01 2.354928489989148443e-01 2.611908554900663759e-01 3.254152155747400688e-01 -1.001940790317199959e+00 -2.260599324178541869e-01 0.000000000000000000e+00
1.457739648065217719e-01 -2.462138088595380858e-01 2.930722444096022228e-01 1.886338721785084438e+00 4.134807994888145544e-01 1.067728116644107050e+00 7.788016465353765350e-01 2.369802078229672759e-01 2.569957109829188457e-01 3.365788206797023507e-01 -9.980599653977091368e-01 -2.320938897891603458e-01 0.000000000000000000e+00
1.484213347012076356e-01 -2.449474696145436114e-01 2.923799519785694190e-01 1.890798647544150057e+00 4.168307552063099664e-01 1.072021397883579752e+00 7.910491914935147140e-01 2.387466159949895861e-01 2.523302522272639070e-01 3.486489658197276520e-01 -9.938521708753839112e-01 -2.386644574753606640e-01 0.000000000000000000e+00
1.508588595898038565e-01 -2.437735748416499093e-01 2.917221455091812965e-01 1.894770795943913733e+00 4.199795682630336202e-01 1.076097711724599559e+00 8.022424575551176940e-01 2.405190329242213876e-01 2.479133995593671980e-01 3.597667312644269311e-01 -9.899669517400947472e-01 -2.447604997895792556e-01 0.000000000000000000e+00
1.534921648353439749e-01 -2.424968179644163557e-01 2.909896075559900708e-01 1.898913347383651029e+00 4.234489700909946919e-01 1.080632294179399100e+00 8.142430609011782616e-01 2.425923870566321361e-01 2.430101205183681223e-01 3.717827143657826960e-01 -9.857592237967967019e-01 -2.513979128191405898e-01 0.000000000000000000e+00
1.559155037582096448e-01 -2.413141608709665209e-01 2.902954000991829209e-01 1.902585143741547746e+00 4.267017229392546795e-01 1.084923798244331383e+00 8.252006372063093176e-01 2.446480811020643187e-01 2.383748886410848034e-01 3.828460514557034955e-01 -9.818785320353604629e-01 -2.575556406021081712e-01 0.000000000000000000e+00
1.585321274858654261e-01 -2.400289050323061446e-01 2.895242148877128496e-01 1.906394609005879204e+00 4.302764714896070153e-01 1.089683352375829806e+00 8.369377207625064985e-01 2.470281648130249474e-01 2.332364524758314683e-01 3.947982518489518422e-01 -9.776805912090685835e-01 -2.642598323960032025e-01 0.000000000000000000e+00
1.609389290921594828e-01 -2.388390232351509379e-01 2.887951563867184879e-01 1.909753511048394081e+00 4.336201408703908022e-01 1.094174675008466657e+00 8.476458920315516066e-01 2.493650553800558223e-01 2.283869692888518266e-01 4.057986384686058656e-01 -9.738134149901644943e-01 -2.704787296602585434e-01 0.000000000000000000e+00
1.635363921057727821e-01 -2.375467089064443038e-01 2.879872018118947441e-01 1.913218848541347938e+00 4.372858954844081047e-01 1.099141859345374783e+00 8.591062731504895966e-01 2.520475576775517701e-01 2.230191017956881794e-01 4.176783343011769012e-01 -9.696349152398301419e-01 -2.772486349540512762e-01 0.000000000000000000e+00
1.659241584200885355e-01 -2.363515139254253883e-01 2.872248966539616699e-01 1.916253780950960994e+00 4.407053241410769928e-01 1.103817498656010532e+00 8.695515238409166070e-01 2.546632312764435246e-01 2.179593620406465870e-01 4.286074147826440250e-01 -9.657901761531101359e-01 -2.835280525540786467e-01 0.000000000000000000e+00
1.684994666765108062e-01 -2.350548662477894013e-01 2.863816573936823207e-01 1.919361682053770224e+00 4.444435083958735433e-01 1.108976413686484808e+00 8.807188906609185741e-01 2.576472699883636808e-01 2.123655253289895573e-01 4.404051518326678183e-01 -9.616410377537938370e-01 -2.903632552288488156e-01 0.000000000000000000e+00
1.708655398665976932e-01 -2.338566364422057509e-01 2.855875801114766688e-01 1.922062651881619288e+00 4.479216765315809923e-01 1.113821336362859515e+00 8.908879049672772110e-01 2.605390301685125976e-01 2.071001895377941882e-01 4.512546703765688560e-01 -9.578278571259911667e-01 -2.967023109925371882e-01 0.000000000000000000e+00
1.734159707242162451e-01 -2.325578613796380201e-01 2.847107425198412423e-01 1.924804597772007853e+00 4.517143133706857938e-01 1.119155666115613901e+00 9.017498072102471118e-01 2.638196618020835493e-01 2.012869083523143310e-01 4.629620929761253390e-01 -9.537174677205355611e-01 -3.036014628229827816e-01 0.000000000000000000e+00
1.757575997159344094e-01 -2.313592629143627621e-01 2.838863181841806416e-01 1.927162880057480265e+00 4.552325755250352657e-01 1.124155251029843594e+00 9.116295356431959318e-01 2.669845125072632941e-01 1.958207702149268314e-01 4.737239602306492214e-01 -9.499447005622749796e-01 -3.099991747096801364e-01 0.000000000000000000e+00
1.782799112848042766e-01 -2.300619114430521028e-01 2.829772307858389735e-01 1.929528362611739212e+00 4.590573348658830710e-01 1.129649662523091180e+00 9.221701940796750430e-01 2.705601391658308819e-01 1.897923056133690167e-01 4.853317806054366357e-01 -9.458831135837949544e-01 -3.169614434579606788e-01 0.000000000000000000e+00
1.805942451114743719e-01 -2.288659916726688004e-01 2.821237585273034809e-01 1.931536440427389145e+00 4.625955382326152332e-01 1.134789836248154771e+00 9.317478534659814349e-01 2.739947847341924758e-01 1.841306914519695859e-01 4.959980403768265989e-01 -9.421596149057007707e-01 -3.234166130451764931e-01 0.000000000000000000e+00
1.830855487526615033e-01 -2.275730814336022201e-01 2.811839311696113786e-01 1.933519954310638056e+00 4.664312008067525994e-01 1.140428938891487221e+00 9.419555501871733627e-01 2.778598970032517546e-01 1.778941008112220334e-01 5.074983689121158603e-01 -9.381560182599573139e-01 -3.304402343670697628e-01 0.000000000000000000e+00
1.853696961544867849e-01 -2.263832324332390178e-01 2.803026130538315841e-01 1.935171657310402082e+00 4.699679909885370321e-01 1.145696051455286968e+00 9.512188234067959769e-01 2.815607088778098732e-01 1.720427364221541744e-01 5.180612314541834795e-01 -9.344905764936268788e-01 -3.369515300742589314e-01 0.000000000000000000e+00
1.878265785384803377e-01 -2.250991820991253278e-01 2.793332297745457771e-01 1.936765605937258883e+00 4.737891376358005502e-01 1.151465308853314218e+00 9.610782452364328154e-01 2.857130097809205682e-01 1.656029465902337794e-01 5.294449801127544264e-01 -9.305548238766532254e-01 -3.440352389682471146e-01 0.000000000000000000e+00
1.900775926024596274e-01 -2.239192052859247384e-01 2.784251975500056098e-01 1.938056283453891027e+00 4.773018521260405933e-01 1.156846039841945117e+00 9.700150149064117322e-01 2.896761263780947004e-01 1.595676909278962441e-01 5.398967888373658042e-01 -9.269560942956290850e-01 -3.506010296092421097e-01 0.000000000000000000e+00
1.924970920504757987e-01 -2.226477804654552473e-01 2.774274872842201201e-01 1.939258019999556382e+00 4.810850261863723887e-01 1.162731326527881803e+00 9.795153760420787226e-01 2.941094573552360258e-01 1.529326913880728611e-01 5.511565673471935378e-01 -9.230970407180497661e-01 -3.577426955464530489e-01 0.000000000000000000e+00
1.947119798369374710e-01 -2.214818339760100396e-01 2.764937695651867311e-01 1.940184422529345198e+00 4.845499471631704580e-01 1.168212708406718203e+00 9.881138576745901458e-01 2.983307008410661099e-01 1.467198028810268173e-01 5.614898321137826720e-01 -9.195736785958750215e-01 -3.643611501980043577e-01 0.000000000000000000e+00
1.970905937009502229e-01 -2.202282708232903841e-01 2.754686931352215429e-01 1.940989383995186834e+00 4.882674504366595336e-01 1.174200299346884080e+00 9.972404441512645601e-01 3.030420991255252661e-01 1.398953194296441715e-01 5.726167854642427724e-01 -9.158009780166413982e-01 -3.715589755447024078e-01 0.000000000000000000e+00
1.992664043613242286e-01 -2.190808318685626976e-01 2.745102539511017903e-01 1.941549883387647668e+00 4.916602238514782286e-01 1.179769634303014625e+00 1.005489385890703247e+00 3.075169421261581548e-01 1.335111896645062579e-01 5.828242158693257569e-01 -9.123613057317224717e-01 -3.782280968359924556e-01 0.000000000000000000e+00
2.016012131418835618e-01 -2.178495870285323266e-01 2.734588458057420901e-01 1.941958879374865887e+00 4.952870573052488012e-01 1.185846039873892144e+00 1.014232477170406099e+00 3.124997165256964693e-01 1.265056112589983961e-01 5.938114198415839207e-01 -9.086834802663230626e-01 -3.854794184310874616e-01 0.000000000000000000e+00
2.037349501407008379e-01 -2.167254590114394419e-01 2.724764101591709009e-01 1.942152821557654008e+00 4.985828257519386852e-01 1.191491513680433378e+00 1.022120893477275416e+00 3.172233986406836070e-01 1.199574307707116372e-01 6.038858919292446892e-01 -9.053356204599842805e-01 -3.921969093856760846e-01 0.000000000000000000e+00
2.060224153786182621e-01 -2.155225075716083460e-01 2.713994275135549472e-01 1.942164500152490092e+00 5.020896816841822208e-01 1.197643587798613352e+00 1.030466441385256671e+00 3.224738540192884639e-01 1.127771489976945318e-01 6.147248909868399114e-01 -9.017619911722343229e-01 -3.994994635422414730e-01 0.000000000000000000e+00
2.081111382590740688e-01 -2.144267844358591080e-01 2.703937730193647360e-01 1.941993419992467551e+00 5.052629269707074045e-01 1.203352884185758143e+00 1.037983879352277761e+00 3.274412819530451157e-01 1.060718420050930089e-01 6.246594805382442717e-01 -8.985140664858007886e-01 -4.062627608675794533e-01 0.000000000000000000e+00
2.103484277879217323e-01 -2.132571504016748942e-01 2.692920038367670466e-01 1.941611775398667916e+00 5.086243504747591793e-01 1.209567816555066289e+00 1.045923295194022051e+00 3.329521279072324424e-01 9.872591161227273204e-02 6.353436833574787057e-01 -8.950525562799430679e-01 -4.136133185027935366e-01 0.000000000000000000e+00
2.123891900743679062e-01 -2.121951958495572610e-01 2.682637195306306621e-01 1.941078311117646393e+00 5.116494109071534346e-01 1.215329291895643093e+00 1.053059634809052847e+00 3.381579420480648190e-01 9.187093496640907908e-02 6.451317324699014089e-01 -8.919122898805762478e-01 -4.204196591692499485e-01 0.000000000000000000e+00
2.145727688226076180e-01 -2.110654597921048092e-01 2.671376739129740496e-01 1.940305219613090770e+00 5.148353502243363522e-01 1.221594374947496009e+00 1.060579669358136856e+00 3.439248176515496969e-01 8.436654648872909945e-02 6.556530829884774647e-01 -8.885718869252897667e-01 -4.278153240954272740e-01 0.000000000000000000e+00
2.165626748182542249e-01 -2.100428533116157626e-01 2.660872584596271073e-01 1.939413611546519256e+00 5.176866178823482656e-01 1.227396390761080314e+00 1.067325323241253177e+00 3.493633920716550101e-01 7.736962335676400571e-02 6.652880003382205532e-01 -8.855468022430688091e-01 -4.346615788887211451e-01 0.000000000000000000e+00
2.186898047162689485e-01 -2.089584854283917381e-01 2.649375157813446680e-01 1.938256436160046725e+00 5.206716658448806712e-01 1.233699179092365927e+00 1.074418519646624492e+00 3.553784409992216120e-01 6.971623101609436546e-02 6.756405064436855623e-01 -8.823347636523242166e-01 -4.420985561013083265e-01 0.000000000000000000e+00
2.206259953099100612e-01 -2.079809600024977723e-01 2.638653803289088273e-01 1.937012511430419082e+00 5.233236601398543186e-01 1.239530136301186580e+00 1.080764499629147224e+00 3.610438168756608390e-01 6.258535088129812962e-02 6.851160336021875352e-01 -8.794321843802469507e-01 -4.489813627805636087e-01 0.000000000000000000e+00
2.226931862056873157e-01 -2.069489661934645897e-01 2.626922584646720904e-01 1.935476409631160521e+00 5.260779338414725004e-01 1.245857919886647736e+00 1.087418607349792010e+00 3.673019791212379648e-01 5.479081100285410066e-02 6.952919721273802534e-01 -8.763570322695323211e-01 -4.564561235911162029e-01 0.000000000000000000e+00
2.245728237698385588e-01 -2.060224222881791856e-01 2.615987242268810742e-01 1.933887367398442692e+00 5.285055725315066510e-01 1.251706294889801674e+00 1.093356324737205343e+00 3.731878980254493272e-01 4.753422966460618682e-02 7.046019172451065682e-01 -8.735838160474055369e-01 -4.633717870203203915e-01 0.000000000000000000e+00
2.265774013792539732e-01 -2.050485557710767237e-01 2.604025574273289845e-01 1.931982750672791127e+00 5.310044243978606637e-01 1.258046993834931238e+00 1.099565018765534363e+00 3.796808179211170753e-01 3.960852910247592007e-02 7.145959618678469072e-01 -8.706520751613919806e-01 -4.708799372130399452e-01 0.000000000000000000e+00
2.283976647663928383e-01 -2.041789731024522270e-01 2.592878425509040352e-01 1.930057299013256511e+00 5.331829778714798351e-01 1.263901270432807644e+00 1.105086484074568443e+00 3.857807883979435526e-01 3.223476867626473563e-02 7.237345325694265474e-01 -8.680149464709681073e-01 -4.778244626505577797e-01 0.000000000000000000e+00
2.303361883353261808e-01 -2.032704527542258111e-01 2.580688375185907213e-01 1.927792825176872782e+00 5.353975107437136671e-01 1.270241755789547122e+00 1.110838712292057773e+00 3.925026069893035596e-01 2.418629638788161174e-02 7.335392930176896087e-01 -8.652345397138981875e-01 -4.853616745886727979e-01 0.000000000000000000e+00
2.320942589977618709e-01 -2.024638809098381620e-01 2.569330750495673055e-01 1.925540963128816507e+00 5.373029033959442202e-01 1.276090464178720962e+00 1.115936402092633006e+00 3.988098379779654312e-01 1.670414530530406338e-02 7.425008966648334319e-01 -8.627397569837392810e-01 -4.923307676872466510e-01 0.000000000000000000e+00
2.339641154067421680e-01 -2.016265151682040402e-01 2.556913707838495697e-01 1.922929876818283645e+00 5.392101408447755873e-01 1.282418696182969109e+00 1.121227171072238793e+00 4.057517002543932771e-01 8.543420776974341990e-03 7.521115126696297226e-01 -8.601164101519566119e-01 -4.998919813646859889e-01 0.000000000000000000e+00
2.356572347316933935e-01 -2.008889525281067068e-01 2.545346944658122834e-01 1.920363324052671850e+00 5.408192504301583270e-01 1.288249977758838316e+00 1.125894360882602641e+00 4.122591010884882334e-01 9.616674696275584466e-04 7.608907563611302383e-01 -8.577698989154879383e-01 -5.068809483028945406e-01 0.000000000000000000e+00
2.374549544964328074e-01 -2.001299973704926682e-01 2.532703148500728418e-01 1.917417074515330278e+00 5.423918782462484600e-01 1.294552829077105782e+00 1.130713750349264579e+00 4.194145155948267867e-01 -7.302254550942688383e-03 7.703003702826527466e-01 -8.553107359649086971e-01 -5.144611037135871090e-01 0.000000000000000000e+00
2.390802494910440890e-01 -1.994674785096926806e-01 2.520927432709142435e-01 1.914548410229990338e+00 5.436821806552778469e-01 1.300355018715111832e+00 1.134943915424746486e+00 4.261146960023298735e-01 -1.497428901924302558e-02 7.788920608543847823e-01 -8.531180888604190660e-01 -5.214649177748729159e-01 0.000000000000000000e+00
2.408032516809509582e-01 -1.987925561294555943e-01 2.508057373831370507e-01 1.911283130683969489e+00 5.448994415098447064e-01 1.306620233235282758e+00 1.139288463269047202e+00 4.334742418062229041e-01 -2.333062272963926098e-02 7.880964782139165958e-01 -8.508279700600327455e-01 -5.290582891224748785e-01 0.000000000000000000e+00
2.423579162546777854e-01 -1.982109004302275712e-01 2.496072442965129590e-01 1.908126315616057056e+00 5.458498759538708001e-01 1.312381619536627131e+00 1.143076144129412608e+00 4.403595451990001686e-01 -3.108348413702310964e-02 7.964958219759175062e-01 -8.487943136726211479e-01 -5.360715906951440957e-01 0.000000000000000000e+00
2.440026078813714860e-01 -1.976270998365226017e-01 2.482975343701786519e-01 1.904556158468222904e+00 5.466864704339968739e-01 1.318595952235776192e+00 1.146937061919754752e+00 4.479159984759910063e-01 -3.952250899926634808e-02 8.054887177658697217e-01 -8.466795640300164294e-01 -5.436721525776894159e-01 0.000000000000000000e+00
2.454837793443969129e-01 -1.971320043909607633e-01 2.470780827261850332e-01 1.901126273598995553e+00 5.472770315230617300e-01 1.324304627893321262e+00 1.150277331716986762e+00 4.549785352393130311e-01 -4.734660996581019354e-02 8.136910541862321100e-01 -8.448096920496444007e-01 -5.506891825758846171e-01 0.000000000000000000e+00
2.470475342330520074e-01 -1.966445657533635594e-01 2.457456492389265001e-01 1.897269593466155868e+00 5.477150328791084988e-01 1.330455900302665917e+00 1.153652622082553147e+00 4.627219757143410939e-01 -5.585727386137628869e-02 8.224688331391333262e-01 -8.428740399903477121e-01 -5.582905101172432882e-01 0.000000000000000000e+00
2.484522960411644776e-01 -1.962414981356151167e-01 2.445051645452619715e-01 1.893582587443394694e+00 5.479271740242914746e-01 1.336100210389717269e+00 1.156541219758907557e+00 4.699535233383421717e-01 -6.374276069104656273e-02 8.304698345810856974e-01 -8.411720803167052063e-01 -5.653051432704575552e-01 0.000000000000000000e+00
2.499313719705585357e-01 -1.958570608292046489e-01 2.431498833993673281e-01 1.889455618919165580e+00 5.479440143505684979e-01 1.342175060426261224e+00 1.159423559006700355e+00 4.778760613966780979e-01 -7.231467729168472580e-02 8.390265711635100931e-01 -8.394211184790053570e-01 -5.729003455413089752e-01 0.000000000000000000e+00
2.512566860779500422e-01 -1.955512631096826548e-01 2.418882796738471841e-01 1.885528356593286325e+00 5.477603127040575615e-01 1.347743443196314450e+00 1.161856756136651292e+00 4.852680977658701544e-01 -8.025142997233869480e-02 8.468222428854172978e-01 -8.378908661166458716e-01 -5.799059905258441283e-01 0.000000000000000000e+00
2.526483413673578649e-01 -1.952744401576570199e-01 2.405101108717248581e-01 1.881151295104393384e+00 5.473412890683211351e-01 1.353730050927227646e+00 1.164245744792506754e+00 4.933593137897488989e-01 -8.887328084341583612e-02 8.551550741991934546e-01 -8.363271910826058919e-01 -5.874878104122179812e-01 0.000000000000000000e+00
2.538911577085116167e-01 -1.950707852811449095e-01 2.392273721850398660e-01 1.877001572547346342e+00 5.467460267490702464e-01 1.359210798599148839e+00 1.166220745056909536e+00 5.009031170515617637e-01 -9.685131252096623733e-02 8.627416211965022175e-01 -8.349719749828917736e-01 -5.944775430092399393e-01 0.000000000000000000e+00
2.551914551155746169e-01 -1.949075103310914103e-01 2.378262162983881267e-01 1.872392401651974403e+00 5.458718522772554316e-01 1.365096203759407212e+00 1.168110657324484158e+00 5.091543557674407250e-01 -1.055121787020127933e-01 8.708452874984770054e-01 -8.336000475473374083e-01 -6.020381241859203980e-01 0.000000000000000000e+00
2.563486177450599590e-01 -1.948104640721896041e-01 2.365222752506591086e-01 1.868038295298899421e+00 5.448511461818541513e-01 1.370478245720648580e+00 1.169625463352521377e+00 5.168408711741683259e-01 -1.135209698901535891e-01 8.782191810827431055e-01 -8.324225308713588678e-01 -6.090045541234042625e-01 0.000000000000000000e+00
2.575546040127437708e-01 -1.947645470713910143e-01 2.350981261957588719e-01 1.863218241356026539e+00 5.435105493833711776e-01 1.376251380466339658e+00 1.171017364496251156e+00 5.252412469110916415e-01 -1.222092666304281927e-01 8.860914852650173534e-01 -8.312437491938625689e-01 -6.165358405280938481e-01 0.000000000000000000e+00
2.586227990542333544e-01 -1.947782007582800068e-01 2.337729499126174892e-01 1.858678249530015592e+00 5.420518217567504848e-01 1.381524038977501867e+00 1.172070511549323069e+00 5.330611866884321648e-01 -1.302381646847989849e-01 8.932495962219595409e-01 -8.302461956285461797e-01 -6.234711780598509723e-01 0.000000000000000000e+00
2.597302840314881789e-01 -1.948546733263364916e-01 2.323258144848848183e-01 1.853666549912047046e+00 5.402290071191968579e-01 1.387172558172038217e+00 1.172960273669518605e+00 5.416013783825845973e-01 -1.389425735496685466e-01 9.008858111735981167e-01 -8.292639552394976965e-01 -6.309641815238705709e-01 0.000000000000000000e+00
2.607061518124271227e-01 -1.949825608279189548e-01 2.309794363212068768e-01 1.848959592553065079e+00 5.383218235064521906e-01 1.392325624314470822e+00 1.173551362273461685e+00 5.495451218611002719e-01 -1.469807926678545762e-01 9.078252766050449729e-01 -8.284478961024701604e-01 -6.378601708505217127e-01 0.000000000000000000e+00
2.617120207954983790e-01 -1.951840910674775553e-01 2.295093936192153516e-01 1.843777944897944110e+00 5.360096481632923293e-01 1.397839661092349361e+00 1.173942048005376382e+00 5.582137777883353635e-01 -1.556894625904683416e-01 9.152239375874485772e-01 -8.276623301599240756e-01 -6.453060363632470153e-01 0.000000000000000000e+00
2.625920178370813041e-01 -1.954293216372442743e-01 2.281419417384041581e-01 1.838923261456007374e+00 5.336448672395825987e-01 1.402863413802398984e+00 1.174071078160190629e+00 5.662714712719927324e-01 -1.637262169700550718e-01 9.219422274903641412e-01 -8.270288307156214991e-01 -6.521538890531950461e-01 0.000000000000000000e+00
2.634918387133599604e-01 -1.957597531709139027e-01 2.266491331286205890e-01 1.833591350496421413e+00 5.308316264855292843e-01 1.408232011348239165e+00 1.173960423816897691e+00 5.750585047096820057e-01 -1.724272968835618425e-01 9.290992731828704443e-01 -8.264419365903952208e-01 -6.595425631815108325e-01 0.000000000000000000e+00
2.642723639098041311e-01 -1.961247520591858362e-01 2.252607295933780340e-01 1.828607844865446808e+00 5.280023531518005520e-01 1.413117710198667609e+00 1.173628593945073906e+00 5.832200947653660705e-01 -1.804514012479705443e-01 9.355941904493556560e-01 -8.259914628920083102e-01 -6.663331579080222777e-01 0.000000000000000000e+00
2.650627433542379063e-01 -1.965855700022896835e-01 2.237454241666415322e-01 1.823147423018812496e+00 5.246845099527326362e-01 1.418332497398381076e+00 1.173021126900426925e+00 5.921136546466583273e-01 -1.891329069274652053e-01 9.425088884826646751e-01 -8.256021753196659541e-01 -6.736548535349224931e-01 0.000000000000000000e+00
2.657401477845762749e-01 -1.970721107969482799e-01 2.223363677672257899e-01 1.818054357407693722e+00 5.213859422110851405e-01 1.423071974935055106e+00 1.172230567530836876e+00 6.003687216566042650e-01 -1.971333091581723984e-01 9.487785023209291957e-01 -8.253343944720584746e-01 -6.803784697600183673e-01 0.000000000000000000e+00
2.664163929132286612e-01 -1.976658256197828256e-01 2.207988474633024722e-01 1.812484935822301857e+00 5.175558483901507856e-01 1.428124024282421134e+00 1.171125755152617520e+00 6.093580887581122596e-01 -2.057828569045860867e-01 9.554475237436783619e-01 -8.251432460848180384e-01 -6.876219350298976574e-01 0.000000000000000000e+00
2.669868540071774210e-01 -1.982751004885594803e-01 2.193695231166444826e-01 1.807301197367486623e+00 5.137846967100978546e-01 1.432710077276110772e+00 1.169879129446351307e+00 6.176959134989322697e-01 -2.137482385669586815e-01 9.614902362570680872e-01 -8.250572925606358687e-01 -6.942684527414355600e-01 0.000000000000000000e+00
2.675455279611751447e-01 -1.990015999993451079e-01 2.178102490596002250e-01 1.801644104124093815e+00 5.094435817940201616e-01 1.437593088218391824e+00 1.168283895953393881e+00 6.267688372796414997e-01 -2.223537109973316994e-01 9.679135810692574005e-01 -8.250617533554616134e-01 -7.014229018518789438e-01 0.000000000000000000e+00
2.680052009428119941e-01 -1.997340360473392473e-01 2.163610858183508956e-01 1.796388348867811402e+00 5.051986790335449840e-01 1.442019820835291455e+00 1.166584932335978042e+00 6.351785673698937540e-01 -2.302726204986824676e-01 9.737283269933365570e-01 -8.251560292580505385e-01 -7.079816018264716293e-01 0.000000000000000000e+00
2.684414468152964139e-01 -2.005943161958877730e-01 2.147806512200442497e-01 1.790662854605480803e+00 5.003430499367089723e-01 1.446726783223597712e+00 1.164500609308827261e+00 6.443235296580895888e-01 -2.388213675978367867e-01 9.799033320338760289e-01 -8.253551671285611624e-01 -7.150346510784102438e-01 0.000000000000000000e+00
2.687864674695202849e-01 -2.014495532358233365e-01 2.133122266011460710e-01 1.785353343010535276e+00 4.956254286500918482e-01 1.450989212168175779e+00 1.162354101470223444e+00 6.527939132421683999e-01 -2.466820870293691126e-01 9.854891792622626490e-01 -8.256274087709944975e-01 -7.214943480394792052e-01 0.000000000000000000e+00
2.690967334573289849e-01 -2.024419806395327537e-01 2.117113106955287594e-01 1.779579954005519937e+00 4.902604487234905051e-01 1.455516376413394264e+00 1.159789211024368161e+00 6.619982640226729220e-01 -2.551618582562904525e-01 9.914167100585066228e-01 -8.260171623965275600e-01 -7.284341463660620741e-01 0.000000000000000000e+00
2.693232559756515432e-01 -2.034189256739488971e-01 2.102243778173805977e-01 1.774234925755257208e+00 4.850730022552367515e-01 1.459610527119933110e+00 1.157200751602865729e+00 6.705178495078909506e-01 -2.629529360253173298e-01 9.967731925380101110e-01 -8.264643071435519017e-01 -7.347831224048110288e-01 0.000000000000000000e+00
2.695027236963749573e-01 -2.045427057145447203e-01 2.086038230229559087e-01 1.768432206509750415e+00 4.791999041802421644e-01 1.463953457009377290e+00 1.154159022163831816e+00 6.797693382396899908e-01 -2.713505487326095533e-01 1.002451384877195428e+00 -8.270421465210718859e-01 -7.415960876844790439e-01 0.000000000000000000e+00
2.696069062905661062e-01 -2.056394533341045772e-01 2.070991689670784175e-01 1.763069158846465534e+00 4.735476255369959198e-01 1.467876921444179583e+00 1.151135135904101103e+00 6.883264077172508433e-01 -2.790600006142256451e-01 1.007578369449761535e+00 -8.276603327891065565e-01 -7.478220256808663091e-01 0.000000000000000000e+00
2.696521770285770780e-01 -2.068912089397766663e-01 2.054599457354716607e-01 1.757256815517455273e+00 4.671759968111159900e-01 1.472034304985543551e+00 1.147627220116248958e+00 6.976119849110028470e-01 -2.873632042608744719e-01 1.013008821228541967e+00 -8.284206652803240978e-01 -7.544952415823323877e-01 0.000000000000000000e+00
2.696303320126325342e-01 -2.081050284605002465e-01 2.039386047940663083e-01 1.751893419496241222e+00 4.610658395317983604e-01 1.475785433382953649e+00 1.144175497027397181e+00 7.061945541560011863e-01 -2.949794455043377450e-01 1.017906640789306705e+00 -8.292053656955159502e-01 -7.605853583631255743e-01 0.000000000000000000e+00
2.695367785252353321e-01 -2.094821718406454925e-01 2.022818460771940996e-01 1.746089527333667846e+00 4.542014894141970238e-01 1.479755555902179776e+00 1.140207253845124447e+00 7.155012369013920015e-01 -3.031746579687839560e-01 1.023088286743246700e+00 -8.301437970846325953e-01 -7.671037780262306427e-01 0.000000000000000000e+00
2.693853537057785408e-01 -2.108094676160573167e-01 2.007448817135637498e-01 1.740742612557957258e+00 4.476427051596152396e-01 1.483334264530081326e+00 1.136336349200694373e+00 7.240971219518409496e-01 -3.106855711911344908e-01 1.027757473924427956e+00 -8.310896187457743611e-01 -7.730446912069522947e-01 0.000000000000000000e+00
2.691499307503059102e-01 -2.123068757723401700e-01 1.990718937612321604e-01 1.734966173466686357e+00 4.402994962560082826e-01 1.487118302302545603e+00 1.131920428639179521e+00 7.334113947063384265e-01 -3.187606750904181663e-01 1.032692777477535628e+00 -8.321988253397921698e-01 -7.793944661940280794e-01 0.000000000000000000e+00
2.688656177052930474e-01 -2.137432053981525581e-01 1.975205633994271404e-01 1.729652745389334001e+00 4.333033163516342157e-01 1.490525589404641638e+00 1.127640062977149693e+00 7.420080787051143156e-01 -3.261542760667506258e-01 1.037134464122597022e+00 -8.332995763973491954e-01 -7.851721941789550074e-01 0.000000000000000000e+00
2.684841943770996942e-01 -2.153563810488547670e-01 1.958327360179872856e-01 1.723921555525273597e+00 4.254917703251441807e-01 1.494124574920338899e+00 1.122784853993826104e+00 7.513163593471592350e-01 -3.340952898051490205e-01 1.041823292116817790e+00 -8.345734329257614714e-01 -7.913367463122159551e-01 0.000000000000000000e+00
2.680639572941241333e-01 -2.168965045940675351e-01 1.942684870291522259e-01 1.718658571047072314e+00 4.180714506386502549e-01 1.497362421851797132e+00 1.118105679958556919e+00 7.599009925420023848e-01 -3.413595943105580677e-01 1.046038876385331440e+00 -8.358220560028450929e-01 -7.969367082943801250e-01 0.000000000000000000e+00
2.675340993388707900e-01 -2.186185840244613543e-01 1.925674135675872478e-01 1.712990909693745678e+00 4.098097798355926358e-01 1.500780069963165486e+00 1.112825896518447655e+00 7.691892994758717794e-01 -3.491542673470564573e-01 1.050484424613973511e+00 -8.372514411389179179e-01 -8.029011904507488140e-01 0.000000000000000000e+00
2.669752530467909835e-01 -2.202564330614394106e-01 1.909916928094396449e-01 1.707794855522537070e+00 4.019806633136822072e-01 1.503852034719584951e+00 1.107759632018735285e+00 7.777490321145227314e-01 -3.562770248405280338e-01 1.054475770718702465e+00 -8.386400133312851279e-01 -8.083082064119366805e-01 0.000000000000000000e+00
2.662936647966327453e-01 -2.220810803416109758e-01 1.892791578417618026e-01 1.702209001687085888e+00 3.932841493257361876e-01 1.507091624593656531e+00 1.102066193082309464e+00 7.870029842703299972e-01 -3.639113755794036731e-01 1.058678838130092892e+00 -8.402168044336938424e-01 -8.140545756750279249e-01 0.000000000000000000e+00
2.655940216352536409e-01 -2.238097221653724267e-01 1.876936488108102152e-01 1.697096829953119723e+00 3.850639208236810163e-01 1.510002100031282879e+00 1.096625887607495686e+00 7.955244339683109622e-01 -3.708803355199230545e-01 1.062448209757963724e+00 -8.417364707307203320e-01 -8.192527998067535844e-01 0.000000000000000000e+00
2.647592425303890162e-01 -2.257283657932584731e-01 1.859714380751880947e-01 1.691610871979076336e+00 3.759552568563604424e-01 1.513069958762255807e+00 1.090535837405729680e+00 8.047297834342244105e-01 -3.783419802621070804e-01 1.066412857672764725e+00 -8.434496822599681920e-01 -8.247649440519723152e-01 0.000000000000000000e+00
2.639171221557283786e-01 -2.275401640454973728e-01 1.843779545334602032e-01 1.686599626715388212e+00 3.673634819356736969e-01 1.515824324047706506e+00 1.084735472551537017e+00 8.131994346490034609e-01 -3.851450252667143470e-01 1.069962917984867534e+00 -8.450907221236749756e-01 -8.297380644925589355e-01 0.000000000000000000e+00
2.629269975987464369e-01 -2.295447578054168880e-01 1.826481128284446753e-01 1.681232444411058680e+00 3.578626767045349766e-01 1.518726216353970315e+00 1.078262260047935905e+00 8.223411345648639070e-01 -3.924197161003748491e-01 1.073690944036814976e+00 -8.469301009095655530e-01 -8.349964094858932651e-01 0.000000000000000000e+00
2.619413513409689642e-01 -2.314313122479824680e-01 1.810485704134106033e-01 1.676339582811568363e+00 3.489212097779392785e-01 1.521330958168298109e+00 1.072117082411605304e+00 8.307452054377997275e-01 -3.990445956280559425e-01 1.077024755668403388e+00 -8.486817951165652740e-01 -8.397273154253372951e-01 0.000000000000000000e+00
2.607957544574202591e-01 -2.335117873566440461e-01 1.793131985020259000e-01 1.671110060394190633e+00 3.390552164848870120e-01 1.524075133566269447e+00 1.065280082103099435e+00 8.398085418385846657e-01 -4.061202151702330010e-01 1.080521153284541125e+00 -8.506344914068384444e-01 -8.447146171987286456e-01 0.000000000000000000e+00
2.596661688620678365e-01 -2.354640572430375667e-01 1.777095464864057173e-01 1.666353194410921112e+00 3.297877929939243558e-01 1.526538005084774774e+00 1.058806336967280437e+00 8.481330507739544000e-01 -4.125544123638644756e-01 1.083642311503086875e+00 -8.524851886273618895e-01 -8.491856651948082035e-01 0.000000000000000000e+00
2.583644739591365869e-01 -2.376108210930388542e-01 1.759709529267270978e-01 1.661281484220157090e+00 3.195815443117311361e-01 1.529132349538263158e+00 1.051621794136519128e+00 8.571021778511778155e-01 -4.194163132285624318e-01 1.086909677265477825e+00 -8.545388187229491228e-01 -8.538806184595362225e-01 0.000000000000000000e+00
2.570914233810565053e-01 -2.396191026165996052e-01 1.743653545006278172e-01 1.656679430786055285e+00 3.100143073892613899e-01 1.531461712114877471e+00 1.044837191522460351e+00 8.653328103581221509e-01 -4.256477107051845898e-01 1.089822243391642909e+00 -8.564758023627910832e-01 -8.580734327007296658e-01 0.000000000000000000e+00
2.556351664936984402e-01 -2.418208580574394972e-01 1.726257994526700923e-01 1.651785460991661125e+00 2.994989942407322303e-01 1.533916620410140652e+00 1.037326810932327925e+00 8.741927478306521504e-01 -4.322839086674983289e-01 1.092866569412739741e+00 -8.586154525615879995e-01 -8.624576616452724886e-01 0.000000000000000000e+00
2.542199029553422474e-01 -2.438749674057948125e-01 1.710204332587174636e-01 1.647357480840258681e+00 2.896598672206973646e-01 1.536121855586954243e+00 1.030250059546687691e+00 8.823150562602576352e-01 -4.383001227280418632e-01 1.095574937662323167e+00 -8.606252070782163255e-01 -8.663532005297859273e-01 0.000000000000000000e+00
2.526103795131632301e-01 -2.461208745791225172e-01 1.692824273106691146e-01 1.642663470452460750e+00 2.788654051137910983e-01 1.538447452135594196e+00 1.022432949378005329e+00 8.910492259503086654e-01 -4.446958372439215879e-01 1.098399952367651977e+00 -8.628359636781184339e-01 -8.704037353897419171e-01 0.000000000000000000e+00
2.510551520646806534e-01 -2.482101304727264424e-01 1.676796150439335553e-01 1.638430051169903479e+00 2.687847713965734187e-01 1.540538779859333740e+00 1.015084156087013412e+00 8.990482966004706977e-01 -4.504844841893180796e-01 1.100908916430615614e+00 -8.649037085274829950e-01 -8.739821583674541872e-01 0.000000000000000000e+00
2.492958973277910051e-01 -2.504879837833336453e-01 1.659455536494565675e-01 1.633957709189576946e+00 2.577465452718770145e-01 1.542747277550420737e+00 1.006984551105700953e+00 9.076413853317748526e-01 -4.566277976128856331e-01 1.103521477459983302e+00 -8.671687270345954657e-01 -8.776793583297839429e-01 0.000000000000000000e+00
2.476039528519269339e-01 -2.526013897359080107e-01 1.643476343593112954e-01 1.629940294595034089e+00 2.474566079191484747e-01 1.544735910602824669e+00 9.993849546190508581e-01 9.155023045003891635e-01 -4.621767600601744963e-01 1.105836496816561931e+00 -8.692786829872379828e-01 -8.809204253764104653e-01 0.000000000000000000e+00
2.456985002539887608e-01 -2.548994815228628474e-01 1.626201896523836454e-01 1.625714668615557024e+00 2.362093728364929035e-01 1.546839444476267644e+00 9.910249590621559301e-01 9.239370017258607959e-01 -4.680527586893254988e-01 1.108241397859930810e+00 -8.715806528544752796e-01 -8.842395230429761499e-01 0.000000000000000000e+00
2.438741314094295398e-01 -2.570257442681743720e-01 1.610294981259983160e-01 1.621936054696813123e+00 2.257444830470629604e-01 1.548737693737100463e+00 9.831971296700859897e-01 9.316445228156864378e-01 -4.733495197813839539e-01 1.110368331464522518e+00 -8.737159754165008119e-01 -8.871219288697961280e-01 0.000000000000000000e+00
2.418282970545014010e-01 -2.593314255977040572e-01 1.593111973940816994e-01 1.617981529780354144e+00 2.143277161638184047e-01 1.550750194649505254e+00 9.746034417275364348e-01 9.399051158848942267e-01 -4.789466188653763723e-01 1.112573362268080901e+00 -8.760358550420689339e-01 -8.900420184260409151e-01 0.000000000000000000e+00
2.398769972571047626e-01 -2.614590891356989855e-01 1.577302083711569769e-01 1.614466049091467070e+00 2.037243841972182778e-01 1.552570889525112907e+00 9.665714144588848367e-01 9.474436594035541281e-01 -4.839789946402173193e-01 1.114518468549247521e+00 -8.781787010341738364e-01 -8.925439916911429572e-01 0.000000000000000000e+00
2.376968261238348312e-01 -2.637602040415003013e-01 1.560237391302272403e-01 1.610811046378036515e+00 1.921778038212780260e-01 1.554506941695596334e+00 9.577692675820093093e-01 9.555121719791399570e-01 -4.892820141608376083e-01 1.116529621225448077e+00 -8.804964501308698566e-01 -8.950384415261657400e-01 0.000000000000000000e+00
2.356252121856123594e-01 -2.658777986242913949e-01 1.544548530790640362e-01 1.607584552354863305e+00 1.814745333746339284e-01 1.556264231252120211e+00 9.495582093090771947e-01 9.628660252762030192e-01 -4.940376874984191424e-01 1.118299691243969329e+00 -8.826276447932056568e-01 -8.971373453602844439e-01 0.000000000000000000e+00
2.333190148338386838e-01 -2.681616941485934769e-01 1.527627503583953161e-01 1.604256585656086642e+00 1.698416249103358311e-01 1.558139646016740043e+00 9.405769648488938595e-01 9.707264783916265127e-01 -4.990353090210348785e-01 1.120125687645382007e+00 -8.849220912303634723e-01 -8.991839846580103046e-01 0.000000000000000000e+00
2.311349252767767593e-01 -2.702578226423331120e-01 1.512084100945663701e-01 1.601346940731170676e+00 1.590787603360928060e-01 1.559848487273114426e+00 9.322134406035544885e-01 9.778796625005520271e-01 -5.035021625383975241e-01 1.121728111673282680e+00 -8.870215276967001738e-01 -9.008564498225800632e-01 0.000000000000000000e+00
2.287114522482881218e-01 -2.725124158650535366e-01 1.495334404599913958e-01 1.598378781306484697e+00 1.474040491726902324e-01 1.561680019175153200e+00 9.230815278047000971e-01 9.855132142911006143e-01 -5.081792060447944959e-01 1.123376075755823766e+00 -8.892699014469995777e-01 -9.024267827593452918e-01 0.000000000000000000e+00
2.264240065416104342e-01 -2.745758238810334650e-01 1.479960631866523157e-01 1.595815450142282543e+00 1.366244145046664471e-01 1.563356489733106924e+00 9.145936339364540979e-01 9.924494173502119709e-01 -5.123449226218965702e-01 1.124818443802210854e+00 -8.913160746915347321e-01 -9.036487076465009594e-01 0.000000000000000000e+00
2.238941437293022474e-01 -2.767889543717459433e-01 1.463406590561790177e-01 1.593238468706170252e+00 1.249551602101606207e-01 1.565162241890407868e+00 9.053430773110365815e-01 9.998398225332364442e-01 -5.166902694145243391e-01 1.126298229261913253e+00 -8.934949399373830481e-01 -9.047191652466581857e-01 0.000000000000000000e+00
2.215136459515762157e-01 -2.788087293298072700e-01 1.448225832445143302e-01 1.591053229093538413e+00 1.142030029873568608e-01 1.566823667310718093e+00 8.967601085918747161e-01 1.006542666101829520e+00 -5.205427982474328807e-01 1.127589063442274719e+00 -8.954653462489055027e-01 -9.054657158792347449e-01 0.000000000000000000e+00
2.188889672393334873e-01 -2.809688419210118471e-01 1.431894181095436092e-01 1.588905005597185394e+00 1.025887202372484097e-01 1.568623006733454117e+00 8.874227994939478670e-01 1.013670483601372130e+00 -5.245412017290507212e-01 1.128908792920463533e+00 -8.975490700648105502e-01 -9.060056717902481571e-01 0.000000000000000000e+00
2.164270085740462313e-01 -2.829344546576292307e-01 1.416929699698681877e-01 1.587131805988015287e+00 9.191061537348943489e-02 1.570287837656219931e+00 8.787755820134878215e-01 1.020123189764579497e+00 -5.280684254348060325e-01 1.130056881666396507e+00 -8.994198075725368113e-01 -9.062511486637262470e-01 0.000000000000000000e+00
2.137209650260103455e-01 -2.850304025124544838e-01 1.400843950436147511e-01 1.585448076614347279e+00 8.040220334785352918e-02 1.572101223616999999e+00 8.693861415372227119e-01 1.026971708244800219e+00 -5.317090998029987414e-01 1.131227474123540855e+00 -9.013824907168980216e-01 -9.062358354874583410e-01 0.000000000000000000e+00
2.111903655765384191e-01 -2.869318319156457520e-01 1.386118191017247925e-01 1.584123227283622093e+00 6.984647623563766672e-02 1.573789148019405504e+00 8.607069661236818048e-01 1.033157365929699978e+00 -5.348991007357231098e-01 1.132242271656915600e+00 -9.031285922856083781e-01 -9.059538067280189511e-01 0.000000000000000000e+00
2.084173578059413390e-01 -2.889530270929269173e-01 1.370303857035874984e-01 1.582947011350363198e+00 5.849834599066916496e-02 1.575638838270416731e+00 8.513009474696308088e-01 1.039706411945340969e+00 -5.381667993932504057e-01 1.133273048156830720e+00 -9.049416723557343056e-01 -9.053505341620887714e-01 0.000000000000000000e+00
2.058321535812621950e-01 -2.907808505737704552e-01 1.355838128736334691e-01 1.582109121026698872e+00 4.811546287399881550e-02 1.577371006880407878e+00 8.426235696898256577e-01 1.045607910341929347e+00 -5.410076599070650083e-01 1.134164408173680361e+00 -9.065367061116101910e-01 -9.045137023685586586e-01 0.000000000000000000e+00
2.030080481904683876e-01 -2.927175552430607564e-01 1.340316207901562362e-01 1.581480949901563626e+00 3.698176061111091428e-02 1.579280263064998246e+00 8.332382571132501692e-01 1.051840572820069042e+00 -5.438918633676208536e-01 1.135067486099326173e+00 -9.081720201789732494e-01 -9.032962382762289577e-01 0.000000000000000000e+00
2.003834006237823762e-01 -2.944630522815837037e-01 1.326131428788560329e-01 1.581170992071565529e+00 2.682395009090710047e-02 1.581078997217338022e+00 8.245978306935698443e-01 1.057440401644178740e+00 -5.463716658166481999e-01 1.135845661769847359e+00 -9.095884224047318112e-01 -9.018765736781348963e-01 0.000000000000000000e+00
