-8.150520537023864254e-04 3.636683143762309278e-04 1.204203053613850383e-03 -6.914032254377033837e-04 -4.510216081393458865e-03 -5.094398390064425186e-03 0.000000000000000000e+00
-8.322624310335702269e-04 4.182834703229110218e-04 1.289163985232599785e-03 -6.385897546552499193e-04 -4.828762208814563195e-03 -5.512426846273399406e-03 0.000000000000000000e+00
-7.211831455815331804e-04 4.072786585485599353e-04 1.174970455926016566e-03 -4.894464710281098974e-04 -4.405573708107013431e-03 -5.079504152452507526e-03 0.000000000000000000e+00
-7.303275600870906548e-04 4.626700971707142784e-04 1.255782434347929577e-03 -4.247780014230428947e-04 -4.718159404907051879e-03 -5.490077482346755744e-03 0.000000000000000000e+00
-6.274837590787285535e-04 4.455314424298140175e-04 1.142848491672870948e-03 -2.981502304368888190e-04 -4.306708603953879333e-03 -5.053456155265756422e-03 0.000000000000000000e+00
-6.293551912299188977e-04 5.012580474659800167e-04 1.219659511764253912e-03 -2.240775276725059939e-04 -4.614677982174519855e-03 -5.455973888393916837e-03 0.000000000000000000e+00
-5.343068672697126598e-04 4.787568024455235438e-04 1.108157210905819090e-03 -1.173652883785791801e-04 -4.213998030675014661e-03 -5.016499991982170670e-03 0.000000000000000000e+00
-5.285084074838908297e-04 5.347663350447340314e-04 1.180675240549655669e-03 -3.295181784057632512e-05 -4.517345805450823093e-03 -5.410096812062281657e-03 0.000000000000000000e+00
-4.419261808879526576e-04 5.073456454828817463e-04 1.071097145441707310e-03 5.330479541587607173e-05 -4.127647490742347713e-03 -4.968794588521285860e-03 0.000000000000000000e+00
-4.292699538931410430e-04 5.633059835276066352e-04 1.139427942662363247e-03 1.458037776496112770e-04 -4.427618984709447147e-03 -5.352656365636310198e-03 0.000000000000000000e+00
-3.506241949549349091e-04 5.316390358560130203e-04 1.031883920910109387e-03 2.140484407160414548e-04 -4.047821687926944634e-03 -4.910384168910875147e-03 0.000000000000000000e+00
-3.307746713676618100e-04 5.874747445308026172e-04 1.095783873310024470e-03 3.152571182090113666e-04 -4.344401842879097586e-03 -5.283607577516002962e-03 0.000000000000000000e+00
-2.606544522024967225e-04 5.519685541482965974e-04 9.907356676018552744e-04 3.649769384006518180e-04 -3.974522581088990592e-03 -4.841408174063088765e-03 0.000000000000000000e+00
-2.344170615023177806e-04 6.074549773594783986e-04 1.050419373007982493e-03 4.727342300512304973e-04 -4.268818247531669385e-03 -5.203565947101473910e-03 0.000000000000000000e+00
-1.722424971065117383e-04 5.686762011309909326e-04 9.478795027184072630e-04 5.061951926741414809e-04 -3.907741656794083696e-03 -4.762042068199079381e-03 0.000000000000000000e+00
-1.392808271123147090e-04 6.237429422243367938e-04 1.003022185035729041e-03 6.211331252830021299e-04 -4.199673399840175847e-03 -5.111750793730163167e-03 0.000000000000000000e+00
-8.559706853886184241e-05 5.820771802974578080e-04 9.035400784615787995e-04 6.377364634628790441e-04 -3.847345396628121250e-03 -4.672502307179193792e-03 0.000000000000000000e+00
-4.671035867270800779e-05 6.366067411117670716e-04 9.542948232528214447e-04 7.580051054345560146e-04 -4.137922032367846725e-03 -5.009179850153477886e-03 0.000000000000000000e+00
-8.770330960639061146e-07 5.924999851840695442e-04 8.578005995874271594e-04 7.598746384420707045e-04 -3.793157323534579461e-03 -4.572489160495907257e-03 0.000000000000000000e+00
4.423719250304380957e-05 6.463982208539387209e-04 9.039657081949259432e-04 8.857502331700572995e-04 -4.082202818999292049e-03 -4.895001620869976477e-03 0.000000000000000000e+00
8.174221886381172197e-05 6.002171253130517137e-04 8.109552359522875786e-04 8.724530387977935675e-04 -3.744914637215934761e-03 -4.462430510780102111e-03 0.000000000000000000e+00
1.322865657683303109e-04 6.534522428144895478e-04 8.527290782219254517e-04 1.002233331585777876e-03 -4.033319641282062662e-03 -4.770501400989335394e-03 0.000000000000000000e+00
1.621595511662188294e-04 6.055454522670422612e-04 7.630308863398327368e-04 9.758401894517376718e-04 -3.702266778615292964e-03 -4.342092691092869217e-03 0.000000000000000000e+00
2.183953815706185519e-04 6.579806695786172277e-04 8.002707589364610463e-04 1.109517553685712699e-03 -3.989794054271467161e-03 -4.634545318619842647e-03 0.000000000000000000e+00
2.402290960341335602e-04 6.087321135213596968e-04 7.142992573050399585e-04 1.069886677004916464e-03 -3.664889842878160664e-03 -4.211840395884625110e-03 0.000000000000000000e+00
3.014205494113741945e-04 6.603988897401213976e-04 7.472283203636964632e-04 1.205957894231168837e-03 -3.952146826638802679e-03 -4.488529618043246572e-03 0.000000000000000000e+00
3.158883787424959788e-04 6.100197650043548414e-04 6.648887666520220119e-04 1.154762593738034582e-03 -3.632267168498959364e-03 -4.071812679599995377e-03 0.000000000000000000e+00
3.822763446357235750e-04 6.608312088122736405e-04 6.932682832341552359e-04 1.293376287835990013e-03 -3.919037254115576019e-03 -4.331277210813722078e-03 0.000000000000000000e+00
3.890242154082901305e-04 6.096266007613038163e-04 6.149768158567325838e-04 1.230438146183843173e-03 -3.603989249123529248e-03 -3.922213902527227347e-03 0.000000000000000000e+00
4.598955959577988306e-04 6.596491235554280408e-04 6.391060927038727524e-04 1.370119944398062728e-03 -3.890705271061722925e-03 -4.164511838328666116e-03 0.000000000000000000e+00
4.596156388818328775e-04 6.078155426058051702e-04 5.646572590046472495e-04 1.297238118430854570e-03 -3.579516176464014876e-03 -3.763161749562149438e-03 0.000000000000000000e+00
5.352186065126773862e-04 6.569227524286791464e-04 5.842788196308845716e-04 1.438089904421957499e-03 -3.865828652350966621e-03 -3.986523335304692495e-03 0.000000000000000000e+00
5.276072160581568582e-04 6.047358034687588813e-04 5.141165816995030280e-04 1.355128012924922132e-03 -3.558284553549118101e-03 -3.594962088437458902e-03 0.000000000000000000e+00
6.072304584860965804e-04 6.530458757803558889e-04 5.296003681654892770e-04 1.495708429491315883e-03 -3.844513170251140366e-03 -3.799955746566663350e-03 0.000000000000000000e+00
5.929837232218904131e-04 6.005879268600189391e-04 4.634655255612296632e-04 1.404351985254237434e-03 -3.539719233437210733e-03 -3.417893043693664978e-03 0.000000000000000000e+00
6.768598592492569566e-04 6.479739011597818177e-04 4.745817786000749994e-04 1.544710902449786261e-03 -3.825410905754722535e-03 -3.602925555746372410e-03 0.000000000000000000e+00
6.557397186988944693e-04 5.955146858646065411e-04 4.128637320014172385e-04 1.444999888291498280e-03 -3.523168061409620577e-03 -3.232315940968844004e-03 0.000000000000000000e+00
7.431809245849740897e-04 6.421229175088138952e-04 4.199894624097588736e-04 1.583870545958099285e-03 -3.808590783969556526e-03 -3.398051314816408208e-03 0.000000000000000000e+00
7.158593963948467476e-04 5.896909694865781759e-04 3.623690042690308477e-04 1.477412572254976908e-03 -3.508182530927328457e-03 -3.038304892320153883e-03 0.000000000000000000e+00
8.071154356600884761e-04 6.353505250321078712e-04 3.653171502251140179e-04 1.614720451870610418e-03 -3.792638144947346746e-03 -3.183335012237664685e-03 0.000000000000000000e+00
7.733676725042437639e-04 5.831951274081204062e-04 3.122315370199246765e-04 1.501506398686736077e-03 -3.493939583770533375e-03 -2.836993668665632740e-03 0.000000000000000000e+00
8.678013264276362992e-04 6.281145929662446115e-04 3.113086071872550598e-04 1.636371057587737710e-03 -3.777693236759915862e-03 -2.961642898044791750e-03 0.000000000000000000e+00
8.282881751752180222e-04 5.761742744389564130e-04 2.624692709138065627e-04 1.517783583565801564e-03 -3.480027084765691114e-03 -2.628254761621429125e-03 0.000000000000000000e+00
9.261201429140719643e-04 6.201578821253272977e-04 2.575106926659409545e-04 1.650003265007526920e-03 -3.762265661252595095e-03 -2.731248823946152982e-03 0.000000000000000000e+00
8.806795005159850920e-04 5.687236656963801096e-04 2.132016803914338343e-04 1.526407853624789368e-03 -3.465698428317676161e-03 -2.412825837340815127e-03 0.000000000000000000e+00
9.813020892976698217e-04 6.119569892787390941e-04 2.046229239568153613e-04 1.655096316577342463e-03 -3.746555629991377145e-03 -2.494930473543766070e-03 0.000000000000000000e+00
9.305482423607458475e-04 5.608810591516411037e-04 1.645674466449476014e-04 1.527593023879170175e-03 -3.450471688232870093e-03 -2.191197175128500874e-03 0.000000000000000000e+00
1.034197997166697025e-03 6.032082298784158247e-04 1.521917658754978753e-04 1.652631423978867531e-03 -3.729107643406948114e-03 -2.251334501256696541e-03 0.000000000000000000e+00
9.779748009361988181e-04 5.527498405938913173e-04 1.166702161329857823e-04 1.521645475052402219e-03 -3.433760102985683460e-03 -1.964042372823771032e-03 0.000000000000000000e+00
1.084109939859662086e-03 5.943476396763625047e-04 1.008342711010246084e-04 1.642421653994752262e-03 -3.710125366805261393e-03 -2.002837817546287980e-03 0.000000000000000000e+00
1.023037268850363057e-03 5.443808783873738122e-04 6.957039203123183135e-05 1.508926990999803763e-03 -3.414996646804446812e-03 -1.731966258435413408e-03 0.000000000000000000e+00
1.131837916866135219e-03 5.850333049013389797e-04 5.017269757437436972e-05 1.625120076057307017e-03 -3.688269994234882887e-03 -1.748515811794915109e-03 0.000000000000000000e+00
1.065789095871155778e-03 5.357627447989954383e-04 2.341472266023658655e-05 1.489646139878786357e-03 -3.393639721083197003e-03 -1.495659035867680231e-03 0.000000000000000000e+00
1.176764140118385926e-03 5.757248478189813667e-04 8.152055838983596203e-07 1.600781342683710307e-03 -3.663798799808493101e-03 -1.491155227375973169e-03 0.000000000000000000e+00
1.106322639523121820e-03 5.269665886464269811e-04 -2.178746871853154410e-05 1.464237198282702934e-03 -3.369290917429879073e-03 -1.255699200394255755e-03 0.000000000000000000e+00
1.219674032389927998e-03 5.659974453428029406e-04 -4.769316628946973502e-05 1.570060388241145688e-03 -3.635371322568303754e-03 -1.229086944876778276e-03 0.000000000000000000e+00
1.144705834419973423e-03 5.180111291492872638e-04 -6.588078696401211687e-05 1.432899117436825520e-03 -3.341507379538644074e-03 -1.013211073523700989e-03 0.000000000000000000e+00
1.259986972107385306e-03 5.563195309000734667e-04 -9.477385725525921956e-05 1.533140113060937892e-03 -3.603444884551887384e-03 -9.654162423848866581e-04 0.000000000000000000e+00
1.181069859412214873e-03 5.088997477897816424e-04 -1.088828056072521644e-04 1.396145504799051196e-03 -3.309839530029723420e-03 -7.683567161733684259e-04 0.000000000000000000e+00
1.298457067934494225e-03 5.462286771609203839e-04 -1.408027862082050774e-04 1.490403854750965706e-03 -3.566698507705190480e-03 -6.990813132721207523e-04 0.000000000000000000e+00
1.215469829789816991e-03 4.996095030833092032e-04 -1.506767676894837926e-04 1.354199765954966495e-03 -3.274013391238117521e-03 -5.223389894826180324e-04 0.000000000000000000e+00
1.334574306277050426e-03 5.362045151333649784e-04 -1.853026286743331141e-04 1.442364505248150408e-03 -3.525704975131382923e-03 -4.325785545180593772e-04 0.000000000000000000e+00
1.248051105471603694e-03 4.901374181109918737e-04 -1.911869612671868168e-04 1.307425554925245592e-03 -3.233619430500045411e-03 -2.759168127297595419e-04 0.000000000000000000e+00
1.369045484266209756e-03 5.257314001249069335e-04 -2.286119921909579578e-04 1.389195315881330828e-03 -3.479229870789080081e-03 -1.651735876069260200e-04 0.000000000000000000e+00
1.278892576529314096e-03 4.805117309644724166e-04 -2.304448661064606441e-04 1.256262920023232255e-03 -3.188536003871700331e-03 -2.959135597335738055e-05 0.000000000000000000e+00
1.401448566323668099e-03 5.153328996783113070e-04 -2.703483471257761561e-04 1.331653290504775100e-03 -3.427928205856023425e-03 1.009428840017534412e-04 0.000000000000000000e+00
1.308128679310030518e-03 4.706740762924210841e-04 -2.683473595211094409e-04 1.201012313829075140e-03 -3.138451834044708733e-03 2.155729879547152450e-04 0.000000000000000000e+00
1.432409283991437077e-03 5.044147894746608962e-04 -3.107548290022799087e-04 1.269608728227566985e-03 -3.370695534393508552e-03 3.659841510141870202e-04 0.000000000000000000e+00
1.335867541498447775e-03 4.606326796399717871e-04 -3.049304234479521813e-04 1.142111561230230166e-03 -3.083256808420475892e-03 4.591266251037229296e-04 0.000000000000000000e+00
1.461583217415324265e-03 4.935338702155012136e-04 -3.495311088131114463e-04 1.204070498257436839e-03 -3.308277531464565158e-03 6.281014710678434199e-04 0.000000000000000000e+00
1.362225370807546021e-03 4.503161645130204782e-04 -3.400787928660720105e-04 1.079826658509475124e-03 -3.022797189931036854e-03 6.998532697732873231e-04 0.000000000000000000e+00
1.489568890276460333e-03 4.821106077065318019e-04 -3.869659742965492200e-04 1.134825031133601669e-03 -3.239651596987691562e-03 8.876900344572113966e-04 0.000000000000000000e+00
1.387345416984209212e-03 4.397777903242805486e-04 -3.738635984712190830e-04 1.014617656649008381e-03 -2.956995470306811313e-03 9.374451022508001330e-04 0.000000000000000000e+00
1.516037734690695027e-03 4.706543756851644389e-04 -4.227065591644596498e-04 1.062872828567762440e-03 -3.165714762275229077e-03 1.142517525897224218e-03 0.000000000000000000e+00
1.411337119242184190e-03 4.289247752731761842e-04 -4.062394837664740077e-04 9.468566990440407949e-04 -2.885826937981672557e-03 1.171041868650579687e-03 0.000000000000000000e+00
1.541571696730442698e-03 4.585905126353595485e-04 -4.570748492845055910e-04 9.879869216558034850e-04 -3.085456457715629597e-03 1.393315663275052074e-03 0.000000000000000000e+00
1.434329038643974985e-03 4.177836147851166082e-04 -4.372410542348159623e-04 8.768662503753077431e-04 -2.809300369499112549e-03 1.400010011353369777e-03 0.000000000000000000e+00
1.565897351333708776e-03 4.464864352232145173e-04 -4.898194798314270404e-04 9.113239012172869025e-04 -2.999890432518803607e-03 1.638262511250987430e-03 0.000000000000000000e+00
1.456449439862589346e-03 4.062981619090688667e-04 -4.667963647785877690e-04 8.049793441253783044e-04 -2.727428172405677032e-03 1.623384583568032724e-03 0.000000000000000000e+00
1.589529823482316306e-03 4.337077606518247030e-04 -5.211853732433879838e-04 8.324120377514176994e-04 -2.908096014449856881e-03 1.877529521277399027e-03 0.000000000000000000e+00
1.477820242182056876e-03 3.944529036312705017e-04 -4.950080479979579451e-04 7.316596349822290790e-04 -2.640301581336323977e-03 1.841055925191348308e-03 0.000000000000000000e+00
1.612248846023567328e-03 4.208615410673521851e-04 -5.509166613901217424e-04 7.524713063293830828e-04 -2.811125273273873404e-03 2.109389347394019509e-03 0.000000000000000000e+00
1.498575732955739759e-03 3.822592500695165540e-04 -5.218262794868533394e-04 6.571708151206223647e-04 -2.547991489113776709e-03 2.052033791820395692e-03 0.000000000000000000e+00
1.634524436845308237e-03 4.072884580211821870e-04 -5.793392382641981975e-04 6.711015196891878531e-04 -2.708133246929200766e-03 2.334638942234068537e-03 0.000000000000000000e+00
1.518828929219298574e-03 3.697115411308571353e-04 -5.473576120932632794e-04 5.819258463644061408e-04 -2.450651150324834049e-03 2.256255974592447089e-03 0.000000000000000000e+00
1.656164967950193856e-03 3.936160594602000629e-04 -6.061702022768789000e-04 5.895049887394421262e-04 -2.600241503658562436e-03 2.551320097379461416e-03 0.000000000000000000e+00
1.538695674389300994e-03 3.567331113178973112e-04 -5.714900625538033019e-04 5.061360358329380915e-04 -2.348393618550659312e-03 2.452378635831697906e-03 0.000000000000000000e+00
1.677605675023091658e-03 3.792224275672162470e-04 -6.317603115637837607e-04 5.071466899790877392e-04 -2.486598183707222631e-03 2.760360635577718824e-03 0.000000000000000000e+00
1.558299149155520369e-03 3.434150998339324801e-04 -5.944094067805993920e-04 4.302966681253295178e-04 -2.241385270402851404e-03 2.641015757240072759e-03 0.000000000000000000e+00
1.698671171082757891e-03 3.647189597544842066e-04 -6.558276514860850170e-04 4.253029907070882132e-04 -2.368432522935393081e-03 2.959870653172824717e-03 0.000000000000000000e+00
1.577741057729620255e-03 3.296695126842053014e-04 -6.160661417730639577e-04 3.546336042399289568e-04 -2.129777874724680942e-03 2.821159026013431159e-03 0.000000000000000000e+00
1.719746699890445374e-03 3.494858907364672973e-04 -6.786645279112657470e-04 3.432828325653503043e-04 -2.244923062310721917e-03 3.150489593207961292e-03 0.000000000000000000e+00
1.597120410102195742e-03 3.155675671507873759e-04 -6.364882959623008318e-04 2.794780637840332815e-04 -2.013809100753327641e-03 2.992588076479174575e-03 0.000000000000000000e+00
1.740691204465794062e-03 3.341609012184054706e-04 -7.001138610735757606e-04 2.624643882285226937e-04 -2.117210407407643658e-03 3.331151105873120244e-03 0.000000000000000000e+00
1.616535709644748020e-03 3.011042699699872927e-04 -6.557798521742153053e-04 2.051104425015992661e-04 -1.893637553423310749e-03 3.155238092707124409e-03 0.000000000000000000e+00
1.761832757288889217e-03 3.181051055252126503e-04 -7.203807736122225247e-04 1.821198961922121384e-04 -1.984560343676999850e-03 3.502209750337215155e-03 0.000000000000000000e+00
1.636068356976050353e-03 2.862592020071441645e-04 -6.738886652279951761e-04 1.317247422933931489e-04 -1.769444423630694985e-03 3.308320343767823246e-03 0.000000000000000000e+00
1.783036194314080447e-03 3.020300298139377837e-04 -7.393948371296199529e-04 1.036437177583948710e-04 -1.848221298528240908e-03 3.663150982072371775e-03 0.000000000000000000e+00
1.655796716382218481e-03 2.710935727755214852e-04 -6.908934624673124247e-04 5.961071238935744532e-05 -1.641441780582120202e-03 3.451961518670332296e-03 0.000000000000000000e+00
1.804585844624867486e-03 2.852397283454044530e-04 -7.572386492766258748e-04 2.604433050468202282e-05 -1.707333580179160037e-03 3.813518713589036935e-03 0.000000000000000000e+00
1.675782105228729169e-03 2.555933010671695982e-04 -7.068297431429837463e-04 -1.091617986137549678e-05 -1.509846631614131240e-03 3.586046864553216196e-03 0.000000000000000000e+00
1.826360431817601604e-03 2.684479341732437518e-04 -7.739118438177816639e-04 -4.918596410963260723e-05 -1.563117979868522411e-03 3.953422647146709323e-03 0.000000000000000000e+00
1.696077023413344875e-03 2.398135344389706880e-04 -7.217213522141829873e-04 -7.977890525001640754e-05 -1.374891409421152844e-03 3.710248036815855244e-03 0.000000000000000000e+00
1.848577695671350940e-03 2.510342945106491808e-04 -7.895046449902243246e-04 -1.231305257762826955e-04 -1.414851471062128496e-03 4.082543973111363300e-03 0.000000000000000000e+00
1.716729246097850603e-03 2.237348972439490158e-04 -7.355597929059043416e-04 -1.467848650467118432e-04 -1.236691168145398478e-03 3.824259094300286321e-03 0.000000000000000000e+00
1.871117759917030610e-03 2.336777455370919743e-04 -8.039642128472856974e-04 -1.943116155986857052e-04 -1.263749952689963152e-03 4.200867947812492176e-03 0.000000000000000000e+00
1.737768553225889356e-03 2.074330182275374579e-04 -7.484482207966436373e-04 -2.116733826795780260e-04 -1.095475985737337510e-03 3.928614817605868836e-03 0.000000000000000000e+00
1.894153836737327845e-03 2.157094053020780500e-04 -8.173971629196474797e-04 -2.638362254483439528e-04 -1.108997785919108026e-03 4.308184001736048430e-03 0.000000000000000000e+00
1.759201020376431612e-03 1.909042954826301042e-04 -7.603002140171011281e-04 -2.745548612272941114e-04 -9.514974238951090513e-04 4.022321978753851113e-03 0.000000000000000000e+00
1.917564307507335641e-03 1.978963478231898776e-04 -8.297457470403113433e-04 -3.303675174208819953e-04 -9.518085390274322322e-04 4.404652940052100618e-03 0.000000000000000000e+00
1.781036630585222658e-03 1.742214495956684317e-04 -7.712748888176190754e-04 -3.351123816406342826e-04 -8.049052810554790938e-04 4.106460236397380115e-03 0.000000000000000000e+00
1.941457177453101424e-03 1.795066104062215118e-04 -8.410398171964927894e-04 -3.950794325255913009e-04 -7.914745495538610953e-04 4.489561060517566204e-03 0.000000000000000000e+00
1.803270834817828627e-03 1.573242917488615333e-04 -7.812250758303940223e-04 -3.933751851112887721e-04 -6.558699000942525004e-04 4.179931914854995156e-03 0.000000000000000000e+00
1.965712033107719359e-03 1.613563675804674524e-04 -8.513237981457866255e-04 -4.566983522966694409e-04 -6.291436224241664377e-04 4.563834260231658391e-03 0.000000000000000000e+00
1.825857310465951733e-03 1.403252755270423258e-04 -7.902363612326268605e-04 -4.493072289015742626e-04 -5.047875165162807320e-04 4.243189524825163872e-03 0.000000000000000000e+00
1.990395214451851080e-03 1.426635285581567825e-04 -8.605482907737271869e-04 -5.163529624025997578e-04 -4.640232625225948482e-04 4.626504011272070116e-03 0.000000000000000000e+00
1.848777045144259223e-03 1.231917736975174371e-04 -7.982549450353815246e-04 -5.029362625466049508e-04 -3.517011169886785638e-04 4.295909747943138512e-03 0.000000000000000000e+00
2.015364459029798938e-03 1.242422850019631042e-04 -8.687587776923244576e-04 -5.728650397385237625e-04 -2.973827001326867503e-04 4.678536064778970882e-03 0.000000000000000000e+00
1.871968497583559321e-03 1.059899694640376033e-04 -8.053306471108578890e-04 -5.543078708898363516e-04 -1.968027363101754190e-04 4.338475450605283612e-03 0.000000000000000000e+00
2.040620855411151569e-03 1.053462288798101554e-04 -8.758591463839671132e-04 -6.274686638221282919e-04 -1.286481283049312196e-04 4.718627584296752886e-03 0.000000000000000000e+00
1.895370358079496997e-03 8.866329397647088051e-05 -8.113845087729387728e-04 -6.033494941481976070e-04 -4.045143329989286940e-05 4.370419461086960666e-03 0.000000000000000000e+00
2.066047306170354370e-03 8.676169008903222846e-05 -8.819041791672532771e-04 -6.790982216289265239e-04 4.130350900144463822e-05 4.748108596910105561e-03 0.000000000000000000e+00
1.918890756527999453e-03 7.129543460565601620e-05 -8.164418326383482416e-04 -6.501412012047680378e-04 1.170732996111922830e-04 4.392120668046839427e-03 0.000000000000000000e+00
2.091581499882276540e-03 6.768463069772856500e-05 -8.867725042695784321e-04 -7.289905676541863500e-04 2.128663877591918663e-04 4.765389097329153500e-03 0.000000000000000000e+00
1.942462695509176995e-03 5.383755582571980725e-05 -8.204453942713962888e-04 -6.948133867252792584e-04 2.757041371737045665e-04 4.403302489125682229e-03 0.000000000000000000e+00
2.117078229283031465e-03 4.895840440782839309e-05 -8.905401404405988153e-04 -7.760045600928577869e-04 3.848402848287690858e-04 4.772114197401755575e-03 0.000000000000000000e+00
1.965968653339976099e-03 3.631350658514498342e-05 -8.233337429745524183e-04 -7.375166471366156884e-04 4.351160484734606371e-04 4.403849526051883956e-03 0.000000000000000000e+00
2.142469823653292416e-03 2.971157979761440693e-05 -8.930438166595833227e-04 -8.213680350817043063e-04 5.579744739492298322e-04 4.766675333000680581e-03 0.000000000000000000e+00
1.989279130296221776e-03 1.872449636861062139e-05 -8.251174312353670715e-04 -7.782490502279415523e-04 5.948013722183453922e-04 4.393933574870390046e-03 0.000000000000000000e+00
2.167592805200124761e-03 1.080719321575052128e-05 -8.943543820419674883e-04 -8.642267629381805705e-04 7.309338036605161903e-04 4.750502440367343482e-03 0.000000000000000000e+00
2.012307559074868503e-03 1.036052233477358087e-06 -8.256888704805398493e-04 -8.171755943724434701e-04 7.547477786005174494e-04 4.373315815516587435e-03 0.000000000000000000e+00
2.192288316674458060e-03 -8.619701452244887818e-06 -8.942652379665128048e-04 -9.057245148067494256e-04 9.041982531430292624e-04 4.721900527075106879e-03 0.000000000000000000e+00
2.034894150426562031e-03 -1.676957748542040605e-05 -8.250402011447388606e-04 -8.543499488729011659e-04 9.144207083862099239e-04 4.342109662892168487e-03 0.000000000000000000e+00
2.216480467576692481e-03 -2.775681650091232910e-05 -8.929141540051643844e-04 -9.448840621946175133e-04 1.076780734887705648e-03 4.682827217372231843e-03 0.000000000000000000e+00
2.056886726049596270e-03 -3.469795648664009136e-05 -8.230797934860867304e-04 -8.900037272132621524e-04 1.073462028358118658e-03 4.300129310511158209e-03 0.000000000000000000e+00
2.239932831210420406e-03 -4.748530661052852153e-05 -8.900362141346374045e-04 -9.828664138664677807e-04 1.248905942603073527e-03 4.631213940771816695e-03 0.000000000000000000e+00
2.078171689148804180e-03 -5.281766434789281206e-05 -8.197343928266209723e-04 -9.239783835122139521e-04 1.231579356641532286e-03 4.247311557204591637e-03 0.000000000000000000e+00
2.262549590563592804e-03 -6.698071325789145547e-05 -8.857500298112830350e-04 -1.018869921199261341e-03 1.419459736416772699e-03 4.568924137466678914e-03 0.000000000000000000e+00
2.098577277596873347e-03 -7.111988455504869577e-05 -8.150027229350820246e-04 -9.567732337973922085e-04 1.388487444623720535e-03 4.183914310618375154e-03 0.000000000000000000e+00
2.284071111959475042e-03 -8.713431329376852830e-05 -8.797553006396896524e-04 -1.053799650471809457e-03 1.588531749578070418e-03 4.493817561462831733e-03 0.000000000000000000e+00
2.117947455685477431e-03 -8.967274766652488793e-05 -8.087827972618200079e-04 -9.880734442715422006e-04 1.543600411643364367e-03 4.109820568218625070e-03 0.000000000000000000e+00
2.304466892133471070e-03 -1.071769181109627489e-04 -8.722219312931045465e-04 -1.086856205998465441e-03 1.755355155854676497e-03 4.408095343492623996e-03 0.000000000000000000e+00
2.136098187663963699e-03 -1.084745605436365778e-04 -8.010138962447899136e-04 -1.018256567425268599e-03 1.696480893017771052e-03 4.024929109621044887e-03 0.000000000000000000e+00
2.323395965697437615e-03 -1.279528548612796079e-04 -8.628614445253812715e-04 -1.119052129507913662e-03 1.919822782613156420e-03 4.309718856819744204e-03 0.000000000000000000e+00
2.152911435384791128e-03 -1.276308583591234669e-04 -7.916203111887343269e-04 -1.047084385527696782e-03 1.846810137568155596e-03 3.929341084756954317e-03 0.000000000000000000e+00
2.340832298795392230e-03 -1.486921726855661152e-04 -8.518290396433425560e-04 -1.149516123264859857e-03 2.080888365130206807e-03 4.200765236840764416e-03 0.000000000000000000e+00
2.168201243039083459e-03 -1.471724297275600613e-04 -7.805186065343583390e-04 -1.074801966142402421e-03 1.994116621370611853e-03 3.822940093858750998e-03 0.000000000000000000e+00
2.356455301676677050e-03 -1.702833378710022494e-04 -8.388175668228026183e-04 -1.178921351113970672e-03 2.238636298149909720e-03 4.079276755789340569e-03 0.000000000000000000e+00
2.181798866335744880e-03 -1.671258871207004226e-04 -7.676943565466665120e-04 -1.101249204817023042e-03 2.137848182504065164e-03 3.706019114263714442e-03 0.000000000000000000e+00
2.370283876727642680e-03 -1.919582817961063004e-04 -8.240084470844122322e-04 -1.206640798834257566e-03 2.392245555213001751e-03 3.947489212775323608e-03 0.000000000000000000e+00
2.193547314138726001e-03 -1.875359233792506242e-04 -7.530533760043423008e-04 -1.126501791013367892e-03 2.277534279651050042e-03 3.578516264274522740e-03 0.000000000000000000e+00
2.381885642651182522e-03 -2.145612805948826640e-04 -8.070677074229620773e-04 -1.233395000251213958e-03 2.541220212519235133e-03 3.803049844064654295e-03 0.000000000000000000e+00
2.203307187225889141e-03 -2.084657392693034517e-04 -7.365692198498252630e-04 -1.150316070945400782e-03 2.412828600703686988e-03 3.440806132104956561e-03 0.000000000000000000e+00
2.391385448893550147e-03 -2.373215757605628973e-04 -7.882545475769997534e-04 -1.258294088954059475e-03 2.685160592911461919e-03 3.648971620064944688e-03 0.000000000000000000e+00
2.210917810709575604e-03 -2.299630289898380031e-04 -7.181462727233051124e-04 -1.172698051295384403e-03 2.543068838904538609e-03 3.292643671215511603e-03 0.000000000000000000e+00
2.398328112744201046e-03 -2.610969540237373376e-04 -7.671880316927059962e-04 -1.282037473268715644e-03 2.823492465080068570e-03 3.482473188063828218e-03 0.000000000000000000e+00
2.216232381081165159e-03 -2.520280544280328883e-04 -6.977953164722661139e-04 -1.193550146202149165e-03 2.668016530309902379e-03 3.134741895750581264e-03 0.000000000000000000e+00
2.402872683026323342e-03 -2.851186798685789725e-04 -7.441523125328863841e-04 -1.303569286286609952e-03 2.955682531846193228e-03 3.306730289065917816e-03 0.000000000000000000e+00
2.219151406880996713e-03 -2.747032989838804617e-04 -6.754451517523019088e-04 -1.212709803129818908e-03 2.787179336814382680e-03 2.967010744452380777e-03 0.000000000000000000e+00
2.404555438368413678e-03 -3.102390598843651759e-04 -7.187598128897410010e-04 -1.323478695375968073e-03 3.081273614074397926e-03 3.119072399625721914e-03 0.000000000000000000e+00
2.219476552268603853e-03 -2.979982517133938913e-04 -6.510959563598012201e-04 -1.230115751496008158e-03 2.899934780065116513e-03 2.789844268257901660e-03 0.000000000000000000e+00
2.403589892591331822e-03 -3.355784923844140621e-04 -6.914003058808015911e-04 -1.341140729027578971e-03 3.199997994109082811e-03 2.923120845267801471e-03 0.000000000000000000e+00
2.217158683276765352e-03 -3.219163036820571477e-04 -6.247150411053253860e-04 -1.245357345262654292e-03 3.006069129819710639e-03 2.603717777756031637e-03 0.000000000000000000e+00
2.399497058875155187e-03 -3.620610971316606808e-04 -6.616221336388922181e-04 -1.356641188356100258e-03 3.311236971060615986e-03 2.715912882014892560e-03 0.000000000000000000e+00
2.212077487138197629e-03 -3.464532013779386688e-04 -5.963159104237641950e-04 -1.258420132635329480e-03 3.105207845325974603e-03 2.408921262912366856e-03 0.000000000000000000e+00
2.392544336761157076e-03 -3.887343342829918669e-04 -6.298663261108117251e-04 -1.369426139318896674e-03 3.414634336616373389e-03 2.501241864420133965e-03 0.000000000000000000e+00
2.204135607428214794e-03 -3.715865013365071690e-04 -5.658824673019785534e-04 -1.269104895152750601e-03 3.196960888566913184e-03 2.205938788511829785e-03 0.000000000000000000e+00
2.382257472490101335e-03 -4.164957028395255278e-04 -5.956852731758000008e-04 -1.379576579975783091e-03 3.509879541505167566e-03 2.276270183526829527e-03 0.000000000000000000e+00
2.193283440623361447e-03 -3.972868243756755291e-04 -5.334431341000173132e-04 -1.277086314228625952e-03 3.281097351593320610e-03 1.995269924190301580e-03 0.000000000000000000e+00
2.368998236043987071e-03 -4.443909230648634967e-04 -5.595865999868665508e-04 -1.386588065052762886e-03 3.596825811031933995e-03 2.045015814398087883e-03 0.000000000000000000e+00
2.179451083775305054e-03 -4.234804984006301787e-04 -4.990169274545486200e-04 -1.282083109469311921e-03 3.357359468095122423e-03 1.777554372679901462e-03 0.000000000000000000e+00
2.352267414458333872e-03 -4.732538134636921079e-04 -5.210952070837382433e-04 -1.390394982882625641e-03 3.674969059503485624e-03 1.804614444975927157e-03 0.000000000000000000e+00
2.162576627667889273e-03 -4.500910392899459822e-04 -4.626810907866207856e-04 -1.284107214964080868e-03 3.425474582887666486e-03 1.553436162252896935e-03 0.000000000000000000e+00
2.332514454993550590e-03 -5.020821819948229070e-04 -4.808022549153412317e-04 -1.390671508046281701e-03 3.744612403914437948e-03 1.559332103817645532e-03 0.000000000000000000e+00
2.142696982069397516e-03 -4.770815111998505387e-04 -4.244276897022586370e-04 -1.282550901228418638e-03 3.485416369785276913e-03 1.323395054483311739e-03 0.000000000000000000e+00
2.309182797092301787e-03 -5.316421060642673169e-04 -4.382794146774032784e-04 -1.387281752640134869e-03 3.804989074356779355e-03 1.306620365667310324e-03 0.000000000000000000e+00
2.119806986294936468e-03 -5.042822786893719211e-04 -3.843522128442328212e-04 -1.277491826084720117e-03 3.537277188333742828e-03 1.088340556518074820e-03 0.000000000000000000e+00
2.282893782346862022e-03 -5.609715730864883731e-04 -3.940678214836706994e-04 -1.379738852965495255e-03 3.856821714349756292e-03 1.050467771728236244e-03 0.000000000000000000e+00
2.093909488542017305e-03 -5.315910860742012467e-04 -3.425700568251421885e-04 -1.268563008283152271e-03 3.580892824651904505e-03 8.491034697561961053e-04 0.000000000000000000e+00
2.253102894921990562e-03 -5.907539594953159501e-04 -3.477583678178075566e-04 -1.367938721575256977e-03 3.899562595565342349e-03 7.884458442282138435e-04 0.000000000000000000e+00
2.065044535127000258e-03 -5.588161447450112895e-04 -2.991701919854428127e-04 -1.255741936958543192e-03 3.616358649033202255e-03 6.065652883129324380e-04 0.000000000000000000e+00
2.220431289336702307e-03 -6.199722191479462019e-04 -3.000150001383344867e-04 -1.351665808482671594e-03 3.933833021756427684e-03 5.249669399018941363e-04 0.000000000000000000e+00
2.033371829714289425e-03 -5.858422746254920987e-04 -2.542263354582408041e-04 -1.238539835277663315e-03 3.644075582733385943e-03 3.614574925938640604e-04 0.000000000000000000e+00
2.184426195188146624e-03 -6.492394969302428542e-04 -2.504318041025577202e-04 -1.330534149730944193e-03 3.959506230409193250e-03 2.578326784805629046e-04 0.000000000000000000e+00
1.998911033559827577e-03 -6.124462039210909481e-04 -2.078867235819487069e-04 -1.216893169198485225e-03 3.664157005231594155e-03 1.148854537187382618e-04 0.000000000000000000e+00
2.145833078834979979e-03 -6.775748848288354331e-04 -1.996510855286626196e-04 -1.304627715455808357e-03 3.977537595453828345e-03 -8.971586778816487140e-06 0.000000000000000000e+00
1.961833424188749730e-03 -6.384063382252613827e-04 -1.603134814447126910e-04 -1.190666089666336802e-03 3.677100632914598322e-03 -1.320286257460168144e-04 0.000000000000000000e+00
2.104120260516539886e-03 -7.054340572006378984e-04 -1.473662874071912654e-04 -1.273463341895819667e-03 3.987522562534984161e-03 -2.770228047213052491e-04 0.000000000000000000e+00
1.922299303477148502e-03 -6.635210148128733998e-04 -1.116213985847408496e-04 -1.159462328562455014e-03 3.683356092434753037e-03 -3.783929751790537921e-04 0.000000000000000000e+00
2.060214947529045992e-03 -7.318871103848545445e-04 -9.421662805991770639e-05 -1.237027035631221850e-03 3.991074766673818885e-03 -5.423404330207048929e-04 0.000000000000000000e+00
1.880489211172745034e-03 -6.874844383096267997e-04 -6.203012231914550867e-05 -1.123210386897000035e-03 3.683362013760405063e-03 -6.227867918222607102e-04 0.000000000000000000e+00
2.013611791244596105e-03 -7.573161748146706174e-04 -3.992189198033513353e-05 -1.194879385346681033e-03 3.987930927460858754e-03 -8.064106218144129201e-04 0.000000000000000000e+00
1.836642036218943952e-03 -7.100738159522279602e-04 -1.168133830292683584e-05 -1.081799751592171788e-03 3.678019867995985237e-03 -8.643095149747370698e-04 0.000000000000000000e+00
1.965291303734489903e-03 -7.807803903098209375e-04 1.483554123142549752e-05 -1.147155698117963141e-03 3.979804325249691743e-03 -1.065232850731456793e-03 0.000000000000000000e+00
1.790992299870786120e-03 -7.310057005675552055e-04 3.921595183875581370e-05 -1.034866166881087679e-03 3.668057076132491545e-03 -1.101521635860081005e-03 0.000000000000000000e+00
1.914847245313627822e-03 -8.025497237463263822e-04 7.031480125851974350e-05 -1.093330017020832656e-03 3.966922339213141413e-03 -1.320106590012359860e-03 0.000000000000000000e+00
1.743881973277183750e-03 -7.499592767013507633e-04 9.046612969625111855e-05 -9.822115672921682972e-04 3.654438897815914800e-03 -1.333209877117269571e-03 0.000000000000000000e+00
1.863267197972140465e-03 -8.217409574796663563e-04 1.257692806503063476e-04 -1.033426176428875465e-03 3.950686222883081911e-03 -1.566790189192479588e-03 0.000000000000000000e+00
1.695584344113293396e-03 -7.666402462187527078e-04 1.418403476059204582e-04 -9.237919883533507459e-04 3.638225108538950536e-03 -1.558091988019594254e-03 0.000000000000000000e+00
1.810275476412742668e-03 -8.385461973166030702e-04 1.814833712614621897e-04 -9.666827662275778721e-04 3.931974549354677606e-03 -1.806555447303903605e-03 0.000000000000000000e+00
1.646479876084155913e-03 -7.806684658830942425e-04 1.930505364544643498e-04 -8.593849686358012718e-04 3.620645205005601497e-03 -1.774464089419058865e-03 0.000000000000000000e+00
1.756930835573961014e-03 -8.521331255683661787e-04 2.367095015555764626e-04 -8.934964041573678628e-04 3.912494256291587647e-03 -2.035499618798564114e-03 0.000000000000000000e+00
1.596906125810121369e-03 -7.918142735687805356e-04 2.439338997197587622e-04 -7.885255067510144045e-04 3.602677663910203165e-03 -1.981349866925441461e-03 0.000000000000000000e+00
1.703035363446014916e-03 -8.625193305454859072e-04 2.916106661151468549e-04 -8.128649240930485576e-04 3.893462211559839403e-03 -2.254048021056442863e-03 0.000000000000000000e+00
1.547310390219269749e-03 -7.996418687715167728e-04 2.941328785984326233e-04 -7.110133541043950345e-04 3.585775006567537559e-03 -2.176806058315605696e-03 0.000000000000000000e+00
1.649637140993476248e-03 -8.690333319645859866e-04 3.454705448702882764e-04 -7.253685803449982927e-04 3.876441333693581015e-03 -2.458863707263558851e-03 0.000000000000000000e+00
1.498182255025459764e-03 -8.038723307668416140e-04 3.435057986902051441e-04 -6.263762846181464283e-04 3.571636871234851185e-03 -2.359819643545479906e-03 0.000000000000000000e+00
1.596661728121284707e-03 -8.715645123785753512e-04 3.984381869477499061e-04 -6.295086169965102840e-04 3.863033382429659213e-03 -2.650004744259915057e-03 0.000000000000000000e+00
1.449920951487132514e-03 -8.041242978961138377e-04 3.916505879646148269e-04 -5.342941561474745527e-04 3.561453355762633777e-03 -2.528473723394819572e-03 0.000000000000000000e+00
1.545200295873100371e-03 -8.695218034578955368e-04 4.497730206607375436e-04 -5.259310179797083151e-04 3.854922241320668519e-03 -2.824127276513488383e-03 0.000000000000000000e+00
1.403063255650843777e-03 -8.000707815791763267e-04 4.383703338332739508e-04 -4.344800859215069977e-04 3.557174688397779505e-03 -2.681585277156894875e-03 0.000000000000000000e+00
1.495263432037013951e-03 -8.626989480288171919e-04 4.995653517499282215e-04 -4.130573933371906037e-04 3.854157779808797812e-03 -2.981184773632739038e-03 0.000000000000000000e+00
1.358100901930475723e-03 -7.913453707063533571e-04 4.833091432378117114e-04 -3.262692103440656410e-04 3.560292979257084767e-03 -2.817225006120471775e-03 0.000000000000000000e+00
1.447971334300246493e-03 -8.505678744852307460e-04 5.470935605937921054e-04 -2.914790198520478270e-04 3.862404542781305850e-03 -3.117909696280118936e-03 0.000000000000000000e+00
1.315614623930289051e-03 -7.776530054948715964e-04 5.262424057317499626e-04 -2.093031183747484647e-04 3.572891431875557799e-03 -2.934352875940238192e-03 0.000000000000000000e+00
1.403367213792444668e-03 -8.328487046154187112e-04 5.924312605824350042e-04 -1.591227418629159729e-04 3.881823602424283592e-03 -3.233985045171916539e-03 0.000000000000000000e+00
1.276131224168447487e-03 -7.585842922293584145e-04 5.667909885315458585e-04 -8.278395598004806288e-05 3.596615650594436886e-03 -3.030890194308133445e-03 0.000000000000000000e+00
1.362579326807250579e-03 -8.091833747181365055e-04 6.348874440368496019e-04 -1.721819803268687110e-05 3.914334138451103229e-03 -3.326829572071421381e-03 0.000000000000000000e+00
1.240214578601711581e-03 -7.338272826614700151e-04 6.046564157734385381e-04 5.396092675447050624e-05 3.633306118827839271e-03 -3.105405547053630144e-03 0.000000000000000000e+00
1.325737228756618258e-03 -7.790957059786163263e-04 6.744258184284562807e-04 1.369146981247126860e-04 3.962282488735091590e-03 -3.395192699797933145e-03 0.000000000000000000e+00
1.208454650676232811e-03 -7.030213472772883776e-04 6.395572423170681198e-04 2.012556923620678617e-04 3.685263595111898383e-03 -3.156519470241869740e-03 0.000000000000000000e+00
1.293878721603858306e-03 -7.423786116125818957e-04 7.104020802141397528e-04 3.022185146273059786e-04 4.027205036411629635e-03 -3.437049345009324242e-03 0.000000000000000000e+00
1.181429063166705706e-03 -6.658514869913867429e-04 6.711951562984180830e-04 3.602279348138281989e-04 3.754295965448406491e-03 -3.182596250959734974e-03 0.000000000000000000e+00
1.267280544513610385e-03 -6.984055268037248076e-04 7.427625677994542652e-04 4.812549916586306153e-04 4.112254677462345853e-03 -3.450888365325921470e-03 0.000000000000000000e+00
1.159622260716225428e-03 -6.219246506952713638e-04 6.991352660678934461e-04 5.310870048651494812e-04 3.842292020611814962e-03 -3.181790267593020971e-03 0.000000000000000000e+00
1.246836172877519022e-03 -6.471391233473511306e-04 7.709544383639466147e-04 6.730478754661817220e-04 4.218414536802050918e-03 -3.435226400151814019e-03 0.000000000000000000e+00
1.143657101055683967e-03 -5.708997372839696993e-04 7.231788085602097738e-04 7.149723396260299069e-04 3.951355696353964220e-03 -3.152905367130642844e-03 0.000000000000000000e+00
1.232877019723854772e-03 -5.877346671931960032e-04 7.947363251318423361e-04 8.800476733501483295e-04 4.349307422609527407e-03 -3.387694291009823999e-03 0.000000000000000000e+00
1.134025907511909681e-03 -5.124039720537099107e-04 7.429401722788692153e-04 9.125522855377710130e-04 4.083487073726299599e-03 -3.094160038095150611e-03 0.000000000000000000e+00
1.226075943246751621e-03 -5.203163024934953640e-04 8.136931892466919836e-04 1.100898369644554009e-03 4.505238887904994272e-03 -3.307740230934275161e-03 0.000000000000000000e+00
1.131214929628837629e-03 -4.460427034236325028e-04 7.580969071449977781e-04 1.124157199562603182e-03 4.240697580044194837e-03 -3.004105654237809730e-03 0.000000000000000000e+00
1.226914925924471600e-03 -4.438272774305307422e-04 8.275310483156911312e-04 1.338696165976926977e-03 4.690556558045955171e-03 -3.192284222474972566e-03 0.000000000000000000e+00
1.135699459942046685e-03 -3.713947877087564464e-04 7.683942525153752978e-04 1.350488822256856736e-03 4.425006736206604785e-03 -2.881371707724289521e-03 0.000000000000000000e+00
1.235798205859423016e-03 -3.585078432348232091e-04 8.358731462121404832e-04 1.591319128306345476e-03 4.904776829737222954e-03 -3.041329751069854481e-03 0.000000000000000000e+00
1.147784144773400516e-03 -2.880322478165942002e-04 7.734165375606616433e-04 1.591668861460782125e-03 4.638204547550373036e-03 -2.724253977035795415e-03 0.000000000000000000e+00
1.253255644735273844e-03 -2.630046881378911294e-04 8.383459410611637797e-04 1.861842797192814203e-03 5.152940144373729936e-03 -2.851177363410783983e-03 0.000000000000000000e+00
1.167853753157421792e-03 -1.954251255352201788e-04 7.729281659938080917e-04 1.848459189973894468e-03 4.882101577559527783e-03 -2.531190640502778422e-03 0.000000000000000000e+00
0.000000000000000000e+00 0.000000000000000000e+00 0.000000000000000000e+00 0.000000000000000000e+00 0.000000000000000000e+00 0.000000000000000000e+00 0.000000000000000000e+00
