-8.914370883231770293e-04 5.904293797789894604e-04 1.046540553892832959e-03 1.260016541131392387e-03 -5.709488861481482047e-03 -3.824059103324284337e-03 0.000000000000000000e+00
-9.121453772150123207e-04 6.586023760179471331e-04 1.114060680543538240e-03 1.502151255722949941e-03 -6.120397841842262210e-03 -4.125766422707677350e-03 0.000000000000000000e+00
-7.921602011135286947e-04 6.241156607396658451e-04 1.009477802651620459e-03 1.510110987646307024e-03 -5.590177120663675225e-03 -3.789492975977637457e-03 0.000000000000000000e+00
-8.041492024203067412e-04 6.921590656340237402e-04 1.072482458389506510e-03 1.765507351759509902e-03 -5.992508950837027726e-03 -4.081686884769730739e-03 0.000000000000000000e+00
-6.927312068474855700e-04 6.523503165100086321e-04 9.701237799499273784e-04 1.744458885579724949e-03 -5.474123788694384984e-03 -3.743522664026777136e-03 0.000000000000000000e+00
-6.968424518989657646e-04 7.199026151087362102e-04 1.028866224595137435e-03 2.010112860265422796e-03 -5.869139102981257849e-03 -4.026070258441816208e-03 0.000000000000000000e+00
-5.935550509924281126e-04 6.755458525222191035e-04 9.286909561537215474e-04 1.963777908969177588e-03 -5.361739302982115873e-03 -3.686238512447648219e-03 0.000000000000000000e+00
-5.893662545102262840e-04 7.424379029283278975e-04 9.828694281721617187e-04 2.240441796889314219e-03 -5.748963383260363713e-03 -3.957870290642873101e-03 0.000000000000000000e+00
-4.949579121740765864e-04 6.940243092984910156e-04 8.854513919918372000e-04 2.168336495812717146e-03 -5.253064337942259243e-03 -3.617910546556135643e-03 0.000000000000000000e+00
-4.833126539996457360e-04 7.600816980848357218e-04 9.352422802998971996e-04 2.453609809879964132e-03 -5.633776040215199288e-03 -3.878156451969649865e-03 0.000000000000000000e+00
-3.972497465134783301e-04 7.082202577168850155e-04 8.406117276588964682e-04 2.358804013284476753e-03 -5.148253888842546644e-03 -3.538752838734504635e-03 0.000000000000000000e+00
-3.777615410439638666e-04 7.732854345167683441e-04 8.857188263074189383e-04 2.653256096323275415e-03 -5.521948964761325129e-03 -3.786216128746744403e-03 0.000000000000000000e+00
-3.007370946699339243e-04 7.184916691251874710e-04 7.943408691775122321e-04 2.535532485941516256e-03 -5.047394058568244191e-03 -3.448670921767593711e-03 0.000000000000000000e+00
-2.742150431984113901e-04 7.824895206154369731e-04 8.349473592713374526e-04 2.836919603716125948e-03 -5.415077294462555813e-03 -3.682877546870688690e-03 0.000000000000000000e+00
-2.056379962663001937e-04 7.252231727768454483e-04 7.468145038638795974e-04 2.699035095377055882e-03 -4.950311397782236611e-03 -3.347876711778496883e-03 0.000000000000000000e+00
-1.717579686459635990e-04 7.879921587438665220e-04 7.827201630424274192e-04 3.007634020717908641e-03 -5.311570939281473613e-03 -3.567437360687319980e-03 0.000000000000000000e+00
-1.121821441376347206e-04 7.288001393537801853e-04 6.981479764522069420e-04 2.849685338800256318e-03 -4.856966997962786081e-03 -3.236062274762696589e-03 0.000000000000000000e+00
-7.179258423739565131e-05 7.903040828713403521e-04 7.296818093573131936e-04 3.163248514318262039e-03 -5.212749005150563164e-03 -3.441177132482708956e-03 0.000000000000000000e+00
-2.057866869395463816e-05 7.295440061394486975e-04 6.485858716695214188e-04 2.987716476419599587e-03 -4.767145778619585883e-03 -3.113653369061442078e-03 0.000000000000000000e+00
2.664640370550475090e-05 7.896738834126115769e-04 6.754521956512105074e-04 3.306626910165810784e-03 -5.116932162089860014e-03 -3.302616728503293686e-03 0.000000000000000000e+00
6.900172351892441824e-05 7.277796466026442701e-04 5.983647592554541816e-04 3.113279570577276445e-03 -4.680535040813893488e-03 -2.981246256200220657e-03 0.000000000000000000e+00
1.222210592275174701e-04 7.865938613754730468e-04 6.207872716026408000e-04 3.435624256385771957e-03 -5.025252274465152880e-03 -3.153548190983013200e-03 0.000000000000000000e+00
1.563983698698867553e-04 7.238706545310003015e-04 5.474536662680440369e-04 3.226998264602265465e-03 -4.597050138615443871e-03 -2.837956050115275630e-03 0.000000000000000000e+00
2.159580819707795918e-04 7.812395245038183944e-04 5.652979478498465493e-04 3.552798354100161760e-03 -4.935860678392689493e-03 -2.992728129988186936e-03 0.000000000000000000e+00
2.414793527489300651e-04 7.180725857712788596e-04 4.961604859541890455e-04 3.328812415271720226e-03 -4.516212414476861170e-03 -2.684773773118154239e-03 0.000000000000000000e+00
3.065620143766212280e-04 7.741436099252263503e-04 5.096536299056542152e-04 3.656420932531823098e-03 -4.849941257862866451e-03 -2.821615162523105624e-03 0.000000000000000000e+00
3.241390036430313870e-04 7.106931054027820771e-04 4.445944495286291431e-04 3.419049824798570114e-03 -4.437674053416440501e-03 -2.521748125012601704e-03 0.000000000000000000e+00
3.950611223996758348e-04 7.653466905211958604e-04 4.534985706615424217e-04 3.748555504526684956e-03 -4.765559879233549623e-03 -2.639115361482868849e-03 0.000000000000000000e+00
4.043089944972821925e-04 7.020131360359060935e-04 3.928189389855729630e-04 3.498068036789092616e-03 -4.361004813020485926e-03 -2.348840081022540716e-03 0.000000000000000000e+00
4.802358846075216459e-04 7.553824571175371538e-04 3.975961265514360576e-04 3.827620340436155288e-03 -4.683731887471509481e-03 -2.447422416895328467e-03 0.000000000000000000e+00
4.819010847002258568e-04 6.922523029046501186e-04 3.410504975348005452e-04 3.565995186136206030e-03 -4.285830022181968957e-03 -2.166607240083662234e-03 0.000000000000000000e+00
5.631504226722705564e-04 7.442504571023023097e-04 3.414157603700285204e-04 3.895606918637106730e-03 -4.602470373264555548e-03 -2.244708669731254602e-03 0.000000000000000000e+00
5.568569397490230610e-04 6.816484960921465053e-04 2.894038158016143392e-04 3.622986574955966432e-03 -4.211632716168089985e-03 -1.975516163185142560e-03 0.000000000000000000e+00
6.426518621284738053e-04 7.324611965346394804e-04 2.857571942250503039e-04 3.951184789324990732e-03 -4.522792134513675677e-03 -2.033550269009420930e-03 0.000000000000000000e+00
6.291529308383725372e-04 6.704027573571358367e-04 2.380333777343424106e-04 3.669286011307448803e-03 -4.137959652326106408e-03 -1.776008049843680325e-03 0.000000000000000000e+00
7.197705139974641675e-04 7.199340144955490572e-04 2.300992345908303705e-04 3.995976775337695130e-03 -4.442729751773288882e-03 -1.812290966746177290e-03 0.000000000000000000e+00
6.987496755518629588e-04 6.586926537299198081e-04 1.870365825189235220e-04 3.705067654337312888e-03 -4.064340013411715802e-03 -1.568422910103839385e-03 0.000000000000000000e+00
7.934596547995720339e-04 7.071456161311662214e-04 1.752490438323150990e-04 4.028898981415451885e-03 -4.363138657754728200e-03 -1.583752930456761021e-03 0.000000000000000000e+00
7.656568418941966936e-04 6.466962341138415837e-04 1.365073049912901570e-04 3.730600633919500808e-03 -3.990266127110064787e-03 -1.353202304239520259e-03 0.000000000000000000e+00
8.646977494996266334e-04 6.939621848076615862e-04 1.206949513529731455e-04 4.051242913329033968e-03 -4.282205871336763892e-03 -1.346335582645075135e-03 0.000000000000000000e+00
8.298533410498742935e-04 6.345401143694751056e-04 8.659796226129223840e-05 3.745984007892388945e-03 -3.915308048608512337e-03 -1.131170765537259371e-03 0.000000000000000000e+00
9.325618959722392631e-04 6.808796247808057700e-04 6.715222030334588865e-05 4.062356688123713866e-03 -4.200671330465866049e-03 -1.102850132008503792e-03 0.000000000000000000e+00
8.913522795430950385e-04 6.223512663831587410e-04 3.743077567053276766e-05 3.751436452088974249e-03 -3.839015064371675834e-03 -9.029708908485645225e-04 0.000000000000000000e+00
9.979589156445811682e-04 6.675947256039593825e-04 1.418133658234732586e-05 4.063047442731893000e-03 -4.116769630681638148e-03 -8.519333964616127020e-04 0.000000000000000000e+00
9.502039697705244592e-04 6.102668678606426589e-04 -1.093005066771235434e-05 3.747156137508866891e-03 -3.760904440722523390e-03 -6.690231437502802692e-04 0.000000000000000000e+00
1.060064049787895479e-03 6.546835220496705077e-04 -3.758279603122138823e-05 4.053112407265579975e-03 -4.031332684106825326e-03 -5.965199977426838274e-04 0.000000000000000000e+00
1.006407498853806315e-03 5.983206329069346019e-04 -5.835054850800158732e-05 3.733288757995723017e-03 -3.680596438645267199e-03 -4.304405298856117668e-04 0.000000000000000000e+00
1.119757629675061095e-03 6.417279145269350060e-04 -8.853707666214849503e-05 4.032982879531132880e-03 -3.942577970502014750e-03 -3.352122647994892901e-04 0.000000000000000000e+00
1.060023552462818763e-03 5.866184927050266396e-04 -1.047735721357578864e-04 3.710024955256407964e-03 -3.597671635991783745e-03 -1.877641287291176297e-04 0.000000000000000000e+00
1.176261479302331825e-03 6.293274448424535095e-04 -1.381000434916845876e-04 4.002760747932931906e-03 -3.851535462464195092e-03 -7.103531941199392463e-05 0.000000000000000000e+00
1.111103784229572344e-03 5.751991168789771791e-04 -1.500683642966516018e-04 3.677524471576099074e-03 -3.511778215764316258e-03 5.798015676150569675e-05 0.000000000000000000e+00
1.230439649584663675e-03 6.170023366422472400e-04 -1.866679655811998018e-04 3.962609048386411814e-03 -3.756383864875534329e-03 1.970368837171942999e-04 0.000000000000000000e+00
1.159700123619183953e-03 5.640891374245060597e-04 -1.941615204125446414e-04 3.635974091076299430e-03 -3.422584370223802352e-03 3.060097555986907025e-04 0.000000000000000000e+00
1.281578861170945549e-03 6.052747840075145547e-04 -2.336490705301119686e-04 3.912817103551624598e-03 -3.658226850974610755e-03 4.660641337452808841e-04 0.000000000000000000e+00
1.205893813279818039e-03 5.533341256941382014e-04 -2.370318743731003597e-04 3.585609986084037359e-03 -3.329820867453925359e-03 5.555452853416298353e-04 0.000000000000000000e+00
1.330518155144178039e-03 5.936876011800040764e-04 -2.794932044624665046e-04 3.853448573956974599e-03 -3.555367872554171527e-03 7.372583201208371406e-04 0.000000000000000000e+00
1.249725862841472024e-03 5.429311164277805801e-04 -2.785441178475844826e-04 3.526486497192671266e-03 -3.233305285073928559e-03 8.052387064423349727e-04 0.000000000000000000e+00
1.376602081254563181e-03 5.827296292613692863e-04 -3.236122104381122799e-04 3.784935307823644735e-03 -3.449004966935564909e-03 1.007249915164099008e-03 0.000000000000000000e+00
1.291320019457115054e-03 5.328755279214170137e-04 -3.186970111600795352e-04 3.458954918609258300e-03 -3.132753113728181660e-03 1.054732002372382738e-03 0.000000000000000000e+00
1.420625126134611449e-03 5.718921882206795537e-04 -3.664453096634545659e-04 3.707106013147942747e-03 -3.337545492037019557e-03 1.277322480526699167e-03 0.000000000000000000e+00
1.330722130056499752e-03 5.231509810517120940e-04 -3.573810138047250895e-04 3.383062043151419118e-03 -3.028112399786397901e-03 1.302479875912920804e-03 0.000000000000000000e+00
1.462025222138257918e-03 5.616786613643065529e-04 -4.074809651922750575e-04 3.620715685704212206e-03 -3.222253570263511335e-03 1.544201011426604708e-03 0.000000000000000000e+00
1.368052754349938227e-03 5.137654052568274565e-04 -3.946707719315323271e-04 3.299267469576427914e-03 -2.919285487541056767e-03 1.548364663102486105e-03 0.000000000000000000e+00
1.501530522254629352e-03 5.515028722589687682e-04 -4.471031262128499773e-04 3.525316058905936245e-03 -3.101651012563433341e-03 1.808917369950258092e-03 0.000000000000000000e+00
1.403397125444016957e-03 5.046501358991761776e-04 -4.303739374932613604e-04 3.207434050701785111e-03 -2.806174170146835678e-03 1.790334774860680156e-03 0.000000000000000000e+00
1.538646669235088638e-03 5.419377797161728516e-04 -4.849101476566142210e-04 3.422029539445148316e-03 -2.977202344939477996e-03 2.068820391830872296e-03 0.000000000000000000e+00
1.436859963550390917e-03 4.957699762919154374e-04 -4.645604865893271374e-04 3.108070802819717926e-03 -2.688826505147012824e-03 2.028198054213170565e-03 0.000000000000000000e+00
1.574067638762097210e-03 5.323137596455196352e-04 -5.212494413132096049e-04 3.310144467254083622e-03 -2.847434090004430374e-03 2.324506051727182054e-03 0.000000000000000000e+00
1.468550143634700378e-03 4.871185928341792426e-04 -4.971975208104828514e-04 3.001295990141983339e-03 -2.567297193615480921e-03 2.260810029576010294e-03 0.000000000000000000e+00
1.607354750865472304e-03 5.231842582887336057e-04 -5.556766078524399965e-04 3.190940309043988066e-03 -2.713902475386387181e-03 2.573026149710555543e-03 0.000000000000000000e+00
1.498594180917994789e-03 4.786496725469047142e-04 -5.283340710094674986e-04 2.887573066077564476e-03 -2.441652513644143596e-03 2.487802357607149517e-03 0.000000000000000000e+00
1.639162437737165523e-03 5.139017849520310932e-04 -5.886022286300807149e-04 3.063579180327735685e-03 -2.575268419632514849e-03 2.815249701743960387e-03 0.000000000000000000e+00
1.527078376160589945e-03 4.702790643167364948e-04 -5.578524647129878833e-04 2.766932028135826727e-03 -2.312068632317476613e-03 2.707510252786260452e-03 0.000000000000000000e+00
1.669124051708367751e-03 5.050587121590566220e-04 -6.197155550531352475e-04 2.929747728930287565e-03 -2.433155002357523244e-03 3.049231437565635972e-03 0.000000000000000000e+00
1.554138386527403881e-03 4.619813823881768755e-04 -5.858782760646552568e-04 2.639907097282900850e-03 -2.178702404215471233e-03 2.919829573795551525e-03 0.000000000000000000e+00
1.697824801243669190e-03 4.959192810041757049e-04 -6.492490541713247243e-04 2.788268400173876671e-03 -2.286333950824115391e-03 3.274671480086865927e-03 0.000000000000000000e+00
1.579892914596911502e-03 4.537147049279433020e-04 -6.123323903703958848e-04 2.506650685480948937e-03 -2.041732118977179766e-03 3.123580056409336336e-03 0.000000000000000000e+00
1.724956504355432130e-03 4.871119677711810425e-04 -6.770432864356967784e-04 2.641206188124911591e-03 -2.136476218684180139e-03 3.490527026731804483e-03 0.000000000000000000e+00
1.604460352827741243e-03 4.454245850212257274e-04 -6.372891638577182771e-04 2.367635983169691372e-03 -1.901430794641001398e-03 3.318319353262877414e-03 0.000000000000000000e+00
1.751070712994517997e-03 4.779218963725240243e-04 -7.033085609474132305e-04 2.487147787785026765e-03 -1.982425139925858559e-03 3.696314949282131224e-03 0.000000000000000000e+00
1.627956181533607438e-03 4.370506387927353131e-04 -6.607360325840416770e-04 2.223191697578563719e-03 -1.758021044417468204e-03 3.503302925144113900e-03 0.000000000000000000e+00
1.775902538684523413e-03 4.689619600849459502e-04 -7.278918898662445347e-04 2.328396236208618575e-03 -1.825874685331463354e-03 3.891235279159355187e-03 0.000000000000000000e+00
1.650504819945400325e-03 4.285641648574811668e-04 -6.827334030199971870e-04 2.073735694444245325e-03 -1.611821929682122345e-03 3.677975751132045446e-03 0.000000000000000000e+00
1.799950779719214355e-03 4.595395219100240070e-04 -7.510049493612280802e-04 2.163470948979728803e-03 -1.665749831914808965e-03 4.074903477615521297e-03 0.000000000000000000e+00
1.672217966407943401e-03 4.199340676042107035e-04 -7.033429246341427188e-04 1.919727410116145450e-03 -1.463116588040325183e-03 3.842182609288480322e-03 0.000000000000000000e+00
1.822994509364600502e-03 4.502387242331096218e-04 -7.725038636099967881e-04 1.994773117251824601e-03 -1.503701987473515800e-03 4.246500873590353109e-03 0.000000000000000000e+00
1.693216945660824813e-03 4.110871131049187444e-04 -7.225178260414355513e-04 1.761509774445002563e-03 -1.312177693108651511e-03 3.994849026291102945e-03 0.000000000000000000e+00
1.845474057564827630e-03 4.403938224430969939e-04 -7.926292287191161190e-04 1.820835361082906445e-03 -1.338795021171179656e-03 4.406029296546432050e-03 0.000000000000000000e+00
1.713606500429842860e-03 4.020258000905496676e-04 -7.403666134119801789e-04 1.599595888882809902e-03 -1.159335161498020739e-03 4.136060167037047819e-03 0.000000000000000000e+00
1.867207745355092818e-03 4.306247641146510041e-04 -8.112408381215352460e-04 1.644167680648678243e-03 -1.172632362520520388e-03 4.552800060740436194e-03 0.000000000000000000e+00
1.733495452427458172e-03 3.927129158845799051e-04 -7.569686146556564577e-04 1.434541156575264154e-03 -1.004892395996215271e-03 4.265827832605761927e-03 0.000000000000000000e+00
1.888585872258902176e-03 4.202166469927381964e-04 -8.285255996580698223e-04 1.463209989688962764e-03 -1.004272723248433863e-03 4.686563513668362546e-03 0.000000000000000000e+00
1.752977866407740004e-03 3.831296045817000895e-04 -7.722874233054288773e-04 1.266710381483626691e-03 -8.491582056433522041e-04 4.383364655378585439e-03 0.000000000000000000e+00
1.909448313323680591e-03 4.098428960530031695e-04 -8.444529462246219698e-04 1.280589967543654950e-03 -8.353106993035375183e-04 4.807380307167985478e-03 0.000000000000000000e+00
1.772148199348719255e-03 3.732473837877170464e-04 -7.864026258623257881e-04 1.096567073304299811e-03 -6.924264820806769194e-04 4.488705563451711456e-03 0.000000000000000000e+00
1.930134924774215555e-03 3.987717769128873435e-04 -8.591298951331205469e-04 1.094794914613395065e-03 -6.648071889001627710e-04 4.914814386725474549e-03 0.000000000000000000e+00
1.791081924901294364e-03 3.630455710830482463e-04 -7.993764368286471189e-04 9.247250368495940620e-04 -5.350377881678802794e-04 4.581864309369798605e-03 0.000000000000000000e+00
1.950504872092972963e-03 3.877253138835079493e-04 -8.725504117428339868e-04 9.083887386678313192e-04 -4.942828875713622949e-04 5.009172181279719638e-03 0.000000000000000000e+00
1.809858863262070461e-03 3.525140075909538595e-04 -8.112229472376220052e-04 7.516090544381626160e-04 -3.772232662577756912e-04 4.662679036982586567e-03 0.000000000000000000e+00
1.970832064096775249e-03 3.759503687157106366e-04 -8.848093798230760587e-04 7.198289301664217987e-04 -3.229449095094594213e-04 5.089881700494292005e-03 0.000000000000000000e+00
1.828539037283069546e-03 3.416569253006651596e-04 -8.220298611321952276e-04 5.777227428476194859e-04 -2.192370299569645908e-04 4.731420035787525791e-03 0.000000000000000000e+00
1.990990330646945361e-03 3.641697233886243001e-04 -8.959027291031707030e-04 5.317402985642871727e-04 -1.521760367815261361e-04 5.157562846409335933e-03 0.000000000000000000e+00
1.847168495465338622e-03 3.304398792342566615e-04 -8.317710051633231405e-04 4.035448576242828267e-04 -6.145996789808094718e-05 4.787682750486021988e-03 0.000000000000000000e+00
2.011207305890529151e-03 3.516440382750896099e-04 -9.059267290063843792e-04 3.425430009578178669e-04 1.891048986379928465e-05 5.211861083641133874e-03 0.000000000000000000e+00
1.865790509005219033e-03 3.188600705619215603e-04 -8.405041149407987966e-04 2.295029689269867390e-04 9.595640985526898703e-05 4.831708392206257585e-03 0.000000000000000000e+00
2.031355001261545001e-03 3.391170671621090982e-04 -9.148736409593793972e-04 1.548533279311925526e-04 1.888795367328555130e-04 5.253429200694270662e-03 0.000000000000000000e+00
1.884439072617115352e-03 3.069202688823491343e-04 -8.482521911525042757e-04 5.611618829615139248e-05 2.528079199510813169e-04 4.863733374781409324e-03 0.000000000000000000e+00
2.051593834066382793e-03 3.258205076061559957e-04 -9.227890328705468104e-04 -3.299513243959495412e-05 3.585596923967315774e-04 5.281634228363030203e-03 0.000000000000000000e+00
1.903105695128408381e-03 2.946488946655445584e-04 -8.550996848579739407e-04 -1.161989739291158230e-04 4.086958080424807349e-04 4.884116027365603685e-03 0.000000000000000000e+00
2.071821604959604712e-03 3.124786170620730275e-04 -9.296738002869675555e-04 -2.183229492311866693e-04 5.267178899357460864e-04 5.297489324579407466e-03 0.000000000000000000e+00
1.921809017340569969e-03 2.819862546622753374e-04 -8.609832343928480736e-04 -2.870228989486633964e-04 5.635341089180734286e-04 4.892630554659493924e-03 0.000000000000000000e+00
2.092114554083264466e-03 2.983607083401340621e-04 -9.355390346387215672e-04 -4.029461619046159626e-04 6.939815612345689999e-04 5.300114691687562996e-03 0.000000000000000000e+00
1.940547644671254679e-03 2.689148667068541609e-04 -8.659450354276676531e-04 -4.559087273197093282e-04 7.171703004709151230e-04 4.889642752456069275e-03 0.000000000000000000e+00
2.112385130024811708e-03 2.842224517885516555e-04 -9.404560032942876902e-04 -5.842276680194657956e-04 8.593462881818503263e-04 5.291211418541719169e-03 0.000000000000000000e+00
1.959250968273214266e-03 2.555218782043233716e-04 -8.700239617204508225e-04 -6.226470551240481655e-04 8.691513104981396509e-04 4.875495856618838886e-03 0.000000000000000000e+00
2.132656620994370644e-03 2.692397853620576154e-04 -9.443318630304453620e-04 -7.639535910746175773e-04 1.023354332810644252e-03 5.269273747899205773e-03 0.000000000000000000e+00
1.977926399329511808e-03 2.416525556061810409e-04 -8.731369049325143905e-04 -7.866569934735778702e-04 1.019450062972548920e-03 4.849941683195080344e-03 0.000000000000000000e+00
2.152830630997790151e-03 2.542236006466136455e-04 -9.472432013110654303e-04 -9.396369415739513897e-04 1.185030503194628437e-03 5.236216015859218587e-03 0.000000000000000000e+00
1.996496987178957017e-03 2.273999331194320739e-04 -8.753703921188515924e-04 -9.478533550835166466e-04 1.167871327835801054e-03 4.813756713986094837e-03 0.000000000000000000e+00
2.172869902550243759e-03 2.383374797701731662e-04 -9.491098450601365144e-04 -1.113047126864330494e-03 1.344772471819855042e-03 5.190600183097471287e-03 0.000000000000000000e+00
2.014908164516410194e-03 2.126779389456656677e-04 -8.766264806226164996e-04 -1.105705424127911840e-03 1.314156347441475248e-03 4.766753552085445378e-03 0.000000000000000000e+00
2.192700959775209513e-03 2.223411719122492247e-04 -9.499761610986257043e-04 -1.281752309073347362e-03 1.501859007067452012e-03 5.134342678309256058e-03 0.000000000000000000e+00
2.033068407321154958e-03 1.974907447559459683e-04 -8.769130034708416677e-04 -1.260121466532204693e-03 1.457936800485892803e-03 4.709080530917786334e-03 0.000000000000000000e+00
2.212218873924538809e-03 2.053864647317826808e-04 -9.497301645060574060e-04 -1.447464719944946410e-03 1.656551166842490375e-03 5.065926221222039061e-03 0.000000000000000000e+00
2.050915780201792438e-03 1.817682451961122325e-04 -8.761911191591809089e-04 -1.410797054510304349e-03 1.599285122701132877e-03 4.641035781921765135e-03 0.000000000000000000e+00
2.231330599590241291e-03 1.883142377548385760e-04 -9.484448331325973092e-04 -1.608107251064083698e-03 1.807951340749180957e-03 4.987303366292827889e-03 0.000000000000000000e+00
2.068336110690218756e-03 1.655218966785665380e-04 -8.744505708995625737e-04 -1.557415864359867896e-03 1.737872493580816524e-03 4.563107591277093533e-03 0.000000000000000000e+00
2.249913954427133333e-03 1.701616678630446522e-04 -9.459259001090430941e-04 -1.765220333526329455e-03 1.956513017836503110e-03 4.896656412309186024e-03 0.000000000000000000e+00
2.085224265171159441e-03 1.486580606643028712e-04 -8.716029247992918005e-04 -1.699887984585757295e-03 1.873281093194290037e-03 4.474808662209950327e-03 0.000000000000000000e+00
2.267899257997807450e-03 1.517690572675201022e-04 -9.422718312635941507e-04 -1.916720551137451878e-03 2.101459144422168634e-03 4.796299069899090384e-03 0.000000000000000000e+00
2.101464924073745844e-03 1.311549473519968423e-04 -8.676362612826671317e-04 -1.837894272686213526e-03 2.005447231084644955e-03 4.376850016127642462e-03 0.000000000000000000e+00
2.285071036674558853e-03 1.321955336381908097e-04 -9.372765000895261212e-04 -2.064228917340038549e-03 2.242826243918472073e-03 4.684159890985029051e-03 0.000000000000000000e+00
2.116943254286643428e-03 1.129368895036175768e-04 -8.624636942811403362e-04 -1.971378901391318550e-03 2.134130898901354101e-03 4.269041308197607520e-03 0.000000000000000000e+00
2.301404116782729270e-03 1.122808418872744962e-04 -9.310506734342971491e-04 -2.205743551459526941e-03 2.380043754931726596e-03 4.562755338781920855e-03 0.000000000000000000e+00
2.131522605224329264e-03 9.395521910743331873e-05 -8.560374694569078402e-04 -2.100048606591187195e-03 2.258907539503418604e-03 4.151608464685541122e-03 0.000000000000000000e+00
2.316619821941826030e-03 9.106059907698638156e-05 -9.233355968100848132e-04 -2.342964990906359901e-03 2.513109046197392615e-03 4.429753245877909862e-03 0.000000000000000000e+00
2.145069962896751364e-03 7.414358821106192821e-05 -8.482899382192266025e-04 -2.223766989065900646e-03 2.379599514017005646e-03 4.024683390245975545e-03 0.000000000000000000e+00
2.330736881712740932e-03 6.932371557583083543e-05 -9.142449375699329694e-04 -2.473779179606339085e-03 2.641479784024181043e-03 4.287714377237961116e-03 0.000000000000000000e+00
2.157469543487250396e-03 5.341400898142834031e-05 -8.391480557696229248e-04 -2.342381651648572927e-03 2.495925044288860306e-03 3.888272966235062356e-03 0.000000000000000000e+00
2.343414122600175065e-03 4.615573646279957920e-05 -9.035253341750787426e-04 -2.599976899188227719e-03 2.765021224988117865e-03 4.134378589170317753e-03 0.000000000000000000e+00
2.168551678453173315e-03 3.172819609079113867e-05 -8.285432961536165486e-04 -2.455714843201839415e-03 2.607486520902480009e-03 3.742579509131926940e-03 0.000000000000000000e+00
2.354723654795349425e-03 2.231383259324037915e-05 -8.912640855870124224e-04 -2.719388386534404844e-03 2.883253209603697798e-03 3.972162777548637891e-03 0.000000000000000000e+00
2.178202958226415492e-03 8.986768658347799033e-06 -8.164079953095065845e-04 -2.563720617492215581e-03 2.714115208112488631e-03 3.587627117548342071e-03 0.000000000000000000e+00
2.364273405726691896e-03 -3.132440913156120388e-06 -8.771899628402524129e-04 -2.833707283616426764e-03 2.995855560090632252e-03 3.798703065276187729e-03 0.000000000000000000e+00
2.186268946783746780e-03 -1.486639319847604668e-05 -8.026490389909657353e-04 -2.666037672691246030e-03 2.815377595230650343e-03 3.423542617236874364e-03 0.000000000000000000e+00
2.372167404593186757e-03 -2.936246881679593912e-05 -8.614604817943904980e-04 -2.941154509476184842e-03 3.102609917685406060e-03 3.616826142601281546e-03 0.000000000000000000e+00
2.192605869083992520e-03 -3.987154370729828479e-05 -7.872355626400012740e-04 -2.762716496463646365e-03 2.910993987741417044e-03 3.250618340586042265e-03 0.000000000000000000e+00
2.377974925958994956e-03 -5.738247174205679535e-05 -8.437030811029172517e-04 -3.043035538566662979e-03 3.202932191158858188e-03 3.423610472266247484e-03 0.000000000000000000e+00
2.197090895319095405e-03 -6.613521043438708169e-05 -7.700298747603528948e-04 -2.853427604336822299e-03 3.000599001288684065e-03 3.068572991892892787e-03 0.000000000000000000e+00
2.381858428512809156e-03 -8.628895220827437207e-05 -8.241758669198934184e-04 -3.137810271629959402e-03 3.296805243960143628e-03 3.222478760940949982e-03 0.000000000000000000e+00
2.199585319432595387e-03 -9.368891140304480558e-05 -7.510175150174241976e-04 -2.938218376579371238e-03 3.083970211301245712e-03 2.877860384329355981e-03 0.000000000000000000e+00
2.383330486146043037e-03 -1.171109277876558608e-04 -8.024513117078219127e-04 -3.226558790165867663e-03 3.383384207152673184e-03 3.010210258626910829e-03 0.000000000000000000e+00
2.199989364030374706e-03 -1.226235411833087596e-04 -7.300484951085345342e-04 -3.016654295107557004e-03 3.160772217339236079e-03 2.678170234144960915e-03 0.000000000000000000e+00
2.382650567628555316e-03 -1.489199974900323742e-04 -7.788128849600256531e-04 -3.307955828258712927e-03 3.462994087115145447e-03 2.790356521758408093e-03 0.000000000000000000e+00
2.198110344898134005e-03 -1.529060755293409901e-04 -7.071401221694501027e-04 -3.088881969554257978e-03 3.230531457480090296e-03 2.470129276568089338e-03 0.000000000000000000e+00
2.379291669041182222e-03 -1.827626104719537459e-04 -7.527907411553347305e-04 -3.382842543720343542e-03 3.534633460993141796e-03 2.559429866362927797e-03 0.000000000000000000e+00
2.193920592199194441e-03 -1.846051942995807771e-04 -6.822042244256504295e-04 -3.154571718362753074e-03 3.293248038534368760e-03 2.253765677169061732e-03 0.000000000000000000e+00
2.373499067174239530e-03 -2.176063739177114265e-04 -7.247599978745522531e-04 -3.450277928633838087e-03 3.598537003478341489e-03 2.321459640517442580e-03 0.000000000000000000e+00
2.187268895209412700e-03 -2.177448060126097040e-04 -6.551597565462724537e-04 -3.213556465974320986e-03 3.348357496632647923e-03 2.029058139926931403e-03 0.000000000000000000e+00
2.364795850309686642e-03 -2.545193615592633574e-04 -6.941982689474546220e-04 -3.510796964659057551e-03 3.653930924434778404e-03 2.072834221674701993e-03 0.000000000000000000e+00
2.178036040418690478e-03 -2.522761137927209685e-04 -6.259744724948917982e-04 -3.265797231538414280e-03 3.395689785746558442e-03 1.796480162871150199e-03 0.000000000000000000e+00
2.353542941663358534e-03 -2.924779885317141392e-04 -6.614877640307575968e-04 -3.563318513841728929e-03 3.701218746913870206e-03 1.817443587120992632e-03 0.000000000000000000e+00
2.166166869266225592e-03 -2.882098373938046798e-04 -5.946199165430543498e-04 -3.311189764891864229e-03 3.435067916191414383e-03 1.556273840465749458e-03 0.000000000000000000e+00
2.339128924691014078e-03 -3.323887882679121830e-04 -6.261795466272340738e-04 -3.608843853919907474e-03 3.739328509612338536e-03 1.552097468690227799e-03 0.000000000000000000e+00
2.151597323879650414e-03 -3.255104785421791824e-04 -5.610152985316696483e-04 -3.349326690946341500e-03 3.466191018939301927e-03 1.308538782635482178e-03 0.000000000000000000e+00
2.321978869236962506e-03 -3.732786209148519774e-04 -5.886565619267758454e-04 -3.646184865829127375e-03 3.768818002853002724e-03 1.280709619545072897e-03 0.000000000000000000e+00
2.134276101060803010e-03 -3.640916370943325653e-04 -5.251310202567666119e-04 -3.380484856910115354e-03 3.489141952799812429e-03 1.053636053053086385e-03 0.000000000000000000e+00
2.301551937724133357e-03 -4.159974109418929089e-04 -5.484529827896461596e-04 -3.676079722845670972e-03 3.788794984859400472e-03 1.000002863272175802e-03 0.000000000000000000e+00
2.114135193538826951e-03 -4.039011105949619207e-04 -4.869748998993228550e-04 -3.404168029748078084e-03 3.503511239965728663e-03 7.920641465641864443e-04 0.000000000000000000e+00
2.278309300579012264e-03 -4.594518025453075971e-04 -5.060202881249503681e-04 -3.697728096911490070e-03 3.799930548466612379e-03 7.142554204040418853e-04 0.000000000000000000e+00
2.091154644200482471e-03 -4.448012405537382641e-04 -4.465173869783733984e-04 -3.420526983983762648e-03 3.509382354928813896e-03 5.241971391174438111e-04 0.000000000000000000e+00
2.251748093990757482e-03 -5.045506361057994216e-04 -4.608100007002791099e-04 -3.711503671217641909e-03 3.801421905673230128e-03 4.198395645924613007e-04 0.000000000000000000e+00
2.065310578922785467e-03 -4.866606990341915129e-04 -4.037800527041390808e-04 -3.429523519589139369e-03 3.506670226702368609e-03 2.505609217098303532e-04 0.000000000000000000e+00
2.222352772709601521e-03 -5.501136475364321043e-04 -4.133915616183064801e-04 -3.717101975633241295e-03 3.794143760652346486e-03 1.213837726232736003e-04 0.000000000000000000e+00
2.036663569059279921e-03 -5.293178223105265978e-04 -3.587244705477304896e-04 -3.430780297070334939e-03 3.495396311793630417e-03 -2.845807456752780240e-05 0.000000000000000000e+00
2.189623346982680352e-03 -5.969278582019232893e-04 -3.632289000660426925e-04 -3.714466562541041128e-03 3.777105391522983524e-03 -1.843439012854108938e-04 0.000000000000000000e+00
2.005167556374171101e-03 -5.726160542095515282e-04 -3.114067963991135057e-04 -3.424728605180504815e-03 3.475797922958712149e-03 -3.121812002404578124e-04 0.000000000000000000e+00
2.154158040745104974e-03 -6.438093877582373725e-04 -3.109033244280412500e-04 -3.703612104659192994e-03 3.751483854200987622e-03 -4.929402423816675594e-04 0.000000000000000000e+00
1.970940765831694086e-03 -6.162517925409338737e-04 -2.618713639894743039e-04 -3.410916612383907420e-03 3.447867463061360382e-03 -5.997592284909813998e-04 0.000000000000000000e+00
2.115440593745035458e-03 -6.914752528492940087e-04 -2.558778203604478163e-04 -3.684502282551349595e-03 3.716496019266379847e-03 -8.074936755015915679e-04 0.000000000000000000e+00
1.934044035560703034e-03 -6.601072855622613922e-04 -2.101046201288675475e-04 -3.389433389946461261e-03 3.412023803116337461e-03 -8.908682506147957980e-04 0.000000000000000000e+00
2.074227930389971331e-03 -7.386933871989520561e-04 -1.987914734890433577e-04 -3.657136239175962089e-03 3.673743665851159079e-03 -1.123284425694981437e-03 0.000000000000000000e+00
1.894570787015922853e-03 -7.038233464163878850e-04 -1.561998955951632295e-04 -3.360212758572345138e-03 3.368335721460447019e-03 -1.184533735286041889e-03 0.000000000000000000e+00
2.029974876174428511e-03 -7.860893572775584648e-04 -1.391221381473600749e-04 -3.621567965542915601e-03 3.622416869474953671e-03 -1.443382457390729456e-03 0.000000000000000000e+00
1.852658931544612364e-03 -7.471232150751683232e-04 -1.002308416262476243e-04 -3.323519228588978081e-03 3.317561433510363145e-03 -1.479861579366748003e-03 0.000000000000000000e+00
1.983507538171572215e-03 -8.324545275844585923e-04 -7.752507056396629181e-05 -3.577535504646789377e-03 3.564018967063375953e-03 -1.763073620608013314e-03 0.000000000000000000e+00
1.808463518465780462e-03 -7.896959816697801671e-04 -4.229111855957867760e-05 -3.279230373665953380e-03 3.260035213315859437e-03 -1.775977029814468366e-03 0.000000000000000000e+00
1.934332499152369156e-03 -8.782388261571738575e-04 -1.354951808500703958e-05 -3.525172294050804567e-03 3.497993705096735795e-03 -2.084899767042402985e-03 0.000000000000000000e+00
1.762244321689171445e-03 -8.311938517393535619e-04 1.758568211564226491e-05 -3.227130907469621945e-03 3.196617044651350881e-03 -2.072069375205431996e-03 0.000000000000000000e+00
1.883346185147377616e-03 -9.222892653803493879e-04 5.213105717119526084e-05 -3.464904110653144187e-03 3.426497226794111839e-03 -2.404313088417042721e-03 0.000000000000000000e+00
1.714171316391760458e-03 -8.712583882536928392e-04 7.923798895127787123e-05 -3.167369360410177137e-03 3.127780453180850628e-03 -2.367074295406501605e-03 0.000000000000000000e+00
1.830197173480735406e-03 -9.649323438435386535e-04 1.199830873227086814e-04 -3.395789164843066033e-03 3.348994799274418455e-03 -2.723662319967345979e-03 0.000000000000000000e+00
1.664514734936645146e-03 -9.094997245231439820e-04 1.425627383215555266e-04 -3.099929106708643189e-03 3.054487689451157451e-03 -2.659865714692344341e-03 0.000000000000000000e+00
1.775848693580883708e-03 -1.005026750640680699e-03 1.892696844353336516e-04 -3.318793511373208105e-03 3.267985415023044737e-03 -3.038317142273427862e-03 0.000000000000000000e+00
1.613558379807061849e-03 -9.454993912402787082e-04 2.073758085505972293e-04 -3.024839622885799884e-03 2.977570184637734485e-03 -2.949227386632724546e-03 0.000000000000000000e+00
1.719943401757156876e-03 -1.042840178494819359e-03 2.604535320063910975e-04 -3.232938056348722000e-03 3.183048213313721675e-03 -3.350528308259770327e-03 0.000000000000000000e+00
1.561677356422846996e-03 -9.788389644469486228e-04 2.735775183327210369e-04 -2.941907429794277107e-03 2.898407867106822522e-03 -3.234083331810522211e-03 0.000000000000000000e+00
1.663567112587999164e-03 -1.077186883691239050e-03 3.326754599494441411e-04 -3.138941997248068105e-03 3.096690145108826897e-03 -3.655365629393836358e-03 0.000000000000000000e+00
1.509255540766918369e-03 -1.009132349512109617e-03 3.410040380397716397e-04 -2.850835204020185643e-03 2.818001515761725528e-03 -3.513281213304075834e-03 0.000000000000000000e+00
1.606461085208565898e-03 -1.108282149960893026e-03 4.064470291981203687e-04 -3.035739691672922902e-03 3.009206372961426013e-03 -3.954946072368237253e-03 0.000000000000000000e+00
1.456708884566199069e-03 -1.035889751653362723e-03 4.094607647049663957e-04 -2.751784671369605917e-03 2.737918273217232468e-03 -3.785619711317300684e-03 0.000000000000000000e+00
1.549766847939504366e-03 -1.135026225644653053e-03 4.808938574101390140e-04 -2.924179243845692611e-03 2.923148093940675096e-03 -4.244719956533193894e-03 0.000000000000000000e+00
1.404397919657102145e-03 -1.058646893797365873e-03 4.786670075593579821e-04 -2.644307939978496336e-03 2.659118280032402026e-03 -4.049220874588810304e-03 0.000000000000000000e+00
1.493391396641452484e-03 -1.157494274001358292e-03 5.564595263352484222e-04 -2.802523390385225355e-03 2.839271786241326367e-03 -4.526272622315197225e-03 0.000000000000000000e+00
1.352964724493144200e-03 -1.076989883169732209e-03 5.485449600385328139e-04 -2.527935458934038593e-03 2.583702255143371929e-03 -4.303402025483293869e-03 0.000000000000000000e+00
1.438400737492823156e-03 -1.174686517102230265e-03 6.322009786719762214e-04 -2.672168823693255035e-03 2.760025828222545385e-03 -4.795076885173221726e-03 0.000000000000000000e+00
1.302844380152656800e-03 -1.090481262883524760e-03 6.187995011949498636e-04 -2.402386364070530078e-03 2.513073917350894249e-03 -4.546572388430147882e-03 0.000000000000000000e+00
1.384913505400237055e-03 -1.186545151290907540e-03 7.085807636401930676e-04 -2.530573662656188105e-03 2.686715730627398102e-03 -5.052467847574071413e-03 0.000000000000000000e+00
1.254622335287558510e-03 -1.098625700338806688e-03 6.892075002979947129e-04 -2.267250422384847752e-03 2.449151621245260202e-03 -4.777322729960786774e-03 0.000000000000000000e+00
1.334066086748658675e-03 -1.192243876741327924e-03 7.846485824452159585e-04 -2.378958148642418280e-03 2.621902946359444542e-03 -5.294457586523249049e-03 0.000000000000000000e+00
1.208860424997404426e-03 -1.101002947077767136e-03 7.594876212712459163e-04 -2.121601564314623545e-03 2.393589365948578518e-03 -4.994071813340994481e-03 0.000000000000000000e+00
1.286033498588523560e-03 -1.191535199039917003e-03 8.607702536614081357e-04 -2.214911675743280739e-03 2.567309301918285769e-03 -5.521680640020898423e-03 0.000000000000000000e+00
1.166263143026369242e-03 -1.097176917768005744e-03 8.293900686851818360e-04 -1.964886943618182613e-03 2.348787376973415775e-03 -5.195562132379594189e-03 0.000000000000000000e+00
1.241887562966947911e-03 -1.183820909691601919e-03 9.360077915747805344e-04 -2.039221929312162729e-03 2.525068210873282482e-03 -5.730558094391824397e-03 0.000000000000000000e+00
1.127434915145997252e-03 -1.086711969618903151e-03 8.986451279304474848e-04 -1.796159773030936435e-03 2.316505892308917680e-03 -5.380322527378966768e-03 0.000000000000000000e+00
1.202058246701637190e-03 -1.168726121158758513e-03 1.010724017392702900e-03 -1.848868521561186640e-03 2.497894723134663764e-03 -5.921507791677882437e-03 0.000000000000000000e+00
1.093029400309641908e-03 -1.069159292186538934e-03 9.669161512014523563e-04 -1.614455320289920337e-03 2.298940288915751751e-03 -5.546739490876806400e-03 0.000000000000000000e+00
1.167566707980682850e-03 -1.145753398067550499e-03 1.083926519344274864e-03 -1.644916778134941637e-03 2.487640573336502570e-03 -6.091055964895897290e-03 0.000000000000000000e+00
1.063784460324512793e-03 -1.044187616780656302e-03 1.033996890740407348e-03 -1.418378727862545929e-03 2.298352013287097151e-03 -5.693745373525294085e-03 0.000000000000000000e+00
1.138909515749769730e-03 -1.114416024166231534e-03 1.155899000937377075e-03 -1.423906192542290228e-03 2.497393852317841834e-03 -6.239239415257502586e-03 0.000000000000000000e+00
1.040381400040202298e-03 -1.011294236133886137e-03 1.099471530937867758e-03 -1.206899288805907133e-03 2.316981405851237241e-03 -5.819476810931867305e-03 0.000000000000000000e+00
1.117018541611336513e-03 -1.074443983155926041e-03 1.225712757092267680e-03 -1.186561736969515835e-03 2.528593565784387209e-03 -6.363217296848189264e-03 0.000000000000000000e+00
1.023516153653258876e-03 -9.701532970760595731e-04 1.163065655727504866e-03 -9.786302794179135844e-04 2.357131114627986079e-03 -5.922650159937425940e-03 0.000000000000000000e+00
1.102621145573190464e-03 -1.025167663713411059e-03 1.293658662970126327e-03 -9.286157241952253116e-04 2.585165230137409509e-03 -6.462602858813948359e-03 0.000000000000000000e+00
1.013897305975092200e-03 -9.203660005068226013e-04 1.224483750678961869e-03 -7.319109011136859522e-04 2.421069660462737971e-03 -6.001980329093381528e-03 0.000000000000000000e+00
1.096348053620271878e-03 -9.664813035877850567e-04 1.358690123651182247e-03 -6.516894111614490726e-04 2.667801647824763478e-03 -6.534749973235554066e-03 0.000000000000000000e+00
1.012217346429145071e-03 -8.615235161999468261e-04 1.283351202348834152e-03 -4.652696230493802432e-04 2.511245384540838899e-03 -6.055906623339435413e-03 0.000000000000000000e+00
1.099144836538973324e-03 -8.975286895303580259e-04 1.421073184880924933e-03 -3.504114527013157954e-04 2.781132613605130643e-03 -6.578868581039953867e-03 0.000000000000000000e+00
1.019101881687439759e-03 -7.932197041072841515e-04 1.339324119494125775e-03 -1.770308476407578269e-04 2.629809055357590353e-03 -6.083001848524949295e-03 0.000000000000000000e+00
1.111423693522156642e-03 -8.184485983990796854e-04 1.479913092784834738e-03 -2.670394053616576002e-05 2.925314779244736485e-03 -6.593335035784742004e-03 0.000000000000000000e+00
1.035192027474735044e-03 -7.150907062427602767e-04 1.392093274680275550e-03 1.345266436700853774e-04 2.779236897274550699e-03 -6.082059823380392416e-03 0.000000000000000000e+00
1.134203517695081542e-03 -7.280678853198163658e-04 1.535310266077213881e-03 3.250193775787835193e-04 3.105666891531910778e-03 -6.576428491299246559e-03 0.000000000000000000e+00
1.061066216181932864e-03 -6.266607491506315242e-04 1.441299807987544979e-03 4.711143936519945896e-04 2.961817111463815877e-03 -6.051709868419186122e-03 0.000000000000000000e+00
1.167607788407548641e-03 -6.267355485389258796e-04 1.586440618512527378e-03 7.029075542641649577e-04 3.321416960601730750e-03 -6.527261015930152510e-03 0.000000000000000000e+00
1.097222005955938995e-03 -5.274709435194036011e-04 1.486586372792003674e-03 8.341631608477229065e-04 3.179895456255188435e-03 -5.990643103624959664e-03 0.000000000000000000e+00
1.212702845083180048e-03 -5.129848230805422737e-04 1.633320146730787847e-03 1.112633672669893770e-03 3.578687288907644870e-03 -6.443592257977082127e-03 0.000000000000000000e+00
1.144128960595625077e-03 -4.170051983196643164e-04 1.527607065557545774e-03 1.225598029802377198e-03 3.435750233107270901e-03 -5.897636360104874242e-03 0.000000000000000000e+00
0.000000000000000000e+00 0.000000000000000000e+00 0.000000000000000000e+00 0.000000000000000000e+00 0.000000000000000000e+00 0.000000000000000000e+00 0.000000000000000000e+00
