-1.493301717192047351e-01 -2.998841562456848742e-01 1.517505340164241046e-01 1.576548134174906579e+00 -5.412647225612410296e-03 1.567274992272740697e+00 -5.023061701823564595e-01 8.500083822345609885e-01 2.495500452072754172e-01 -5.458211904193288611e-01 -1.163696734133786936e+00 2.436855980393528576e-01 0.000000000000000000e+00
-1.502216088075279121e-01 -2.992937268659058847e-01 1.527970745703169375e-01 1.577808150716037972e+00 -1.112213608709389234e-02 1.563450933169416412e+00 -5.039117567140516396e-01 8.461934039730223400e-01 2.508551272994685721e-01 -5.410572612823678629e-01 -1.164298874856253718e+00 2.442929152811885996e-01 0.000000000000000000e+00
-1.511337541847429244e-01 -2.986351244898879376e-01 1.539111352508604758e-01 1.579310301971760921e+00 -1.724253392893615455e-02 1.559325166746708735e+00 -5.055047930991096727e-01 8.419969944643573845e-01 2.524980313759386252e-01 -5.357759132351179732e-01 -1.165054147341400448e+00 2.449850542037433909e-01 0.000000000000000000e+00
-1.519259143858564531e-01 -2.980110088291482717e-01 1.549206130535120962e-01 1.580820412959407228e+00 -2.283271104959982978e-02 1.555535673770731098e+00 -5.068365068022038233e-01 8.380677665920543973e-01 2.542206971270561944e-01 -5.307875794868042174e-01 -1.165841377759627706e+00 2.456526254652421914e-01 0.000000000000000000e+00
-1.527300635882767599e-01 -2.973188497635142480e-01 1.559930955119016027e-01 1.582585920311166738e+00 -2.882522000043685750e-02 1.551453986885961367e+00 -5.081258429544520672e-01 8.337547106276438358e-01 2.563030227833893449e-01 -5.252594229855314101e-01 -1.166786267314387837e+00 2.464034870898332286e-01 0.000000000000000000e+00
-1.534227947951242454e-01 -2.966664994470042394e-01 1.569632192918515301e-01 1.584330379196746463e+00 -3.429934378913124249e-02 1.547710464221934590e+00 -5.091727648684758467e-01 8.297249484241904227e-01 2.584167737405853593e-01 -5.200414248827118779e-01 -1.167737947929927689e+00 2.471189286719261968e-01 0.000000000000000000e+00
-1.541196372470232112e-01 -2.959465968318955031e-01 1.579920855164466675e-01 1.586340492057011886e+00 -4.016848289211250034e-02 1.543684393963492774e+00 -5.101491130136125429e-01 8.253104926012749809e-01 2.609072288339726597e-01 -5.142626649228625446e-01 -1.168849551368926765e+00 2.479149475217508891e-01 0.000000000000000000e+00
-1.547131922980156393e-01 -2.952710509793732840e-01 1.589207764726003891e-01 1.588304269965981064e+00 -4.553022219509461621e-02 1.539998155451045125e+00 -5.109014560215598966e-01 8.211935784511488201e-01 2.633860991766185933e-01 -5.088104085126570197e-01 -1.169945841631657935e+00 2.486662751995326603e-01 0.000000000000000000e+00
-1.553025585525258656e-01 -2.945286130764449561e-01 1.599036459007725508e-01 1.590544711762870378e+00 -5.127918557835497992e-02 1.536040285160402252e+00 -5.115526987766252365e-01 8.166915712073971045e-01 2.662591173605961536e-01 -5.027749198237240202e-01 -1.171204052088665737e+00 2.494948511936835589e-01 0.000000000000000000e+00
-1.557975164646999422e-01 -2.938345887671464651e-01 1.607890972927643880e-01 1.592713048258683095e+00 -5.653224991629723917e-02 1.532422374613846117e+00 -5.120015412888444528e-01 8.125005545999394174e-01 2.690772744261178406e-01 -4.970845435225517139e-01 -1.172425777238739641e+00 2.502703137688441770e-01 0.000000000000000000e+00
-1.562808291186995879e-01 -2.930745070690616294e-01 1.617243395730642852e-01 1.595166658068563059e+00 -6.216602595651243846e-02 1.528544218161876467e+00 -5.123206545664632516e-01 8.079253770052378103e-01 2.723031614545310397e-01 -4.907899958385812944e-01 -1.173809555741144983e+00 2.511188135369002428e-01 0.000000000000000000e+00
-1.566780788652130663e-01 -2.923662868113447444e-01 1.625649513007231817e-01 1.597525462081847536e+00 -6.731427984535498510e-02 1.525005465323141962e+00 -5.124581069682249135e-01 8.036728413765993340e-01 2.754355715286822548e-01 -4.848582372741069846e-01 -1.175138606283148812e+00 2.519070759300500728e-01 0.000000000000000000e+00
-1.570558404062570301e-01 -2.915930013768279760e-01 1.634506701270306006e-01 1.600178718178170811e+00 -7.283622881011631023e-02 1.521219249194395218e+00 -5.124349374667411805e-01 7.990376760783435284e-01 2.789894268453383397e-01 -4.782999034841642350e-01 -1.176629443861375135e+00 2.527634486680787052e-01 0.000000000000000000e+00
-1.573565775009269641e-01 -2.908745097077027886e-01 1.642450109962081128e-01 1.602714250664112328e+00 -7.788362286868455442e-02 1.517770578272627624e+00 -5.122540755392112066e-01 7.947360051275931259e-01 2.824113225299811347e-01 -4.721241660743248914e-01 -1.178048242932114853e+00 2.535534587606939061e-01 0.000000000000000000e+00
-1.576307925441253754e-01 -2.900920201870873516e-01 1.650799583554794503e-01 1.605551170267828454e+00 -8.329870016314711023e-02 1.514087700725756935e+00 -5.118837297001219699e-01 7.900543676683154937e-01 2.862650497853802545e-01 -4.653012139405691694e-01 -1.179627097984368600e+00 2.544058866913578298e-01 0.000000000000000000e+00
-1.578364305403916756e-01 -2.893667970143105062e-01 1.658267728593433299e-01 1.608250205363205509e+00 -8.824901156092934684e-02 1.510739824013978438e+00 -5.113784947518204005e-01 7.857156121993857933e-01 2.899523294726495948e-01 -4.588795336040610851e-01 -1.181119133985085279e+00 2.551869751943212639e-01 0.000000000000000000e+00
-1.580081885090376392e-01 -2.885788048555666396e-01 1.666094930223857573e-01 1.611257839383923418e+00 -9.356058250021082046e-02 1.507172386653291118e+00 -5.106527500652601192e-01 7.810000194362095582e-01 2.940815607428173273e-01 -4.517885343065888848e-01 -1.182768695964280470e+00 2.560240067249331397e-01 0.000000000000000000e+00
-1.581203706531752740e-01 -2.878500047162128594e-01 1.673076409988379643e-01 1.614107524722723674e+00 -9.841754949817360654e-02 1.503936324378528422e+00 -5.098180155110885181e-01 7.766358973578968428e-01 2.980107886151204255e-01 -4.451195794628669544e-01 -1.184317989928433956e+00 2.567857540204798728e-01 0.000000000000000000e+00
-1.581921632374126696e-01 -2.870597006333415191e-01 1.680373228081952774e-01 1.617270773237041936e+00 -1.036302985033241697e-01 1.500495147246045713e+00 -5.087339757893716286e-01 7.718989993060001442e-01 3.023886259730470538e-01 -4.377609990548689822e-01 -1.186021214603594220e+00 2.575964202563000294e-01 0.000000000000000000e+00
-1.582127419061066242e-01 -2.863301566272020704e-01 1.686859086798647989e-01 1.620258489713461536e+00 -1.083974442819437556e-01 1.497381493876984271e+00 -5.075654805715857920e-01 7.675208290529370592e-01 3.065366325289000660e-01 -4.308440373346334451e-01 -1.187612586512970969e+00 2.583287895560718028e-01 0.000000000000000000e+00
-1.581860955024011195e-01 -2.855404827437894588e-01 1.693613608755160094e-01 1.623565116623627347e+00 -1.135143764440336156e-01 1.494078877148480977e+00 -5.061168208071235020e-01 7.627746765162524145e-01 3.111397733150473854e-01 -4.232157785767514113e-01 -1.189353628075610292e+00 2.591022214709012284e-01 0.000000000000000000e+00
-1.581170937788821951e-01 -2.848127030971868145e-01 1.699597256347714636e-01 1.626678396194204623e+00 -1.181949114848475091e-01 1.491097630892280756e+00 -5.046111361058199796e-01 7.583933770489085235e-01 3.154837885271302156e-01 -4.160506435324340391e-01 -1.190972963176432975e+00 2.597954589474056886e-01 0.000000000000000000e+00
-1.579948727196546776e-01 -2.840261092358113415e-01 1.705805129063741044e-01 1.630114020450590395e+00 -1.232201637593126620e-01 1.487944082701297743e+00 -5.027968576132035849e-01 7.536497545152595068e-01 3.202865332369793094e-01 -4.081545040584036443e-01 -1.192736375292228868e+00 2.605215032395885588e-01 0.000000000000000000e+00
-1.578384743497847909e-01 -2.833022385812803412e-01 1.711279665726421484e-01 1.633341018715192661e+00 -1.278172138979281058e-01 1.485106126651182468e+00 -5.009514534253467488e-01 7.492761116360494578e-01 3.248045860262986917e-01 -4.007415951641680185e-01 -1.194369691988774518e+00 2.611662212499830660e-01 0.000000000000000000e+00
-1.576225162678140113e-01 -2.825209990567765228e-01 1.716932645204919949e-01 1.636893817069292822e+00 -1.327530745763207953e-01 1.482113398521194281e+00 -4.987669289621819990e-01 7.445464041190961169e-01 3.297845641066921019e-01 -3.925766761571213848e-01 -1.196141359903949875e+00 2.618345581702952729e-01 0.000000000000000000e+00
-1.573810369150650812e-01 -2.818029264710052439e-01 1.721894250064461840e-01 1.640222629484564543e+00 -1.372692869907976565e-01 1.479428624748076126e+00 -4.965800409435497942e-01 7.401907375772441844e-01 3.344548165523097971e-01 -3.849169588088627303e-01 -1.197775741864931298e+00 2.624216520326032587e-01 0.000000000000000000e+00
-1.570744749006884600e-01 -2.810287828610800176e-01 1.726990786363518382e-01 1.643879050417096366e+00 -1.421192282486605230e-01 1.476607009585553021e+00 -4.940261027476774980e-01 7.354859306164829302e-01 3.395877932373285724e-01 -3.764862563250261362e-01 -1.199541817141817512e+00 2.630229605172295093e-01 0.000000000000000000e+00
-1.567503358970454286e-01 -2.803180897556772355e-01 1.731436730858804673e-01 1.647298100241894936e+00 -1.465569023020769635e-01 1.474085261460540419e+00 -4.914967987918883452e-01 7.311582272660770432e-01 3.443890732085777007e-01 -3.685812618403712104e-01 -1.201165013826220651e+00 2.635436584446104735e-01 0.000000000000000000e+00
-1.563552747746457527e-01 -2.795527430651560397e-01 1.735971716565420098e-01 1.651046655746421621e+00 -1.513224621813105131e-01 1.471446146099057550e+00 -4.885705173861092931e-01 7.264891732429501481e-01 3.496533437353375184e-01 -3.598850421958537105e-01 -1.202912580133530751e+00 2.640681846660583587e-01 0.000000000000000000e+00
-1.559509657801484706e-01 -2.788507299291201336e-01 1.739899905955275827e-01 1.654544723783210713e+00 -1.556834669943309990e-01 1.469097306018035010e+00 -4.856985977560814849e-01 7.221992202009959172e-01 3.545651448918250015e-01 -3.517368345246472128e-01 -1.204513006790613794e+00 2.645140144772944457e-01 0.000000000000000000e+00
-1.554707298955409489e-01 -2.780953474720025964e-01 1.743875867220790188e-01 1.658372344123646869e+00 -1.603671988818025085e-01 1.466649883601139681e+00 -4.824025031434312494e-01 7.175759725486182683e-01 3.599375397588420178e-01 -3.427792256191384834e-01 -1.206229946745388082e+00 2.649532529648325752e-01 0.000000000000000000e+00
-1.549888288108407230e-01 -2.774030951690979463e-01 1.747286372196138193e-01 1.661938339309783075e+00 -1.646530289039844774e-01 1.464483276361056019e+00 -4.791885004713827279e-01 7.133330908789313751e-01 3.649396220762832765e-01 -3.343903014749025071e-01 -1.207796551256627104e+00 2.653160920185990701e-01 0.000000000000000000e+00
-1.544256783881684525e-01 -2.766588447119956440e-01 1.750700529799838479e-01 1.665833946228420182e+00 -1.692554992772490330e-01 1.462238567691324764e+00 -4.755212943608300158e-01 7.087659693465272470e-01 3.703995017851089422e-01 -3.251727680470020143e-01 -1.209471280108123326e+00 2.656608382217098274e-01 0.000000000000000000e+00
-1.538688214484194294e-01 -2.759771962159034975e-01 1.753594567957854622e-01 1.669456932803376148e+00 -1.734671319934171230e-01 1.460263051528139622e+00 -4.719665402273058308e-01 7.045792803758408329e-01 3.754721578714377284e-01 -3.165462233545037196e-01 -1.210993942461376260e+00 2.659328301927909588e-01 0.000000000000000000e+00
-1.532261695862909556e-01 -2.752447350193688580e-01 1.756452139900105125e-01 1.673408117592701139e+00 -1.779899241279307986e-01 1.458229501259130201e+00 -4.679322839395129718e-01 7.000775394481982827e-01 3.809976845011340263e-01 -3.070738919893098440e-01 -1.212615807565234460e+00 2.661753609443130997e-01 0.000000000000000000e+00
-1.525970166554525831e-01 -2.745743322620117222e-01 1.758832473677448549e-01 1.677077403604008587e+00 -1.821278837802569051e-01 1.456453493209286520e+00 -4.640387424258171634e-01 6.959556984500553378e-01 3.861217395965010901e-01 -2.982132221474799727e-01 -1.214084940380576683e+00 2.663489990473862923e-01 0.000000000000000000e+00
-1.518772461414551189e-01 -2.738543982475161731e-01 1.761133466023356853e-01 1.681073380379346283e+00 -1.865706135320301939e-01 1.454641202242540343e+00 -4.596377355664066910e-01 6.915291252441800873e-01 3.916930725969467453e-01 -2.884886228480283976e-01 -1.215643688566599989e+00 2.664806923632907498e-01 0.000000000000000000e+00
-1.511784964659032560e-01 -2.731957055937862533e-01 1.763003831848546088e-01 1.684778448033683595e+00 -1.906349535454419097e-01 1.453072779332436504e+00 -4.554081031231427823e-01 6.874805877550416167e-01 3.968497514156670292e-01 -2.793978558880156893e-01 -1.217050237096325427e+00 2.665487527738990559e-01 0.000000000000000000e+00
-1.503850368111036839e-01 -2.724885599776550871e-01 1.764756322286869239e-01 1.688807347015099047e+00 -1.949980922031966379e-01 1.451489026401979743e+00 -4.506458051723494784e-01 6.831376378073948930e-01 4.024462512884141585e-01 -2.694270972800566488e-01 -1.218536680458753185e+00 2.665626511458378811e-01 0.000000000000000000e+00
-1.496193799692094872e-01 -2.718418637435412455e-01 1.766121395336782141e-01 1.692537947649018548e+00 -1.989883583303067027e-01 1.450135824097740223e+00 -4.460834107508802604e-01 6.791705264685856669e-01 4.076174443350752963e-01 -2.601107106414438097e-01 -1.219872255745427791e+00 2.665182262899040144e-01 0.000000000000000000e+00
-1.487546822197098606e-01 -2.711479015587335839e-01 1.767328344850311872e-01 1.696589190562347582e+00 -2.032705642016434666e-01 1.448789488515095147e+00 -4.409616526319534713e-01 6.749203211059009444e-01 4.132200694783298989e-01 -2.498973380581786252e-01 -1.221277339536553708e+00 2.664062736555798394e-01 0.000000000000000000e+00
-1.479248288786599863e-01 -2.705133614443641088e-01 1.768194324472924794e-01 1.700335174570239971e+00 -2.071858722502519790e-01 1.447658317749557888e+00 -4.360704909739139268e-01 6.710424922426365679e-01 4.183879335736284677e-01 -2.403602086547118044e-01 -1.222534218413016571e+00 2.662427555646489363e-01 0.000000000000000000e+00
-1.469922669826877470e-01 -2.698324818195833030e-01 1.768865846675958253e-01 1.704397531258363685e+00 -2.113865435807178450e-01 1.446555467617549384e+00 -4.305960637476334285e-01 6.668926880530479107e-01 4.239776423855958765e-01 -2.299112461835154664e-01 -1.223850352623733873e+00 2.659987434297704234e-01 0.000000000000000000e+00
-1.461009147031446520e-01 -2.692101305532001443e-01 1.769240154432663581e-01 1.708148967710452659e+00 -2.152255586450895208e-01 1.445652496726700820e+00 -4.253807620954176416e-01 6.631115985163805737e-01 4.291248669824465622e-01 -2.201586836926180402e-01 -1.225021344555041747e+00 2.657098736752809276e-01 0.000000000000000000e+00
-1.451029557875000708e-01 -2.685425358275961849e-01 1.769381967798487054e-01 1.712212015153184552e+00 -2.193423282757711590e-01 1.444800563330239207e+00 -4.195568615550915315e-01 6.590708507734306387e-01 4.346830173354963023e-01 -2.094786753521005462e-01 -1.226240406544025330e+00 2.653263118992822411e-01 0.000000000000000000e+00
-1.441527518177295464e-01 -2.679322689597355422e-01 1.769272667291809931e-01 1.715959171290693419e+00 -2.231032327164936824e-01 1.444131540186488927e+00 -4.140226130728250631e-01 6.553935579402492273e-01 4.397930908351401769e-01 -1.995164222148729793e-01 -1.227318853627453077e+00 2.649060484345109323e-01 0.000000000000000000e+00
-1.430926877679416509e-01 -2.672775854376858717e-01 1.768896839331497717e-01 1.720012283697958999e+00 -2.271345654006005077e-01 1.443535020188746243e+00 -4.078572952807507646e-01 6.514687908627722068e-01 4.453021058660784348e-01 -1.886131910407363999e-01 -1.228434851282250495e+00 2.643774941819142521e-01 0.000000000000000000e+00
-1.420862802690878446e-01 -2.666792648047789371e-01 1.768313333846417701e-01 1.723745572455954722e+00 -2.308151618392457749e-01 1.443104579658860631e+00 -4.020098923438046867e-01 6.479022855309379825e-01 4.503585166697572362e-01 -1.784473392381722978e-01 -1.229414761405345224e+00 2.638201777895447520e-01 0.000000000000000000e+00
-1.409665226394127835e-01 -2.660375368902520021e-01 1.767427963079796216e-01 1.727778555335485855e+00 -2.347577398097477896e-01 1.442769367394061142e+00 -3.955076180948081110e-01 6.441014886022041752e-01 4.558005531992797010e-01 -1.673263613554080986e-01 -1.230420504191013675e+00 2.631396901967590352e-01 0.000000000000000000e+00
-1.399064990869499647e-01 -2.654509183975469755e-01 1.766380227358438637e-01 1.731488580290742263e+00 -2.383554114457395734e-01 1.442581603265332024e+00 -3.893534190002848616e-01 6.406523620954154286e-01 4.607875886565619972e-01 -1.569634356321781277e-01 -1.231296417873540827e+00 2.624398946860702631e-01 0.000000000000000000e+00
-1.387302376076476329e-01 -2.648215909527045220e-01 1.764999226923521791e-01 1.735491341038675195e+00 -2.422069469082037685e-01 1.442510567945920030e+00 -3.825234427791540104e-01 6.369816605859318637e-01 4.661464014020193503e-01 -1.456332664457881954e-01 -1.232187112100117776e+00 2.616027466421607106e-01 0.000000000000000000e+00
-1.376191338234180606e-01 -2.642463918358255448e-01 1.763498543280555275e-01 1.739168865510251294e+00 -2.457187251239680847e-01 1.442568548102681536e+00 -3.760693051668606013e-01 6.336561047537226932e-01 4.710487483366372352e-01 -1.350801077969425168e-01 -1.232954102494060455e+00 2.607553787175679316e-01 0.000000000000000000e+00
-1.363886941738333969e-01 -2.636293894991832976e-01 1.761631863624743277e-01 1.743131474558637706e+00 -2.494751089888436191e-01 1.442765584986398730e+00 -3.689173527699391442e-01 6.301230220935690740e-01 4.763074262251079105e-01 -1.235471056040294419e-01 -1.233724022365202622e+00 2.597552285701886787e-01 0.000000000000000000e+00
-1.352289940502142129e-01 -2.630653003617587915e-01 1.759690248420617831e-01 1.746767448649714005e+00 -2.528976933590674214e-01 1.443071594741997421e+00 -3.621706669119005295e-01 6.269269624693649678e-01 4.811101709349565603e-01 -1.128109461764032900e-01 -1.234377562096707903e+00 2.587554945417297469e-01 0.000000000000000000e+00
-1.339474151890432674e-01 -2.624600255777512769e-01 1.757353757715316711e-01 1.750680265753265630e+00 -2.565559202100420322e-01 1.443537658875742702e+00 -3.547069582198717486e-01 6.235368915597485628e-01 4.862534007901722077e-01 -1.010843238498630448e-01 -1.235022846028834165e+00 2.575882976149752590e-01 0.000000000000000000e+00
-1.327415213757634493e-01 -2.619066914520571387e-01 1.754983438971585707e-01 1.754265875739349667e+00 -2.598857410774959575e-01 1.444093204161084332e+00 -3.476755804413036444e-01 6.204760539398932462e-01 4.909422953634199338e-01 -9.017269539591428462e-02 -1.235559073514321593e+00 2.564316701087970274e-01 0.000000000000000000e+00
-1.314110032206192713e-01 -2.613130038508771347e-01 1.752188506926961042e-01 1.758119324313306642e+00 -2.634411089500501291e-01 1.444830462481205169e+00 -3.399070063834880306e-01 6.172358524206211783e-01 4.959542313768947608e-01 -7.825963514831167644e-02 -1.236074927817469860e+00 2.550916673168100446e-01 0.000000000000000000e+00
-1.301612773577777993e-01 -2.607700727344493541e-01 1.749403065748485198e-01 1.761645810810499313e+00 -2.666744142351240576e-01 1.445635701187647504e+00 -3.325993589313378518e-01 6.143156297063220306e-01 5.005152942178190401e-01 -6.718041063801287460e-02 -1.236490647263631226e+00 2.537739352094388612e-01 0.000000000000000000e+00
-1.287846752765232361e-01 -2.601873431051879848e-01 1.746166943644104075e-01 1.765430746118322958e+00 -2.701234192020596225e-01 1.446642951102811603e+00 -3.245370714948001001e-01 6.112300246883289878e-01 5.053818216357752746e-01 -5.509072039229996609e-02 -1.236874541934766203e+00 2.522577809560999085e-01 0.000000000000000000e+00
-1.274933552570661210e-01 -2.596544675772665678e-01 1.742979973532503279e-01 1.768889701036932216e+00 -2.732561723157878042e-01 1.447697683105183986e+00 -3.169618762216377950e-01 6.084554103066298625e-01 5.098017369389253872e-01 -4.385206824005709325e-02 -1.237166557548293522e+00 2.507749994401710092e-01 0.000000000000000000e+00
-1.260727301309315096e-01 -2.590825753890458882e-01 1.739315520435868734e-01 1.772596807050080159e+00 -2.765937178078248238e-01 1.448975005585710685e+00 -3.086138648896482040e-01 6.055306602184775677e-01 5.145078089012042888e-01 -3.159369586761208437e-02 -1.237414631003834309e+00 2.490774839165977028e-01 0.000000000000000000e+00
-1.247420080008750098e-01 -2.585594244079941761e-01 1.735741710297821483e-01 1.775979869093231578e+00 -2.796218302076112217e-01 1.450277485461623606e+00 -3.007804095697755309e-01 6.029064478593407772e-01 5.187735271772386803e-01 -2.020408825464295455e-02 -1.237580679097800784e+00 2.474260244351259574e-01 0.000000000000000000e+00
-1.232799827787367519e-01 -2.579977457466298696e-01 1.731666900645898732e-01 1.779600584778935790e+00 -2.828440837778747330e-01 1.451821686473050210e+00 -2.921585919882120908e-01 6.001466140216916711e-01 5.233063605106083038e-01 -7.787353504689903914e-03 -1.237691599757202443e+00 2.455444844802281701e-01 0.000000000000000000e+00
-1.219119300243868137e-01 -2.574839803413730421e-01 1.727720192926583409e-01 1.782899852248512218e+00 -2.857633692654157898e-01 1.453370051136152696e+00 -2.840764972910668762e-01 5.976773310589701405e-01 5.274056312185124717e-01 3.744489276881424623e-03 -1.237729416644681724e+00 2.437210014370941036e-01 0.000000000000000000e+00
-1.204103995021321843e-01 -2.569324774691140734e-01 1.723249161664454909e-01 1.786425168307418154e+00 -2.888650202779792231e-01 1.455178968506102954e+00 -2.751898616286087007e-01 5.950881392681679483e-01 5.317508448530858800e-01 1.631092332857000254e-02 -1.237700255030745433e+00 2.416508098084778067e-01 0.000000000000000000e+00
-1.190070023766881674e-01 -2.564278273332148972e-01 1.718945422289522296e-01 1.789632602358119939e+00 -2.916711944481260588e-01 1.456969303280963635e+00 -2.668691476977924082e-01 5.927779136015514094e-01 5.356715506099005708e-01 2.797599126382119272e-02 -1.237608642289246497e+00 2.396522072789142310e-01 0.000000000000000000e+00
-1.174683557074530788e-01 -2.558858895534987243e-01 1.714096320812956153e-01 1.793054631897565088e+00 -2.946483967930655368e-01 1.459038123672794507e+00 -2.577303772591310049e-01 5.903626262299312977e-01 5.398178261110446741e-01 4.068135441928998758e-02 -1.237438865769753926e+00 2.373913499610050548e-01 0.000000000000000000e+00
-1.160314957439026878e-01 -2.553901195772068089e-01 1.709450715947062882e-01 1.796162702700384806e+00 -2.973372232982125496e-01 1.461066321727007677e+00 -2.491814137781380445e-01 5.882153860220276087e-01 5.435483821660276327e-01 5.247041955101419686e-02 -1.237216491818732500e+00 2.352148649153810167e-01 0.000000000000000000e+00
-1.144574281051405906e-01 -2.548578058175612893e-01 1.704238221533930786e-01 1.799472847167638889e+00 -3.001846573882169800e-01 1.463390827778734860e+00 -2.398003955488203220e-01 5.859792628127427072e-01 5.474821374121838780e-01 6.530540375016417876e-02 -1.236904103022866019e+00 2.327592805875166315e-01 0.000000000000000000e+00
-1.129888779615058902e-01 -2.543706872247271100e-01 1.699266246325825958e-01 1.802474143157780873e+00 -3.027519545818324609e-01 1.465651637808310870e+00 -2.310339350305520012e-01 5.839986033310234914e-01 5.510116248048659848e-01 7.720897648638339050e-02 -1.236550435230103551e+00 2.304023830227965031e-01 0.000000000000000000e+00
-1.113815232106404179e-01 -2.538475029664383764e-01 1.693709480247301558e-01 1.805665083466824861e+00 -3.054658570572188481e-01 1.468224663958021425e+00 -2.214239348817578779e-01 5.819441742871090950e-01 5.547224734677822511e-01 9.016243390333908425e-02 -1.236095966790081713e+00 2.277507401044318591e-01 0.000000000000000000e+00
-1.098829290297224232e-01 -2.533688532938914717e-01 1.688426139537206883e-01 1.808552656532902425e+00 -3.079075095708629917e-01 1.470712466315628575e+00 -2.124509795104675136e-01 5.801334244829370324e-01 5.580405058699122733e-01 1.021708436403449410e-01 -1.235610472523360093e+00 2.252112162679595353e-01 0.000000000000000000e+00
-1.082437665919852576e-01 -2.528549515089394406e-01 1.682540117250906075e-01 1.811616235713230161e+00 -3.104827779904955065e-01 1.473527716017372535e+00 -2.026227333103414185e-01 5.782654167153281621e-01 5.615157979344109762e-01 1.152328664836133887e-01 -1.235012992332800819e+00 2.223600193601639186e-01 0.000000000000000000e+00
-1.067166882158246677e-01 -2.523846724446227041e-01 1.676961592603776197e-01 1.814383167741365988e+00 -3.127948466228129831e-01 1.476235226270158796e+00 -1.934546680996891144e-01 5.766275726449293648e-01 5.646121221757915976e-01 1.273362095911021452e-01 -1.234395937908229657e+00 2.196359051706354704e-01 0.000000000000000000e+00
-1.050475641641162999e-01 -2.518796137324636475e-01 1.670764437053244844e-01 1.817312915470296275e+00 -3.152280016251705064e-01 1.479284457707724432e+00 -1.834219244173585506e-01 5.749478503663891793e-01 5.678429360522212477e-01 1.404953462679960352e-01 -1.233656511231568942e+00 2.165844052593522417e-01 0.000000000000000000e+00
-1.034934257775888961e-01 -2.514176323500754706e-01 1.664905654292598292e-01 1.819952822567579176e+00 -3.174067040293859776e-01 1.482204287281519983e+00 -1.740703507628429958e-01 5.734858415069629123e-01 5.707079647529287314e-01 1.526835693128526794e-01 -1.232908296123311320e+00 2.136740528858432353e-01 0.000000000000000000e+00
-1.017956009763452269e-01 -2.509217130690712949e-01 1.658413163750885044e-01 1.822741090967753053e+00 -3.196930379802100930e-01 1.485478958761606849e+00 -1.638446111252657433e-01 5.719984660381537411e-01 5.736823162163835477e-01 1.659293835608502132e-01 -1.232026922960549609e+00 2.104193537833869421e-01 0.000000000000000000e+00
-1.002157080617483154e-01 -2.504679983641433516e-01 1.652289839847181085e-01 1.825247741653234002e+00 -3.217347700991872728e-01 1.488602538818016185e+00 -1.543214133832513935e-01 5.707146226556537583e-01 5.763069946287111556e-01 1.781922084057427080e-01 -1.231148479274986940e+00 2.073213317768114183e-01 0.000000000000000000e+00
-9.849075155739288323e-02 -2.499808863963721706e-01 1.645519406982824118e-01 1.827888947841358913e+00 -3.238712463178714529e-01 1.492093065844747990e+00 -1.439168424784753320e-01 5.694209255771205402e-01 5.790170273539758661e-01 1.915130072831827956e-01 -1.230126890680832474e+00 2.038633336146411790e-01 0.000000000000000000e+00
-9.688629120456514199e-02 -2.495354618113509448e-01 1.639146515344246935e-01 1.830256583824528605e+00 -3.257726771125124543e-01 1.495411385198010867e+00 -1.342341130647868308e-01 5.683175113584734151e-01 5.813927002043808301e-01 2.038400642446166200e-01 -1.229119416840455559e+00 2.005765267762926463e-01 0.000000000000000000e+00
-9.513522049157062399e-02 -2.490575399149784208e-01 1.632113429734772803e-01 1.832743731612313631e+00 -3.277551022524383129e-01 1.499107700147292999e+00 -1.236628698876638399e-01 5.672210213586604821e-01 5.838274952309858712e-01 2.172249287910299198e-01 -1.227958544921289974e+00 1.969128826436978841e-01 0.000000000000000000e+00
-9.350726431003701655e-02 -2.486204892761856855e-01 1.625506069408932386e-01 1.834966923309892195e+00 -3.295131232968557811e-01 1.502611003072437112e+00 -1.138329592118564187e-01 5.662999005166293731e-01 5.859459067200893934e-01 2.296056318036720501e-01 -1.226823505664698111e+00 1.934364254462221100e-01 0.000000000000000000e+00
-9.173136177135249314e-02 -2.481515273161007396e-01 1.618227150510269940e-01 1.837295319546100814e+00 -3.313389979821872444e-01 1.506502238351596468e+00 -1.031094830889217745e-01 5.654012833858094167e-01 5.880986729872548224e-01 2.430427275969645196e-01 -1.225525747265502563e+00 1.895676180411503264e-01 0.000000000000000000e+00
-9.008085695140709281e-02 -2.477229631512432584e-01 1.611399816480069969e-01 1.839369055240545059e+00 -3.329508199118693668e-01 1.510180214102728513e+00 -9.314488304098358928e-02 5.646641869751026777e-01 5.899520999478955474e-01 2.554664406612114358e-01 -1.224265139963513604e+00 1.859009445628156121e-01 0.000000000000000000e+00
-8.828090617168787846e-02 -2.472634236293332344e-01 1.603889766986457688e-01 1.841532526189524788e+00 -3.346165697437841757e-01 1.514255117580344034e+00 -8.228193217833444650e-02 5.639663056114474493e-01 5.918129837595884624e-01 2.689444159772366727e-01 -1.222832092980941976e+00 1.818252095410447244e-01 0.000000000000000000e+00
-8.660868820527993506e-02 -2.468434895617290237e-01 1.596856337740116261e-01 1.843452253599640933e+00 -3.360796863318245009e-01 1.518097300189632515e+00 -7.219535935247065050e-02 5.634146317916375324e-01 5.933942356568229215e-01 2.814003532906734772e-01 -1.221447915004373330e+00 1.779679702419580400e-01 0.000000000000000000e+00
-8.478569369591533456e-02 -2.463932508374959141e-01 1.589131299104016293e-01 1.845447026716892758e+00 -3.375833883192980167e-01 1.522343801063222868e+00 -6.120756033015643111e-02 5.629176193532015038e-01 5.949573780586447924e-01 2.949072405492828564e-01 -1.219882775231733829e+00 1.736863895126808111e-01 0.000000000000000000e+00
-8.309247675025450974e-02 -2.459821637243909953e-01 1.581906120843601937e-01 1.847208536491337760e+00 -3.388955660124066682e-01 1.526338650089513971e+00 -5.101181870554540032e-02 5.625524333887242934e-01 5.962595306736391265e-01 3.073845164409539921e-01 -1.218377689741675374e+00 1.696385511033285109e-01 0.000000000000000000e+00
-8.124700269268968211e-02 -2.455417699019478983e-01 1.573979828556410776e-01 1.849029371852420667e+00 -3.402343610335778479e-01 1.530744679386060403e+00 -3.991243739474606422e-02 5.622586201414614404e-01 5.975160100759384640e-01 3.209086476676216160e-01 -1.216682587707839991e+00 1.651499095992976507e-01 0.000000000000000000e+00
-7.953339619225983925e-02 -2.451397441018573486e-01 1.566576162422290974e-01 1.850628967741303477e+00 -3.413936961950758686e-01 1.534880739553097451e+00 -2.962050988170193688e-02 5.620807875596712799e-01 5.985328049801310613e-01 3.333962765980304499e-01 -1.215059391023436630e+00 1.609116884615182930e-01 0.000000000000000000e+00
-7.766618844690474643e-02 -2.447091193377426976e-01 1.558463754041075622e-01 1.852273135421952155e+00 -3.425663285575963890e-01 1.539433539613837887e+00 -1.842427689219698281e-02 5.619896408713633829e-01 5.994779608509999136e-01 3.469256675678509816e-01 -1.213238188311985821e+00 1.562176506584150859e-01 0.000000000000000000e+00
-7.593269299447728826e-02 -2.443164064218581177e-01 1.550894067894519057e-01 1.853707676578527419e+00 -3.435712209535926043e-01 1.543699367446443649e+00 -8.049214020358448282e-03 5.619998274625328527e-01 6.002035390899917999e-01 3.594126639975009363e-01 -1.211499676752382237e+00 1.517894962006426374e-01 0.000000000000000000e+00
-7.404410712221838609e-02 -2.438961897748653795e-01 1.542608811897938359e-01 1.855170886568216382e+00 -3.445754936768410381e-01 1.548385930960112011e+00 3.230216485704636396e-03 5.621130783878884873e-01 6.008292487881061739e-01 3.729353304855689832e-01 -1.209555169682460907e+00 1.468894295977081488e-01 0.000000000000000000e+00
-7.229112925581064608e-02 -2.435130601702836795e-01 1.534885937664884070e-01 1.856437596949700009e+00 -3.454246518824843903e-01 1.552769295615490597e+00 1.367524793347552232e-02 5.623114838890994616e-01 6.012582840397180384e-01 3.854105757169088431e-01 -1.207704805357073807e+00 1.422721074787560158e-01 0.000000000000000000e+00
-7.038168094248696549e-02 -2.431032172742306763e-01 1.526441408202637851e-01 1.857718186917243663e+00 -3.462599625817879279e-01 1.557576675922658582e+00 2.502312610081717376e-02 5.626282003217371042e-01 6.015609522976053114e-01 3.989145667878328250e-01 -1.205641388144480519e+00 1.371682091838896111e-01 0.000000000000000000e+00
-6.860953274313824624e-02 -2.427299698904429592e-01 1.518577381944014593e-01 1.858814753990547963e+00 -3.469523890638686048e-01 1.562065381486110294e+00 3.552493359430015929e-02 5.630148913120166521e-01 6.016885177138200369e-01 4.113669421233117074e-01 -1.203682766320781639e+00 1.323626681548961126e-01 0.000000000000000000e+00
-6.667939781836403068e-02 -2.423311981135300719e-01 1.509986082992683387e-01 1.859909548905161358e+00 -3.476171962527687676e-01 1.566980195872835768e+00 4.692729525217725212e-02 5.635361385163724091e-01 6.016609539965380726e-01 4.248400405255907120e-01 -1.201503634758824379e+00 1.270549048785841462e-01 0.000000000000000000e+00
-6.488831589346273632e-02 -2.419681525424470236e-01 1.501992318624396916e-01 1.860834273942010952e+00 -3.481522340409366478e-01 1.571562060182205567e+00 5.747260173699639957e-02 5.641109818376659479e-01 6.014825222035025121e-01 4.372584272676574568e-01 -1.199440483862339812e+00 1.220624182634454935e-01 0.000000000000000000e+00
-6.293781102136976335e-02 -2.415804272285635157e-01 1.493266814506968576e-01 1.861742662680678784e+00 -3.486465169285080101e-01 1.576571232363485286e+00 6.891479013673777743e-02 5.648351619170858262e-01 6.011223296660697102e-01 4.506887486449270286e-01 -1.197150564799035255e+00 1.165535197458052730e-01 0.000000000000000000e+00
-6.112795215810769289e-02 -2.412279132209725618e-01 1.485154585034592356e-01 1.862494271735116946e+00 -3.490237401947657858e-01 1.581233911400467873e+00 7.949034014468614462e-02 5.655976249371754694e-01 6.006339059221490473e-01 4.630619948065169411e-01 -1.194986879571400484e+00 1.113755772502562497e-01 0.000000000000000000e+00
-5.915712009401091764e-02 -2.408519628522568512e-01 1.476306491236361595e-01 1.863214100665283368e+00 -3.493466851042752452e-01 1.586323793100962165e+00 9.095817811467635239e-02 5.665253371029045359e-01 5.999348261360033518e-01 4.764372220387355084e-01 -1.192590034590329084e+00 1.056660844458841980e-01 0.000000000000000000e+00
-5.732858105672784810e-02 -2.405103059269561860e-01 1.468086192625039643e-01 1.863791823408130988e+00 -3.495659221342322098e-01 1.591055213136749691e+00 1.015506849686279439e-01 5.674747540315178140e-01 5.991329483317802129e-01 4.887541423432702481e-01 -1.190329942931233509e+00 1.003044420917685586e-01 0.000000000000000000e+00
-5.533759072608090274e-02 -2.401461362035675617e-01 1.459127165334007936e-01 1.864323563706695275e+00 -3.497180981710137360e-01 1.596212775983159027e+00 1.130296749256828603e-01 5.686038677546841891e-01 5.980935165583223245e-01 5.020625575216415282e-01 -1.187831498354575466e+00 9.439760905062165308e-02 0.000000000000000000e+00
-5.349042223061556411e-02 -2.398156963243333051e-01 1.450809455282374705e-01 1.864727108564319558e+00 -3.497795581389118169e-01 1.601000458733645049e+00 1.236259018827821771e-01 5.697392399064121760e-01 5.969749889004889454e-01 5.143120998505972263e-01 -1.185479527637872010e+00 8.885428085351375349e-02 0.000000000000000000e+00
-5.147921492472503496e-02 -2.394640522860582155e-01 1.441750187992310861e-01 1.865069651565277375e+00 -3.497606476490480176e-01 1.606212319817286183e+00 1.351017543031778345e-01 5.710697551870157485e-01 5.955900119755930255e-01 5.275412194075113081e-01 -1.182883611365317389e+00 8.275119780716322371e-02 0.000000000000000000e+00
-4.961342441571981593e-02 -2.391451922154962939e-01 1.433345146842902873e-01 1.865299154534204362e+00 -3.496646912391927486e-01 1.611044028209492440e+00 1.456884771041369042e-01 5.723898841393680881e-01 5.941521713030595286e-01 5.397122317738233255e-01 -1.180444422122913783e+00 7.702844745398963744e-02 0.000000000000000000e+00
-4.758206941445827093e-02 -2.388060751483341848e-01 1.424196410433309079e-01 1.865454007862135555e+00 -3.494758117024598931e-01 1.616297457410186711e+00 1.571469773655550239e-01 5.739191378163188695e-01 5.924212497525624954e-01 5.528506041165929252e-01 -1.177756759950805643e+00 7.073290108461044445e-02 0.000000000000000000e+00
-4.569763034184115558e-02 -2.384991548794518357e-01 1.415713888521784036e-01 1.865510124050431706e+00 -3.492230037825088118e-01 1.621161190784968120e+00 1.677110882643836620e-01 5.754224256726412356e-01 5.906619655364560018e-01 5.649320344017374484e-01 -1.175235012714609839e+00 6.483322112770392720e-02 0.000000000000000000e+00
-4.364603650777477278e-02 -2.381733343718456797e-01 1.406485998193078568e-01 1.865477128917992111e+00 -3.488644440901120802e-01 1.626442825013331150e+00 1.791378969088298634e-01 5.771498851137211172e-01 5.885808383026138735e-01 5.779671426732392314e-01 -1.172460265174856353e+00 5.834688423335578078e-02 0.000000000000000000e+00
-4.174293081264636440e-02 -2.378786854771801351e-01 1.397935001344498829e-01 1.865360929944062995e+00 -3.484557482820695995e-01 1.631326941040696754e+00 1.896663214490514338e-01 5.788347339773598499e-01 5.864985126462811671e-01 5.899481052062605091e-01 -1.169860886792884358e+00 5.227303354115808015e-02 0.000000000000000000e+00
-3.967110920768675969e-02 -2.375662068601180621e-01 1.388638263341629153e-01 1.865142606994831809e+00 -3.479290303921338534e-01 1.636624430365276162e+00 2.010475900388572490e-01 5.807572033892607344e-01 5.840675792032565816e-01 6.028687641299161903e-01 -1.167004912839883390e+00 4.560017550196351216e-02 0.000000000000000000e+00
-3.774930019034618972e-02 -2.372842206054557868e-01 1.380028430997700672e-01 1.864855584095883145e+00 -3.473654962832157800e-01 1.641517060919935656e+00 2.115273952444280403e-01 5.826215493103706899e-01 5.816608805261518356e-01 6.147383399503448809e-01 -1.164332963318206904e+00 3.935514596951176364e-02 0.000000000000000000e+00
-3.565718563626292525e-02 -2.369858598971156527e-01 1.370673040651313457e-01 1.864452637933978529e+00 -3.466715147219812110e-01 1.646817175611623219e+00 2.228488425782479687e-01 5.847378968496295126e-01 5.788769450806379169e-01 6.275320992480583060e-01 -1.161400956116084071e+00 3.249800966645131906e-02 0.000000000000000000e+00
-3.371663799159167058e-02 -2.367169450304087985e-01 1.362013590297036780e-01 1.863996729206658820e+00 -3.459543444215102959e-01 1.651706818364079288e+00 2.332672286311787968e-01 5.867795427203114089e-01 5.761449412763797184e-01 6.392794359744522481e-01 -1.158661495460774127e+00 2.608505118251326291e-02 0.000000000000000000e+00
-3.160425286156685887e-02 -2.364327225786202469e-01 1.352609030264093903e-01 1.863412501538639354e+00 -3.450949981333284455e-01 1.656998029782621007e+00 2.445154723245351602e-01 5.890861065404290331e-01 5.730096017250296825e-01 6.519354432647812558e-01 -1.155659447121982319e+00 1.904839077425165422e-02 0.000000000000000000e+00
-2.964500189329364460e-02 -2.361772007004159235e-01 1.343908790646889395e-01 1.862789854483515306e+00 -3.442258468228303059e-01 1.661873525639239846e+00 2.548597725648913959e-01 5.913025889366747556e-01 5.699522927936184757e-01 6.635499548318075647e-01 -1.152857934813273477e+00 1.247097793181200023e-02 0.000000000000000000e+00
-2.751234527229927396e-02 -2.359079609150538659e-01 1.334465472016584942e-01 1.862025900892440688e+00 -3.432024924900196616e-01 1.667142799387139052e+00 2.660206978640067832e-01 5.937977045619700078e-01 5.664631522914511663e-01 6.760558264156835140e-01 -1.149791304818047255e+00 5.257604821804675449e-03 0.000000000000000000e+00
-2.553441887296976215e-02 -2.356663083594476849e-01 1.325734102967259798e-01 1.861239243898967111e+00 -3.421830424270471127e-01 1.671992741070334132e+00 2.762784120794217757e-01 5.961862937436620546e-01 5.630802719167782300e-01 6.875269267580090826e-01 -1.146933067178119714e+00 -1.480536164242227419e-03 0.000000000000000000e+00
-2.338158824197197200e-02 -2.354120847588010712e-01 1.316261670954149143e-01 1.860299606957393159e+00 -3.409980119238524843e-01 1.677228957086193351e+00 2.873391692320365620e-01 5.988657001163908422e-01 5.592399936248839687e-01 6.998722097281531163e-01 -1.143808113955020689e+00 -8.865391751278272475e-03 0.000000000000000000e+00
-2.138509125479301498e-02 -2.351846848256816391e-01 1.307507967032960627e-01 1.859351753602309643e+00 -3.398301405960166832e-01 1.682042713800179445e+00 2.974980302367392082e-01 6.014235331853573507e-01 5.555323407552754666e-01 7.111894459384993095e-01 -1.140898610464109009e+00 -1.576030749111501442e-02 0.000000000000000000e+00
-1.921222135224277122e-02 -2.349463473459114660e-01 1.298016868582359262e-01 1.858238706475445312e+00 -3.384853681241968282e-01 1.687233313983276917e+00 3.084447874499417486e-01 6.042850997766475718e-01 5.513395930931093147e-01 7.233620229119517298e-01 -1.137721059809481128e+00 -2.331327265125621856e-02 0.000000000000000000e+00
-1.719731318772636103e-02 -2.347336694069658003e-01 1.289250603776133097e-01 1.857133001051317400e+00 -3.371712117767553529e-01 1.692000067535362362e+00 3.184926945057289793e-01 6.070088477815260841e-01 5.473080998349475479e-01 7.345151418201217863e-01 -1.134765749947820090e+00 -3.036076047382468140e-02 0.000000000000000000e+00
-1.500461222795115152e-02 -2.345113282350535511e-01 1.279750842165146840e-01 1.855851248742244053e+00 -3.356693527696879009e-01 1.697134410213671618e+00 3.293132178832617885e-01 6.100478474804427176e-01 5.427663449119259909e-01 7.465049593637675951e-01 -1.131541860290224744e+00 -3.807614621124439519e-02 0.000000000000000000e+00
-1.297154382062999656e-02 -2.343138374902976051e-01 1.270981712130438424e-01 1.854591127275711848e+00 -3.342114159692020081e-01 1.701843490744589404e+00 3.392383532127963841e-01 6.129341814698706647e-01 5.384124760038102586e-01 7.574839741156736972e-01 -1.128546603012212657e+00 -4.527178277242151910e-02 0.000000000000000000e+00
-1.075932494670545775e-02 -2.341084510255658224e-01 1.261484410485377849e-01 1.853143662555766902e+00 -3.325548648023595177e-01 1.706909416965811443e+00 3.499191272121272567e-01 6.161478845362965417e-01 5.335213143457706586e-01 7.692791145836346267e-01 -1.125282100147993569e+00 -5.314565572302536872e-02 0.000000000000000000e+00
-8.708409166503665311e-03 -2.339266827803697102e-01 1.252722499293786040e-01 1.851732865501256597e+00 -3.309555796796583849e-01 1.711550452747733209e+00 3.597099060646672952e-01 6.191931426637748981e-01 5.288469340004637864e-01 7.800739717461617762e-01 -1.122252488091919354e+00 -6.048477008793051724e-02 0.000000000000000000e+00
-6.477078566913424020e-03 -2.337383685426148716e-01 1.243238050962460067e-01 1.850124758250192514e+00 -3.291476283389092039e-01 1.716537756114026037e+00 3.702394458035954128e-01 6.225764225126115825e-01 5.236110261393132070e-01 7.916650474955955197e-01 -1.118954029923801663e+00 -6.851098833645451192e-02 0.000000000000000000e+00
-4.408742456223205264e-03 -2.335728466459363051e-01 1.234493545253464442e-01 1.848567342385832646e+00 -3.274097558453283874e-01 1.721100863705303130e+00 3.798845830340217278e-01 6.257766100365051987e-01 5.186186643598507118e-01 8.022660931097921333e-01 -1.115895522569900100e+00 -7.598869943015226780e-02 0.000000000000000000e+00
-2.158828501796071931e-03 -2.334026849780732604e-01 1.225034286252374011e-01 1.846802122052306316e+00 -3.254532428274918843e-01 1.725997520117612316e+00 3.902498390232054803e-01 6.293261377163901216e-01 5.130385429278074838e-01 8.136413862319020751e-01 -1.112568968052282115e+00 -8.416276473106769351e-02 0.000000000000000000e+00
-7.360423662491246267e-05 -2.332540269174089576e-01 1.216318257004381093e-01 1.845102234067720559e+00 -3.235799617342975942e-01 1.730472328779822266e+00 3.997383490920215499e-01 6.326772598950640702e-01 5.077308628752796871e-01 8.240391660758984438e-01 -1.109487624092033276e+00 -9.177393764608125781e-02 0.000000000000000000e+00
2.194295021372894960e-03 -2.331022578601414375e-01 1.206895538691745151e-01 1.843185513516583107e+00 -3.214785025898754256e-01 1.735268627849721357e+00 4.099286353975871711e-01 6.363873761886806868e-01 5.018119873525783703e-01 8.351898215600601638e-01 -1.106139364811531189e+00 -1.000892919652037888e-01 0.000000000000000000e+00
4.295759945446640804e-03 -2.329711029127894406e-01 1.198219176078918480e-01 1.841347619243896894e+00 -3.194730553587907806e-01 1.739645477865848999e+00 4.192498323709189512e-01 6.398850388063362926e-01 4.961923179783478410e-01 8.453750811490683414e-01 -1.103040710304196814e+00 -1.078285795734069547e-01 0.000000000000000000e+00
6.580830982121199657e-03 -2.328389073791512498e-01 1.188846411078023219e-01 1.839283390326556855e+00 -3.172302291148723086e-01 1.744329637756834028e+00 4.292526321357429953e-01 6.437519487091313275e-01 4.899362862616425396e-01 8.562898471396762634e-01 -1.099676804952290476e+00 -1.162801545822870486e-01 0.000000000000000000e+00
8.697774236407843085e-03 -2.327259704896476322e-01 1.180221774135211815e-01 1.837312011425165537e+00 -3.150960982159709545e-01 1.748598679065031636e+00 4.383961962643665444e-01 6.473915578128880410e-01 4.840083559912353728e-01 8.662534651469624425e-01 -1.096566632273241471e+00 -1.241419808901474825e-01 0.000000000000000000e+00
1.099917835319057235e-02 -2.326136896477603577e-01 1.170911267400868844e-01 1.835106267873706010e+00 -3.127160544610392279e-01 1.753161434403813557e+00 4.482017556609564912e-01 6.514092026333816454e-01 4.774215596671425033e-01 8.769242190026920181e-01 -1.093193405857519673e+00 -1.327227941133020672e-01 0.000000000000000000e+00
1.313070095841490162e-02 -2.325197344286529244e-01 1.162350892706299765e-01 1.833006219267114822e+00 -3.104571469215358093e-01 1.757313042868499098e+00 4.571577333802976373e-01 6.551859645332774873e-01 4.711894964002478758e-01 8.866575401547136526e-01 -1.090077440803099762e+00 -1.407013750678272890e-01 0.000000000000000000e+00
1.544732078035672765e-02 -2.324286738295759380e-01 1.153117536738198917e-01 1.830663254276208463e+00 -3.079440378753384167e-01 1.761742796114377008e+00 4.667542013418027880e-01 6.593499500556709858e-01 4.642747317879116764e-01 8.970733629150953181e-01 -1.086701018594070201e+00 -1.494058005774535902e-01 0.000000000000000000e+00
1.759239074325347901e-02 -2.323545302413648761e-01 1.144634637356006651e-01 1.828439487287142562e+00 -3.055644383613214110e-01 1.765767479504622983e+00 4.755130052719371836e-01 6.632588047456347002e-01 4.577431960564379843e-01 9.065678650963640006e-01 -1.083584920381595484e+00 -1.574950858095420236e-01 0.000000000000000000e+00
1.992312762496621995e-02 -2.322852065257890453e-01 1.135492187980307321e-01 1.825965708107536223e+00 -3.029229585772972300e-01 1.770055193881860944e+00 4.848915267877329516e-01 6.675626728042846070e-01 4.505075205327471188e-01 9.167212999103455662e-01 -1.080211427649764966e+00 -1.663157416559934709e-01 0.000000000000000000e+00
2.208059716845347034e-02 -2.322317925168076169e-01 1.127100707422611092e-01 1.823623326455887650e+00 -3.004270335330083697e-01 1.773943466848096007e+00 4.934440356019270113e-01 6.715984271201905775e-01 4.436814391847105910e-01 9.259687939005094570e-01 -1.077100855496552434e+00 -1.745095060265970666e-01 0.000000000000000000e+00
2.442401129105364541e-02 -2.321856367803448173e-01 1.118065454080860305e-01 1.821023349556699422e+00 -2.976620123080202518e-01 1.778077845437266324e+00 5.025935585534896388e-01 6.760372508670801084e-01 4.361288474913003199e-01 9.358494544398396897e-01 -1.073736350933400807e+00 -1.834402170050960235e-01 0.000000000000000000e+00
2.659256296950681872e-02 -2.321539085842540262e-01 1.109780021119324139e-01 1.818567634713497583e+00 -2.950545257871177718e-01 1.781820424946398251e+00 5.109310171096598241e-01 6.801943787496665950e-01 4.290138131649903208e-01 9.448420839136829619e-01 -1.070636897477739380e+00 -1.917319857038145559e-01 0.000000000000000000e+00
2.894728662430216815e-02 -2.321315947516607858e-01 1.100867380263454015e-01 1.815848246326963178e+00 -2.921712725775140740e-01 1.785792587723946889e+00 5.198437517508007755e-01 6.847612339659616687e-01 4.211521616270763602e-01 9.544433122756367238e-01 -1.067287373195719535e+00 -2.007649620681725700e-01 0.000000000000000000e+00
3.112548958252858364e-02 -2.321226079830024380e-01 1.092703300310358949e-01 1.813284525709470962e+00 -2.894571573694015854e-01 1.789380214841495231e+00 5.279579042495677887e-01 6.890341427769393068e-01 4.137540332768907536e-01 9.631734206450255353e-01 -1.064204564496870953e+00 -2.091480771922807902e-01 0.000000000000000000e+00
3.348976298825527553e-02 -2.321257404239155941e-01 1.083931400681956425e-01 1.810450818425854536e+00 -2.864613018093109531e-01 1.793178917906771419e+00 5.366236639891174276e-01 6.937235699824053636e-01 4.055882487424895544e-01 9.724854962916238410e-01 -1.060876012608435559e+00 -2.182765944607454323e-01 0.000000000000000000e+00
3.567603193503902231e-02 -2.321406068171140702e-01 1.075904910292046768e-01 1.807784780753163290e+00 -2.836459242140803028e-01 1.796602460524008293e+00 5.445066873947793651e-01 6.981062676093215957e-01 3.979134179550449790e-01 9.809458930216147232e-01 -1.057815241567607423e+00 -2.267441317914091758e-01 0.000000000000000000e+00
3.804819933963220907e-02 -2.321699692859308661e-01 1.067290305474102863e-01 1.804843626243687105e+00 -2.805433142963948967e-01 1.800219286666609575e+00 5.529188476195261437e-01 7.029110096899879867e-01 3.894524220138086967e-01 9.899628904194321954e-01 -1.054513387869099983e+00 -2.359600340331420021e-01 0.000000000000000000e+00
4.024080520871620159e-02 -2.322098408296381644e-01 1.059417949847702850e-01 1.802080909747223458e+00 -2.776323203086534797e-01 1.803469905007195617e+00 5.605634515285987662e-01 7.073974374413627420e-01 3.815078130079387897e-01 9.981467178702184695e-01 -1.051479914229445090e+00 -2.445049195487157268e-01 0.000000000000000000e+00
4.261878013467519655e-02 -2.322672233013802212e-01 1.050980919036673678e-01 1.799037874208656795e+00 -2.744293881174946215e-01 1.806893515479461865e+00 5.687127244642411483e-01 7.123114357057496182e-01 3.727574646142652881e-01 1.006859515692521745e+00 -1.048210684254291092e+00 -2.538008997154758695e-01 0.000000000000000000e+00
4.481587102999429195e-02 -2.323333585118146083e-01 1.043280620289070149e-01 1.796184446604319973e+00 -2.714287891162059374e-01 1.809962088471354758e+00 5.761121178159445133e-01 7.168952019949668131e-01 3.645502679249135181e-01 1.014760249119432522e+00 -1.045209834337989863e+00 -2.624157764334482668e-01 0.000000000000000000e+00
4.719772945850710111e-02 -2.324196474640228827e-01 1.035038861619871214e-01 1.793046636332690014e+00 -2.681319838722457938e-01 1.813184567232295707e+00 5.839931438507888206e-01 7.219108664339676240e-01 3.555204207748365874e-01 1.023163853939177637e+00 -1.041978554408369506e+00 -2.717833290545043079e-01 0.000000000000000000e+00
4.939731477793969650e-02 -2.325133363754259275e-01 1.027528686469696972e-01 1.790108417956110642e+00 -2.650480136609445481e-01 1.816062427616625063e+00 5.911410682165615382e-01 7.265855130953836616e-01 3.470583595691643097e-01 1.030775301492678597e+00 -1.039015321642465572e+00 -2.804607234790662540e-01 0.000000000000000000e+00
5.178064526408573953e-02 -2.326304473032135833e-01 1.019504173352618753e-01 1.786881859165944775e+00 -2.616646294537918749e-01 1.819072637875251974e+00 5.987455915512281956e-01 7.316962523853002276e-01 3.377559378815173652e-01 1.038861390931458795e+00 -1.035827717554722360e+00 -2.898919755844456825e-01 0.000000000000000000e+00
5.398063462811611424e-02 -2.327530708443968921e-01 1.012203688401533408e-01 1.783865204870837218e+00 -2.585038572364526388e-01 1.821750808109396935e+00 6.056363877137537211e-01 7.364549217791083180e-01 3.290470016427946565e-01 1.046177760236179033e+00 -1.032907161945286978e+00 -2.986240813246519576e-01 0.000000000000000000e+00
5.636328519574466955e-02 -2.329019908418869245e-01 1.004415559551933151e-01 1.780557249042578505e+00 -2.550408631493374934e-01 1.824541164631155343e+00 6.129604136066079123e-01 7.416527464366704514e-01 3.194826580619387624e-01 1.053942272973332317e+00 -1.029768160547437805e+00 -3.081102278380006276e-01 0.000000000000000000e+00
5.856139554064280356e-02 -2.330548969174162655e-01 9.973441583302386504e-02 1.777468367073024247e+00 -2.518103316918574031e-01 1.827011293907723433e+00 6.195888884017606291e-01 7.464885143440362913e-01 3.105356352217629734e-01 1.060958237707091634e+00 -1.026895075784433287e+00 -3.168891386343650196e-01 0.000000000000000000e+00
6.094068720968398578e-02 -2.332376595278882192e-01 9.898162509186853031e-02 1.774085524529303903e+00 -2.482756982308642613e-01 1.829570723774086360e+00 6.266253594759134682e-01 7.517663004133281479e-01 3.007172260729131796e-01 1.068393583733511232e+00 -1.023810203135739894e+00 -3.264216907297082804e-01 0.000000000000000000e+00
6.313460780188318022e-02 -2.334222647221878000e-01 9.829942086744287988e-02 1.770930952810941150e+00 -2.449824501923298925e-01 1.831824489451255422e+00 6.329871186878948119e-01 7.566720428783358932e-01 2.915410382209362439e-01 1.075104217048292732e+00 -1.020989116593018942e+00 -3.352392506513925396e-01 0.000000000000000000e+00
6.550810686905741975e-02 -2.336398710961055114e-01 9.757466086956832763e-02 1.767480674882307312e+00 -2.413839131888515510e-01 1.834145949091772865e+00 6.397333052032290190e-01 7.620214679809507174e-01 2.814802814128893882e-01 1.082207333728724796e+00 -1.017962966646361878e+00 -3.448090870019969167e-01 0.000000000000000000e+00
6.769537576426683245e-02 -2.338576159021181211e-01 9.691950111302205517e-02 1.764267118416332991e+00 -2.380355556922189031e-01 1.836175007231699796e+00 6.458244206694310208e-01 7.669898613106026497e-01 2.720842496129263210e-01 1.088608174829702957e+00 -1.015198472276805264e+00 -3.536569403810807533e-01 0.000000000000000000e+00
7.006017161457651909e-02 -2.341121352636773845e-01 9.622530284407460055e-02 1.760756321451673934e+00 -2.343816247677841247e-01 1.838247841453374498e+00 6.522745968296028707e-01 7.724032022793794194e-01 2.617900667353341149e-01 1.095372337682395170e+00 -1.012236105038255340e+00 -3.632550728182671884e-01 0.000000000000000000e+00
7.223820765499520957e-02 -2.343644113774701054e-01 9.559932837157970875e-02 1.757490524220135519e+00 -2.309859349820375662e-01 1.840044321616245648e+00 6.580918061776901418e-01 7.774265898855413637e-01 2.521843109995274279e-01 1.101459325248907550e+00 -1.009532463899607047e+00 -3.721246309602352365e-01 0.000000000000000000e+00
7.459175059665856811e-02 -2.346568893660018196e-01 9.493784060754895116e-02 1.753927205706293790e+00 -2.272847162351236960e-01 1.841861765203366641e+00 6.642447735602092784e-01 7.828951914469373108e-01 2.416688194353495689e-01 1.107882536903042503e+00 -1.006638007268854329e+00 -3.817415386831067847e-01 0.000000000000000000e+00
7.675791746592479370e-02 -2.349450992033956243e-01 9.434322069100589681e-02 1.750616015941401926e+00 -2.238496483189322817e-01 1.843418039043832390e+00 6.697854802081191217e-01 7.879659167414754251e-01 2.318635929338959123e-01 1.113652075667617591e+00 -1.003999214102749393e+00 -3.906241130249025195e-01 0.000000000000000000e+00
7.909704639061580778e-02 -2.352774879916635364e-01 9.371704114437866273e-02 1.747007172087482019e+00 -2.201103198093199431e-01 1.844970136512522618e+00 6.756369777552412303e-01 7.934815896751384878e-01 2.211371790113836333e-01 1.119728610326851115e+00 -1.001177461769755972e+00 -4.002502752325620694e-01 0.000000000000000000e+00
8.124864371449545819e-02 -2.356029984702057156e-01 9.315602584584699308e-02 1.743657845396535677e+00 -2.166441287903806412e-01 1.846278675295158100e+00 6.808993174902105983e-01 7.985916631747825845e-01 2.111431343886431833e-01 1.125177704233262466e+00 -9.986074447388021413e-01 -4.091368443159929535e-01 0.000000000000000000e+00
8.357062258373242070e-02 -2.359762770911205676e-01 9.256736928392021724e-02 1.740011660530706550e+00 -2.128753107875276385e-01 1.847559384914703173e+00 6.864494117809629703e-01 8.041454193120338712e-01 2.002187144390836782e-01 1.130906563212186411e+00 -9.958619253920122372e-01 -4.187624738914345057e-01 0.000000000000000000e+00
8.570489868479322371e-02 -2.363403687282149002e-01 9.204223826366345063e-02 1.736631175673796434e+00 -2.093861688347278260e-01 1.848613020967756260e+00 6.914323193385557564e-01 8.092865852174044861e-01 1.900471701296895244e-01 1.136032482520316300e+00 -9.933643463427087594e-01 -4.276439496792806549e-01 0.000000000000000000e+00
8.800645062251735706e-02 -2.367563661391567931e-01 9.149378528087380447e-02 1.732955095950950763e+00 -2.055973738498684256e-01 1.849613023831028435e+00 6.966783472118482923e-01 8.148697692847011176e-01 1.789360625877154387e-01 1.141409005287022715e+00 -9.906993876188936454e-01 -4.372589266103618644e-01 0.000000000000000000e+00
9.012058581605618401e-02 -2.371602672497517550e-01 9.100681038097448161e-02 1.729550927921202685e+00 -2.020938626099026969e-01 1.850405087977592622e+00 7.013812899598464989e-01 8.200337717964193418e-01 1.685984701843548095e-01 1.146209752626054179e+00 -9.882775755026028675e-01 -4.461259214597806944e-01 0.000000000000000000e+00
9.239889511663519628e-02 -2.376197190522970626e-01 9.050079009284953124e-02 1.725853199824291195e+00 -1.982939320614360845e-01 1.851119343397996664e+00 7.063250490494150657e-01 8.256369961509186783e-01 1.573146566456893325e-01 1.151234205496652008e+00 -9.856961734579890999e-01 -4.557201590238728617e-01 0.000000000000000000e+00
9.449004976083567875e-02 -2.380645202928508009e-01 9.005427270587115784e-02 1.722432672840307433e+00 -1.947845497065072706e-01 1.851643540537114108e+00 7.107483598829549276e-01 8.308152465744688131e-01 1.468231335313221475e-01 1.155708182969930720e+00 -9.833532574889918276e-01 -4.645631521339673720e-01 0.000000000000000000e+00
9.674179785482643623e-02 -2.385690709289566003e-01 8.959346270517087873e-02 1.718721169169089791e+00 -1.909831278008340405e-01 1.852063380101706569e+00 7.153887849243635300e-01 8.364292567313831306e-01 1.353787313789243107e-01 1.160376970676948671e+00 -9.808592071281326819e-01 -4.741260642657374458e-01 0.000000000000000000e+00
9.880710843374922170e-02 -2.390557316279907918e-01 8.918968265246673965e-02 1.715291645649500651e+00 -1.874764575741316719e-01 1.852313941023416399e+00 7.195335291078810425e-01 8.416130997932224078e-01 1.247457944106742378e-01 1.164523113020038414e+00 -9.785980502046009999e-01 -4.829353350985288729e-01 0.000000000000000000e+00
1.010294612064588232e-01 -2.396058452755272239e-01 8.877629109084843317e-02 1.711574543673867410e+00 -1.836823138134793254e-01 1.852435324796039673e+00 7.238740156315194296e-01 8.472283083726271924e-01 1.131555841885947267e-01 1.168837433985966845e+00 -9.761937483724774101e-01 -4.924564688906983845e-01 0.000000000000000000e+00
1.030661247755181031e-01 -2.401351630978377505e-01 8.841756662030070268e-02 1.708143763376797075e+00 -1.801869175016856950e-01 1.852406866721472145e+00 7.277421905358323340e-01 8.524087559040764983e-01 1.023940165396937108e-01 1.172655474882758897e+00 -9.740170136555010849e-01 -5.012220971711260908e-01 0.000000000000000000e+00
1.052557481225007835e-01 -2.407320909560396738e-01 8.805433772023465999e-02 1.704429296814256034e+00 -1.764098121101627115e-01 1.852222522820186734e+00 7.317834043319729753e-01 8.580153757889658062e-01 9.067131405338257899e-02 1.176613198578725816e+00 -9.717055895663940790e-01 -5.106903339261439356e-01 0.000000000000000000e+00
1.072609156788749546e-01 -2.413047070102492253e-01 8.774293092383554649e-02 1.701004568209075529e+00 -1.729340141872039993e-01 1.851910341619946276e+00 7.353775399601167884e-01 8.631833730423191797e-01 7.979456468733570063e-02 1.180102871713111234e+00 -9.696154741638726149e-01 -5.194021996420655762e-01 0.000000000000000000e+00
1.094150737196200596e-01 -2.419485163980074627e-01 8.743202759940750524e-02 1.697300956104416336e+00 -1.691825303330030117e-01 1.851417401377564609e+00 7.391246741928855224e-01 8.687715505366597757e-01 6.795481627111588097e-02 1.183706528142151715e+00 -9.673987920305451294e-01 -5.288068534260578213e-01 0.000000000000000000e+00
1.113860144854517537e-01 -2.425647681905483966e-01 8.717015623541803093e-02 1.693890039492032429e+00 -1.657346628699416513e-01 1.850817642149073627e+00 7.424484989703861171e-01 8.739177764481015354e-01 5.697673362559130261e-02 1.186868898778566495e+00 -9.653972933132960454e-01 -5.374546701177630448e-01 0.000000000000000000e+00
1.135014550791967891e-01 -2.432562434433976906e-01 8.691427841505758312e-02 1.690205537209481079e+00 -1.620181668506752715e-01 1.850010148473572036e+00 7.459040170637911693e-01 8.794771918026692559e-01 4.503445350740342690e-02 1.190117422676244985e+00 -9.632778831387838192e-01 -5.467840563114469976e-01 0.000000000000000000e+00
1.154354991147574921e-01 -2.439163507289599520e-01 8.670417379492871557e-02 1.686816103819534618e+00 -1.586061430475589340e-01 1.849119280222957240e+00 7.489617920483928604e-01 8.845921921503298035e-01 3.396901917812411575e-02 1.192953556079124899e+00 -9.613665990034612197e-01 -5.553573377821436896e-01 0.000000000000000000e+00
1.175097270451474635e-01 -2.446550441161589040e-01 8.650538232143967221e-02 1.683158967580358656e+00 -1.549323993817077749e-01 1.847995995797262259e+00 7.521328179583502971e-01 8.901126587739551788e-01 2.194031948256336406e-02 1.195850809029022077e+00 -9.593453928941455544e-01 -5.646005374250497866e-01 0.000000000000000000e+00
1.194042978321633863e-01 -2.453588674625752919e-01 8.634918242584450898e-02 1.679798754821786311e+00 -1.515640636602473279e-01 1.846811462061976217e+00 7.549298694722332836e-01 8.951867795988830423e-01 1.080218085552497875e-02 1.198362835727239339e+00 -9.575257880793489607e-01 -5.730886310303776598e-01 0.000000000000000000e+00
1.214342727083378148e-01 -2.461449568198528504e-01 8.621006028769714891e-02 1.676177186856243395e+00 -1.479416467907723742e-01 1.845368079604585487e+00 7.578208639935687385e-01 9.006575116891510913e-01 -1.297225766977661010e-03 1.200908950887409565e+00 -9.556046502479930149e-01 -5.822333935814916206e-01 0.000000000000000000e+00
1.232869316398824272e-01 -2.468920800349280187e-01 8.610982944607090128e-02 1.672853667627654417e+00 -1.446240853572620111e-01 1.843888218025218739e+00 7.603633838862674521e-01 9.056808992953130355e-01 -1.249288867356179722e-02 1.203099267725945332e+00 -9.538775902810766594e-01 -5.906254802295221040e-01 0.000000000000000000e+00
1.252704391780539994e-01 -2.477245345625124773e-01 8.603230437550693499e-02 1.669276132123007628e+00 -1.410600663901986351e-01 1.842125144404610726e+00 7.629832020296055672e-01 9.110914439449453450e-01 -2.464635746619281420e-02 1.205299571418568805e+00 -9.520567870437894875e-01 -5.996605871227521645e-01 0.000000000000000000e+00
1.270789026965197799e-01 -2.485142305441822574e-01 8.599001325694735631e-02 1.665996901749341674e+00 -1.378000311768827757e-01 1.840349167374796258e+00 7.652782476780086718e-01 9.160541780572807324e-01 -3.588409831800043470e-02 1.207171374190731061e+00 -9.504228711359985482e-01 -6.079456812739887361e-01 0.000000000000000000e+00
1.290132351956721490e-01 -2.493924693703394313e-01 8.597646373886234927e-02 1.662471729455290870e+00 -1.343020374717860399e-01 1.838264267607753855e+00 7.676334807670475158e-01 9.213932834106716152e-01 -4.807471820783781880e-02 1.209027730628570829e+00 -9.487035343362434370e-01 -6.168584159151296875e-01 0.000000000000000000e+00
1.307754795173613205e-01 -2.502236632220787849e-01 8.599404942097799154e-02 1.659244598547821248e+00 -1.311054204271346890e-01 1.836192198232548423e+00 7.696892413915068509e-01 9.262850442799563933e-01 -5.933869119638246481e-02 1.210584880917940032e+00 -9.471629622246598990e-01 -6.250252657139666601e-01 0.000000000000000000e+00
1.326588257025086981e-01 -2.511459524874591343e-01 8.604618047814918680e-02 1.655779694437168104e+00 -1.276789232003405772e-01 1.833787885144131380e+00 7.717906086496338913e-01 9.315419911137183817e-01 -7.154888532023218062e-02 1.212103548529557706e+00 -9.455444260721642680e-01 -6.338042430893583434e-01 0.000000000000000000e+00
1.343729970189004586e-01 -2.520172108757128271e-01 8.612541846710046467e-02 1.652612325076757926e+00 -1.245511427471597266e-01 1.831420810848724878e+00 7.736160724188286819e-01 9.363525255697555671e-01 -8.282284516286475551e-02 1.213350573709987223e+00 -9.440971311777607289e-01 -6.418414635221356690e-01 0.000000000000000000e+00
1.362031941923811940e-01 -2.529821432195563657e-01 8.624540155442317335e-02 1.649216535911914860e+00 -1.212021479478853081e-01 1.828697148528757532e+00 7.754724954356957412e-01 9.415155293960649763e-01 -9.503477034142315816e-02 1.214535147762854539e+00 -9.425797285676607018e-01 -6.504733012473005171e-01 0.000000000000000000e+00
1.378677089273178391e-01 -2.538916429440795097e-01 8.638796429274472888e-02 1.646116606805206217e+00 -1.181476602584341506e-01 1.826037282814065188e+00 7.770776492037136940e-01 9.462342513735220173e-01 -1.063019391232760125e-01 1.215477240998470210e+00 -9.412251116791919836e-01 -6.583693741423037871e-01 0.000000000000000000e+00
1.396435576208987228e-01 -2.548966696947201904e-01 8.657723397718006253e-02 1.642797813293833009e+00 -1.148796748434111059e-01 1.822998965671791760e+00 7.787019777315802305e-01 9.512923266528822142e-01 -1.184973527030757090e-01 1.216335444659748077e+00 -9.398072447148336783e-01 -6.668424874664998780e-01 0.000000000000000000e+00
1.412571160007057847e-01 -2.558421690859604691e-01 8.678460978573065976e-02 1.639772973670947209e+00 -1.119021046587733714e-01 1.820049738285159036e+00 7.800978070379180895e-01 9.559086500864255598e-01 -1.297405530351176672e-01 1.216978598063002348e+00 -9.385443737259181463e-01 -6.745857614939597680e-01 0.000000000000000000e+00
1.429770594024629415e-01 -2.568850092644552885e-01 8.704506331773705086e-02 1.636540035614598487e+00 -1.087190564454596498e-01 1.816699209976899265e+00 7.815010931953081386e-01 9.608494796987950837e-01 -1.419004134143651008e-01 1.217515358180707663e+00 -9.372255097750835651e-01 -6.828863019795187173e-01 0.000000000000000000e+00
1.445387367588857885e-01 -2.578638482289022371e-01 8.731864083606977189e-02 1.633598128184804210e+00 -1.058206485783528272e-01 1.813465126645088743e+00 7.826997154229254905e-01 9.653524190489283230e-01 -1.531019352753473228e-01 1.217866096496271089e+00 -9.360529199471218087e-01 -6.904647929145298901e-01 0.000000000000000000e+00
1.462023038714737877e-01 -2.589410351125934762e-01 8.765131629601921603e-02 1.630459186187556142e+00 -1.027239584332440003e-01 1.809809761015694907e+00 7.838970060699977926e-01 9.701649508757832496e-01 -1.652073340103024091e-01 1.218091000450328476e+00 -9.348306621648299064e-01 -6.985809094946009434e-01 0.000000000000000000e+00
1.477115594122407061e-01 -2.599501674621055858e-01 8.799232033405898767e-02 1.627608350983535956e+00 -9.990595691748227480e-02 1.806296479802390831e+00 7.849114707082363029e-01 9.745435206030097497e-01 -1.763494673789760547e-01 1.218156780529253469e+00 -9.337464892850585452e-01 -7.059826331122581733e-01 0.000000000000000000e+00
1.493180204974492720e-01 -2.610584496120664788e-01 8.839876736325710804e-02 1.624572611291863034e+00 -9.689675054452084879e-02 1.802341533730022594e+00 7.859162148084959387e-01 9.792148383130633293e-01 -1.883801644453544366e-01 1.218076353064333039e+00 -9.326191731956280373e-01 -7.139000112959820177e-01 0.000000000000000000e+00
1.507747293820154710e-01 -2.620943393637198415e-01 8.880822812796207444e-02 1.621820826620493428e+00 -9.415883227130361632e-02 1.798555914018705293e+00 7.867608363482146983e-01 9.834578531408048052e-01 -1.994444003521431696e-01 1.217865031231835093e+00 -9.316212201561481221e-01 -7.211126504762436218e-01 0.000000000000000000e+00
1.523244962299549754e-01 -2.632293655893644946e-01 8.928912198537221345e-02 1.618896647376647735e+00 -9.123568417736294123e-02 1.794311194062172099e+00 7.875902112906925101e-01 9.879766382994239482e-01 -2.113808215159327375e-01 1.217490191308406411e+00 -9.305855833872436200e-01 -7.288192394596876289e-01 0.000000000000000000e+00
1.537288941496120775e-01 -2.642880124831618605e-01 8.976778899293157143e-02 1.616252339436669239e+00 -8.857656589733053920e-02 1.790261973187583289e+00 7.882801031710775508e-01 9.920727797930475322e-01 -2.223481183590427790e-01 1.217010955470246625e+00 -9.296709872898831772e-01 -7.358304770825119245e-01 0.000000000000000000e+00
1.552222855462535300e-01 -2.654455067571632187e-01 9.032424851926681986e-02 1.613449816046284013e+00 -8.573729411108921283e-02 1.785735700565268091e+00 7.889502210803687188e-01 9.964257165947819628e-01 -2.341690914895773190e-01 1.216350092045743514e+00 -9.287243001013872901e-01 -7.433113631635718255e-01 0.000000000000000000e+00
1.565752502707466742e-01 -2.665224966403329510e-01 9.087279347930535267e-02 1.610921880587349975e+00 -8.315359185594584090e-02 1.781432298539784798e+00 7.895019614792059270e-01 1.000363400003545955e+00 -2.450204076672142239e-01 1.215612529581846069e+00 -9.278898651528381114e-01 -7.501086157928082976e-01 0.000000000000000000e+00
1.580136510082394974e-01 -2.676971831574351812e-01 9.150499445797732889e-02 1.608249711763656720e+00 -8.039356602772329552e-02 1.776637221654611576e+00 7.900320636941861041e-01 1.004538970276681153e+00 -2.567054264241002137e-01 1.214678026355337392e+00 -9.270277999079794551e-01 -7.573516150094967703e-01 0.000000000000000000e+00
1.593164953883921542e-01 -2.687876644203187060e-01 9.212379395917227876e-02 1.605847325399586190e+00 -7.788049211037240127e-02 1.772090649266181428e+00 7.904630963166153768e-01 1.008306610849843743e+00 -2.674211877022523165e-01 1.213692523593953521e+00 -9.262697976827156676e-01 -7.639221660509403211e-01 0.000000000000000000e+00
1.607014088937923912e-01 -2.699742095716096135e-01 9.283237472281247182e-02 1.603316751736930001e+00 -7.519377637974500317e-02 1.767038181418607357e+00 7.908720247019971339e-01 1.012290899577683811e+00 -2.789478815323331862e-01 1.212494766893690290e+00 -9.254884927979136755e-01 -7.709118986479621682e-01 0.000000000000000000e+00
1.619560312290799498e-01 -2.710728352719484202e-01 9.352158222311046654e-02 1.601049501314545154e+00 -7.274462475849974297e-02 1.762260858688646570e+00 7.912011248337036395e-01 1.015876579669366508e+00 -2.895078478867152416e-01 1.211272509111398499e+00 -9.248027288172183669e-01 -7.772428983493531174e-01 0.000000000000000000e+00
1.632900973158286084e-01 -2.722650791486897481e-01 9.430623080555568249e-02 1.598670543165902735e+00 -7.012272181214029843e-02 1.756966401102123321e+00 7.915105175733436749e-01 1.019658002101170080e+00 -3.008554441334885254e-01 1.209825480533103903e+00 -9.240968579702927288e-01 -7.839668474695852263e-01 0.000000000000000000e+00
1.644989577408260129e-01 -2.733660820957675153e-01 9.506571842682692841e-02 1.596548941601588112e+00 -6.772913244619171991e-02 1.751972329288782326e+00 7.917574591854212862e-01 1.023049737486467770e+00 -3.112391092237074552e-01 1.208378718270918473e+00 -9.234785385442035865e-01 -7.900452463415820192e-01 0.000000000000000000e+00
1.657849912394145364e-01 -2.745576172948074323e-01 9.592648868048833655e-02 1.594334029925844831e+00 -6.516182314427343414e-02 1.746450648648761428e+00 7.919890210422035892e-01 1.026613845973320727e+00 -3.223837725954166178e-01 1.206694668355606792e+00 -9.228431083081106712e-01 -7.964876327555654445e-01 0.000000000000000000e+00
1.669512543824409057e-01 -2.756547942125754380e-01 9.675587874917351838e-02 1.592369142982226649e+00 -6.281303576730001836e-02 1.741255086516381834e+00 7.921749762653184090e-01 1.029799585848300669e+00 -3.325703637649697342e-01 1.205036184786759890e+00 -9.222868405354204269e-01 -8.023002481507723882e-01 0.000000000000000000e+00
1.681931419454078536e-01 -2.768386151222670399e-01 9.769188654074829892e-02 1.590329921052914486e+00 -6.028796755642673588e-02 1.735524528421990009e+00 7.923524759519722238e-01 1.033134595902379660e+00 -3.434906558148393962e-01 1.203130826184862778e+00 -9.217154593235439286e-01 -8.084483552643021431e-01 0.000000000000000000e+00
1.693205768605538508e-01 -2.779253270918859431e-01 9.859053166867874640e-02 1.588533761279883549e+00 -5.797146166411781820e-02 1.730144205894611042e+00 7.924997487602536417e-01 1.036102023147000617e+00 -3.534588677750061247e-01 1.201274469747023010e+00 -9.212154508288815657e-01 -8.139819379562960311e-01 0.000000000000000000e+00
1.705226351072554880e-01 -2.790940532130447016e-01 9.960125568607144930e-02 1.586684892758322363e+00 -5.547356694098315444e-02 1.724222698102933160e+00 7.926478205168620006e-01 1.039193021066201039e+00 -3.641300211048992264e-01 1.199161917212317574e+00 -9.207017936336324704e-01 -8.198193873286678812e-01 0.000000000000000000e+00
1.716156645075651299e-01 -2.801632125052312405e-01 1.005681718372729017e-01 1.585070437438032442e+00 -5.317462665206740269e-02 1.718675958612056354e+00 7.927799798859571645e-01 1.041929685402366523e+00 -3.738578827766860790e-01 1.197122335291480599e+00 -9.202516528303819054e-01 -8.250603551958893833e-01 0.000000000000000000e+00
1.727832312155458128e-01 -2.813089659032987910e-01 1.016520983566171765e-01 1.583425520659897501e+00 -5.068698607873090012e-02 1.712584902647160456e+00 7.929249890073120088e-01 1.044764686961783040e+00 -3.842577931495545496e-01 1.194820165687161539e+00 -9.197881296426536624e-01 -8.305744302328984530e-01 0.000000000000000000e+00
1.738470156758703256e-01 -2.823531535200794473e-01 1.026860952473575839e-01 1.582007141932034955e+00 -4.838863406544380297e-02 1.706891157273635162e+00 7.930668023353586449e-01 1.047258004953342425e+00 -3.937234666120230653e-01 1.192612804617649402e+00 -9.193808657329533007e-01 -8.355091345747607257e-01 0.000000000000000000e+00
1.749859251916200953e-01 -2.834675695442456789e-01 1.038419942482949609e-01 1.580583235739492665e+00 -4.589124021312596113e-02 1.700651917858377660e+00 7.932363791177694523e-01 1.049821696976707353e+00 -4.038260350491842399e-01 1.190137130068311677e+00 -9.189598865436390263e-01 -8.406829907825122961e-01 0.000000000000000000e+00
1.760263065916602976e-01 -2.844788637803795650e-01 1.049414657792328287e-01 1.579376336450686757e+00 -4.357425880727472389e-02 1.694832441047445792e+00 7.934140785415050301e-01 1.052058952029455652e+00 -4.130067502750143227e-01 1.187778501448883084e+00 -9.185879760974093866e-01 -8.452975831613470659e-01 0.000000000000000000e+00
1.771433251332716341e-01 -2.855533077635354910e-01 1.061671785363250964e-01 1.578189774713717242e+00 -4.104566524149033668e-02 1.688469223750597603e+00 7.936369851247446761e-01 1.054339217133808626e+00 -4.227893399072024661e-01 1.185148629872429860e+00 -9.182008190539390213e-01 -8.501182376295266518e-01 0.000000000000000000e+00
1.781668412869248930e-01 -2.865234610606115506e-01 1.073302441920526012e-01 1.577211144434299328e+00 -3.868853412686235060e-02 1.682546573590660177e+00 7.938779346243696189e-01 1.056307559495486270e+00 -4.316621937110194374e-01 1.182656044250169902e+00 -9.178560062718010837e-01 -8.543988696076656453e-01 0.000000000000000000e+00
1.792694624324980834e-01 -2.875486287243249617e-01 1.086239028550227276e-01 1.576282528710104103e+00 -3.610336889672494110e-02 1.676083970731846229e+00 7.941850636770829697e-01 1.058288485293314540e+00 -4.410977734531700278e-01 1.179890351458122932e+00 -9.174936166264686666e-01 -8.588489452101607524e-01 0.000000000000000000e+00
1.802833597384731756e-01 -2.884689947248317843e-01 1.098483866057016894e-01 1.575550617808990417e+00 -3.368229923626220312e-02 1.670081990402752847e+00 7.945180253923701530e-01 1.059974865474579753e+00 -4.496394631754359050e-01 1.177282051486499226e+00 -9.171671796558521494e-01 -8.627815020338261975e-01 0.000000000000000000e+00
1.813797077920934475e-01 -2.894354760284195693e-01 1.112070767293528717e-01 1.574898928397828968e+00 -3.101449758843743965e-02 1.663547240429517293e+00 7.949406024783384206e-01 1.061644201424868816e+00 -4.587043974728748363e-01 1.174401576451469476e+00 -9.168196371335968209e-01 -8.668479492812953824e-01 0.000000000000000000e+00
1.823919251385225926e-01 -2.902969995446195162e-01 1.124904279317017058e-01 1.574433658774779587e+00 -2.850325220389660075e-02 1.657491333806177858e+00 7.953957367086330610e-01 1.063035503357353528e+00 -4.668911544008602643e-01 1.171696736890330603e+00 -9.165021217526321262e-01 -8.704181830386557017e-01 0.000000000000000000e+00
1.834910699750615659e-01 -2.911945282341498742e-01 1.139115011165826308e-01 1.574083247322078272e+00 -2.572211959029147010e-02 1.650912465225137904e+00 7.959679834478637916e-01 1.064377004177453623e+00 -4.755573469040870194e-01 1.168722252268820982e+00 -9.161589068671480707e-01 -8.740830921727682501e-01 0.000000000000000000e+00
1.845101718567490057e-01 -2.919877479382571583e-01 1.152508252360767566e-01 1.573906216474437514e+00 -2.309231053493387975e-02 1.644829463376612955e+00 7.965767820730559334e-01 1.065459912055707115e+00 -4.833648696928449784e-01 1.165941113142451080e+00 -9.158403262217474916e-01 -8.772766217939368394e-01 0.000000000000000000e+00
1.856215955502711623e-01 -2.928061965366562380e-01 1.167307383288615913e-01 1.573879512533901348e+00 -2.016699575568914327e-02 1.638236128340828213e+00 7.973325206113931474e-01 1.066461127467522418e+00 -4.916083519520488831e-01 1.162895388961782128e+00 -9.154902536964564241e-01 -8.805268767463239055e-01 0.000000000000000000e+00
1.866567875777458974e-01 -2.935212872428989983e-01 1.181228316035418668e-01 1.574014039177571433e+00 -1.738775885841459257e-02 1.632154068517447820e+00 7.981278070919179957e-01 1.067222258907067012e+00 -4.990122060985782149e-01 1.160058989242793270e+00 -9.151598219842049797e-01 -8.833291880033599108e-01 0.000000000000000000e+00
1.877909910954409789e-01 -2.942493551282188147e-01 1.196581418696190807e-01 1.574339058555150217e+00 -1.428209196688268179e-02 1.625577640026148574e+00 7.991047211587862797e-01 1.067866410995729876e+00 -5.068034170256596749e-01 1.156965061846393805e+00 -9.147908410151744940e-01 -8.861464129625000741e-01 0.000000000000000000e+00
1.888520573116229118e-01 -2.948760158773694462e-01 1.210994416776066257e-01 1.574810172948802212e+00 -1.132027485541886591e-02 1.619525930157729388e+00 8.001208502727060745e-01 1.068292183875006351e+00 -5.137785688157134878e-01 1.154095505771833174e+00 -9.144372398014390946e-01 -8.885427918903807676e-01 0.000000000000000000e+00
1.900196651000304604e-01 -2.955027514259083721e-01 1.226858822961191531e-01 1.575513080503066377e+00 -7.998857894817135161e-03 1.612998669141799235e+00 8.013554251750395485e-01 1.068566755783393551e+00 -5.210931404866978589e-01 1.150978275715895505e+00 -9.140368335315457449e-01 -8.909136710508237522e-01 0.000000000000000000e+00
1.911168871059863994e-01 -2.960302223694277757e-01 1.241724686689111568e-01 1.576347243663914099e+00 -4.818962438561946726e-03 1.607008026038174275e+00 8.026281498599884268e-01 1.068643454822787664e+00 -5.276140901528385552e-01 1.148098599629192806e+00 -9.136480120123940951e-01 -8.928894036845262949e-01 0.000000000000000000e+00
1.923295899510695794e-01 -2.965432071925083179e-01 1.258057888156419446e-01 1.577459877336583993e+00 -1.240275149654301856e-03 1.600564433780197193e+00 8.041615314366287182e-01 1.068531269161868247e+00 -5.344212630571356648e-01 1.144983500102127127e+00 -9.132025317410512599e-01 -8.947950286025323496e-01 0.000000000000000000e+00
1.934737189116652045e-01 -2.969602123908279823e-01 1.273333958811994904e-01 1.578685475366386370e+00 2.195475083452969045e-03 1.594666797420092319e+00 8.057281359478679628e-01 1.068245112502739236e+00 -5.404623110948441056e-01 1.142117938769201979e+00 -9.127657733222782621e-01 -8.963351346609252923e-01 0.000000000000000000e+00
