4.908921687979683757e-04 -1.755031146302543643e-03 4.146524290786768319e-03 -9.972102118109837932e-03 6.088586000990048319e-03 -1.405481833812394221e-02 0.000000000000000000e+00
5.243470074317579943e-04 -1.533936515816625157e-03 3.785524861028788379e-03 -8.991413762015731947e-03 5.706966694240644955e-03 -1.269439743667666320e-02 0.000000000000000000e+00
6.434507612865791870e-04 -1.572536904636989696e-03 4.054127231924387065e-03 -9.508300534964320150e-03 6.269690184281362377e-03 -1.346091597520127081e-02 0.000000000000000000e+00
6.618083095558946471e-04 -1.372865288395919148e-03 3.698365500919759130e-03 -8.562236263805367287e-03 5.861969309881587264e-03 -1.216798880671610128e-02 0.000000000000000000e+00
7.887891810951508376e-04 -1.405689765043960371e-03 3.958054520743631288e-03 -9.042400420092633340e-03 6.424961402191176063e-03 -1.291404350447122873e-02 0.000000000000000000e+00
7.931966214324570608e-04 -1.225234148071185913e-03 3.607655874787840666e-03 -8.129625768924952922e-03 5.993929311681966965e-03 -1.168164103896929262e-02 0.000000000000000000e+00
9.282176248062712354e-04 -1.252415270227180688e-03 3.858022134005156811e-03 -8.571046261267589728e-03 6.556162927105813054e-03 -1.240773751211321496e-02 0.000000000000000000e+00
9.187764624640770705e-04 -1.090006381285257842e-03 3.514728092146091054e-03 -7.694012622491364084e-03 6.104646981610173384e-03 -1.123541318688792146e-02 0.000000000000000000e+00
1.060953820608057097e-03 -1.112350442232790115e-03 3.756901258176487124e-03 -8.098554621673414999e-03 6.665267693148013706e-03 -1.194663172456555955e-02 0.000000000000000000e+00
1.038801114838672213e-03 -9.660861672347587081e-04 3.420516706083981395e-03 -7.255675884719536839e-03 6.195739344681872041e-03 -1.082803449494362802e-02 0.000000000000000000e+00
1.188270017366988007e-03 -9.836736530303702430e-04 3.654184455701758871e-03 -7.621453062587768557e-03 6.753660923306981090e-03 -1.152490678128659241e-02 0.000000000000000000e+00
1.153424492414178992e-03 -8.524543189279976119e-04 3.325956872324592473e-03 -6.814875955188703927e-03 6.268338110373417038e-03 -1.045889147608547454e-02 0.000000000000000000e+00
1.309403277056475634e-03 -8.658581077913840574e-04 3.552178513788195602e-03 -7.143558493964086153e-03 6.823008529165175418e-03 -1.114603017298576582e-02 0.000000000000000000e+00
1.262861051896296827e-03 -7.481110743448593503e-04 3.231775285912480422e-03 -6.371859062507034821e-03 6.323663498351450585e-03 -1.012663992655893352e-02 0.000000000000000000e+00
1.425447982129374180e-03 -7.573797687024930170e-04 3.450249675662819815e-03 -6.661552002597659339e-03 6.873974170653163185e-03 -1.080482898939583158e-02 0.000000000000000000e+00
1.367272131894636811e-03 -6.521309371866346183e-04 3.138520254350296579e-03 -5.926665425525889930e-03 6.362708919985138323e-03 -9.830140542222753908e-03 0.000000000000000000e+00
1.535655033760213728e-03 -6.576085751966442849e-04 3.350297259833989738e-03 -6.179005793832459403e-03 6.907835991933453101e-03 -1.050354408151465968e-02 0.000000000000000000e+00
1.466788415580400073e-03 -5.635992531637379344e-04 3.046736004676753318e-03 -5.479462923501543514e-03 6.386271125598419474e-03 -9.568344267198103381e-03 0.000000000000000000e+00
1.641064854201790268e-03 -5.653293107557577635e-04 3.251523203679829166e-03 -5.692606397280641772e-03 6.925001577328337987e-03 -1.023732621451500790e-02 0.000000000000000000e+00
1.561504264641327966e-03 -4.816893820773771040e-04 2.956829747151917820e-03 -5.030357429207654718e-03 6.394838376088785026e-03 -9.339828367814773102e-03 0.000000000000000000e+00
1.740883358819236837e-03 -4.799045599702678189e-04 3.155529689259944925e-03 -5.205887938795505931e-03 6.926456076103981729e-03 -1.000792192720534324e-02 0.000000000000000000e+00
1.651519064287371164e-03 -4.056131677935281843e-04 2.869047875466823605e-03 -4.579254252543130121e-03 6.388886688882600140e-03 -9.143247272275667470e-03 0.000000000000000000e+00
1.836107323702790284e-03 -4.003414085488321561e-04 3.061428275308225588e-03 -4.715415815101486885e-03 6.912146999933366232e-03 -9.810760510165383863e-03 0.000000000000000000e+00
1.736911990744494094e-03 -3.346739320490010883e-04 2.783673232098132777e-03 -4.126379433332161284e-03 6.368716126701645663e-03 -8.976888110450165215e-03 0.000000000000000000e+00
1.925938312901803728e-03 -3.260207598213549218e-04 2.970555684593700896e-03 -4.224680644779432725e-03 6.882990474037953277e-03 -9.647043802817778513e-03 0.000000000000000000e+00
1.817743034344385111e-03 -2.682160182062576226e-04 2.700833892345017029e-03 -3.671735391200137144e-03 6.334605610409660414e-03 -8.839342461006038931e-03 0.000000000000000000e+00
2.011280568508674871e-03 -2.562049583558767551e-04 2.881996432481215287e-03 -3.730347722863847082e-03 6.838377763599634562e-03 -9.512474389172576039e-03 0.000000000000000000e+00
1.894080046411450446e-03 -2.056610165898087317e-04 2.620650925232087536e-03 -3.215456164067376221e-03 6.286742276474743818e-03 -8.728979615832965777e-03 0.000000000000000000e+00
2.091327126271261272e-03 -1.902985732215034531e-04 2.796846615646664258e-03 -3.235940417536831148e-03 6.779024049345494518e-03 -9.407529246565626835e-03 0.000000000000000000e+00
1.965943626748747897e-03 -1.464561673229503036e-04 2.543217947491072106e-03 -2.757521567032128473e-03 6.225004646567278144e-03 -8.644448587850295240e-03 0.000000000000000000e+00
2.166974883321418077e-03 -1.278076290318064245e-04 2.714177970597697609e-03 -2.738268310821467821e-03 6.704399119104920146e-03 -9.328301433844110591e-03 0.000000000000000000e+00
2.033363468011833985e-03 -9.013725213607992615e-05 2.468458447214716411e-03 -2.298112460986878602e-03 6.149215339676494807e-03 -8.583367902083027801e-03 0.000000000000000000e+00
2.237431435983691652e-03 -6.816729375808128211e-05 2.634927491112770692e-03 -2.240747374491647292e-03 6.615070048596294328e-03 -9.275022240685215635e-03 0.000000000000000000e+00
2.096359056415073030e-03 -3.631698081174583592e-05 2.396463601355536266e-03 -1.837578736129330537e-03 6.059404372496413060e-03 -8.544496205949769774e-03 0.000000000000000000e+00
2.303493766985825753e-03 -1.107295440994082725e-05 2.558177500569913665e-03 -1.740406800155192002e-03 6.509958858706976770e-03 -9.243837970341894916e-03 0.000000000000000000e+00
2.154967887415343286e-03 1.541157123696734743e-05 2.327122556734728676e-03 -1.375998892388707873e-03 5.955400119598053266e-03 -8.525866362520062580e-03 0.000000000000000000e+00
2.364419669000264457e-03 4.396382670140974724e-05 2.484658006627504800e-03 -1.240750960017855675e-03 6.389603819185296629e-03 -9.234110077068091726e-03 0.000000000000000000e+00
2.209202076815020011e-03 6.530565093187945536e-05 2.260405947619836819e-03 -9.138622496855930422e-04 5.837009668417714181e-03 -8.525677403727005554e-03 0.000000000000000000e+00
2.420971829380544338e-03 9.710375882160393601e-05 2.413567858803034039e-03 -7.391321978413856186e-04 6.253099610296519728e-03 -9.242726820315905201e-03 0.000000000000000000e+00
2.259054362942797267e-03 1.136475046323859317e-04 2.196167482369393298e-03 -4.514762470337885247e-04 5.703795925091181829e-03 -8.541754619204589005e-03 0.000000000000000000e+00
2.472451788903054504e-03 1.487621744437062077e-04 2.345468076458134821e-03 -2.390684287707500744e-04 6.100924142083297141e-03 -9.268432165370876774e-03 0.000000000000000000e+00
2.304573665592377085e-03 1.606187445918338952e-04 2.134324321983016581e-03 1.060795186003105073e-05 5.555642449198039401e-03 -8.572144514101154300e-03 0.000000000000000000e+00
2.519568883244449609e-03 1.989432224378528957e-04 2.279558996843122909e-03 2.617846063630580034e-04 5.931970186361379405e-03 -9.308051732672684153e-03 0.000000000000000000e+00
2.345737674832690245e-03 2.064242314209763229e-04 2.074810639967228365e-03 4.716589578164231966e-04 5.392192260443628982e-03 -8.614930006256571460e-03 0.000000000000000000e+00
2.561698131681861001e-03 2.480178447283321042e-04 2.216367966482279961e-03 7.598155607313472615e-04 5.746923384298163739e-03 -9.360235255831295120e-03 0.000000000000000000e+00
2.382615630655032790e-03 2.511388962399552227e-04 2.017356186398144846e-03 9.310724789708402227e-04 5.213353639546891571e-03 -8.667507683179920264e-03 0.000000000000000000e+00
2.599470279689569674e-03 2.958566223653091853e-04 2.155134803231539831e-03 1.256798929810010179e-03 5.544402247810165107e-03 -9.421540741846978761e-03 0.000000000000000000e+00
2.415216441361694999e-03 2.948809605646252052e-04 1.961921175540337625e-03 1.387896176472835919e-03 5.018836087999467566e-03 -8.727879593127152447e-03 0.000000000000000000e+00
2.632349164035110989e-03 3.427816857439203169e-04 2.096252045796942465e-03 1.749187538542251730e-03 5.325491208870936077e-03 -9.490373275786723184e-03 0.000000000000000000e+00
2.443588694921096371e-03 3.376687045400506015e-04 1.908344224783864451e-03 1.841032422290389547e-03 4.808577027984206609e-03 -8.793541648093761154e-03 0.000000000000000000e+00
2.660952391232256076e-03 3.885716891000590145e-04 2.039031973640026418e-03 2.238394864193082867e-03 5.088853019638683861e-03 -9.563461619988444795e-03 0.000000000000000000e+00
2.467783606103925165e-03 3.795195573437215586e-04 1.856466047320037838e-03 2.289427158673085216e-03 4.582512654202730573e-03 -8.862144402876470650e-03 0.000000000000000000e+00
2.684784235361017957e-03 4.334867918878715365e-04 1.983741949325157350e-03 2.720499608382276335e-03 4.835626892724320669e-03 -9.638179216427289475e-03 0.000000000000000000e+00
2.487858735202082283e-03 4.204434950588198383e-04 1.806141763972812786e-03 2.731858436149536828e-03 4.340664851599562724e-03 -8.931277079102351024e-03 0.000000000000000000e+00
2.704463040535745599e-03 4.772011937740350263e-04 1.929839379128106547e-03 3.196554370308746229e-03 4.564803695132901851e-03 -9.711890618666174646e-03 0.000000000000000000e+00
2.503898267080403861e-03 4.603696885155939000e-04 1.757156857185693255e-03 3.166860397515236514e-03 4.083200922355256779e-03 -8.997939680294830822e-03 0.000000000000000000e+00
2.719566839201138786e-03 5.199743488570884864e-04 1.877579035953869102e-03 3.662609755581414106e-03 4.277853895931826855e-03 -9.781991659206568102e-03 0.000000000000000000e+00
2.515986057369627715e-03 4.992391329599610295e-04 1.709356048094856639e-03 3.592945724133045360e-03 3.810324147836663400e-03 -9.059527958251489821e-03 0.000000000000000000e+00
2.730682987029456332e-03 5.614068597539212391e-04 1.826333015347569866e-03 4.119268436225453911e-03 3.973793258608360190e-03 -9.845072765717333141e-03 0.000000000000000000e+00
2.524236106726501783e-03 5.369830122434748887e-04 1.662623548381814143e-03 4.008559493679619834e-03 3.522600952313048595e-03 -9.113676630519762512e-03 0.000000000000000000e+00
2.737478087211669964e-03 6.017042172211661821e-04 1.776327591297977015e-03 4.562498817255011829e-03 3.654554878418814212e-03 -9.898441843252836492e-03 0.000000000000000000e+00
2.528767980581138330e-03 5.734831159830977576e-04 1.616843057259842453e-03 4.411904121931264910e-03 3.220524476298169958e-03 -9.157576269759548637e-03 0.000000000000000000e+00
2.740524766739173279e-03 6.404537499962170699e-04 1.726992264647730924e-03 4.992707018359077153e-03 3.319454703688773378e-03 -9.939077646173632985e-03 0.000000000000000000e+00
2.529710292331538435e-03 6.086161867984718477e-04 1.571744573109989940e-03 4.801243888527650938e-03 2.904813053359767139e-03 -9.188107851567650641e-03 0.000000000000000000e+00
2.739586044303590762e-03 6.778299218908045987e-04 1.678638376248153818e-03 5.405774808754593153e-03 2.970901205081144525e-03 -9.964408174119476769e-03 0.000000000000000000e+00
2.527237677430745066e-03 6.423069929591407323e-04 1.527269372302852979e-03 5.175026065015408960e-03 2.576521141800736103e-03 -9.203292104640325988e-03 0.000000000000000000e+00
2.735195314534769051e-03 7.133700201467085833e-04 1.630608128490584896e-03 5.801804937614285507e-03 2.608387318549176825e-03 -9.970961118424881420e-03 0.000000000000000000e+00
2.521507336534967517e-03 6.743709231440964125e-04 1.483227010389054357e-03 5.531228522515974078e-03 2.236708936327325148e-03 -9.200021475182840192e-03 0.000000000000000000e+00
2.727228456012927016e-03 7.472901141882259957e-04 1.583154915601070467e-03 6.177176103585146905e-03 2.234962599315437615e-03 -9.956604919392653130e-03 0.000000000000000000e+00
2.512710131257915591e-03 7.047047261361516490e-04 1.439506383907995790e-03 5.868226648209073915e-03 1.886646663312951944e-03 -9.176003299910640010e-03 0.000000000000000000e+00
2.716183292825878615e-03 7.790555369477925041e-04 1.535800455667146736e-03 6.531587529769566913e-03 1.850342184360975750e-03 -9.918297730762581921e-03 0.000000000000000000e+00
2.501052531407622903e-03 7.331742345730862809e-04 1.395957480760101621e-03 6.184427505005807291e-03 1.527912768821693135e-03 -9.129032165555717171e-03 0.000000000000000000e+00
2.702032863070677471e-03 8.089343636390466941e-04 1.488710375525614804e-03 6.861982699126301100e-03 1.458124635398849733e-03 -9.854197233270411971e-03 0.000000000000000000e+00
2.486747385292531476e-03 7.596494223192085116e-04 1.352419767824297736e-03 6.478356806589147254e-03 1.162101604633480889e-03 -9.056885514709733798e-03 0.000000000000000000e+00
2.685252261056356171e-03 8.363777777527503510e-04 1.441434152175347094e-03 7.167992407937084920e-03 1.058342028747105701e-03 -9.761489841954684721e-03 0.000000000000000000e+00
2.470033467428162099e-03 7.839948028295906646e-04 1.308782836082988954e-03 6.748556026027863197e-03 7.911737436518961886e-04 -8.957690748181423857e-03 0.000000000000000000e+00
2.665892068483343563e-03 8.616772006033723841e-04 1.394205835718920206e-03 7.447183769353493688e-03 6.549788280394430728e-04 -9.639195915364773271e-03 0.000000000000000000e+00
2.451152459387363064e-03 8.061200175248917077e-04 1.264952831528165511e-03 6.994027295831983793e-03 4.170806911356628177e-04 -8.830188061049959458e-03 0.000000000000000000e+00
2.644409064586183966e-03 8.842847073072257480e-04 1.346463435869693637e-03 7.699419946304075779e-03 2.484352732947670006e-04 -9.484756251893600165e-03 0.000000000000000000e+00
2.430353332406961012e-03 8.259123427506454007e-04 1.220845999219899447e-03 7.213657221242897322e-03 4.197571509889641561e-05 -8.672945659217390357e-03 0.000000000000000000e+00
2.620922460308205970e-03 9.045213623177783546e-04 1.298512570898247009e-03 7.922948183774813913e-03 -1.570328583722080396e-04 -9.297995328836794471e-03 0.000000000000000000e+00
2.407911571377222004e-03 8.432735762364251819e-04 1.176261443026016540e-03 7.406877542474710197e-03 -3.318217830745595620e-04 -8.484898398259943519e-03 0.000000000000000000e+00
2.595850989051122493e-03 9.218729483662091440e-04 1.249906956645008282e-03 8.117809818319443593e-03 -5.608123614040394500e-04 -9.077273172588551375e-03 0.000000000000000000e+00
2.384086904009964647e-03 8.581319983018143027e-04 1.131196508692977609e-03 7.573162867714700042e-03 -7.019856993575324111e-04 -8.265724624398451681e-03 0.000000000000000000e+00
2.569385679927420341e-03 9.367274656014723533e-04 1.200868099178742376e-03 8.283360860707134066e-03 -9.584075067023967165e-04 -8.823353400086109133e-03 0.000000000000000000e+00
2.359162608110632747e-03 8.704451553546710407e-04 1.085531692691099614e-03 7.712480113394981629e-03 -1.066058902721156443e-03 -8.015351997394670747e-03 0.000000000000000000e+00
2.541903696825942305e-03 9.485410309525987849e-04 1.150968979181765661e-03 8.419667348912973637e-03 -1.349084876795192400e-03 -8.534919845351485179e-03 0.000000000000000000e+00
2.333401811771544654e-03 8.801564944196371698e-04 1.039186192193786162e-03 7.824825517295685984e-03 -1.421687684661776530e-03 -7.733756601390417984e-03 0.000000000000000000e+00
2.513645942372522146e-03 9.577730701689768367e-04 1.100437299673961977e-03 8.526974341728887907e-03 -1.728265210403812091e-03 -8.213588149812878214e-03 0.000000000000000000e+00
2.307081364182075878e-03 8.872741038661868807e-04 9.921245593174643496e-04 7.910713816799308518e-03 -1.766389215243968636e-03 -7.422004485213573588e-03 0.000000000000000000e+00
2.484942986691628108e-03 9.639245927425821314e-04 1.048918481489469201e-03 8.605691350438426923e-03 -2.095256069449824565e-03 -7.859110100017829836e-03 0.000000000000000000e+00
2.280467022308337033e-03 8.917766233784152341e-04 9.442441582406813083e-04 7.970618667713758043e-03 -2.097789659243787241e-03 -7.080653259721625403e-03 0.000000000000000000e+00
2.456062571966510788e-03 9.675240866844903032e-04 9.966992337412938774e-04 8.656980583838347343e-03 -2.445663653475982358e-03 -7.474275552245668308e-03 0.000000000000000000e+00
2.253823674758875795e-03 8.936744825165932049e-04 8.955120747174416529e-04 8.005351980143515789e-03 -2.413579725285330824e-03 -6.711012601202881456e-03 0.000000000000000000e+00
2.427275985081356335e-03 9.680768326240096755e-04 9.433112206362892493e-04 8.681278543396508951e-03 -2.778834490738901764e-03 -7.058919977695587988e-03 0.000000000000000000e+00
2.227398001290639695e-03 8.930474760015516544e-04 8.459014968564826376e-04 8.016016583648699623e-03 -2.711558161627714014e-03 -6.315054036587941511e-03 0.000000000000000000e+00
2.398879537030759734e-03 9.661633917812939565e-04 8.891464304160989762e-04 8.680430361336810563e-03 -3.090704452752390807e-03 -6.616662291746067126e-03 0.000000000000000000e+00
2.201423472324097463e-03 8.899189735343537855e-04 7.953043341692445090e-04 8.003640146637458486e-03 -2.989643823792853539e-03 -5.894181199782799752e-03 0.000000000000000000e+00
2.371057855617295096e-03 9.613358286105766481e-04 8.337777383466971060e-04 8.654813105572145560e-03 -3.380872371718801617e-03 -6.148027863830396456e-03 0.000000000000000000e+00
2.176132185980075850e-03 8.843858123220305067e-04 7.437932687224257933e-04 7.969522801921868904e-03 -3.245955961835633730e-03 -5.450955736762796988e-03 0.000000000000000000e+00
2.344123915739043662e-03 9.542308776755992206e-04 7.775360231121464238e-04 8.606968980132023717e-03 -3.645669651420213597e-03 -5.657131989168284747e-03 0.000000000000000000e+00
2.151702716148048977e-03 8.765540347320799341e-04 6.913007858571074138e-04 7.914949570866802731e-03 -3.478847566844578409e-03 -4.987596321468501515e-03 0.000000000000000000e+00
2.318174947028628363e-03 9.443856881573564621e-04 7.200553637929929529e-04 8.536882349553742699e-03 -3.885049134305873508e-03 -5.144751762049537547e-03 0.000000000000000000e+00
2.128317891182590627e-03 8.665285235507913519e-04 6.378227449445050823e-04 7.841224545835245863e-03 -3.686807624770693792e-03 -4.506630225539431933e-03 0.000000000000000000e+00
2.293521017366684234e-03 9.325260013278713345e-04 6.616401431742136019e-04 8.447555711928345090e-03 -4.095837355880593833e-03 -4.615395162044677591e-03 0.000000000000000000e+00
2.106140303909986855e-03 8.544307451863186742e-04 5.833446742548042963e-04 7.749594634693934836e-03 -3.868546039279774362e-03 -4.010427994991960787e-03 0.000000000000000000e+00
2.270167139482692775e-03 9.181869366398087706e-04 6.020032448316170459e-04 8.338578526199569296e-03 -4.278430771372576658e-03 -4.070241055497358929e-03 0.000000000000000000e+00
2.085299241877974774e-03 8.403969432737579126e-04 5.278980643577124710e-04 7.641325186117597923e-03 -4.023074887335997829e-03 -3.501917255805953033e-03 0.000000000000000000e+00
2.248378509704412886e-03 9.021404131693833151e-04 5.414308852595417498e-04 8.213142856882349463e-03 -4.430368478335555693e-03 -3.513920732435948935e-03 0.000000000000000000e+00
2.065880938718983595e-03 8.245720023143388033e-04 4.714596886296607003e-04 7.517469050623226678e-03 -4.149609598576908809e-03 -2.983568835246419582e-03 0.000000000000000000e+00
2.228096518707117779e-03 8.839138273036284410e-04 4.796602881178002598e-04 8.070376591171601888e-03 -4.552408597404689061e-03 -2.947684023446583979e-03 0.000000000000000000e+00
2.047948505392360730e-03 8.070799083171875665e-04 4.139679862473211180e-04 7.378911454853032126e-03 -4.247570445096382485e-03 -2.457803663071356226e-03 0.000000000000000000e+00
2.209551925483110857e-03 8.643386269678310363e-04 4.170424285566687317e-04 7.913574312366833396e-03 -4.642807426336048593e-03 -2.376362341109938825e-03 0.000000000000000000e+00
2.031563343279446654e-03 7.881063498572649095e-04 3.555787734967896796e-04 7.226797348645064289e-03 -4.316851477070393628e-03 -1.927837878372695712e-03 0.000000000000000000e+00
2.192565144845462499e-03 8.428646159193142751e-04 3.531589114864619461e-04 7.740910027624892109e-03 -4.702612698945785041e-03 -1.800383976360286908e-03 0.000000000000000000e+00
2.016695990846223419e-03 7.677947171165211415e-04 2.962351773415639045e-04 7.061673481481456349e-03 -4.357491097079169151e-03 -1.396164723278303654e-03 0.000000000000000000e+00
2.177353827617869997e-03 8.203617035578147920e-04 2.884658988046573391e-04 7.555954243603224540e-03 -4.730858689275141415e-03 -1.224862319224140350e-03 0.000000000000000000e+00
2.003347625772811114e-03 7.462865313353495011e-04 2.359789279247626048e-04 6.884141633920926040e-03 -4.369703801264446241e-03 -8.651604955520753037e-04 0.000000000000000000e+00
2.163621244696919965e-03 7.962893739102416824e-04 2.226051584049426602e-04 7.356326082794240051e-03 -4.729198572972936887e-03 -6.505257718574242176e-04 0.000000000000000000e+00
1.991452556637934856e-03 7.237007064054834515e-04 1.747860355803543264e-04 6.694492805399576696e-03 -4.353977058776603570e-03 -3.371108587937321488e-04 0.000000000000000000e+00
2.151562929841255301e-03 7.714993804041059278e-04 1.559377565570896351e-04 7.145359787693372766e-03 -4.697129313925962890e-03 -8.169883210662476358e-05 0.000000000000000000e+00
1.980900282097367016e-03 7.002064428455190281e-04 1.127746809962415497e-04 6.493182339452729934e-03 -4.311364245670468165e-03 1.851812215942771900e-04 0.000000000000000000e+00
2.140768354831901199e-03 7.453762459140311769e-04 8.814432426396123788e-05 6.920011920469981703e-03 -4.636798749229065209e-03 4.810838699671471375e-04 0.000000000000000000e+00
1.971644570162106591e-03 6.758769050166368864e-04 4.985115468825185303e-05 6.280172707478826055e-03 -4.242425195116972247e-03 7.002701643830100409e-04 0.000000000000000000e+00
2.131396606010485528e-03 7.188201493554258192e-04 1.964121467185053760e-05 6.683820653024419300e-03 -4.548492436597051380e-03 1.033394353935790377e-03 0.000000000000000000e+00
1.963467294312112865e-03 6.508338386064793646e-04 -1.391096643316158676e-05 6.055495234952523731e-03 -4.148818787305774691e-03 1.205658033612611035e-03 0.000000000000000000e+00
2.122983742254308526e-03 6.911298048323244458e-04 -4.996678364566076169e-05 6.433093245551191330e-03 -4.434459834395720890e-03 1.575431822932404913e-03 0.000000000000000000e+00
1.956203975996259614e-03 6.251303328476121024e-04 -7.849443873270134375e-05 5.818888601702987273e-03 -4.031878117590537158e-03 1.699693057354512149e-03 0.000000000000000000e+00
2.115659645691270185e-03 6.632085493794570574e-04 -1.202272026225581492e-04 6.171517419362615442e-03 -4.295656395018720985e-03 2.103007665769318635e-03 0.000000000000000000e+00
1.949695108393267873e-03 5.988877529743419359e-04 -1.438342539532566633e-04 5.570500046736093225e-03 -3.893372787989957118e-03 2.180346415077139000e-03 0.000000000000000000e+00
2.108816717118822126e-03 6.342362804943602050e-04 -1.916281194545566002e-04 5.894566618428243032e-03 -4.134648063689905229e-03 2.616900639315300481e-03 0.000000000000000000e+00
1.943702437349814627e-03 5.721025920339406490e-04 -2.099920121521048344e-04 5.309805164269931765e-03 -3.735049014243596588e-03 2.646426858280204186e-03 0.000000000000000000e+00
2.102623980152151795e-03 6.051552868433507371e-04 -2.635893165358615953e-04 5.606513591217776593e-03 -3.952978245233218502e-03 3.112922933807382719e-03 0.000000000000000000e+00
1.938002512101077990e-03 5.448071195243708864e-04 -2.769080239270471644e-04 5.036619435216493912e-03 -3.558893629387327451e-03 3.096655849837759433e-03 0.000000000000000000e+00
2.096377706897856186e-03 5.750815201402970089e-04 -3.366511118563231264e-04 5.302428286038107785e-03 -3.753567658418610620e-03 3.592091520800977378e-03 0.000000000000000000e+00
1.932331759447236674e-03 5.169876983405763404e-04 -3.446310945174890783e-04 4.750533723935745911e-03 -3.367029080326489066e-03 3.529941357487853537e-03 0.000000000000000000e+00
2.090257465549361093e-03 5.449043640214368267e-04 -4.102407123086626584e-04 4.986762175368752992e-03 -3.538089726760507148e-03 4.051189414215450313e-03 0.000000000000000000e+00
1.926435375881496714e-03 4.886471131530512046e-04 -4.130892769511063101e-04 4.451448399199975370e-03 -3.161854426931842710e-03 3.945143208641255228e-03 0.000000000000000000e+00
2.083532667108894954e-03 5.136640725550423170e-04 -4.849943680285129233e-04 4.654318623804165611e-03 -3.309504007186880870e-03 4.491642824768327102e-03 0.000000000000000000e+00
1.920020480509571081e-03 4.597166453957912680e-04 -4.823337896915913525e-04 4.138987612282818418e-03 -2.945574902318170984e-03 4.341833833242159102e-03 0.000000000000000000e+00
2.076312053391926593e-03 4.822525625042262121e-04 -5.602027087447947196e-04 4.310023583290245597e-03 -3.070315510054655306e-03 4.910162719549582278e-03 0.000000000000000000e+00
1.912831696678357618e-03 4.301794620484855614e-04 -5.522998113596799818e-04 3.813245641866025437e-03 -2.720760887453543830e-03 4.719193848059077823e-03 0.000000000000000000e+00
2.067872282281280061e-03 4.496086886737193922e-04 -6.366506828446860666e-04 3.948406554169281435e-03 -2.822958065271663486e-03 5.309298480907109763e-03 0.000000000000000000e+00
1.904564518685092356e-03 3.999182439793913524e-04 -6.230472489905380939e-04 3.474006539694762807e-03 -2.489771527864004241e-03 5.077076301776894951e-03 0.000000000000000000e+00
2.058347969646823206e-03 4.166611222493066258e-04 -7.135616709879055719e-04 3.574964481651399240e-03 -2.570312820878939419e-03 5.685923657548830334e-03 0.000000000000000000e+00
1.894934420393679098e-03 3.688536400443531704e-04 -6.946143479655275677e-04 3.121341249601172763e-03 -2.255081660233582141e-03 5.415552909223020350e-03 0.000000000000000000e+00
2.046917551117105605e-03 3.822833553158155873e-04 -7.916337422012031944e-04 3.184412473814290934e-03 -2.315268183454843864e-03 6.042394120905125732e-03 0.000000000000000000e+00
1.883669342637450672e-03 3.368804035007166853e-04 -7.669344296697411245e-04 2.755556482617826930e-03 -2.019101695345693059e-03 5.734536807506795952e-03 0.000000000000000000e+00
2.033821730413803985e-03 3.473747406427807327e-04 -8.702365860469019054e-04 2.782522896096040199e-03 -2.060026072566945032e-03 6.376942996682899434e-03 0.000000000000000000e+00
1.870469386290984914e-03 3.038975431323143184e-04 -8.400828820845362976e-04 2.376882810880331931e-03 -1.784346548736603921e-03 6.034447906583917387e-03 0.000000000000000000e+00
2.018189695104116721e-03 3.107575791715944113e-04 -9.500954208098155718e-04 2.364000287900402952e-03 -1.807476176653111111e-03 6.692181754905490720e-03 0.000000000000000000e+00
1.855018802161545466e-03 2.697763226823246541e-04 -9.140153398642936189e-04 1.985866990595219761e-03 -1.553369958257277972e-03 6.315538447118740351e-03 0.000000000000000000e+00
2.000324405063369504e-03 2.734006180824533061e-04 -1.030482855798486863e-03 1.935468679016061344e-03 -1.559882416386049186e-03 6.986466479649067196e-03 0.000000000000000000e+00
1.837086943499571801e-03 2.343840686133136231e-04 -9.888056373199005655e-04 1.583070074973491614e-03 -1.328172737980803930e-03 6.578778764024573178e-03 0.000000000000000000e+00
1.979276461690882005e-03 2.340578988379582448e-04 -1.112148520158895426e-03 1.491626768726384000e-03 -1.320116607174348644e-03 7.262743861099707487e-03 0.000000000000000000e+00
1.816390340460410924e-03 1.976321774991296465e-04 -1.064414238531374846e-03 1.169455203305247437e-03 -1.111125938542567582e-03 6.824700112579851208e-03 0.000000000000000000e+00
1.955419415683751216e-03 1.937250367205489709e-04 -1.194358678593576695e-03 1.039390737985534940e-03 -1.090040071161091362e-03 7.519860174991066515e-03 0.000000000000000000e+00
1.792679603450114678e-03 1.593806496060223843e-04 -1.140951148359714562e-03 7.457330173252785244e-04 -9.041246998964247439e-04 7.054642884420481153e-03 0.000000000000000000e+00
1.927820414933723026e-03 1.511732310825464332e-04 -1.277885859556016079e-03 5.740305284360758264e-04 -8.722884212275516802e-04 7.760903421613285502e-03 0.000000000000000000e+00
1.765690756340893008e-03 1.195532757534700785e-04 -1.218284080100273670e-03 3.132732684498762410e-04 -7.093040656789284526e-04 7.269213887312275801e-03 0.000000000000000000e+00
1.896897850494266846e-03 1.074218928963643904e-04 -1.361964802613691017e-03 1.027521222765059861e-04 -6.683678937156045663e-04 7.985192202659696648e-03 0.000000000000000000e+00
1.735212010095632529e-03 7.805586240150486077e-05 -1.296551754930652667e-03 -1.268608437534624045e-04 -5.282475527521590664e-04 7.470001094237233019e-03 0.000000000000000000e+00
1.861680637628398971e-03 6.124714585359347652e-05 -1.447389808290733271e-03 -3.791291654593464955e-04 -4.806979051590332119e-04 8.195900698600322443e-03 0.000000000000000000e+00
1.700971598190187395e-03 3.484410705023588406e-05 -1.375667534135871506e-03 -5.731402365709570290e-04 -3.629428743736617946e-04 7.657757482254279324e-03 0.000000000000000000e+00
1.822666774764530873e-03 1.375840505862813146e-05 -1.533382162327567855e-03 -8.638653921098082833e-04 -3.104548449606170379e-04 8.392589746009981866e-03 0.000000000000000000e+00
1.662803962912517974e-03 -1.014385855402366587e-05 -1.455626819299504771e-03 -1.024013418759572858e-03 -2.145449705812652041e-04 7.834089223849094452e-03 0.000000000000000000e+00
1.778909755787649871e-03 -3.623257142260083441e-05 -1.620715530389837955e-03 -1.355767852843747789e-03 -1.595246286996143681e-04 8.578449456948522567e-03 0.000000000000000000e+00
1.620471261740363822e-03 -5.690622036064185707e-05 -1.536464558006878089e-03 -1.478033701662440080e-03 -8.448926868442896421e-05 8.000253567063353444e-03 0.000000000000000000e+00
1.730930382776080245e-03 -8.755240537988706606e-05 -1.708555615658302607e-03 -1.846956051331893889e-03 -2.891862016429769255e-05 8.753072281053597692e-03 0.000000000000000000e+00
1.573807855528353006e-03 -1.054207560863829052e-04 -1.618141277382245669e-03 -1.933235472077576844e-03 2.608055415453947035e-05 8.157538774599792930e-03 0.000000000000000000e+00
1.677768383592570522e-03 -1.413270870111449362e-04 -1.797675119259933840e-03 -2.341435425902815837e-03 7.983133910105522091e-05 8.919670501473575541e-03 0.000000000000000000e+00
1.522644558688446281e-03 -1.556286814510254857e-04 -1.700607761127292950e-03 -2.387704946049673538e-03 1.161928571322690118e-04 8.307265717988343567e-03 0.000000000000000000e+00
1.620034403839232251e-03 -1.963085089338734157e-04 -1.887250950776242497e-03 -2.831292010390562552e-03 1.663072318613956213e-04 9.077921347017348097e-03 0.000000000000000000e+00
1.466806259484504382e-03 -2.074172990378375658e-04 -1.783812464638434570e-03 -2.839589885164528482e-03 1.850649281669447532e-04 8.450663322929763410e-03 0.000000000000000000e+00
1.556746446507523141e-03 -2.535295546448601556e-04 -1.978005469463750554e-03 -3.320071782930256177e-03 2.289842542584352714e-04 9.230830344526985698e-03 0.000000000000000000e+00
1.406177379430439967e-03 -2.606743321688087534e-04 -1.867756876458681603e-03 -3.286859006190745447e-03 2.321967880973829779e-04 8.589102004742610319e-03 0.000000000000000000e+00
1.488644065993555143e-03 -3.116103774498113488e-04 -2.069035525382845186e-03 -3.799590651922812867e-03 2.682256667032589803e-04 9.377990727846174934e-03 0.000000000000000000e+00
1.340631326339047913e-03 -3.151760540436865377e-04 -1.952303140199451725e-03 -3.727174159378954243e-03 2.570399075847440429e-04 8.723594279631097237e-03 0.000000000000000000e+00
1.414663500272222985e-03 -3.715644032786791229e-04 -2.161145101181816131e-03 -4.273541617870080245e-03 2.825002685846733641e-04 9.522436279385981805e-03 0.000000000000000000e+00
1.270046944991637394e-03 -3.707100462055357148e-04 -2.037392585298114511e-03 -4.158469282591781280e-03 2.591999868450933775e-04 8.855217785221913829e-03 0.000000000000000000e+00
1.335691275855588334e-03 -4.318561922255770291e-04 -2.253345886754742899e-03 -4.733440109680131513e-03 2.728173865822469679e-04 9.663506646867769945e-03 0.000000000000000000e+00
1.194338006459128021e-03 -4.269928362495845064e-04 -2.122914485430504872e-03 -4.578464216439925849e-03 2.385917428138206731e-04 8.985072659405179962e-03 0.000000000000000000e+00
1.250644185884386417e-03 -4.933932404629359780e-04 -2.346387953953366079e-03 -5.182602979391326414e-03 2.379317994223306698e-04 9.803934413705306383e-03 0.000000000000000000e+00
1.113489813291484998e-03 -4.836636940954153197e-04 -2.208740549523413588e-03 -4.984620260297667471e-03 1.952721847473526395e-04 9.113927516294140219e-03 0.000000000000000000e+00
1.160499163018718916e-03 -5.545557504861853282e-04 -2.439261452559626786e-03 -5.612946920328987233e-03 1.789585421154704648e-04 9.942898749134343461e-03 0.000000000000000000e+00
1.027441052402239263e-03 -5.403438192735365853e-04 -2.294735940643943817e-03 -5.374652203763652381e-03 1.293033135900678587e-04 9.242622669889399845e-03 0.000000000000000000e+00
1.064176635976299412e-03 -6.161263981846465398e-04 -2.532686609028000913e-03 -6.027129947868026250e-03 9.504178387720330079e-05 1.008302124282067780e-02 0.000000000000000000e+00
9.361936637468093458e-04 -5.966308472594161749e-04 -2.380755636294751287e-03 -5.746140454864878677e-03 4.107302749378760609e-05 9.371877719033250287e-03 0.000000000000000000e+00
9.627849864815019032e-04 -6.763760595861478819e-04 -2.625597990389805236e-03 -6.417193880388083471e-03 -1.223354454138458891e-05 1.022309661737885733e-02 0.000000000000000000e+00
8.397752839962857596e-04 -6.520102100510682952e-04 -2.466618017836652577e-03 -6.096590590943584687e-03 -6.912041579187899742e-05 9.502240753332280576e-03 0.000000000000000000e+00
8.552723868029965537e-04 -7.359556315799653525e-04 -2.718677575336558849e-03 -6.785615624360197273e-03 -1.435746315388009009e-04 1.036562507017846357e-02 0.000000000000000000e+00
7.382555982192728905e-04 -7.059512745797302813e-04 -2.552142418885849917e-03 -6.423322778255524668e-03 -2.006518823667313711e-04 9.634279861922223631e-03 0.000000000000000000e+00
7.428460821117810475e-04 -7.931058239699084744e-04 -2.810809999950480975e-03 -7.124687228625248281e-03 -2.971036524721526462e-04 1.050911208073346259e-02 0.000000000000000000e+00
6.317192673545579673e-04 -7.578954359905298865e-04 -2.637059732528590494e-03 -6.723941778666642222e-03 -3.529848074346197961e-04 9.768136519055836686e-03 0.000000000000000000e+00
6.245157429937975291e-04 -8.482899220906836568e-04 -2.902649806473034388e-03 -7.436166315449632691e-03 -4.732819473796112675e-04 1.065592295187878236e-02 0.000000000000000000e+00
5.203475662952650183e-04 -8.071896587228954978e-04 -2.721222736948580856e-03 -6.995819903067967971e-03 -5.252142401541703975e-04 9.904391885204422152e-03 0.000000000000000000e+00
5.016144685354162469e-04 -8.997381764040968122e-04 -2.993022616802842872e-03 -7.712953615668816099e-03 -6.698416524861805499e-04 1.080422398887392887e-02 0.000000000000000000e+00
4.043220897139987446e-04 -8.532064584531595663e-04 -2.804319409677680230e-03 -7.236386699274177658e-03 -7.163818968751733962e-04 1.004310520121798334e-02 0.000000000000000000e+00
3.731768763536313926e-04 -9.477896143171293808e-04 -3.082584022884027330e-03 -7.956418195774084268e-03 -8.873381700742477562e-04 1.095642420448017518e-02 0.000000000000000000e+00
2.838938877249563841e-04 -8.952204180835976466e-04 -2.886042852598469377e-03 -7.442745998461397505e-03 -9.255568482546827624e-04 1.018435367285608351e-02 0.000000000000000000e+00
2.407609522875608921e-04 -9.906265219580268067e-04 -3.170098608105242910e-03 -8.159852529781019825e-03 -1.122769695500736020e-03 1.111047289189404097e-02 0.000000000000000000e+00
1.593257875130427159e-04 -9.325865781659725684e-04 -2.966187604467596106e-03 -7.612906881021785921e-03 -1.151731145260903588e-03 1.032838896226806469e-02 0.000000000000000000e+00
1.034534915284046619e-04 -1.028455120953897239e-03 -3.256100451926535744e-03 -8.323916666229891348e-03 -1.376690637584943033e-03 1.126844274018656833e-02 0.000000000000000000e+00
3.105790515608997104e-05 -9.644739146844050204e-04 -3.044374762085799713e-03 -7.743757729069322693e-03 -1.393237185262297118e-03 1.047511066944051272e-02 0.000000000000000000e+00
-3.709229224824195370e-05 -1.059560159452355155e-03 -3.339420647371249551e-03 -8.442887604469540008e-03 -1.646064759750043294e-03 1.142837055628231901e-02 0.000000000000000000e+00
-1.005494032493836620e-04 -9.901881176286875252e-04 -3.120280823904586498e-03 -7.833075175624593101e-03 -1.649128409964895070e-03 1.062454616687436015e-02 0.000000000000000000e+00
-1.815836841179696570e-04 -1.083965548265508616e-03 -3.420468718554808829e-03 -8.516542382535519096e-03 -1.930699564900884013e-03 1.159230091413410157e-02 0.000000000000000000e+00
-2.350175779797791797e-04 -1.008977683256584434e-03 -3.193570114230798174e-03 -7.878247245046487990e-03 -1.917789231614897005e-03 1.077675940009137356e-02 0.000000000000000000e+00
-3.282404923544146591e-04 -1.100044258415922016e-03 -3.498087347653944246e-03 -8.540188451515717816e-03 -2.227588504656541346e-03 1.175804017318160533e-02 0.000000000000000000e+00
-3.717536519275421725e-04 -1.020060122030486127e-03 -3.263835044706564492e-03 -7.876844323654097479e-03 -2.197579105510438779e-03 1.093161581119539427e-02 0.000000000000000000e+00
-4.776821992111823789e-04 -1.107760816061731379e-03 -3.572680847942655280e-03 -8.513046960618275705e-03 -2.536418865008993606e-03 1.192803565666111787e-02 0.000000000000000000e+00
-5.101644408840588785e-04 -1.022712803246894619e-03 -3.330748396142169110e-03 -7.826735530663597729e-03 -2.486843035872432495e-03 1.108927164195261383e-02 0.000000000000000000e+00
-6.279538759099700940e-04 -1.105626807771931119e-03 -3.642926551786745959e-03 -8.431110827173071698e-03 -2.853803238337615511e-03 1.209954328247619948e-02 0.000000000000000000e+00
-6.495646904130791821e-04 -1.016226176502155187e-03 -3.393862218279058984e-03 -7.725644526190400541e-03 -2.783670535279725300e-03 1.124970122344115531e-02 0.000000000000000000e+00
-7.794938091703618177e-04 -1.093484236841524293e-03 -3.709283952849029564e-03 -8.293034788628972365e-03 -3.179171442627470867e-03 1.227554580560563657e-02 0.000000000000000000e+00
-7.891883127115750796e-04 -9.999009396722824405e-04 -3.452761908895957133e-03 -7.571282699976755737e-03 -3.086250412628999129e-03 1.141291370260377747e-02 0.000000000000000000e+00
-9.302783971486816572e-04 -1.070108286840454337e-03 -3.770442401518553366e-03 -8.096248139557893353e-03 -3.508940075890087940e-03 1.245328721649507919e-02 0.000000000000000000e+00
-9.282577448634921069e-04 -9.731296457046179071e-04 -3.507009447684117376e-03 -7.361829120879903599e-03 -3.392650365376503885e-03 1.157908058899925763e-02 0.000000000000000000e+00
-1.080521861257038863e-03 -1.035253120627133150e-03 -3.826719850130000378e-03 -7.838649998195279522e-03 -3.842178223286474292e-03 1.263574748772833267e-02 0.000000000000000000e+00
-1.065865694485190751e-03 -9.352756997294542352e-04 -3.556157668633597169e-03 -7.095402401061434716e-03 -3.700602597226598789e-03 1.174838306911141217e-02 0.000000000000000000e+00
-1.228154545938497932e-03 -9.879908426070338479e-04 -3.876840949636806144e-03 -7.518641129358627495e-03 -4.175457404553384322e-03 1.282023667894316432e-02 0.000000000000000000e+00
-1.201084544732305970e-03 -8.858598865943978495e-04 -3.599816327172766783e-03 -6.770399006367000538e-03 -4.007839598962448235e-03 1.192123101454489742e-02 0.000000000000000000e+00
-1.373222446399924301e-03 -9.280223221566075154e-04 -3.921036636943264764e-03 -7.133716424371883136e-03 -4.507344639368859873e-03 1.300997943984083527e-02 0.000000000000000000e+00
-1.332949376110559303e-03 -8.244054942186385126e-04 -3.637379167793441948e-03 -6.385068056899534383e-03 -4.312269201771634641e-03 1.209762396557323427e-02 0.000000000000000000e+00
-1.513626513575005994e-03 -8.547897109684732264e-04 -3.958184137155873472e-03 -6.683957874108692465e-03 -4.834406925855461168e-03 1.320259981098947932e-02 0.000000000000000000e+00
-1.460442860720972957e-03 -7.505612997140698184e-04 -3.668480077153146723e-03 -5.938505872100208194e-03 -4.611293413944395070e-03 1.227810388101824302e-02 0.000000000000000000e+00
-1.649200270843087512e-03 -7.679443338031166633e-04 -3.988291243364999739e-03 -6.165499694994913682e-03 -5.154818051423593062e-03 1.340128638378157433e-02 0.000000000000000000e+00
-1.582542982391771380e-03 -6.640539339983209111e-04 -3.692563974916268643e-03 -5.429171227677720424e-03 -4.902782337656841349e-03 1.246303361824718792e-02 0.000000000000000000e+00
-1.777917662163369661e-03 -6.673519106903946785e-04 -4.010299225096353171e-03 -5.580472671448788446e-03 -5.465238249978909835e-03 1.360344750561237603e-02 0.000000000000000000e+00
-1.698192056950625917e-03 -5.647124835628791750e-04 -3.709224725012588708e-03 -4.856480876625823839e-03 -5.184116089696821916e-03 1.265296002967830624e-02 0.000000000000000000e+00
-1.899459710844514371e-03 -5.526468782473537011e-04 -4.024198443125015512e-03 -4.924326434596615343e-03 -5.763504103363459308e-03 1.381286561985239913e-02 0.000000000000000000e+00
-1.806320859014415303e-03 -4.524434494175277877e-04 -3.717908351049598048e-03 -4.219554480099141358e-03 -5.452731685709366616e-03 1.284829897199646354e-02 0.000000000000000000e+00
-2.011900113245784771e-03 -4.241357866038852897e-04 -4.028973236111427214e-03 -4.200490468611484118e-03 -6.046525804139335492e-03 1.402670331233291101e-02 0.000000000000000000e+00
-1.905898226255003935e-03 -3.272967181614516718e-04 -3.718152836394789107e-03 -3.518153821397085323e-03 -5.706174806923591802e-03 1.304953484866611113e-02 0.000000000000000000e+00
-2.114886202360721779e-03 -2.815062610615481908e-04 -4.024539637264346048e-03 -3.403956360097382117e-03 -6.311935863034801031e-03 1.424894651949393243e-02 0.000000000000000000e+00
-1.995891527637932983e-03 -1.894209451344108786e-04 -3.709435239579700339e-03 -2.751653519587726748e-03 -5.941926269517505688e-03 1.325706237154622436e-02 0.000000000000000000e+00
-2.206666809439900012e-03 -1.254881597225754319e-04 -4.010017548293554057e-03 -2.540238829373819840e-03 -6.556709546122974075e-03 1.447657079263242608e-02 0.000000000000000000e+00
-2.075332586779665700e-03 -3.905040137719417714e-05 -3.691315925126725794e-03 -1.920376541843182849e-03 -6.157439002886455626e-03 1.347142436937920351e-02 0.000000000000000000e+00
0.000000000000000000e+00 0.000000000000000000e+00 0.000000000000000000e+00 0.000000000000000000e+00 0.000000000000000000e+00 0.000000000000000000e+00 0.000000000000000000e+00
