-1.702018317560755056e-03 -1.551923129795185208e-03 1.842683539308664908e-03 6.313772466093325875e-04 -1.015790890303769345e-02 -8.848964235860901084e-03 0.000000000000000000e+00
-1.533760313744358950e-03 -1.389887483590146466e-03 1.742882450181545972e-03 4.997102221815374890e-04 -9.410709034451070210e-03 -8.229851754351535931e-03 0.000000000000000000e+00
-1.619933583816762779e-03 -1.462124002739900730e-03 1.932448183869742153e-03 4.488629237999752775e-04 -1.022831546952529536e-02 -8.981006268939051296e-03 0.000000000000000000e+00
-1.456028959959609903e-03 -1.311929064416683666e-03 1.823699196593531191e-03 3.270403989694692370e-04 -9.469026742857433732e-03 -8.349788242747457900e-03 0.000000000000000000e+00
-1.533504859893730643e-03 -1.382895722148808071e-03 2.017687820371288909e-03 2.574322534183437483e-04 -1.028346102200972112e-02 -9.109599533913659286e-03 0.000000000000000000e+00
-1.373808430442796658e-03 -1.243258061873614428e-03 1.900349537552442625e-03 1.463709479945229930e-04 -9.512194028294729264e-03 -8.468560832005422867e-03 0.000000000000000000e+00
-1.441767669992016776e-03 -1.313337857522633989e-03 2.098485088970064583e-03 5.766206174673271789e-05 -1.032132814796060671e-02 -9.239337871059127849e-03 0.000000000000000000e+00
-1.286968769753427111e-03 -1.183769848743909670e-03 1.972655923771646225e-03 -4.173306203725246633e-05 -9.538014091115876170e-03 -8.589437143212919068e-03 0.000000000000000000e+00
-1.345362915021519612e-03 -1.253858813492936264e-03 2.174336352472883149e-03 -1.498371005435039649e-04 -1.033878473250560148e-02 -9.372224144930996204e-03 0.000000000000000000e+00
-1.195447181045278251e-03 -1.133165354377962952e-03 2.040468583031279648e-03 -2.366153536561554915e-04 -9.544050370402068495e-03 -8.715040947048446895e-03 0.000000000000000000e+00
-1.243438478284397686e-03 -1.203725942166833374e-03 2.245320700895669930e-03 -3.646565643200538887e-04 -1.033378412040697469e-02 -9.512238657265470465e-03 0.000000000000000000e+00
-1.099217649406070141e-03 -1.091215929967942477e-03 2.103532730687626695e-03 -4.378622477911875421e-04 -9.528031824163729624e-03 -8.847875091287260574e-03 0.000000000000000000e+00
-1.136961230820743296e-03 -1.162895586499651523e-03 2.311077083715112890e-03 -5.857587697786215131e-04 -1.030390509127832033e-02 -9.660994268184452949e-03 0.000000000000000000e+00
-9.984204858652367953e-04 -1.057596189382975505e-03 2.161859100777790976e-03 -6.448959035996182365e-04 -9.488182727252159054e-03 -8.990429119082321563e-03 0.000000000000000000e+00
-1.025081849765796527e-03 -1.130793572992644380e-03 2.371615286079431506e-03 -8.129593253913824924e-04 -1.024679951243445686e-02 -9.821559560680537260e-03 0.000000000000000000e+00
-8.931464918028597655e-04 -1.031917967265039149e-03 2.215222246668840933e-03 -8.571045294845092144e-04 -9.422245872864110083e-03 -9.144339547071389518e-03 0.000000000000000000e+00
-9.089564908723868353e-04 -1.107111891238216073e-03 2.426689961787437122e-03 -1.045342231748680462e-03 -1.016071190963341309e-02 -9.994994846330040872e-03 0.000000000000000000e+00
-7.836503335184319408e-04 -1.013766749290767599e-03 2.263586536593725773e-03 -1.073815056968907555e-03 -9.328742405293688478e-03 -9.311456241867688277e-03 0.000000000000000000e+00
-7.878270245189333831e-04 -1.091357752782823320e-03 2.476340580310293360e-03 -1.282364755131659706e-03 -1.004341886391468819e-02 -1.018374519606402018e-02 0.000000000000000000e+00
-6.700967758942744101e-04 -1.002702799738186545e-03 2.306854846596484432e-03 -1.294382217026601722e-03 -9.205684999120222756e-03 -9.492740204809280158e-03 0.000000000000000000e+00
-6.629921517510573015e-04 -1.082900658726626553e-03 2.520375611673897343e-03 -1.522851667743907456e-03 -9.893585823395056877e-03 -1.038776760407067457e-02 0.000000000000000000e+00
-5.527793726343710468e-04 -9.981650309205947202e-04 2.344957504762712475e-03 -1.517782553267732482e-03 -9.051591217372312315e-03 -9.688912474876243408e-03 0.000000000000000000e+00
-5.336909992468552577e-04 -1.081448734160550540e-03 2.558873240329995191e-03 -1.766233339398404212e-03 -9.709056956973327601e-03 -1.060890345531095846e-02 0.000000000000000000e+00
-4.319828086340182782e-04 -9.996723577853638965e-04 2.377890926999803867e-03 -1.743057495676936242e-03 -8.865062948411939203e-03 -9.900385423978974586e-03 0.000000000000000000e+00
-4.013472066397849591e-04 -1.086018446936037884e-03 2.591722187334666305e-03 -2.010726447265742678e-03 -9.489105033232636544e-03 -1.084589049848938558e-02 0.000000000000000000e+00
-3.080091877550039658e-04 -1.006665160648206880e-03 2.405609308086392728e-03 -1.969030654482395448e-03 -8.644752040992909059e-03 -1.012688803692141093e-02 0.000000000000000000e+00
-2.651991186364555109e-04 -1.096432922715218083e-03 2.618977818979295602e-03 -2.255261428756760722e-03 -9.231463942334094952e-03 -1.109954055978201737e-02 0.000000000000000000e+00
-1.811988135474729145e-04 -1.018540731766909291e-03 2.428160347426489007e-03 -2.194063507895194221e-03 -8.389548961263315618e-03 -1.036772889371251338e-02 0.000000000000000000e+00
-1.267061337954233924e-04 -1.111551712898867228e-03 2.640600063215564619e-03 -2.497795334432062475e-03 -8.936069324497974975e-03 -1.136744148545210109e-02 0.000000000000000000e+00
-5.191129980919306774e-05 -1.034693567308758722e-03 2.445584851186927144e-03 -2.416423180727989006e-03 -8.098675031254831680e-03 -1.062180752330643685e-02 0.000000000000000000e+00
1.488868793339537255e-05 -1.131279436423326956e-03 2.656656579342414615e-03 -2.736464923531300997e-03 -8.600611679130398812e-03 -1.164922537974666383e-02 0.000000000000000000e+00
7.956485394688961321e-05 -1.054490571179733660e-03 2.457860553531532322e-03 -2.633941626143609938e-03 -7.770960466339627004e-03 -1.088692549026859524e-02 0.000000000000000000e+00
1.580000372011503007e-04 -1.154284402729521819e-03 2.667304303961920420e-03 -2.968462623802459177e-03 -8.226281715544736528e-03 -1.194156485382924515e-02 0.000000000000000000e+00
2.128161291106156483e-04 -1.077341382705904183e-03 2.465158873663719774e-03 -2.844270642336166333e-03 -7.406281631351596673e-03 -1.116112821898695984e-02 0.000000000000000000e+00
3.035095543025834175e-04 -1.180595814544771471e-03 2.672465696509473965e-03 -3.191270021156267234e-03 -7.810296320419851668e-03 -1.224243667311064598e-02 0.000000000000000000e+00
3.475315731944761399e-04 -1.102553981791071225e-03 2.467474951391990245e-03 -3.044384428778634799e-03 -7.004001688841743345e-03 -1.144103856590605872e-02 0.000000000000000000e+00
4.497536590383766075e-04 -1.208763561502762540e-03 2.672432998754664668e-03 -3.401328408522363844e-03 -7.354975270440711199e-03 -1.254738252863907277e-02 0.000000000000000000e+00
4.833222590941155250e-04 -1.129531951534756828e-03 2.464997767941706774e-03 -3.231242066656037082e-03 -6.564402851077844048e-03 -1.172345774178040756e-02 0.000000000000000000e+00
5.976358928417579985e-04 -1.238911162082134698e-03 2.667129196794154611e-03 -3.595177905967528176e-03 -6.857760303463411589e-03 -1.285316866449814910e-02 0.000000000000000000e+00
6.198381544336162285e-04 -1.157659713359238118e-03 2.457839803541250756e-03 -3.401261680513467667e-03 -6.087668312499516787e-03 -1.200422894384711725e-02 0.000000000000000000e+00
7.454942127118058259e-04 -1.269506636032063929e-03 2.656914143194022415e-03 -3.768673391395971350e-03 -6.322031675917827442e-03 -1.315419175613774527e-02 0.000000000000000000e+00
7.567424822413904018e-04 -1.186305721690372739e-03 2.446136856094793810e-03 -3.550642687212945958e-03 -5.574478186910258870e-03 -1.227880757799582057e-02 0.000000000000000000e+00
8.941814108412993178e-04 -1.300819560997479307e-03 2.641777597762129393e-03 -3.917612614020349326e-03 -5.745924062194429638e-03 -1.344653620816860240e-02 0.000000000000000000e+00
8.937137437322884015e-04 -1.214885182563935073e-03 2.429996459931860198e-03 -3.675239184321554831e-03 -5.025623592078254376e-03 -1.254200728877918891e-02 0.000000000000000000e+00
1.042089210556790269e-03 -1.331268603295632236e-03 2.622108085064189797e-03 -4.037519940734313195e-03 -5.133801942887039615e-03 -1.372357741590768399e-02 0.000000000000000000e+00
1.030327140114417617e-03 -1.242823376988971829e-03 2.409710965585898368e-03 -3.770845097707642424e-03 -4.443078142970513511e-03 -1.278911314830422086e-02 0.000000000000000000e+00
1.190124843573808766e-03 -1.361204638253649124e-03 2.597770258638998353e-03 -4.123545739640910313e-03 -4.483953905886295388e-03 -1.398014069649766711e-02 0.000000000000000000e+00
1.166305861742072958e-03 -1.269604907949417605e-03 2.385384646370336537e-03 -3.833289810223128313e-03 -3.828432426912442565e-03 -1.301453944372399363e-02 0.000000000000000000e+00
1.336622494034628295e-03 -1.389123328914804167e-03 2.569449056051581470e-03 -4.171622965596810673e-03 -3.802673803943612540e-03 -1.421033371200408624e-02 0.000000000000000000e+00
1.301307918723765278e-03 -1.294689633159790132e-03 2.357199636873724691e-03 -3.858320818448390810e-03 -3.184034046419093045e-03 -1.321275304539826223e-02 0.000000000000000000e+00
1.482495234443381715e-03 -1.415444896137207920e-03 2.536852391163108011e-03 -4.176709255712118818e-03 -3.088691469286253266e-03 -1.440837493206359454e-02 0.000000000000000000e+00
1.434978112120482985e-03 -1.317641843535638513e-03 2.325451126436867133e-03 -3.842141640737040120e-03 -2.512859051953419964e-03 -1.337882516297472790e-02 0.000000000000000000e+00
1.626160280535277058e-03 -1.438723105222833309e-03 2.500695261705598860e-03 -4.135640424591358055e-03 -2.349393343058725492e-03 -1.456885484648395845e-02 0.000000000000000000e+00
1.567028496235078894e-03 -1.338009896851982683e-03 2.290267710629262377e-03 -3.781265640604658529e-03 -1.818016493240204312e-03 -1.350768136233426731e-02 0.000000000000000000e+00
1.768489373602410986e-03 -1.459489432493410455e-03 2.460756346609499490e-03 -4.044037946619560842e-03 -1.584339584805416479e-03 -1.468659716464015830e-02 0.000000000000000000e+00
1.697108261093538406e-03 -1.355421283923685660e-03 2.251953734713957322e-03 -3.672837071798440434e-03 -1.103311979167909129e-03 -1.359515218261542202e-02 0.000000000000000000e+00
1.907944520690874057e-03 -1.476357166551284239e-03 2.417714460104775087e-03 -3.900168273667681262e-03 -8.019176574718400730e-04 -1.475735564611069250e-02 0.000000000000000000e+00
1.824946336566324323e-03 -1.369540705381089296e-03 2.210677526485821387e-03 -3.514771748381662064e-03 -3.726477349599299771e-04 -1.363748963512456669e-02 0.000000000000000000e+00
2.045378847533807498e-03 -1.489994436512293019e-03 2.371380361603919740e-03 -3.701127942319359931e-03 -2.378042754713760587e-06 -1.477741232521401216e-02 0.000000000000000000e+00
1.950241421227960625e-03 -1.380078248006261221e-03 2.166694690405562840e-03 -3.305812014692932621e-03 3.696825420371752102e-04 -1.363180597209323608e-02 0.000000000000000000e+00
2.179346167786089250e-03 -1.499122349294806922e-03 2.322500561036916489e-03 -3.447467363964840104e-03 8.051741290340252988e-04 -1.474467009046964705e-02 0.000000000000000000e+00
2.072701746922561705e-03 -1.386780441582025070e-03 2.120228141898578000e-03 -3.045690548685975330e-03 1.119141297373005273e-03 -1.357616520951632211e-02 0.000000000000000000e+00
2.310660189972030265e-03 -1.504484829006419444e-03 2.270762028519335285e-03 -3.137799739750590788e-03 1.620272634502928355e-03 -1.465658630795507733e-02 0.000000000000000000e+00
2.192063420809076124e-03 -1.389467806827276997e-03 2.071527844924564432e-03 -2.735241182479697386e-03 1.871093356955899623e-03 -1.346972472303287205e-02 0.000000000000000000e+00
2.437935609716529450e-03 -1.504912992237705804e-03 2.216980317837902170e-03 -2.775302951153690856e-03 2.433314119369534012e-03 -1.451386648361507881e-02 0.000000000000000000e+00
2.308102633781838886e-03 -1.388004091411598750e-03 2.020772459665920451e-03 -2.376299062554210195e-03 2.621036647211916204e-03 -1.331239186805044383e-02 0.000000000000000000e+00
2.561969079014764228e-03 -1.501262066529840400e-03 2.160857921153946926e-03 -2.360729641603498408e-03 3.243787832196254328e-03 -1.431589300908209239e-02 0.000000000000000000e+00
2.420538591977855480e-03 -1.382264774699437648e-03 1.968191187625145666e-03 -1.971522391841062927e-03 3.364268692573002539e-03 -1.310515537702006128e-02 0.000000000000000000e+00
2.681494757683366981e-03 -1.492488344692954882e-03 2.103172149598930840e-03 -1.899595437928169872e-03 4.042392412753503805e-03 -1.406568541818220552e-02 0.000000000000000000e+00
2.529157954228172800e-03 -1.372238439627193607e-03 1.914070803678225019e-03 -1.525007939640943277e-03 4.096318152561284620e-03 -1.285033342158037328e-02 0.000000000000000000e+00
2.797272785116322602e-03 -1.479508594342926475e-03 2.043533243088979656e-03 -1.394324659074186457e-03 4.828920990915364087e-03 -1.376399008282414016e-02 0.000000000000000000e+00
2.633776020460359968e-03 -1.357898870458423835e-03 1.858522385790761788e-03 -1.041111073016409705e-03 4.813165117427242734e-03 -1.255022264119087794e-02 0.000000000000000000e+00
2.908103263085659584e-03 -1.461414313923242725e-03 1.982848206052434392e-03 -8.525883921288723855e-04 5.594445578307016831e-03 -1.341642040870061336e-02 0.000000000000000000e+00
2.734188608567278411e-03 -1.339286411135176547e-03 1.801759717410311712e-03 -5.252144849494655432e-04 5.510833143222981789e-03 -1.220843272631189080e-02 0.000000000000000000e+00
3.014767548773278349e-03 -1.439207804962649995e-03 1.920640678219898145e-03 -2.781090065129276923e-04 6.339490016691762264e-03 -1.302456341619873115e-02 0.000000000000000000e+00
2.830232528041598528e-03 -1.316482189443662909e-03 1.743966009147224216e-03 1.690488613714791200e-05 6.185843122352263634e-03 -1.182872059428552447e-02 0.000000000000000000e+00
3.116164624970108044e-03 -1.412068905363023097e-03 1.857764635182113100e-03 3.202438139702223907e-04 7.056054412498458106e-03 -1.259536833323959826e-02 0.000000000000000000e+00
2.921754284792410505e-03 -1.289622888542230061e-03 1.685371139114821837e-03 5.791017961289668392e-04 6.834997905241557703e-03 -1.141569693295574339e-02 0.000000000000000000e+00
3.213034014985016729e-03 -1.381039363125502462e-03 1.793689897585215576e-03 9.381842262827788659e-04 7.745286450359767372e-03 -1.213062516319274309e-02 0.000000000000000000e+00
3.008646256790564744e-03 -1.258852270138388629e-03 1.626085248576769615e-03 1.154923480490843701e-03 7.455695002211992772e-03 -1.097350392649687478e-02 0.000000000000000000e+00
3.304411396952977586e-03 -1.345447173743685720e-03 1.729336919936041994e-03 1.566248641166723132e-03 8.400327719139788485e-03 -1.163847231595704912e-02 0.000000000000000000e+00
3.090794470408081418e-03 -1.224348132656483124e-03 1.566257619761091124e-03 1.738211104200360069e-03 8.045641067384590173e-03 -1.050657151828104929e-02 0.000000000000000000e+00
3.390980687609596034e-03 -1.306338345359148168e-03 1.664100551440783615e-03 2.200204355281343283e-03 9.022913317684455592e-03 -1.112014756054779951e-02 0.000000000000000000e+00
3.168125572650976052e-03 -1.186327134778453196e-03 1.505982545165984732e-03 2.322607511032082073e-03 8.603013948680793277e-03 -1.001913427165090908e-02 0.000000000000000000e+00
3.471943953378409109e-03 -1.263144810317140543e-03 1.598841245507076625e-03 2.830794887018761585e-03 9.607557361630547632e-03 -1.058375662651522831e-02 0.000000000000000000e+00
3.240562821311743225e-03 -1.145028571949147089e-03 1.445454307510529723e-03 2.902128224484101793e-03 9.126290539752446307e-03 -9.515538490652897252e-03 0.000000000000000000e+00
3.547931706214008107e-03 -1.216935047222755806e-03 1.532966464605711732e-03 3.454208481793230590e-03 1.015642364692048716e-02 -1.002994043597871254e-02 0.000000000000000000e+00
3.308095688355494612e-03 -1.100708359057567254e-03 1.384698792334604356e-03 3.471079666484300219e-03 9.614508137093302764e-03 -8.999257391806292361e-03 0.000000000000000000e+00
3.618257093478224884e-03 -1.167195305356749646e-03 1.467267554551177078e-03 4.062064131016285273e-03 1.066516142582640825e-02 -9.466267349455659286e-03 0.000000000000000000e+00
3.370697065422700867e-03 -1.053642802469278994e-03 1.323847400954147879e-03 4.024160122570563658e-03 1.006690003674570733e-02 -8.473860220269635590e-03 0.000000000000000000e+00
3.683539122556700462e-03 -1.115020810393274608e-03 1.401122396928411451e-03 4.651139256110603526e-03 1.113636560099218187e-02 -8.892304358826041977e-03 0.000000000000000000e+00
3.428358789968263820e-03 -1.004106173972785232e-03 1.262940029161385702e-03 4.556492507150622373e-03 1.048298591154539494e-02 -7.942195943500873767e-03 0.000000000000000000e+00
3.743222804831095041e-03 -1.059953019104775684e-03 1.335306865461738379e-03 5.214275308321525415e-03 1.156675956988140186e-02 -8.314991477420097254e-03 0.000000000000000000e+00
3.481122505295794478e-03 -9.524016676261681802e-04 1.202041048012192359e-03 5.063600838155934980e-03 1.086267831954046414e-02 -7.406819479099713277e-03 0.000000000000000000e+00
3.797853377556031917e-03 -1.003064857041324753e-03 1.269131107954679649e-03 5.748875503944539389e-03 1.195897272722845628e-02 -7.732648498438798867e-03 0.000000000000000000e+00
3.529018166304839776e-03 -8.988230959489640348e-04 1.141150570033666600e-03 5.541637576917501917e-03 1.120598452474919071e-02 -6.869649758565188336e-03 0.000000000000000000e+00
3.847027887915493993e-03 -9.439493685141076007e-04 1.203378513135400230e-03 6.248993869149899183e-03 1.231073817609829035e-02 -7.151583756376922452e-03 0.000000000000000000e+00
3.572109521748453864e-03 -8.436766927466532451e-04 1.080317056403268250e-03 5.986918323663381614e-03 1.151316876242969300e-02 -6.332454052328628791e-03 0.000000000000000000e+00
3.891222300891741814e-03 -8.836606387915280081e-04 1.137324276740403484e-03 6.712870026539086155e-03 1.262455700188924723e-02 -6.569005147037287884e-03 0.000000000000000000e+00
3.610461453988939029e-03 -7.872596724532998635e-04 1.019513207820232914e-03 6.396544752904631537e-03 1.178457080026795722e-02 -5.796302793260821318e-03 0.000000000000000000e+00
3.930168817446205720e-03 -8.218098455370359545e-04 1.071686271619243236e-03 7.135638983026382220e-03 1.289901406683657825e-02 -5.990385836233791395e-03 0.000000000000000000e+00
3.644168325471305869e-03 -7.298782710091211712e-04 9.587475124070987675e-04 6.767611532493944537e-03 1.202073040971329831e-02 -5.262112817252528885e-03 0.000000000000000000e+00
3.964264956886967561e-03 -7.594187700283860920e-04 1.005683994368788969e-03 7.516197686732173366e-03 1.313629628701207253e-02 -5.411854783667013891e-03 0.000000000000000000e+00
3.673312145508839111e-03 -6.718273336073776747e-04 8.980144557873548372e-04 7.097949985194862421e-03 1.222213726247334264e-02 -4.730457976319879521e-03 0.000000000000000000e+00
3.993364436759141989e-03 -6.961122828265109419e-04 9.400606557242174866e-04 7.850834368035464195e-03 1.333568549447816665e-02 -4.838454823505422553e-03 0.000000000000000000e+00
3.698009873250147905e-03 -6.133927368928704382e-04 8.372306628900982872e-04 7.385462069326553802e-03 1.238948137302209318e-02 -4.201379287156692399e-03 0.000000000000000000e+00
4.017788124366337976e-03 -6.328833172075110092e-04 8.739605987128085118e-04 8.138702531939490115e-03 1.349894771616177991e-02 -4.265400897571325345e-03 0.000000000000000000e+00
3.718356238095701927e-03 -5.548524923406628062e-04 7.763555479224915068e-04 7.628571564894048862e-03 1.252332005696388251e-02 -3.674778149291402229e-03 0.000000000000000000e+00
4.037499312843230437e-03 -5.693491913417170203e-04 8.081567473087747366e-04 8.377375770206363370e-03 1.362595585294101852e-02 -3.697447588893565396e-03 0.000000000000000000e+00
3.734475957956021053e-03 -4.964781088432901335e-04 7.153257599195050886e-04 7.825884141378303127e-03 1.262435546204798698e-02 -3.150377496287992685e-03 0.000000000000000000e+00
4.052725428009447406e-03 -5.064712887216660242e-04 7.416795696444378194e-04 8.565906511375231958e-03 1.371791723678494890e-02 -3.128885313309126559e-03 0.000000000000000000e+00
3.746470041349952984e-03 -4.385284043080250882e-04 6.540819303777478666e-04 7.976295395816901390e-03 1.269313555100115565e-02 -2.627672532927727289e-03 0.000000000000000000e+00
4.063534895776946265e-03 -4.438545999775889150e-04 6.753807695525360089e-04 8.703085307729896414e-03 1.377524548008413063e-02 -2.564582593531872234e-03 0.000000000000000000e+00
3.754462576359664933e-03 -3.812495952930095022e-04 5.925097814113988726e-04 8.078982860279637634e-03 1.273031357356835258e-02 -2.105947171517463801e-03 0.000000000000000000e+00
4.070054647160464140e-03 -3.824346675742607005e-04 6.082497905892658707e-04 8.788047687537492436e-03 1.379850868734688873e-02 -1.998251111421156523e-03 0.000000000000000000e+00
3.758548554208328979e-03 -3.248757843920535571e-04 5.304998176116626496e-04 8.133141228085172258e-03 1.273634623368735674e-02 -1.584305278318876020e-03 0.000000000000000000e+00
4.072441197859787143e-03 -3.217734378277992136e-04 5.410232870252662529e-04 8.820418089062087574e-03 1.378857845862713205e-02 -1.434220628893534411e-03 0.000000000000000000e+00
3.758847916833075661e-03 -2.696333941901163378e-04 4.679907953060724601e-04 8.138440609994468389e-03 1.271180002710226020e-02 -1.062037514873104271e-03 0.000000000000000000e+00
4.070709815191878023e-03 -2.628016149699985426e-04 4.727579068203868751e-04 8.799330830484120014e-03 1.374532433864450454e-02 -8.663254098750794441e-04 0.000000000000000000e+00
3.755445195249987669e-03 -2.157335455807429803e-04 4.048392379825682674e-04 8.094610084127040750e-03 1.265701854756828837e-02 -5.381053561377413530e-04 0.000000000000000000e+00
4.065106202038445624e-03 -2.050420925343021672e-04 4.041765889653547994e-04 8.725550695602990459e-03 1.367007310561785260e-02 -2.988232660858791689e-04 0.000000000000000000e+00
3.748436608815781598e-03 -1.633748633825260477e-04 3.409704191333351453e-04 8.001597947587590909e-03 1.257240920270685791e-02 -1.168054693589937187e-05 0.000000000000000000e+00
4.055528832402545414e-03 -1.494154195104679950e-04 3.343364682779070840e-04 8.597855195414894069e-03 1.356197653327484431e-02 2.744985753369011405e-04 0.000000000000000000e+00
3.737890657942756489e-03 -1.127484308569015603e-04 2.762406435076747435e-04 7.859590617083966890e-03 1.245818227190031990e-02 5.182211406833392431e-04 0.000000000000000000e+00
4.042294754600276457e-03 -9.539410518932811556e-05 2.639046773038611349e-04 8.417995821022206115e-03 1.342274661745701536e-02 8.495420276115606129e-04 0.000000000000000000e+00
3.723883025659509988e-03 -6.402702770197388205e-05 2.105385684892380205e-04 7.668988122696784870e-03 1.231459534521439636e-02 1.052475741246228225e-03 0.000000000000000000e+00
4.025176386038279569e-03 -4.390411082377809748e-05 1.919667129960389573e-04 8.184842310058559889e-03 1.325080581400328583e-02 1.432213009638694245e-03 0.000000000000000000e+00
3.706457067103628017e-03 -1.738104419551911306e-05 1.437543916107952846e-04 7.430217087823987043e-03 1.214171101405714381e-02 1.591834836387473473e-03 0.000000000000000000e+00
4.004567434425863881e-03 5.634468835613581916e-06 1.191714799551601978e-04 7.901163509141717611e-03 1.304828193860396723e-02 2.018326752889709752e-03 0.000000000000000000e+00
3.685660655517841722e-03 2.703371559853451345e-05 7.579071590407826520e-05 7.144432619805130003e-03 1.193964453463358666e-02 2.136847011460218937e-03 0.000000000000000000e+00
3.980114695684981718e-03 5.228873712004311614e-05 4.460567080194488554e-05 7.565645918886421128e-03 1.281289389279294255e-02 2.613478331982443947e-03 0.000000000000000000e+00
3.661518570529605221e-03 6.907403436556824872e-05 6.474375587872671645e-06 6.812414118511078698e-03 1.170833180770447512e-02 2.688254707139847710e-03 0.000000000000000000e+00
3.952265978375509026e-03 9.668528466461046023e-05 -3.096901265303708684e-05 7.182338230556695180e-03 1.254716396190680427e-02 3.212845155753374371e-03 0.000000000000000000e+00
3.634034791052072333e-03 1.085974025347158367e-04 -6.420622998493108469e-05 6.435768485834714170e-03 1.144774327183961660e-02 3.245938759594002576e-03 0.000000000000000000e+00
3.920554768680681312e-03 1.378861797347030738e-04 -1.085824348985853227e-04 6.750021097055469710e-03 1.224816494099911779e-02 3.821930705065312850e-03 0.000000000000000000e+00
3.603205934356555618e-03 1.454800514026910463e-04 -1.364097305751044154e-04 6.016210858385218074e-03 1.115771725735514863e-02 3.810201166263071926e-03 0.000000000000000000e+00
3.885480033727878313e-03 1.765702189933104904e-04 -1.874483840955676328e-04 6.273866947700934560e-03 1.191881929358062919e-02 4.435368320293342492e-03 0.000000000000000000e+00
3.569027006076960773e-03 1.796050442873786679e-04 -2.101965152148665972e-04 5.555802031900647364e-03 1.083819692205656438e-02 4.380618236911493213e-03 0.000000000000000000e+00
3.846459252564965459e-03 2.117850773560303601e-04 -2.685081205500705614e-04 5.753122724057480042e-03 1.155566416484488101e-02 5.057799044646538178e-03 0.000000000000000000e+00
3.531445278834630108e-03 2.108598525843441429e-04 -2.856665397278912444e-04 5.056935436861476063e-03 1.048892333525186515e-02 4.956710765463334667e-03 0.000000000000000000e+00
3.804053405305249380e-03 2.442671432722476332e-04 -3.509460149430099207e-04 5.194015732924661677e-03 1.116212378037939601e-02 5.683140386032015101e-03 0.000000000000000000e+00
3.490424792232188489e-03 2.391504966265944887e-04 -3.628847434780646530e-04 4.522785345380420097e-03 1.010981863323845431e-02 5.537458009898799105e-03 0.000000000000000000e+00
3.757561151435898084e-03 2.730485866289655839e-04 -4.357660983306255176e-04 4.596363693644356374e-03 1.073422542161894810e-02 6.315441209570948899e-03 0.000000000000000000e+00
3.445904192215423767e-03 2.643835922250814541e-04 -4.418043451706599178e-04 3.956512036188186698e-03 9.700800742845849811e-03 6.121132929338024553e-03 0.000000000000000000e+00
3.707590470080096567e-03 2.989255382761513147e-04 -5.220366120697872425e-04 3.968162814595999066e-03 1.027594582488555730e-02 6.947606716964482843e-03 0.000000000000000000e+00
3.397820460926709307e-03 2.864908869057436469e-04 -5.226062457815983109e-04 3.361956329925419595e-03 9.261800689935650865e-03 6.706415518386243946e-03 0.000000000000000000e+00
3.653348859167598883e-03 3.209195598719016829e-04 -6.107077460550947023e-04 3.309591463652061805e-03 9.783097810534879812e-03 7.582414562917971779e-03 0.000000000000000000e+00
3.346087574466083403e-03 3.054034258916371591e-04 -6.051656173980402009e-04 2.743669946845272989e-03 8.792928345294548365e-03 7.290516310624717278e-03 0.000000000000000000e+00
3.595490346023244577e-03 3.398979031304927290e-04 -7.009234934594044120e-04 2.629822629469202866e-03 9.260176620324855890e-03 8.212461742461485414e-03 0.000000000000000000e+00
3.290624067047082102e-03 3.210767474301490232e-04 -6.895149629824182114e-04 2.106580883107778135e-03 8.294411996132566856e-03 7.870791142180699751e-03 0.000000000000000000e+00
3.533125690404315122e-03 3.548651069531505442e-04 -7.935072869271753149e-04 1.930418568574676641e-03 8.702949647064084360e-03 8.838925985227952253e-03 0.000000000000000000e+00
3.231312679682796229e-03 3.334746396201904162e-04 -7.756407790217023646e-04 1.455882135425135004e-03 7.766551593828996403e-03 8.443983942543198395e-03 0.000000000000000000e+00
3.467002237309335655e-03 3.667697893001697906e-04 -8.874826573667116136e-04 1.221655257719334031e-03 8.116824296442892717e-03 9.453358885881613105e-03 0.000000000000000000e+00
3.168090230465214763e-03 3.425921173491053295e-04 -8.634419924992142725e-04 7.974403520218942276e-04 7.210095599661237031e-03 9.006330624525382689e-03 0.000000000000000000e+00
3.396099528752555274e-03 3.746098770062711303e-04 -9.837421145033053982e-04 5.059097507920107262e-04 7.497453224717176568e-03 1.005615845227847416e-02 0.000000000000000000e+00
3.100831533336442791e-03 3.484266783237988108e-04 -9.528817462708949471e-04 1.377864043097254410e-04 6.625794032776965992e-03 9.553765985088169543e-03 0.000000000000000000e+00
3.321254923204342013e-03 3.794240898655210081e-04 -1.081201335449033518e-03 -2.057329620397396752e-04 6.851224242382158991e-03 1.063818190213883241e-02 0.000000000000000000e+00
3.029458041546445601e-03 3.510183036712355431e-04 -1.043781608935201444e-03 -5.165996186140553448e-04 6.014932694740515728e-03 1.008169484171972385e-02 0.000000000000000000e+00
3.241397732951206700e-03 3.802310566582423057e-04 -1.180696294104610633e-03 -9.101050652087216974e-04 6.174171496652114399e-03 1.119884878898025349e-02 0.000000000000000000e+00
2.953844732265537010e-03 3.504112730529085340e-04 -1.136066758900655671e-03 -1.158760853031903792e-03 5.378823671397192641e-03 1.058568027293738112e-02 0.000000000000000000e+00
3.157425898880017456e-03 3.781396039854167945e-04 -1.281086848002821466e-03 -1.595493142553472410e-03 5.473581950790951112e-03 1.172885794856615149e-02 0.000000000000000000e+00
2.873931702938009591e-03 3.466990298152117234e-04 -1.229528004105084893e-03 -1.781892023161812943e-03 4.719416269000298314e-03 1.106088610639588410e-02 0.000000000000000000e+00
3.068206436270426440e-03 3.722063740904113516e-04 -1.383104278063707060e-03 -2.258414751651116603e-03 4.746022749311240574e-03 1.222694588441353147e-02 0.000000000000000000e+00
2.789600054155377817e-03 3.399727408303077070e-04 -1.323945547152038937e-03 -2.379142043316573307e-03 4.038785769284292115e-03 1.150249968224237307e-02 0.000000000000000000e+00
2.974735740032402598e-03 3.636325219936731301e-04 -1.485615701753428830e-03 -2.887583017376904593e-03 3.999694598339154084e-03 1.268466659451306100e-02 0.000000000000000000e+00
2.700824691610592687e-03 3.304035189738430134e-04 -1.419124354314349468e-03 -2.943783040110226068e-03 3.339533257831650559e-03 1.190636624095953167e-02 0.000000000000000000e+00
2.875826685850235709e-03 3.515181104699061088e-04 -1.589249625139621536e-03 -3.480012635118434616e-03 3.231726976430149278e-03 1.310078685171767177e-02 0.000000000000000000e+00
2.607530800411123062e-03 3.181567673636309657e-04 -1.514777792710308990e-03 -3.469751340702931230e-03 2.624470939339040854e-03 1.226834487190275880e-02 0.000000000000000000e+00
2.772613437001081316e-03 3.371639135127946219e-04 -1.692770657928277522e-03 -4.025344128142371858e-03 2.451348562875210746e-03 1.346802389917378662e-02 0.000000000000000000e+00
2.509715515820160059e-03 3.034586048715759432e-04 -1.610596870091629551e-03 -3.951256773091049723e-03 1.896877942222818803e-03 1.258501004128875778e-02 0.000000000000000000e+00
2.663835925492408219e-03 3.197207464477047623e-04 -1.796795348659507852e-03 -4.521976888031797870e-03 1.656001109704430263e-03 1.378627924127906468e-02 0.000000000000000000e+00
2.407342250573957232e-03 2.865504157080200898e-04 -1.706240668723990606e-03 -4.383511777682258526e-03 1.160100109486972286e-03 1.285372174954835245e-02 0.000000000000000000e+00
2.550792151396613638e-03 3.005967210938376155e-04 -1.899978917779043819e-03 -4.961237958635233980e-03 8.558154046420796135e-04 1.405008914369521023e-02 0.000000000000000000e+00
2.300418212585753075e-03 2.677159176202037472e-04 -1.801466925525796459e-03 -4.763092930947454562e-03 4.175713145997406173e-04 1.307317714563360767e-02 0.000000000000000000e+00
2.432235162903723102e-03 2.790364642621945279e-04 -2.002901245833799138e-03 -5.343306035530126508e-03 4.856592174373730586e-05 1.426114593864369340e-02 0.000000000000000000e+00
2.189061256239716036e-03 2.473209081573779500e-04 -1.895719736201173511e-03 -5.086618641838569488e-03 -3.264929190787135838e-04 1.324208365417911537e-02 0.000000000000000000e+00
2.309522445509831767e-03 2.564845180348385156e-04 -2.104115910176229676e-03 -5.662198788063843580e-03 -7.554160181579838707e-04 1.441632299540662743e-02 0.000000000000000000e+00
2.073305652246087982e-03 2.257084013630450414e-04 -1.988730313304376551e-03 -5.353053853961675657e-03 -1.068675569513288792e-03 1.336139782485012972e-02 0.000000000000000000e+00
2.181480772026456183e-03 2.323200770972255746e-04 -2.204221282916918323e-03 -5.919953270127287226e-03 -1.558182508810901368e-03 1.451950086583320143e-02 0.000000000000000000e+00
1.953313307000714705e-03 2.032906830259917363e-04 -2.079939647151751725e-03 -5.561208421501984134e-03 -1.804802298920105130e-03 1.343190755319412233e-02 0.000000000000000000e+00
2.049586326334368325e-03 2.080421976398683093e-04 -2.301702342231148890e-03 -6.113682760564120855e-03 -2.349563351882189011e-03 1.457030512174162240e-02 0.000000000000000000e+00
1.829249582108116723e-03 1.805248372084844455e-04 -2.168971500724592438e-03 -5.712124816347419198e-03 -2.531373511550860655e-03 1.345655269939749488e-02 0.000000000000000000e+00
1.912727834676192229e-03 1.831254494387701826e-04 -2.397004293304694222e-03 -6.247108463058204109e-03 -3.131503277488789649e-03 1.457388938885983976e-02 0.000000000000000000e+00
1.701340991583144557e-03 1.578903616302196333e-04 -2.255328635655251546e-03 -5.807039305234074078e-03 -3.244825861339784012e-03 1.343864736610900223e-02 0.000000000000000000e+00
1.772538988704386309e-03 1.591235223910025809e-04 -2.488665813527801696e-03 -6.320047810477014139e-03 -3.894387519306263812e-03 1.453249736314132790e-02 0.000000000000000000e+00
1.569874352487177216e-03 1.358816745610225141e-04 -2.338480034696388543e-03 -5.848248223968788295e-03 -3.941709688688455060e-03 1.338206650435225242e-02 0.000000000000000000e+00
1.627941429430623810e-03 1.356098442371056478e-04 -2.577031135749863200e-03 -6.337332317309041230e-03 -4.640653760333623978e-03 1.445266520893762063e-02 0.000000000000000000e+00
1.435171815675234663e-03 1.150741816950406893e-04 -2.417973060365230520e-03 -5.839135028050890242e-03 -4.619137420871943789e-03 1.329187182093116704e-02 0.000000000000000000e+00
1.480769434295176046e-03 1.141479139990519975e-04 -2.660714403932118444e-03 -6.301127983430188095e-03 -5.361439557530545130e-03 1.433834452368953905e-02 0.000000000000000000e+00
1.297614130182866976e-03 9.599332970416929456e-05 -2.493206922063229136e-03 -5.783279255813678077e-03 -5.274348560961872323e-03 1.317296093882758257e-02 0.000000000000000000e+00
1.330028858790605062e-03 9.444222824273040828e-05 -2.739934388353792993e-03 -6.217027365596816679e-03 -6.059652809895954562e-03 1.419660976225545213e-02 0.000000000000000000e+00
1.157656113596972070e-03 7.923199612525078095e-05 -2.563716106086133539e-03 -5.684255133620030875e-03 -5.905069176132204944e-03 1.303087521563295326e-02 0.000000000000000000e+00
1.177667093677364774e-03 7.798047511009542632e-05 -2.813337723520492606e-03 -6.088007836039022180e-03 -6.727475981027630780e-03 1.403196540422646521e-02 0.000000000000000000e+00
1.015794958111854163e-03 6.536835810860841534e-05 -2.628941090525915847e-03 -5.546641346120928517e-03 -6.509328827799087946e-03 1.287092795193212069e-02 0.000000000000000000e+00
1.022861824330284497e-03 6.461966304044386433e-05 -2.881120731678454838e-03 -5.920217094029567306e-03 -7.368393870318179495e-03 1.385167140944121300e-02 0.000000000000000000e+00
8.726100938686309760e-04 5.499792484364718348e-05 -2.688360035160375361e-03 -5.374391062870742530e-03 -7.085579492596583151e-03 1.269846222469839248e-02 0.000000000000000000e+00
8.676280512790734978e-04 5.569034455360499791e-05 -2.941985001602476224e-03 -5.716367252945442345e-03 -7.975773725068524556e-03 1.365987338128027417e-02 0.000000000000000000e+00
7.287409085462714931e-04 4.873133130384177392e-05 -2.741475174169727413e-03 -5.172007478480900033e-03 -7.632680128834667954e-03 1.251860794383441444e-02 0.000000000000000000e+00
7.113066929780309522e-04 5.117825893674599058e-05 -2.996016010316016054e-03 -5.482266694508908245e-03 -8.553443902837187807e-03 1.346295027320287829e-02 0.000000000000000000e+00
5.848286851479200799e-04 4.709688466630890247e-05 -2.787742047177466098e-03 -4.942755197014925272e-03 -8.149785160159517261e-03 1.233566828710452867e-02 0.000000000000000000e+00
5.560278668629292653e-04 5.229214756746758397e-05 -3.042093603800699597e-03 -5.221088346230029487e-03 -9.096106889844524090e-03 1.326470794194944958e-02 0.000000000000000000e+00
4.416321011515567108e-04 5.065446572372067635e-05 -2.826670956237203880e-03 -4.690558093848107291e-03 -8.636461702093534143e-03 1.215381707223706087e-02 0.000000000000000000e+00
4.012675370958507237e-04 5.906573461750275200e-05 -3.080208266346445845e-03 -4.936802782609550633e-03 -9.607826317828305207e-03 1.306991792276157582e-02 0.000000000000000000e+00
2.999426389281301120e-04 5.995477006015548227e-05 -2.857823886316529505e-03 -4.418768836428554891e-03 -9.092654417956147483e-03 1.197667678211145059e-02 0.000000000000000000e+00
2.492354659033857445e-04 7.252976020921675371e-05 -3.109435385429099030e-03 -4.632865722077550430e-03 -1.008456624410136726e-02 1.288152663311281643e-02 0.000000000000000000e+00
1.605401303718112516e-04 7.542360072582132702e-05 -2.880716238674030372e-03 -4.129917117086989720e-03 -9.518581349680310666e-03 1.180690634387104865e-02 0.000000000000000000e+00
9.951973316379980616e-05 9.276850442579975820e-05 -3.129657802849156178e-03 -4.311841961801121670e-03 -1.053063616001326253e-02 1.270269284242875329e-02 0.000000000000000000e+00
2.432995387485759053e-05 9.754792685368052219e-05 -2.894899825853725073e-03 -3.826740974454789779e-03 -9.914590117265476010e-03 1.164667524577822633e-02 0.000000000000000000e+00
-4.568407049057587876e-05 1.205290098377220787e-04 -3.140155909260283762e-03 -3.976319886430434991e-03 -1.094309302001805762e-02 1.253497863227570619e-02 0.000000000000000000e+00
-1.078329017392687383e-04 1.266963974503321211e-04 -2.900049337680843387e-03 -3.511489089882857684e-03 -1.028170325579313982e-02 1.149769589474258780e-02 0.000000000000000000e+00
-1.866121952193156019e-04 1.560127619067430693e-04 -3.140736182376646646e-03 -3.628655983448414446e-03 -1.132643136231825665e-02 1.238019027725822951e-02 0.000000000000000000e+00
-2.350736048744583861e-04 1.631822375097735645e-04 -2.895793490743703291e-03 -3.185330714789991191e-03 -1.062093244191730790e-02 1.136069550135854200e-02 0.000000000000000000e+00
-3.211533552624212806e-04 1.996147122029223731e-04 -3.130825437782036591e-03 -3.270516998371331141e-03 -1.167847437637714592e-02 1.223812977313665229e-02 0.000000000000000000e+00
-3.564910708739876810e-04 2.072801422017822581e-04 -2.881800665710448905e-03 -2.850413115453864776e-03 -1.093361401571435465e-02 1.123590650639227917e-02 0.000000000000000000e+00
-4.494149197712959953e-04 2.516324053679075412e-04 -3.110312590077907169e-03 -2.903117299247970351e-03 -1.200419120455453736e-02 1.210956390313588926e-02 0.000000000000000000e+00
-4.712115448781695193e-04 2.591939839259316258e-04 -2.857807733767980807e-03 -2.507662844964286819e-03 -1.122135734473861390e-02 1.112289862598592194e-02 0.000000000000000000e+00
-5.694600559980056431e-04 3.121268260405374306e-04 -3.078830824549294576e-03 -2.528392734340023651e-03 -1.230239257984333534e-02 1.199299559090150069e-02 0.000000000000000000e+00
-5.783950481883515238e-04 3.190537704511053896e-04 -2.823604064892737409e-03 -2.158201883439847535e-03 -1.148597918030924703e-02 1.102058907745773197e-02 0.000000000000000000e+00
-6.813607629295725943e-04 3.814211297568648185e-04 -3.036091696990234068e-03 -2.146365366423097498e-03 -1.257801647590506278e-02 1.188746470308865710e-02 0.000000000000000000e+00
-6.771937922226689555e-04 3.869791050022386436e-04 -2.778951675891455642e-03 -1.802999484846967704e-03 -1.172950866193867014e-02 1.092734778803627904e-02 0.000000000000000000e+00
-7.834100362517082417e-04 4.592344185425645264e-04 -2.982096587321209080e-03 -1.758772576079259409e-03 -1.283086552146128767e-02 1.179042617170544816e-02 0.000000000000000000e+00
-7.669360985066708825e-04 4.629407785707306822e-04 -2.723781950062648116e-03 -1.442674557564416205e-03 -1.195444199899320381e-02 1.084103099836619677e-02 0.000000000000000000e+00
-8.755985197524962516e-04 5.460286941367797908e-04 -2.916481427256645276e-03 -1.365632218836676515e-03 -1.306601392152328955e-02 1.169962586305928198e-02 0.000000000000000000e+00
-8.469260090677444008e-04 5.469504308187045361e-04 -2.657956025313878978e-03 -1.077952348913502334e-03 -1.216331335798637170e-02 1.075887558152155421e-02 0.000000000000000000e+00
-9.566180810603730489e-04 6.411726745013113238e-04 -2.839495766793598275e-03 -9.689077918171307147e-04 -1.328419142826797739e-02 1.161148279390022964e-02 0.000000000000000000e+00
-9.166396890982475565e-04 6.388805606243330715e-04 -2.581452631726210978e-03 -7.094635635103152538e-04 -1.235887862469065013e-02 1.067749504449277964e-02 0.000000000000000000e+00
-1.026466268680803484e-03 7.452644675913777661e-04 -2.750688904691767078e-03 -5.678306582126424473e-04 -1.349059628753046525e-02 1.152231535914216565e-02 0.000000000000000000e+00
-9.755976904319840770e-04 7.386863343003535753e-04 -2.494271592954067085e-03 -3.382380761682846071e-04 -1.254423760529910226e-02 1.059315347230693760e-02 0.000000000000000000e+00
-1.084347678129149450e-03 8.573127093840504642e-04 -2.650640103567358796e-03 -1.645546012891685450e-04 -1.368677897694503542e-02 1.142761938536729360e-02 0.000000000000000000e+00
-1.023540666180683401e-03 8.461881914861302256e-04 -2.396460500060426657e-03 3.530008818408703064e-05 -1.272266396747845363e-02 1.050152134717974306e-02 0.000000000000000000e+00
-1.130270686323819884e-03 9.781896385147037520e-04 -2.538813113464155613e-03 2.411601716101330339e-04 -1.387812120749121192e-02 1.132238354038950234e-02 0.000000000000000000e+00
-1.060303855862171352e-03 9.612878834504567926e-04 -2.288162011349070823e-03 4.099380519813067281e-04 -1.289762772999836216e-02 1.039772795742122113e-02 0.000000000000000000e+00
-1.164055766996408003e-03 1.106599290271292890e-03 -2.416040818601999929e-03 6.469954628229857008e-04 -1.406681418431077191e-02 1.120127053521891014e-02 0.000000000000000000e+00
-1.085965368781804941e-03 1.083797595976543349e-03 -2.169485869750437113e-03 7.847638175624283008e-04 -1.307257258837868363e-02 1.027625031458923033e-02 0.000000000000000000e+00
-1.185858476272450002e-03 1.243646137109838401e-03 -2.281745968318649176e-03 1.053091784904758299e-03 -1.425814034175232337e-02 1.105744597378865990e-02 0.000000000000000000e+00
-1.100707890812208101e-03 1.213660399510901877e-03 -2.040667008175733876e-03 1.158460359965918229e-03 -1.325130540385277556e-02 1.013119806070550410e-02 0.000000000000000000e+00
-1.196196850104747078e-03 1.387863903673958177e-03 -2.137034281704364158e-03 1.456198347841830554e-03 -1.445495368952087745e-02 1.088513595304974046e-02 0.000000000000000000e+00
0.000000000000000000e+00 0.000000000000000000e+00 0.000000000000000000e+00 0.000000000000000000e+00 0.000000000000000000e+00 0.000000000000000000e+00 0.000000000000000000e+00
