-1.515023899424122744e-03 -1.074474349165077669e-03 1.825917430800752528e-03 1.652206837494674119e-04 -7.869441086914896744e-03 -5.257272226564246864e-03 0.000000000000000000e+00
-1.599356179072086714e-03 -1.090208529769265411e-03 1.996892566707611505e-03 6.290322425961392128e-05 -8.502283753847983405e-03 -5.610497302973804779e-03 0.000000000000000000e+00
-1.437373855154466806e-03 -9.412447106572630062e-04 1.859811396194316346e-03 -4.685153662986607515e-05 -7.829533005542010926e-03 -5.102519066196631314e-03 0.000000000000000000e+00
-1.514687859916569179e-03 -9.527723605495530546e-04 2.031714985161803266e-03 -1.613606813037904431e-04 -8.463699157315041077e-03 -5.447263999244444932e-03 0.000000000000000000e+00
-1.358929533628594477e-03 -8.212757668380199494e-04 1.890306669374175463e-03 -2.479555835410707232e-04 -7.797910890251280591e-03 -4.957146726181527185e-03 0.000000000000000000e+00
-1.429308182138933070e-03 -8.301607276449129991e-04 2.063027608163597870e-03 -3.730930394154619023e-04 -8.433122999925934948e-03 -5.295963395131941809e-03 0.000000000000000000e+00
-1.279341517452542432e-03 -7.143382471804793354e-04 1.917650521001693087e-03 -4.389889066880314772e-04 -7.772394472238097762e-03 -4.822979088079826226e-03 0.000000000000000000e+00
-1.342169195444248286e-03 -7.210213658264408298e-04 2.091018922958071125e-03 -5.753506916490458423e-04 -8.407866984704526203e-03 -5.157032897594504561e-03 0.000000000000000000e+00
-1.198347339356337082e-03 -6.201579783993438344e-04 1.942076318828533932e-03 -6.206924756320120196e-04 -7.751007481311855685e-03 -4.701689374099871088e-03 0.000000000000000000e+00
-1.253793308544332019e-03 -6.259832402282228259e-04 2.115990774224321691e-03 -7.671275045422198957e-04 -8.386305643495628459e-03 -5.033574895791481651e-03 0.000000000000000000e+00
-1.115768921174570272e-03 -5.383414324852398014e-04 1.963681087445587337e-03 -7.939553568236945580e-04 -7.731640771699854753e-03 -4.594462175206093235e-03 0.000000000000000000e+00
-1.163278614177448711e-03 -5.437846102936683135e-04 2.137986302547550954e-03 -9.510407754174110551e-04 -8.365958733909995004e-03 -4.925636120391985173e-03 0.000000000000000000e+00
-1.031566287131108206e-03 -4.685597922635675872e-04 1.982695607467943599e-03 -9.595707099880890212e-04 -7.712939001106811077e-03 -4.502983124796244851e-03 0.000000000000000000e+00
-1.071367249926680199e-03 -4.746094620950436216e-04 2.157205253143085200e-03 -1.126202779659468689e-03 -8.345347473944997319e-03 -4.835627456907243271e-03 0.000000000000000000e+00
-9.457491630410486128e-04 -4.103501646724738716e-04 1.999237847957607839e-03 -1.118397639649604258e-03 -7.693379338476358242e-03 -4.428444308458345802e-03 0.000000000000000000e+00
-9.773053669224207596e-04 -4.175051974082966133e-04 2.173788419706723651e-03 -1.295234957328084135e-03 -8.322889825623125404e-03 -4.764167431698940192e-03 0.000000000000000000e+00
-8.583365510955176525e-04 -3.631801333315587410e-04 2.013330517932399033e-03 -1.271046441142509309e-03 -7.671253059066351909e-03 -4.371645906156462758e-03 0.000000000000000000e+00
-8.820189177147497173e-04 -3.722816374578663545e-04 2.187858299962319730e-03 -1.457346096998879403e-03 -8.297325195897542471e-03 -4.713085924481941191e-03 0.000000000000000000e+00
-7.694332528792868775e-04 -3.265835254828153289e-04 2.025142728255019398e-03 -1.418538274077008055e-03 -7.645509870588540480e-03 -4.333831034274204796e-03 0.000000000000000000e+00
-7.847505185045733356e-04 -3.380820922459504274e-04 2.199389525255529554e-03 -1.614808864341288341e-03 -8.266789504189020477e-03 -4.682502227312479448e-03 0.000000000000000000e+00
-6.792222840766859449e-04 -2.999966932997200075e-04 2.034755856091752246e-03 -1.561358045077732015e-03 -7.614997866453698805e-03 -4.315900282449547376e-03 0.000000000000000000e+00
-6.865423318061225633e-04 -3.144708825771058702e-04 2.208600111801350963e-03 -1.767149855631089395e-03 -8.230567850005865438e-03 -4.674089232352685030e-03 0.000000000000000000e+00
-5.877992288819133826e-04 -2.828338561866872158e-04 2.042182471251652309e-03 -1.700447868684840103e-03 -7.578413528126937138e-03 -4.318458736991104274e-03 0.000000000000000000e+00
-5.866946478720880265e-04 -3.007639310188270354e-04 2.215465535686467202e-03 -1.916318387832127712e-03 -8.187075600042614809e-03 -4.688147192454028556e-03 0.000000000000000000e+00
-4.953076613062878941e-04 -2.745110264708583436e-04 2.047446166638600129e-03 -1.836483793668186593e-03 -7.534476332778261565e-03 -4.341995825999589442e-03 0.000000000000000000e+00
-4.862888901865647373e-04 -2.962559218682159212e-04 2.220156080314950042e-03 -2.061993398180916870e-03 -8.135583016330549810e-03 -4.725605219478179464e-03 0.000000000000000000e+00
-4.020031776161558934e-04 -2.744071968117378635e-04 2.050698528852590297e-03 -1.970052709486580511e-03 -7.482547341282064224e-03 -4.387344527641889869e-03 0.000000000000000000e+00
-3.845872267969896452e-04 -3.004199015822495156e-04 2.222568762225235472e-03 -2.205892696326205993e-03 -8.074346594784564957e-03 -4.786646899010538192e-03 0.000000000000000000e+00
-3.080174773858468384e-04 -2.819356351522195325e-04 2.051968397364711816e-03 -2.101890866195610386e-03 -7.421410164363706485e-03 -4.454775215910977693e-03 0.000000000000000000e+00
-2.827017224646677374e-04 -3.123169153406990528e-04 2.222876573443222092e-03 -2.347722988018663415e-03 -8.002789990743330861e-03 -4.871609503086293813e-03 0.000000000000000000e+00
-2.135342833225750692e-04 -2.964073743116080184e-04 2.051277226866127235e-03 -2.232485692390540066e-03 -7.350045050526610169e-03 -4.544442762831391036e-03 0.000000000000000000e+00
-1.798860577154892670e-04 -3.316414064708783638e-04 2.221033892048085434e-03 -2.489060587176794570e-03 -7.919259259036692811e-03 -4.980857967542551279e-03 0.000000000000000000e+00
-1.187143017986058702e-04 -3.172286463640483500e-04 2.048672640429072267e-03 -2.362417472332012380e-03 -7.267418547868054191e-03 -4.656470568718429348e-03 0.000000000000000000e+00
-7.727649085773058424e-05 -3.572228111022313080e-04 2.217247766949342891e-03 -2.629420617807909366e-03 -7.823386211572191939e-03 -5.114124778429651741e-03 0.000000000000000000e+00
-2.371725818903214211e-05 -3.437130386807485394e-04 2.044205932355686040e-03 -2.492031663954286103e-03 -7.172454501245262293e-03 -4.790600736027439410e-03 0.000000000000000000e+00
2.590695184304103726e-05 -3.889025712497384824e-04 2.211372331486660681e-03 -2.770057600877784409e-03 -7.713250891309364476e-03 -5.271555687476947583e-03 0.000000000000000000e+00
7.131673581509123672e-05 -3.752900767513556168e-04 2.037932655304885987e-03 -2.621806650747515732e-03 -7.064179217043164982e-03 -4.946733264484581838e-03 0.000000000000000000e+00
1.285802060888296960e-04 -4.253827915045027552e-04 2.203654572337399031e-03 -2.910484451251083016e-03 -7.588495961965424641e-03 -5.452101610694537470e-03 0.000000000000000000e+00
1.662240251095736809e-04 -4.112767592134025652e-04 2.029915798187731379e-03 -2.751826225347642207e-03 -6.941653539310976839e-03 -5.124359336757589034e-03 0.000000000000000000e+00
2.315264309957210109e-04 -4.666758501165046980e-04 2.193972095884288986e-03 -3.051617439220333239e-03 -7.447220473046023415e-03 -5.655954842520127812e-03 0.000000000000000000e+00
2.609082281672669978e-04 -4.510347481679888304e-04 2.020164155131509709e-03 -2.882073717838551374e-03 -6.803587403688915458e-03 -5.322537114848202577e-03 0.000000000000000000e+00
3.336767200218526686e-04 -5.113903654598572768e-04 2.182588260842610595e-03 -3.192819511899536167e-03 -7.289321291664929703e-03 -5.881462045311369735e-03 0.000000000000000000e+00
3.552109458795638108e-04 -4.939676799154968379e-04 2.008789256133985957e-03 -3.012512450357718308e-03 -6.649266524552555069e-03 -5.540587110591577158e-03 0.000000000000000000e+00
4.358520554963996041e-04 -5.596011172115666898e-04 2.169334406897455159e-03 -3.334336831346540464e-03 -7.112485145732705405e-03 -6.128159023055079757e-03 0.000000000000000000e+00
4.490737589601390134e-04 -5.394978871362809958e-04 1.995799386218827243e-03 -3.142927818247542859e-03 -6.477413143286980812e-03 -5.777157863558812778e-03 0.000000000000000000e+00
5.370079951246831129e-04 -6.098827486940017195e-04 2.154490379774470776e-03 -3.475329286821704500e-03 -6.916876203685973223e-03 -6.393760614987975543e-03 0.000000000000000000e+00
5.423649103654948345e-04 -5.870242062823438634e-04 1.981302444512500482e-03 -3.272773298665931918e-03 -6.287279430758019316e-03 -6.030935833330808293e-03 0.000000000000000000e+00
6.379558900621029593e-04 -6.624560031995851972e-04 2.137938758407009754e-03 -3.615545262742436705e-03 -6.700252819487495515e-03 -6.677603513292496018e-03 0.000000000000000000e+00
6.350059939037033807e-04 -6.360091725817751396e-04 1.965343364545596438e-03 -3.401446815037623139e-03 -6.077870944925400920e-03 -6.300153493069782229e-03 0.000000000000000000e+00
7.377107369874180698e-04 -7.158300736752887250e-04 2.119925173374365146e-03 -3.753757691959513920e-03 -6.462915228868659767e-03 -6.976440429827590606e-03 0.000000000000000000e+00
7.269152774946607831e-04 -6.858867289039061177e-04 1.947987730215983149e-03 -3.527878091659886195e-03 -5.848303507772101284e-03 -6.582740558182642587e-03 0.000000000000000000e+00
8.370645882343208388e-04 -7.703609577779935158e-04 2.100325867151031645e-03 -3.889079338843082212e-03 -6.202584971598312791e-03 -7.289125022481357519e-03 0.000000000000000000e+00
8.180087795135737583e-04 -7.361513688232956820e-04 1.929310563204916784e-03 -3.650944414841816865e-03 -5.597863203405495369e-03 -6.876399742139494009e-03 0.000000000000000000e+00
9.350473696289329784e-04 -8.245710714107346018e-04 2.079480132784500279e-03 -4.019943043457097076e-03 -5.920182125431772135e-03 -7.611917397100764759e-03 0.000000000000000000e+00
9.082260918907847369e-04 -7.862929376341587506e-04 1.909350330782544347e-03 -3.769171542653104723e-03 -5.325832056157331351e-03 -7.178371837127439647e-03 0.000000000000000000e+00
1.032485093188401093e-03 -8.789268120693305431e-04 2.057165462716642468e-03 -4.144835236590260763e-03 -5.613189559963593922e-03 -7.942871628928038774e-03 0.000000000000000000e+00
9.974591922114472986e-04 -8.358961453335811420e-04 1.888262927823930459e-03 -3.880955300073374303e-03 -5.031957874529702224e-03 -7.486082462415666328e-03 0.000000000000000000e+00
1.128420243288463798e-03 -9.319063589119935820e-04 2.033712438531620759e-03 -4.261585259381028834e-03 -5.283048538795576121e-03 -8.277354263560798842e-03 0.000000000000000000e+00
1.085678314266619315e-03 -8.845004038080250819e-04 1.866042726539618446e-03 -3.984282769515345990e-03 -4.715638761340734675e-03 -7.795955972403678658e-03 0.000000000000000000e+00
1.223610678237591065e-03 -9.841169680173955658e-04 2.009006386538003675e-03 -4.368106299781793211e-03 -4.927752755478742586e-03 -8.613289723431893918e-03 0.000000000000000000e+00
1.172807900166245032e-03 -9.317087108525468064e-04 1.842747159216728825e-03 -4.077021000930436401e-03 -4.376786995172299299e-03 -8.104544133551438989e-03 0.000000000000000000e+00
1.317153923931502213e-03 -1.034085046442034805e-03 1.983327320834393781e-03 -4.461901664533307610e-03 -4.549171190063816539e-03 -8.945225473178108899e-03 0.000000000000000000e+00
1.258748937727177664e-03 -9.771423963389758161e-04 1.818479138591511113e-03 -4.156764899997611451e-03 -4.015664483927317008e-03 -8.408260816021417838e-03 0.000000000000000000e+00
1.409774949111902709e-03 -1.082493643132953487e-03 1.956515385732632284e-03 -4.540237964672400039e-03 -4.145544141421098061e-03 -9.270500318383945171e-03 0.000000000000000000e+00
1.343432817934947510e-03 -1.020510318900130775e-03 1.793372244535879068e-03 -4.221131239588338246e-03 -3.632707318601546831e-03 -8.703413099173218370e-03 0.000000000000000000e+00
1.500630708176187156e-03 -1.127935359907655810e-03 1.928860465847392902e-03 -4.600555523760263554e-03 -3.719454059157190073e-03 -9.583324215407973412e-03 0.000000000000000000e+00
1.426789318234950033e-03 -1.061455012315498658e-03 1.767357405995595432e-03 -4.267320058565005070e-03 -3.228350219234066287e-03 -8.985565699906050696e-03 0.000000000000000000e+00
1.590369619028447756e-03 -1.171161102410972488e-03 1.900211308819066414e-03 -4.639653930609277666e-03 -3.269678682192633801e-03 -9.880722909437977819e-03 0.000000000000000000e+00
1.508731762544290866e-03 -1.099760442493991075e-03 1.740601810540393091e-03 -4.292840862441416050e-03 -2.803719774271851151e-03 -9.250956919243158438e-03 0.000000000000000000e+00
1.678142714148650461e-03 -1.210859368184935558e-03 1.870915667417760719e-03 -4.655119820524689089e-03 -2.799828173008833687e-03 -1.015725852600413148e-02 0.000000000000000000e+00
1.589159623667013577e-03 -1.135158840971900451e-03 1.713124807267568661e-03 -4.294930338923030888e-03 -2.360059302620509669e-03 -9.495372477450469972e-03 0.000000000000000000e+00
1.764610473564132143e-03 -1.247822716089003192e-03 1.840680019733031969e-03 -4.643561338755652912e-03 -2.308798219235352889e-03 -1.040925992297792035e-02 0.000000000000000000e+00
1.668001091229248667e-03 -1.167479962877554511e-03 1.684964318809378803e-03 -4.271231378097262166e-03 -1.898898072672405846e-03 -9.714947886352298667e-03 0.000000000000000000e+00
1.848936626485525592e-03 -1.280866142674669250e-03 1.809948491320767516e-03 -4.603197967602667973e-03 -1.801267096968484083e-03 -1.063221055376484259e-02 0.000000000000000000e+00
1.745141761723745244e-03 -1.196553877598233173e-03 1.656193143422468594e-03 -4.219376780494776824e-03 -1.422231600043843969e-03 -9.905984568776560195e-03 0.000000000000000000e+00
1.931711329478363881e-03 -1.310782514801350773e-03 1.778356406866576922e-03 -4.530657364465895398e-03 -1.276623406913479641e-03 -1.082226792809493077e-02 0.000000000000000000e+00
1.820482838749637455e-03 -1.222275081400270302e-03 1.626865601412841311e-03 -4.137516704315835625e-03 -9.322716244599682511e-04 -1.006521188015074841e-02 0.000000000000000000e+00
2.012159048525502536e-03 -1.336523001937012234e-03 1.746345845634988958e-03 -4.425200999360612286e-03 -7.402444043389522221e-04 -1.097596316458071541e-02 0.000000000000000000e+00
1.893929362490581747e-03 -1.244515706378068742e-03 1.596954459193333786e-03 -4.023870668278917151e-03 -4.313902377410805400e-04 -1.018929335537421821e-02 0.000000000000000000e+00
2.090797325432741660e-03 -1.358950696777133649e-03 1.713563445013555064e-03 -4.284117945688059592e-03 -1.921750879021466574e-04 -1.109030176134728762e-02 0.000000000000000000e+00
1.965354828403181875e-03 -1.263241793778568933e-03 1.566549479315559879e-03 -3.877440774855855921e-03 7.755039825418919008e-05 -1.027586075507658236e-02 0.000000000000000000e+00
2.166913696780070619e-03 -1.377094663137151676e-03 1.680425783810612916e-03 -4.107900999350988513e-03 3.617363146832808241e-04 -1.116298780200875029e-02 0.000000000000000000e+00
2.034678031134995457e-03 -1.278435802977595515e-03 1.535630465070103590e-03 -3.697774349500804192e-03 5.916977355280295114e-04 -1.032296462442028329e-02 0.000000000000000000e+00
2.240943408545803539e-03 -1.391856517906409074e-03 1.646566815389383098e-03 -3.894644933642332774e-03 9.209560891583201681e-04 -1.119187303238833309e-02 0.000000000000000000e+00
2.101765415959411243e-03 -1.290089909334962703e-03 1.504203371527623734e-03 -3.484714873120076106e-03 1.107942064512368319e-03 -1.032908378169183905e-02 0.000000000000000000e+00
2.312259847586456418e-03 -1.402364459620025761e-03 1.612343718946029902e-03 -3.646431482001943891e-03 1.479414672425516386e-03 -1.117611705526888599e-02 0.000000000000000000e+00
2.166524915292566966e-03 -1.298251865749111555e-03 1.472280465922459758e-03 -3.238933150059963850e-03 1.623091295096745768e-03 -1.029350804066853087e-02 0.000000000000000000e+00
2.381219811879331516e-03 -1.409575891482217624e-03 1.577429304686017719e-03 -3.362549794886149357e-03 2.036196136527834710e-03 -1.111492204627673175e-02 0.000000000000000000e+00
2.228845505702042873e-03 -1.303003824626169926e-03 1.439872291485178035e-03 -2.961767865595987814e-03 2.133898534868450270e-03 -1.021628048119938015e-02 0.000000000000000000e+00
2.447257196854651928e-03 -1.412684241239609007e-03 1.542132741043700239e-03 -3.046429001837047679e-03 2.585219015954987043e-03 -1.100890534988518965e-02 0.000000000000000000e+00
2.288627878749643907e-03 -1.304426497203525770e-03 1.406924351181004784e-03 -2.654943734889947393e-03 2.637167737203238715e-03 -1.009764247418187821e-02 0.000000000000000000e+00
2.510714735534991249e-03 -1.412691756867368031e-03 1.506045858834625939e-03 -2.698539383586329166e-03 3.125696787968035295e-03 -1.085817230439101166e-02 0.000000000000000000e+00
2.345773220306129891e-03 -1.302657622044789409e-03 1.373445156583497084e-03 -2.321069107978246393e-03 3.129677131622266018e-03 -9.938866681434177508e-03 0.000000000000000000e+00
2.571066775442137908e-03 -1.408908141171616446e-03 1.469586155286917162e-03 -2.323769594852365117e-03 3.651592512732726448e-03 -1.066552017887767434e-02 0.000000000000000000e+00
2.400203059200800570e-03 -1.297849721097088516e-03 1.339393688128520665e-03 -1.962900952800161747e-03 3.608489855007945835e-03 -9.741617319161122168e-03 0.000000000000000000e+00
2.628597300424778682e-03 -1.402301439677011707e-03 1.432232230620111846e-03 -1.923352834171332404e-03 4.162242650499248242e-03 -1.043114659243160602e-02 0.000000000000000000e+00
2.451828946430617551e-03 -1.290156536146114252e-03 1.304680531635793450e-03 -1.583769993741768189e-03 4.070717164141424149e-03 -9.507650905010489595e-03 0.000000000000000000e+00
2.682898790315663140e-03 -1.392298058952051720e-03 1.394410321795602758e-03 -1.503392117170321285e-03 4.652293294420850600e-03 -1.015954042735245366e-02 0.000000000000000000e+00
2.500577689405980575e-03 -1.279786554000295062e-03 1.269336119880115632e-03 -1.187425304686406946e-03 4.513631360380188084e-03 -9.239812569408645260e-03 0.000000000000000000e+00
2.734207709157360222e-03 -1.379887475739194347e-03 1.355585445980578285e-03 -1.065630118323390718e-03 5.121313912978209260e-03 -9.851381896317068509e-03 0.000000000000000000e+00
2.546391402554193384e-03 -1.266926709531851492e-03 1.233180341262629653e-03 -7.776452189647287128e-04 4.934959489954593437e-03 -8.940361723153600337e-03 0.000000000000000000e+00
2.782186126055019582e-03 -1.364527454982999988e-03 1.316126466177902632e-03 -6.167475852585369012e-04 5.564647924193089068e-03 -9.511823709682509786e-03 0.000000000000000000e+00
2.589243042261685224e-03 -1.251837372737707454e-03 1.196282125196346247e-03 -3.586085588551668479e-04 5.332509336005486489e-03 -8.612739145246184336e-03 0.000000000000000000e+00
2.827004715666381340e-03 -1.347219029540380753e-03 1.275538384542584947e-03 -1.588326209480683815e-04 5.982065788484369762e-03 -9.141902723220241000e-03 0.000000000000000000e+00
2.629076002280766877e-03 -1.234705675016933846e-03 1.158417157627156246e-03 6.574718702090365241e-05 5.704440745966543602e-03 -8.259244904485818495e-03 0.000000000000000000e+00
2.868492471066741434e-03 -1.327500855884622410e-03 1.234142948034255838e-03 3.013811204120031562e-04 6.370071081904349342e-03 -8.747252044869924248e-03 0.000000000000000000e+00
2.665875217116295270e-03 -1.215808375743171466e-03 1.119621595358055721e-03 4.911458604404117523e-04 6.049156723620274789e-03 -7.883539066967149012e-03 0.000000000000000000e+00
2.906738329709585011e-03 -1.306324513685758193e-03 1.191372743867380457e-03 7.619557856557435116e-04 6.728626735805764980e-03 -8.328197087851485492e-03 0.000000000000000000e+00
2.699643008695185031e-03 -1.195373612185135492e-03 1.079708660121081465e-03 9.138073239851607354e-04 6.365442872821258646e-03 -7.488044153404427306e-03 0.000000000000000000e+00
2.941660841376980695e-03 -1.283295122385785803e-03 1.147637184497729557e-03 1.216159843701269949e-03 7.055127278863704277e-03 -7.891211504262862775e-03 0.000000000000000000e+00
2.730381764332684424e-03 -1.173656927775545977e-03 1.038630587265498839e-03 1.329952878603712918e-03 6.652278178214565685e-03 -7.075854967137473750e-03 0.000000000000000000e+00
2.973331607886084416e-03 -1.259341685642900721e-03 1.102305558498606342e-03 1.662558772056677014e-03 7.349871011851139002e-03 -7.435791498874966265e-03 0.000000000000000000e+00
2.758108528003247462e-03 -1.150906520056727000e-03 9.962409524821302931e-04 1.735991981107076754e-03 6.908954686408730339e-03 -6.649514985930693456e-03 0.000000000000000000e+00
3.001765184316343427e-03 -1.234074711948779379e-03 1.055796440246892232e-03 2.094998202717412994e-03 7.611170848782933263e-03 -6.968237316991032770e-03 0.000000000000000000e+00
2.782875460269965129e-03 -1.127362435234147142e-03 9.523991542566556667e-04 2.128601871680402269e-03 7.135069537970384346e-03 -6.211325340755635693e-03 0.000000000000000000e+00
3.026981515365567699e-03 -1.208397632539576216e-03 1.007383048080179311e-03 2.512482905322244164e-03 7.839543883854993567e-03 -6.487262468231502766e-03 0.000000000000000000e+00
2.804707942403381060e-03 -1.103267909550231796e-03 9.070873756025221724e-04 2.504852222553921592e-03 7.330228130585592083e-03 -5.763826027497032101e-03 0.000000000000000000e+00
3.049107529682321127e-03 -1.181928233787432614e-03 9.575062131608191862e-04 2.909590837401054841e-03 8.034204644468356804e-03 -5.998982063470936765e-03 0.000000000000000000e+00
2.823683610990876391e-03 -1.078845324685662188e-03 8.600885342761599439e-04 2.862057925924865742e-03 7.494602852880394295e-03 -5.308739421175268092e-03 0.000000000000000000e+00
3.068105854554609158e-03 -1.155541724541131465e-03 9.055026459822701490e-04 3.285813957458749712e-03 8.195671220796008072e-03 -5.501656956475198257e-03 0.000000000000000000e+00
2.839861816319372290e-03 -1.054313478583313035e-03 8.113167239794938368e-04 3.197870936103797135e-03 7.628265272424883392e-03 -4.847926213194853062e-03 0.000000000000000000e+00
3.084196430831326330e-03 -1.128827524369491186e-03 8.517911760829721679e-04 3.636580807643063906e-03 8.323981621494169758e-03 -5.000901597881579619e-03 0.000000000000000000e+00
2.853331833770331172e-03 -1.029866794262590535e-03 7.606123698174482861e-04 3.510333271019128176e-03 7.731655196922204709e-03 -4.382756362775630521e-03 0.000000000000000000e+00
3.097292019745803704e-03 -1.102613864358115148e-03 7.955907385953642219e-04 3.962036871081764389e-03 8.419668229526777736e-03 -4.493983583295779738e-03 0.000000000000000000e+00
2.864164953981340744e-03 -1.005684287320951498e-03 7.078246584663605567e-04 3.797532331558883811e-03 7.805176216373332920e-03 -3.914428730795727063e-03 0.000000000000000000e+00
3.107706106134644486e-03 -1.076483026640595586e-03 7.374713214674533113e-04 4.258549350097062813e-03 8.483541179632236862e-03 -3.986791014225943286e-03 0.000000000000000000e+00
2.872460692149331196e-03 -9.819305142020340327e-04 6.528867589823961204e-04 4.058157214273272473e-03 7.849537022760255667e-03 -3.444193541410456305e-03 0.000000000000000000e+00
3.115280864826347473e-03 -1.051195521236891750e-03 6.765113542906986410e-04 4.526483210878673447e-03 8.515935189592482857e-03 -3.475465781111353181e-03 0.000000000000000000e+00
2.878304468540544836e-03 -9.587523945790432656e-04 5.956587349589259617e-04 4.291123859602841151e-03 7.865438288333415073e-03 -2.972978015240101968e-03 0.000000000000000000e+00
3.120407011902311123e-03 -1.026289599535379349e-03 6.133752392659119757e-04 4.763201617310031111e-03 8.518313258610632488e-03 -2.965778429420140583e-03 0.000000000000000000e+00
2.881799191616282729e-03 -9.362570796963010089e-04 5.359223937541623961e-04 4.495618838129544770e-03 7.853796541738233827e-03 -2.501137844103329400e-03 0.000000000000000000e+00
3.122859271654926383e-03 -1.002485110819184566e-03 5.471565633239361404e-04 4.969327772410103705e-03 8.490844624772009297e-03 -2.453616025590132921e-03 0.000000000000000000e+00
2.883021989785281014e-03 -9.145426949013768514e-04 4.736583170097397044e-04 4.671052063283553935e-03 7.815424013727589880e-03 -2.029544523238335785e-03 0.000000000000000000e+00
3.123098165363005774e-03 -9.792621215379826438e-04 4.784389151618606562e-04 5.143147323585672837e-03 8.435569999171388389e-03 -1.944160882001000346e-03 0.000000000000000000e+00
2.882072204968430529e-03 -8.936726107143244668e-04 4.086994123338461016e-04 4.817103387952492710e-03 7.751401563796278538e-03 -1.558482918291748121e-03 0.000000000000000000e+00
3.120816121018943345e-03 -9.572888790823075311e-04 4.063614012551619581e-04 5.285642950306979060e-03 8.352383614165237447e-03 -1.433119484828271339e-03 0.000000000000000000e+00
2.879021181568505727e-03 -8.736991362304213915e-04 3.409864600795176059e-04 4.933606351687380709e-03 7.662712580636998894e-03 -1.088522520916068714e-03 0.000000000000000000e+00
3.116524134906741017e-03 -9.359758773339055260e-04 3.315933600457343644e-04 5.395872499659226662e-03 8.243801184195209686e-03 -9.255291097916007459e-04 0.000000000000000000e+00
2.873959584244981103e-03 -8.546306339416442910e-04 2.703303953392466319e-04 5.020892187845404919e-03 7.550555482009002617e-03 -6.196162281537631600e-04 0.000000000000000000e+00
3.109843821760199106e-03 -9.159596158654359499e-04 2.532481850189838291e-04 5.474845911209946792e-03 8.109517017778955505e-03 -4.170698484444734788e-04 0.000000000000000000e+00
2.866925505960592202e-03 -8.364455159558525921e-04 1.966450030917998859e-04 5.079151504903123282e-03 7.415851060944333994e-03 -1.518343451585302262e-04 0.000000000000000000e+00
3.101323346890040578e-03 -8.965841954999276275e-04 1.720580483421940698e-04 5.522437464517082617e-03 7.952462665974380229e-03 8.732844542214124317e-05 0.000000000000000000e+00
2.857997684850260844e-03 -8.191265594635899205e-04 1.199486602999622065e-04 5.109078474324846297e-03 7.259981661054570878e-03 3.141456734265801742e-04 0.000000000000000000e+00
3.090500085652814199e-03 -8.784156308121460199e-04 8.700131321381920912e-05 5.539767523716321307e-03 7.772042749194074673e-03 5.926926503247997857e-04 0.000000000000000000e+00
2.847201744450371733e-03 -8.026012061618237325e-04 4.012667582331541638e-05 5.111378822779677478e-03 7.083980484652308007e-03 7.784457618766893461e-04 0.000000000000000000e+00
3.077947610263418940e-03 -8.607505430043294048e-04 -9.680464109207420620e-07 5.527434762146121727e-03 7.571498473266213836e-03 1.093531872585984388e-03 0.000000000000000000e+00
2.834577278830845148e-03 -7.867814525674976522e-04 -4.291633334840838643e-05 5.086824107435106157e-03 6.889130301999113470e-03 1.241072525793640580e-03 0.000000000000000000e+00
3.063129234366770287e-03 -8.441074078698318495e-04 -9.289549784813333488e-05 5.486673408160669396e-03 7.350047756998545623e-03 1.594939424743202494e-03 0.000000000000000000e+00
2.820125599351505641e-03 -7.715544364476079053e-04 -1.291602743598296854e-04 5.036508828451857767e-03 6.676553036721433187e-03 1.701775685625239731e-03 0.000000000000000000e+00
3.046653240985173518e-03 -8.277271284653497929e-04 -1.877957216144809927e-04 5.418849968508610004e-03 7.111353805226094948e-03 2.091514133161442857e-03 0.000000000000000000e+00
2.803864785086806859e-03 -7.567919235595965688e-04 -2.185789287635908629e-04 4.961686038631007989e-03 6.447597979189367834e-03 2.160204700376144871e-03 0.000000000000000000e+00
3.027883722012937595e-03 -8.120709294152650415e-04 -2.866891943328342407e-04 5.324965110575341498e-03 6.854228210414703426e-03 2.588391150598834400e-03 0.000000000000000000e+00
2.785775842472868261e-03 -7.423292254109536970e-04 -3.112088270682544788e-04 4.863567181614847357e-03 6.203445745320834703e-03 2.616412260217249042e-03 0.000000000000000000e+00
3.007461410360229639e-03 -7.963384531743389338e-04 -3.884834587776220260e-04 5.206793929787956188e-03 6.582685400402965570e-03 3.079974117488948337e-03 0.000000000000000000e+00
2.765844717922714274e-03 -7.279878674856243848e-04 -4.069899225130346743e-04 4.743837333720080096e-03 5.945322661112140139e-03 3.070180686697732142e-03 0.000000000000000000e+00
2.984681065479888318e-03 -7.809412564441786664e-04 -4.942193299981578747e-04 5.065755906576541179e-03 6.295401500443720266e-03 3.571433375091359608e-03 0.000000000000000000e+00
2.744036076098944898e-03 -7.135732418121487619e-04 -5.058365014242172109e-04 4.603925903516881135e-03 5.674649802273723509e-03 3.521043063228201930e-03 0.000000000000000000e+00
2.960206459704031734e-03 -7.650419736454083797e-04 -6.026785366959885870e-04 4.903986130486259754e-03 5.996488414208744899e-03 4.057083600277344715e-03 0.000000000000000000e+00
2.720313153524799021e-03 -6.988606638316241515e-04 -6.076933452452415452e-04 4.445341165686400586e-03 5.392562640982312416e-03 3.969066307098145785e-03 0.000000000000000000e+00
2.933281366974797161e-03 -7.490015897853585791e-04 -7.148287120662955019e-04 4.722788608844563640e-03 5.684646836128237624e-03 4.541808591896234759e-03 0.000000000000000000e+00
2.694650310215783440e-03 -6.836225852039912176e-04 -7.123711980763225426e-04 4.270164183725722040e-03 5.100537045882980181e-03 4.413557335905871071e-03 0.000000000000000000e+00
2.904575494328758001e-03 -7.319626318543770438e-04 -8.294162964830320561e-04 4.524747554982777586e-03 5.364074547780539604e-03 5.020025285026985529e-03 0.000000000000000000e+00
2.666981140756134738e-03 -6.676024896272170217e-04 -8.197570568985734774e-04 4.079936603312184218e-03 4.799772223237575020e-03 4.854422256843182737e-03 0.000000000000000000e+00
2.873314773429835878e-03 -7.142263317393426902e-04 -9.473622072797005522e-04 4.311163660365213701e-03 5.033412832935901804e-03 5.496591896328784088e-03 0.000000000000000000e+00
2.637271047807934754e-03 -6.505447926795637770e-04 -9.295955886588491701e-04 3.876553323904907700e-03 4.491697428485430521e-03 5.291026365773277007e-03 0.000000000000000000e+00
2.840212131547281693e-03 -6.949299573403844299e-04 -1.067293109608014046e-03 4.084953242338595913e-03 4.697045365094965064e-03 5.965771349880633068e-03 0.000000000000000000e+00
2.605490421905408416e-03 -6.321661522740162908e-04 -1.041658438116932484e-03 3.662085452281527154e-03 4.177685800049069087e-03 5.723010632142866427e-03 0.000000000000000000e+00
2.804446544965664978e-03 -6.743233047056262919e-04 -1.190134473468829057e-03 3.847052918081850237e-03 4.353462771834237799e-03 6.432476875423809304e-03 0.000000000000000000e+00
2.571605531073724304e-03 -6.121762318275769665e-04 -1.155686603513395028e-03 3.438353995153242693e-03 3.859169012219609840e-03 6.149882544278728602e-03 0.000000000000000000e+00
2.766787893194226633e-03 -6.515432689436218006e-04 -1.314333442106796479e-03 3.600762963528403304e-03 4.007180464646431517e-03 6.890816701376589748e-03 0.000000000000000000e+00
2.535599359189094626e-03 -5.902862231215166844e-04 -1.271359698218788026e-03 3.207372873864855478e-03 3.537493059870389089e-03 6.571162813829189986e-03 0.000000000000000000e+00
2.726441877114675616e-03 -6.267959485849461387e-04 -1.440677215647279130e-03 3.347100254615931192e-03 3.656953721189459827e-03 7.345178342406555316e-03 0.000000000000000000e+00
2.497491503770266075e-03 -5.661786430641857493e-04 -1.388366539678831391e-03 2.971089817057404048e-03 3.214128168075536252e-03 6.986498461917456382e-03 0.000000000000000000e+00
2.684212381027700767e-03 -5.992280485317413863e-04 -1.567682030280403982e-03 3.089177172570511942e-03 3.306969394120784500e-03 7.790386875039523318e-03 0.000000000000000000e+00
2.457281330085755999e-03 -5.395412274504796102e-04 -1.506227847031693656e-03 2.731184604038983110e-03 2.890551641004712735e-03 7.395076172264314351e-03 0.000000000000000000e+00
2.639345005995497040e-03 -5.689957516432087026e-04 -1.695984408529804810e-03 2.827929547566832014e-03 2.956183197622141989e-03 8.230467978540989549e-03 0.000000000000000000e+00
2.415035715858229737e-03 -5.100617753883707195e-04 -1.624609952881717057e-03 2.489685122871954093e-03 2.568121729010552912e-03 7.796667734024431695e-03 0.000000000000000000e+00
2.592691434446500742e-03 -5.352857812813693883e-04 -1.824005215170787508e-03 2.566432143877861449e-03 2.608760203847815262e-03 8.660212190519711584e-03 0.000000000000000000e+00
2.370844767692031896e-03 -4.774223948268430107e-04 -1.743013841384088991e-03 2.248371127482329257e-03 2.248381005041544256e-03 8.190616969014019588e-03 0.000000000000000000e+00
2.543598760796558778e-03 -4.981774286572648869e-04 -1.952343851499449556e-03 2.305541149181244975e-03 2.263803026644417571e-03 9.083758850321643763e-03 0.000000000000000000e+00
2.324787881677586876e-03 -4.413048483925541277e-04 -1.860877252611303767e-03 2.008800860735071581e-03 1.932728523889704064e-03 8.576206131234886954e-03 0.000000000000000000e+00
2.492976961199905306e-03 -4.569384651456065427e-04 -2.079271786440295422e-03 2.048102129327933341e-03 1.925273312557873595e-03 9.495744430357611066e-03 0.000000000000000000e+00
2.277060281461268376e-03 -4.013784573496104180e-04 -1.977747229461035428e-03 1.772683933954244395e-03 1.622587134125552666e-03 8.953290247234679811e-03 0.000000000000000000e+00
2.440238315119455659e-03 -4.115818366904888670e-04 -2.205407513645674111e-03 1.794464514165206026e-03 1.592294874932953519e-03 9.900495109688378648e-03 0.000000000000000000e+00
2.227824030173283787e-03 -3.573359393369002213e-04 -2.093041865537936808e-03 1.541489909841597949e-03 1.319352836997467193e-03 9.321189346273239806e-03 0.000000000000000000e+00
2.386360551477104130e-03 -3.614488748553967845e-04 -2.328896733693963661e-03 1.547417281343221873e-03 1.268597283671457632e-03 1.029267181885762383e-02 0.000000000000000000e+00
2.177333758073565773e-03 -3.088878872297140532e-04 -2.206099481622203484e-03 1.316700063621389916e-03 1.024492384757991204e-03 9.679182955519394227e-03 0.000000000000000000e+00
2.330901174223562466e-03 -3.064829730860529899e-04 -2.450259955442346538e-03 1.307249572525037706e-03 9.535678804879488268e-04 1.067637627366391229e-02 0.000000000000000000e+00
2.125848708819391697e-03 -2.557027960203295258e-04 -2.316401258036893118e-03 1.099177869995582313e-03 7.390436158667412769e-04 1.002720800501633036e-02 0.000000000000000000e+00
2.274901753376384894e-03 -2.461581842682081245e-04 -2.567689990446542225e-03 1.076364060209389351e-03 6.504992046840740727e-04 1.104651962540836863e-02 0.000000000000000000e+00
2.073698947627239386e-03 -1.975070409315771158e-04 -2.423262019146221746e-03 8.900830765430356450e-04 4.643402177491040561e-04 1.036461939016586342e-02 0.000000000000000000e+00
2.218027704477681938e-03 -1.803241416583056811e-04 -2.681557742751472517e-03 8.546494176511210128e-04 3.588458194299093407e-04 1.140700686427864596e-02 0.000000000000000000e+00
2.021244229260435454e-03 -1.340394115399434760e-04 -2.526003976978996590e-03 6.905121211353559829e-04 2.014831896310909087e-04 1.069080454451976081e-02 0.000000000000000000e+00
2.161348513212757450e-03 -1.085893285093786353e-04 -2.790120616071201098e-03 6.441584212355522254e-04 8.125364672961765677e-05 1.175306933552588973e-02 0.000000000000000000e+00
1.968894542257779157e-03 -6.503657295936493554e-05 -2.623953789299249273e-03 5.011094310076735781e-04 -4.845803714248475558e-05 1.100521510187890684e-02 0.000000000000000000e+00
2.104734437507832512e-03 -3.073189660085517971e-05 -2.893667110622777372e-03 4.444172056063955267e-04 -1.826094320502846813e-04 1.208838690109237390e-02 0.000000000000000000e+00
1.917105033428664895e-03 9.755088175189552402e-06 -2.716490012642847063e-03 3.224504017138585255e-04 -2.847952127829067592e-04 1.130760335059255439e-02 0.000000000000000000e+00
2.049225295275208802e-03 5.349108778313071966e-05 -2.990407570819364480e-03 2.572599729600000273e-04 -4.306912744884705546e-04 1.240802858841583145e-02 0.000000000000000000e+00
1.866315201390106315e-03 9.053683666498946181e-05 -2.802931876432102065e-03 1.550460256032337725e-04 -5.068998313282335744e-04 1.159737885396028290e-02 0.000000000000000000e+00
1.994845175747161914e-03 1.443661312257038531e-04 -3.080659511973199427e-03 8.193699750069782795e-05 -6.634004061005782660e-04 1.271567474367785167e-02 0.000000000000000000e+00
1.817060914983154030e-03 1.775198263676558419e-04 -2.882533140972171060e-03 -8.846952073149338958e-07 -7.140564768750579105e-04 1.187369882900757290e-02 0.000000000000000000e+00
1.942621599509974928e-03 2.419694777106018435e-04 -3.162762703384447427e-03 -8.024095550585030878e-05 -8.796132782604715317e-04 1.300672277169345747e-02 0.000000000000000000e+00
1.769844532279268856e-03 2.708726706615038893e-04 -2.954714815738890277e-03 -1.447887490106936070e-04 -9.061800203253866925e-04 1.213620489452793549e-02 0.000000000000000000e+00
1.892721831460081328e-03 3.467001526727409022e-04 -3.236868334234893618e-03 -2.301770471251352035e-04 -1.079607272191029921e-03 1.328426368674451297e-02 0.000000000000000000e+00
1.725226295743842453e-03 3.707692574878573843e-04 -3.018793388317453363e-03 -2.770841840171733850e-04 -1.083126489417995941e-03 1.238410870374284656e-02 0.000000000000000000e+00
1.846072069581788933e-03 4.584278267699692933e-04 -3.301476222291904739e-03 -3.666534923643105515e-04 -1.263188843109830373e-03 1.354380452012815539e-02 0.000000000000000000e+00
1.683705771784366201e-03 4.773227823763326327e-04 -3.074163333383561625e-03 -3.973547203881544476e-04 -1.245163699017837189e-03 1.261667991551718160e-02 0.000000000000000000e+00
1.802994012225195286e-03 5.776650692145834931e-04 -3.356682719544507032e-03 -4.909070864784759181e-04 -1.430698776792471705e-03 1.378802716056970468e-02 0.000000000000000000e+00
1.645875407813635061e-03 5.906902021010629333e-04 -3.120250685136022328e-03 -5.059000574370031700e-04 -1.392681026256781252e-03 1.283315012872776606e-02 0.000000000000000000e+00
1.764197326778654817e-03 7.040640673547371442e-04 -3.401187876162725665e-03 -6.019144283588850897e-04 -1.583111832154759924e-03 1.401265683717101140e-02 0.000000000000000000e+00
1.612191532583406861e-03 7.109672955867840649e-04 -3.156495453562613296e-03 -6.027309041152228986e-04 -1.526546879789147937e-03 1.303272052728754460e-02 0.000000000000000000e+00
1.730178697610024185e-03 8.383126989868761036e-04 -3.435020989520642942e-03 -7.008548815763404605e-04 -1.720803382358138123e-03 1.421988960280051728e-02 0.000000000000000000e+00
1.583171813562433972e-03 8.382761592057308420e-04 -3.182357831632454115e-03 -6.882135803394362483e-04 -1.647583013039355393e-03 1.321421162782199232e-02 0.000000000000000000e+00
1.701380885727882264e-03 9.798584555926193040e-04 -3.457143943881774151e-03 -7.869250878718148101e-04 -1.845890511896985942e-03 1.440564625313589531e-02 0.000000000000000000e+00
1.559181832578387938e-03 9.726625015544776431e-04 -3.197388634535613949e-03 -7.620038746312118860e-04 -1.757248960327473242e-03 1.337659802855384328e-02 0.000000000000000000e+00
1.678365339608578477e-03 1.129582603982937083e-03 -3.467465583281009733e-03 -8.612291819956041650e-04 -1.958788125202115538e-03 1.457147657849278133e-02 0.000000000000000000e+00
1.540613279490787857e-03 1.114290083982560908e-03 -3.201177151929440745e-03 -8.247210717851061190e-04 -1.857185992867105284e-03 1.351886748645503289e-02 0.000000000000000000e+00
1.661235968961782827e-03 1.286716506084861766e-03 -3.465237290288747385e-03 -9.227349706124599038e-04 -2.062731975249754157e-03 1.471337008201745178e-02 0.000000000000000000e+00
1.527765512961770655e-03 1.263260291059886686e-03 -3.193342429287843176e-03 -8.762046900736564226e-04 -1.949111121130719937e-03 1.363961048193518266e-02 0.000000000000000000e+00
1.650567973367683683e-03 1.452396355788254656e-03 -3.450340288671138733e-03 -9.725768820381119895e-04 -2.158447439951416413e-03 1.483251699028231840e-02 0.000000000000000000e+00
1.520754366479054598e-03 1.419698001135338838e-03 -3.173556524658005529e-03 -9.162627723666716406e-04 -2.035212701890110054e-03 1.373740341064344506e-02 0.000000000000000000e+00
1.646006041061909286e-03 1.625713798608374727e-03 -3.422351809706403181e-03 -1.009518578108270503e-03 -2.250262843008776770e-03 1.492524209888568265e-02 0.000000000000000000e+00
1.519645823417653530e-03 1.583793306747849350e-03 -3.141594369547140442e-03 -9.449685513192029873e-04 -2.117924390226733067e-03 1.381092132944505835e-02 0.000000000000000000e+00
1.648155876636775430e-03 1.808032890728727970e-03 -3.381007883180575657e-03 -1.034401122170347520e-03 -2.338468566262186243e-03 1.499141447022500628e-02 0.000000000000000000e+00
1.524315442638618512e-03 1.755768518292344371e-03 -3.097232425292417712e-03 -9.616600619000159611e-04 -2.199934759741672963e-03 1.385861462603932281e-02 0.000000000000000000e+00
1.656062877433417402e-03 1.998351927831543140e-03 -3.326255798685062715e-03 -1.045816478580707809e-03 -2.428554547164729627e-03 1.502801144969589942e-02 0.000000000000000000e+00
1.534513349173677321e-03 1.935876320985796539e-03 -3.040382108367045699e-03 -9.661132294365160078e-04 -2.283873179445006230e-03 1.387873816512241731e-02 0.000000000000000000e+00
1.670146025150309743e-03 2.198389489010521558e-03 -3.257761633345734875e-03 -1.043882830115805405e-03 -2.521086852034670756e-03 1.503440940419897842e-02 0.000000000000000000e+00
1.549785952914550791e-03 2.124469712801502208e-03 -2.970942428123374279e-03 -9.578099948832630162e-04 -2.372654635555360159e-03 1.386945929889860096e-02 0.000000000000000000e+00
1.688849964262911785e-03 2.407017868642169489e-03 -3.175844342346106908e-03 -1.027093720915139841e-03 -2.621958521712208778e-03 1.500766096993499943e-02 0.000000000000000000e+00
1.569377003151739558e-03 2.321928280536678102e-03 -2.888934381683527786e-03 -9.355231695522547852e-04 -2.469437637317994927e-03 1.382912808916225700e-02 0.000000000000000000e+00
1.712401972454535848e-03 2.626370132637889654e-03 -3.080027571999155445e-03 -9.953717176500731512e-04 -2.731324407359458917e-03 1.494612059989908204e-02 0.000000000000000000e+00
1.592382064583341972e-03 2.528716531264130207e-03 -2.794390525718309926e-03 -8.983227313761332766e-04 -2.576956903639793239e-03 1.375543614062424425e-02 0.000000000000000000e+00
1.738350561919677073e-03 2.855176634712242034e-03 -2.971083605907393066e-03 -9.466167419454052379e-04 -2.855709007306916902e-03 1.484749901090465229e-02 0.000000000000000000e+00
1.617562973172309571e-03 2.745389088201377614e-03 -2.687446544741400878e-03 -8.454739575709524502e-04 -2.698267727272884997e-03 1.364646522102219706e-02 0.000000000000000000e+00
1.766591129794381487e-03 3.096058347474006656e-03 -2.848381675664563017e-03 -8.803033925701697626e-04 -2.994913384616104679e-03 1.470931384566798172e-02 0.000000000000000000e+00
1.643383681299848131e-03 2.972570703234034273e-03 -2.568345194761290085e-03 -7.753309961850973764e-04 -2.836112583705308055e-03 1.349988236427623889e-02 0.000000000000000000e+00
1.793715920976907130e-03 3.347531922412438909e-03 -2.713084520447023307e-03 -7.941919231235772259e-04 -3.155106685547970358e-03 1.452938982988216665e-02 0.000000000000000000e+00
0.000000000000000000e+00 0.000000000000000000e+00 0.000000000000000000e+00 0.000000000000000000e+00 0.000000000000000000e+00 0.000000000000000000e+00 0.000000000000000000e+00
