-2.087052476810910828e-01 -1.455964967491414908e-01 1.002507458166227577e-01 2.356289651141133312e+00 -3.284846151654363666e-03 3.139383390978228938e+00 -7.855863823074896723e-01 6.973513280193113228e-01 -3.548528994476107812e-03 -9.915141193365653496e-04 8.731087081089354829e-01 5.460903491407111858e-04 0.000000000000000000e+00
-2.102202715805152056e-01 -1.466709710983065684e-01 1.020766632474235103e-01 2.356454871824882780e+00 -1.115428723856926041e-02 3.134126118751664691e+00 -7.860774026334730324e-01 6.953468998248631960e-01 -1.180938837979295108e-02 -3.388577822915375421e-03 8.740930790268559569e-01 1.780103295876011519e-03 0.000000000000000000e+00
-2.118196277595872923e-01 -1.477611796280758338e-01 1.040735558141311218e-01 2.356517775049142394e+00 -1.965657099241724381e-02 3.128515621448690887e+00 -7.866789441446946363e-01 6.929410666751127934e-01 -2.030673646990854841e-02 -6.024282606408602747e-03 8.750194596120400847e-01 2.978990409193643749e-03 0.000000000000000000e+00
-2.132570016147417591e-01 -1.487024243387330968e-01 1.059333672103254381e-01 2.356470923512512528e+00 -2.748610399795925474e-02 3.123413102382494255e+00 -7.872888080343227735e-01 6.905063382275351547e-01 -2.773988538842875329e-02 -8.493085992074397503e-03 8.757464360106044232e-01 3.969547715087787948e-03 0.000000000000000000e+00
-2.147716894746583283e-01 -1.496551966992826499e-01 1.079650821954872414e-01 2.356309562831208737e+00 -3.594980315527429582e-02 3.117965838383249810e+00 -7.879977415165018151e-01 6.876412429478006016e-01 -3.535732505438260453e-02 -1.120613453921408612e-02 8.763975123181015903e-01 4.930006879400507074e-03 0.000000000000000000e+00
-2.161306190082869227e-01 -1.504764724661206698e-01 1.098553888648614169e-01 2.356061607247667666e+00 -4.374771404552557641e-02 3.113008691657068283e+00 -7.886869676066143864e-01 6.847915940023886483e-01 -4.199844986471301667e-02 -1.374551481465888236e-02 8.768751502596073832e-01 5.724623928612346604e-03 0.000000000000000000e+00
-2.175599271904258558e-01 -1.513066331937655828e-01 1.119184164730250147e-01 2.355688514208252204e+00 -5.218083704545151136e-02 3.107712728261936341e+00 -7.894612151145277146e-01 6.814868108266820546e-01 -4.877952379032723940e-02 -1.653410663089164775e-02 8.772613086176687114e-01 6.498109938901438544e-03 0.000000000000000000e+00
-2.188392687078783982e-01 -1.520209714409460622e-01 1.138360669940267078e-01 2.355249525301564173e+00 -5.995323151768960912e-02 3.102889749173856515e+00 -7.901924525708362568e-01 6.782378874548398162e-01 -5.466391137691206659e-02 -1.914277278716514097e-02 8.774977307434406182e-01 7.141860472806241082e-03 0.000000000000000000e+00
-2.201814379033226465e-01 -1.527419928067725030e-01 1.159270859169847789e-01 2.354674174609915127e+00 -6.836109850239413532e-02 3.097732716276262011e+00 -7.909928656364594302e-01 6.745077308740203836e-01 -6.064164275970385098e-02 -2.200589774381190092e-02 8.776262282660368674e-01 7.775047827918595868e-03 0.000000000000000000e+00
-2.213797852426789836e-01 -1.533621507851718468e-01 1.178691622358133129e-01 2.354053482134283115e+00 -7.611210598370599101e-02 3.093031026902162139e+00 -7.917306944164660409e-01 6.708752457261796254e-01 -6.580404737476808208e-02 -2.468242457361197184e-02 8.776296903754540191e-01 8.310896125039903687e-03 0.000000000000000000e+00
-2.226335785512233156e-01 -1.539881340254000697e-01 1.199851530100376346e-01 2.353286354629740895e+00 -8.449841162720161947e-02 3.087997452006370658e+00 -7.925198556264836380e-01 6.667394897113410046e-01 -7.102064731801527309e-02 -2.761802080142250829e-02 8.775110465488908940e-01 8.849773767901178423e-03 0.000000000000000000e+00
-2.237493474723978859e-01 -1.545264754578853095e-01 1.219488340974832219e-01 2.352492399272917201e+00 -9.223005239890147422e-02 3.083402989831164565e+00 -7.932308530585074902e-01 6.627395549120964624e-01 -7.549515742351187164e-02 -3.036086450355475821e-02 8.772899375993871152e-01 9.318338236349206494e-03 0.000000000000000000e+00
-2.249126260865753346e-01 -1.550702600681789778e-01 1.240868204000307728e-01 2.351541358497499790e+00 -1.005960111328114692e-01 3.078477353710772579e+00 -7.939734089494489000e-01 6.582131797443705468e-01 -7.998285017640416328e-02 -3.336763163090306766e-02 8.769318090117986797e-01 9.805349256535235425e-03 0.000000000000000000e+00
-2.259441923737064428e-01 -1.555388198604425454e-01 1.260695160074987164e-01 2.350581787787511701e+00 -1.083089501339182803e-01 3.073974370585976335e+00 -7.946259499955456995e-01 6.538619074183174007e-01 -8.380328791817759360e-02 -3.617511524611858459e-02 8.764945845398348645e-01 1.024520672096734981e-02 0.000000000000000000e+00
-2.270155596236331230e-01 -1.560134293225375890e-01 1.282267212606418016e-01 2.349455585007852232e+00 -1.166542976078632776e-01 3.069138743129069091e+00 -7.952891436860025642e-01 6.489649533849070062e-01 -8.760242037123000536e-02 -3.925075005478066009e-02 8.759076238355815169e-01 1.072111256746720830e-02 0.000000000000000000e+00
-2.279613087866741716e-01 -1.564237794872100629e-01 1.302259591085994095e-01 2.348337187368202628e+00 -1.243476769463396359e-01 3.064710298820610745e+00 -7.958535341000175789e-01 6.442786553937217553e-01 -9.080207526290551279e-02 -4.212108843291124949e-02 8.752628059566459617e-01 1.116859229022237367e-02 0.000000000000000000e+00
-2.289386141535965924e-01 -1.568412846846183595e-01 1.323997475283061331e-01 2.347041952410874543e+00 -1.326705667719627613e-01 3.059946131388911805e+00 -7.964055408149638415e-01 6.390265022499219683e-01 -9.394433903309029610e-02 -4.526400134861144342e-02 8.744550026189977787e-01 1.167172479767909082e-02 0.000000000000000000e+00
-2.297969507046921100e-01 -1.572044648179499182e-01 1.344130780462385322e-01 2.345770905969732034e+00 -1.403418198310291132e-01 3.055574485482755343e+00 -7.968539505635059417e-01 6.340217567713904989e-01 -9.655570163996718414e-02 -4.819528866500201458e-02 8.736112466066333626e-01 1.216118155681932857e-02 0.000000000000000000e+00
-2.306789696224068598e-01 -1.575767464554077846e-01 1.366009363462008519e-01 2.344313559872733155e+00 -1.486391450269266556e-01 3.050861399558273401e+00 -7.972663410583046284e-01 6.284345779624588291e-01 -9.908011203725353155e-02 -5.140294968470476844e-02 8.725932532799506314e-01 1.272730926732672761e-02 0.000000000000000000e+00
-2.314484028752861466e-01 -1.579033299808905999e-01 1.386260790744558713e-01 2.342895021598656147e+00 -1.562846548975151961e-01 3.046527568523999197e+00 -7.975726045836637468e-01 6.231278965953396254e-01 -1.011352734504675777e-01 -5.439316776259175978e-02 8.715592809867273028e-01 1.329094858669058361e-02 0.000000000000000000e+00
-2.322331533937907200e-01 -1.582414120731365503e-01 1.408254685997114009e-01 2.341280212734314858e+00 -1.645514444017042166e-01 3.041845066296686717e+00 -7.978171493507602019e-01 6.172218042458709197e-01 -1.030725899854458838e-01 -5.766372515710160851e-02 8.703394200494165567e-01 1.395441587533768034e-02 0.000000000000000000e+00
-2.329123756778674059e-01 -1.585414087664362703e-01 1.428602244558031531e-01 2.339718854689237126e+00 -1.721664422681579154e-01 3.037529166014237170e+00 -7.979570318870167212e-01 6.116299649050316312e-01 -1.046033749800232560e-01 -6.071074346761294593e-02 8.691240864859589577e-01 1.462253641381131009e-02 0.000000000000000000e+00
-2.335989180096735285e-01 -1.588558796490133762e-01 1.450688245676045041e-01 2.337951704833606037e+00 -1.803970101181637808e-01 3.032855076781884485e+00 -7.980093630024367446e-01 6.054250658812558861e-01 -1.059910150660092754e-01 -6.404145085205575905e-02 8.677130771614076643e-01 1.541435454313531440e-02 0.000000000000000000e+00
-2.341867172385554419e-01 -1.591387135052000634e-01 1.471110070388561564e-01 2.336251256964921197e+00 -1.879754236462907180e-01 3.028536618044893380e+00 -7.979602276803248184e-01 5.995649130605911203e-01 -1.070283163105949509e-01 -6.714303899777850082e-02 8.663251707593128126e-01 1.621520141273306501e-02 0.000000000000000000e+00
-2.347734118864275299e-01 -1.594394774362188905e-01 1.493264725745426236e-01 2.334334938577089069e+00 -1.961624992463333328e-01 3.023848470852439352e+00 -7.977955777459306841e-01 5.930776523822398616e-01 -1.078963736679061647e-01 -7.053178248803902706e-02 8.647315351630094904e-01 1.716585213394507953e-02 0.000000000000000000e+00
-2.352687195477338178e-01 -1.597139884626897488e-01 1.513739187411812237e-01 2.332498454783420883e+00 -2.036969755791115944e-01 3.019506475026439762e+00 -7.975363855928386814e-01 5.869662303127259895e-01 -1.084705511989274562e-01 -7.368559771945173975e-02 8.631800440909566108e-01 1.812583432194537700e-02 0.000000000000000000e+00
-2.357550084379203825e-01 -1.600102443845579647e-01 1.535940748214961737e-01 2.330436461385239966e+00 -2.118325585954421442e-01 3.014780869806961583e+00 -7.971343148472639362e-01 5.802167148460292134e-01 -1.088549785022805416e-01 -7.712944783833089457e-02 8.614145680253157966e-01 1.926180152372947152e-02 0.000000000000000000e+00
-2.361570116155365384e-01 -1.602846515813697026e-01 1.556447733503487640e-01 2.328466408675753385e+00 -2.193151059367242084e-01 3.010393525279319693e+00 -7.966458911033433843e-01 5.738710011796156474e-01 -1.089961260400544862e-01 -8.033305585974968854e-02 8.597084138729564895e-01 2.040536705699869807e-02 0.000000000000000000e+00
-2.365415988423335281e-01 -1.605850714829519521e-01 1.578673421125739995e-01 2.326260515979427179e+00 -2.273894525315087733e-01 3.005606878380309155e+00 -7.959848945207856907e-01 5.668761419974952531e-01 -1.089260849033855116e-01 -8.382964489059080426e-02 8.577798191905483538e-01 2.175339886355336441e-02 0.000000000000000000e+00
-2.368496163197193749e-01 -1.608670071181041716e-01 1.599193105099387113e-01 2.324158625113231569e+00 -2.348108626958724798e-01 3.001152103164398177e+00 -7.952494625857604582e-01 5.603132475441857663e-01 -1.086637635360125920e-01 -8.708050737660169571e-02 8.559281232846163157e-01 2.310323454562763362e-02 0.000000000000000000e+00
-2.371323180421840426e-01 -1.611793240334448707e-01 1.621421870833819334e-01 2.321810902125212905e+00 -2.428136526866158107e-01 2.996280493661311883e+00 -7.943128288303794582e-01 5.530931182233582710e-01 -1.081734755793291036e-01 -9.062673107225917291e-02 8.538471292088284370e-01 2.468551633718998536e-02 0.000000000000000000e+00
-2.373458523255066177e-01 -1.614757314077564787e-01 1.641934643102480607e-01 2.319578416432822365e+00 -2.501636977371424209e-01 2.991736050898480492e+00 -7.933143431586815453e-01 5.463301537931565255e-01 -1.075364474465823061e-01 -9.392221815128569407e-02 8.518588797180025596e-01 2.626244059765315414e-02 0.000000000000000000e+00
-2.375257383832221070e-01 -1.618073728142273571e-01 1.664144982022961461e-01 2.317089355845645571e+00 -2.580829569961791137e-01 2.986755192930937941e+00 -7.920836298399286379e-01 5.389019983016802851e-01 -1.066544084935479031e-01 -9.751547160731829922e-02 8.496344744175137187e-01 2.810211482797706634e-02 0.000000000000000000e+00
-2.376444526850207128e-01 -1.621246014605914054e-01 1.684631708427252184e-01 2.314726938373313558e+00 -2.653503755440471679e-01 2.982098722362219512e+00 -7.908074430455627191e-01 5.319562078626446366e-01 -1.056710362610362441e-01 -1.008528618616215400e-01 8.475187260895002961e-01 2.992525249240726368e-02 0.000000000000000000e+00
-2.377217291758784434e-01 -1.624818242716936367e-01 1.706804186096745612e-01 2.312097517755505649e+00 -2.731737617556193598e-01 2.976984597583789860e+00 -7.892695340950691696e-01 5.243398334611270029e-01 -1.044300031930591732e-01 -1.044898743833155008e-01 8.451616287876984046e-01 3.204043489868906719e-02 0.000000000000000000e+00
-2.377454464340674756e-01 -1.628255373103743853e-01 1.727246245420302473e-01 2.309605486091551363e+00 -2.803462162568646221e-01 2.972193996847762421e+00 -7.877025966886939123e-01 5.172283944022884050e-01 -1.031279837361194218e-01 -1.078663714937508761e-01 8.429275695282582026e-01 3.412714020665844755e-02 0.000000000000000000e+00
-2.377195394822244345e-01 -1.632144398816241238e-01 1.749359968735169080e-01 2.306835428490673578e+00 -2.880594671481739866e-01 2.966922441160285473e+00 -7.858421789301917038e-01 5.094414112434376696e-01 -1.015555202704820914e-01 -1.115443134724479757e-01 8.404467683938221523e-01 3.653750073026191397e-02 0.000000000000000000e+00
-2.376482227464093433e-01 -1.635897299583754794e-01 1.769739295288217940e-01 2.304213621839926063e+00 -2.951236463652171516e-01 2.961975707895800891e+00 -7.839727064239833121e-01 5.021816008223679573e-01 -9.996215099028771256e-02 -1.149570212513300188e-01 8.381035195296887563e-01 3.890350713814794831e-02 0.000000000000000000e+00
-2.375196425403205136e-01 -1.640151127498799821e-01 1.791775841011591930e-01 2.301303137388674980e+00 -3.027121423271825762e-01 2.956523606285106354e+00 -7.817799261614393203e-01 4.942436164297097090e-01 -9.808941611174404329e-02 -1.186724805118836296e-01 8.355098003650331950e-01 4.162331449685101326e-02 0.000000000000000000e+00
-2.373534185152109399e-01 -1.644263895090933847e-01 1.812074998993469244e-01 2.298551311163327338e+00 -3.096537958664935530e-01 2.951399246948348765e+00 -7.795977319642284353e-01 4.868526120354400577e-01 -9.623132861919581060e-02 -1.221184361924996242e-01 8.330664166439128993e-01 4.428267225999848317e-02 0.000000000000000000e+00
-2.371218920842152189e-01 -1.648930653592098894e-01 1.834014719952312134e-01 2.295499693724107004e+00 -3.171010163395395764e-01 2.945743292105828637e+00 -7.770601389195463948e-01 4.787814362987641292e-01 -9.408508709670071468e-02 -1.258683667444129572e-01 8.303689007757716345e-01 4.732825912142389624e-02 0.000000000000000000e+00
-2.368609838560479519e-01 -1.653441001073778782e-01 1.854216361503627231e-01 2.292617620006268453e+00 -3.239046037432284919e-01 2.940420754990980434e+00 -7.745563680207083745e-01 4.712764486098391381e-01 -9.198824721242715441e-02 -1.293445076915093195e-01 8.278346366824521629e-01 5.029347261338856095e-02 0.000000000000000000e+00
-2.365273071360260992e-01 -1.658554904728377355e-01 1.876042244112053337e-01 2.289424800494368917e+00 -3.311939250348934216e-01 2.934539292945669064e+00 -7.716671711331087868e-01 4.630914560260758761e-01 -8.959819329213525307e-02 -1.331253725239595898e-01 8.250438435971308992e-01 5.367548746070743143e-02 0.000000000000000000e+00
-2.361720961901465354e-01 -1.663494581527532323e-01 1.896130136673393196e-01 2.286412288044011198e+00 -3.378431915594459767e-01 2.928998705835077487e+00 -7.688343666815913302e-01 4.554896291420129084e-01 -8.728816736260047726e-02 -1.366285944903906924e-01 8.224277538793188791e-01 5.695747564195861867e-02 0.000000000000000000e+00
-2.357362441346501358e-01 -1.669090592699647990e-01 1.917823480742367748e-01 2.283077951212664658e+00 -3.449556767051786821e-01 2.922870546812022408e+00 -7.655839785711496814e-01 4.472087294694932491e-01 -8.468000054903135343e-02 -1.404371561981778149e-01 8.195530046406328539e-01 6.068904702710720828e-02 0.000000000000000000e+00
-2.352871703756899968e-01 -1.674485571571010800e-01 1.937781474604556020e-01 2.279935023394417115e+00 -3.514330898484656629e-01 2.917093388948463595e+00 -7.624158155593643293e-01 4.395272407793232028e-01 -8.218168913042833701e-02 -1.439642467458787378e-01 8.168642772040887179e-01 6.429724747475787372e-02 0.000000000000000000e+00
-2.347501623805653137e-01 -1.680584399057950817e-01 1.959326378402300728e-01 2.276459694107595411e+00 -3.583499660521516361e-01 2.910699628333475619e+00 -7.588003746424999418e-01 4.311695421988683830e-01 -7.938350577308184164e-02 -1.477968351601254005e-01 8.139159581402892751e-01 6.838561586694982819e-02 0.000000000000000000e+00
-2.342077974701998189e-01 -1.686454641120774256e-01 1.979139402847425733e-01 2.273186920808929479e+00 -3.646372454829096554e-01 2.904668692500144811e+00 -7.552919262224294661e-01 4.234254026440542606e-01 -7.672127678938434059e-02 -1.513445319167608383e-01 8.111636477327196504e-01 7.232798477475659016e-02 0.000000000000000000e+00
-2.335698415801377159e-01 -1.693079201152770108e-01 2.000518790431495830e-01 2.269571375546187042e+00 -3.713374983023971510e-01 2.897991088986852315e+00 -7.513045082803083696e-01 4.150088814930222858e-01 -7.375797744445300452e-02 -1.551977265399419881e-01 8.081511464866493188e-01 7.678322025186377908e-02 0.000000000000000000e+00
-2.329348355862340125e-01 -1.699439292878587859e-01 2.020172224076951795e-01 2.266169928731149419e+00 -3.774153692473225519e-01 2.891690935493782533e+00 -7.474519794473997170e-01 4.072191353045405138e-01 -7.095566618741733222e-02 -1.587627338436629343e-01 8.053443078557602774e-01 8.106629068687574990e-02 0.000000000000000000e+00
-2.321971248492465945e-01 -1.706597593615340747e-01 2.041371475810695446e-01 2.262416171039189905e+00 -3.838782844761912116e-01 2.884714495063954942e+00 -7.430914526365585138e-01 3.987624670000756155e-01 -6.785361614969298572e-02 -1.626327729607388028e-01 8.022778110185885270e-01 8.589244624718211929e-02 0.000000000000000000e+00
-2.314702095717519337e-01 -1.713456460904379808e-01 2.060851353112855278e-01 2.258888292947530019e+00 -3.897265879839633129e-01 2.878131754505772300e+00 -7.388923133877761673e-01 3.909439919613346692e-01 -6.493439212080232004e-02 -1.662116619916418070e-01 7.994254989120864741e-01 9.052136976163291382e-02 0.000000000000000000e+00
-2.306331449835176128e-01 -1.721160070482159743e-01 2.081854611784365594e-01 2.254999213608686937e+00 -3.959291729555616257e-01 2.870842629483290942e+00 -7.341542834924161820e-01 3.824652527093357346e-01 -6.171755984009585916e-02 -1.700949503351408265e-01 7.963144607056831248e-01 9.572559432818966707e-02 0.000000000000000000e+00
-2.298151362040040391e-01 -1.728521584170392700e-01 2.101147717416414762e-01 2.251348269193845120e+00 -4.015270361589671211e-01 2.863966229741151448e+00 -7.296071356681874676e-01 3.746348600247166871e-01 -5.870405990861660150e-02 -1.736842922733223826e-01 7.934256632922469521e-01 1.007041825713894528e-01 0.000000000000000000e+00
-2.288800888343751061e-01 -1.736767294884500046e-01 2.121942518744259765e-01 2.247328326150388023e+00 -4.074472182843988932e-01 2.856354312344050683e+00 -7.244930008478811523e-01 3.661522591891371858e-01 -5.539747909917425162e-02 -1.775769849044207815e-01 7.902800705706997109e-01 1.062875580533894221e-01 0.000000000000000000e+00
-2.279718627424843214e-01 -1.744630224260841633e-01 2.141036022052085208e-01 2.243559154607734918e+00 -4.127730503405562246e-01 2.849175940506923244e+00 -7.195975781320975706e-01 3.583265936154529374e-01 -5.231154118604486314e-02 -1.811732843509501756e-01 7.873637094399812408e-01 1.116183077388601536e-01 0.000000000000000000e+00
-2.269393776492959203e-01 -1.753419492381534939e-01 2.161607676679251633e-01 2.239414319371144657e+00 -4.183862399005198185e-01 2.841233068877995205e+00 -7.141052078579724904e-01 3.498582074021917565e-01 -4.893811503324152490e-02 -1.850716029098513349e-01 7.841930164251601498e-01 1.175852117073451636e-01 0.000000000000000000e+00
-2.259419184570844730e-01 -1.761778453834870750e-01 2.180490305957490937e-01 2.235533364071071283e+00 -4.234181977750495207e-01 2.833746986415579538e+00 -7.088623091989608715e-01 3.420538471172281381e-01 -4.580144390134632815e-02 -1.886713145315273843e-01 7.812579465877838025e-01 1.232693711918478041e-01 0.000000000000000000e+00
-2.248134982137960092e-01 -1.771097517423990686e-01 2.200827430342807145e-01 2.231271778811690254e+00 -4.287012463138450968e-01 2.825469632152018740e+00 -7.029954984755707459e-01 3.336173522580206385e-01 -4.238434190666562351e-02 -1.925713641451370917e-01 7.780718738176675142e-01 1.296181308487581452e-01 0.000000000000000000e+00
-2.237278198995293899e-01 -1.779942521462070937e-01 2.219487857608203329e-01 2.227287496042174908e+00 -4.334168850751858315e-01 2.817673676179615061e+00 -6.974069215070667349e-01 3.258507089919953081e-01 -3.921771021250686218e-02 -1.961708593849745552e-01 7.751270168632852231e-01 1.356557167770495176e-01 0.000000000000000000e+00
-2.225042092212917988e-01 -1.789783691142244892e-01 2.239577921473583366e-01 2.222919389742393115e+00 -4.383446378306645741e-01 2.809060386456183167e+00 -6.911658700714933268e-01 3.174640152451722597e-01 -3.577903661299641769e-02 -2.000687118906849804e-01 7.719349519807162663e-01 1.423880714994721353e-01 0.000000000000000000e+00
-2.213314013211255538e-01 -1.799100778250770361e-01 2.258005393065750654e-01 2.218842368741462678e+00 -4.427214248258368734e-01 2.800955842322631728e+00 -6.852344111126416060e-01 3.097513675702482927e-01 -3.260255122280431017e-02 -2.036643621916986724e-01 7.689890297618977577e-01 1.487779437057105969e-01 0.000000000000000000e+00
-2.200142473971940515e-01 -1.809441628715190709e-01 2.277838666274094592e-01 2.214380467076929371e+00 -4.472705960159006899e-01 2.792010616849453619e+00 -6.786250444983101815e-01 3.014316523248407598e-01 -2.916401078134867042e-02 -2.075560727821450513e-01 7.658004935677731329e-01 1.558896657254149887e-01 0.000000000000000000e+00
-2.187554984594668739e-01 -1.819213052678580467e-01 2.296023457660009703e-01 2.210223702176931759e+00 -4.512862604998280069e-01 2.783602356033432201e+00 -6.723545651326913175e-01 2.937890457865858229e-01 -2.599724592913554844e-02 -2.111441830083224391e-01 7.628620947790343276e-01 1.626295272331602926e-01 0.000000000000000000e+00
-2.173457235103549712e-01 -1.830037989109910002e-01 2.315588611517336026e-01 2.205683464212259359e+00 -4.554318046412491050e-01 2.774331855715048256e+00 -6.653792136055558526e-01 2.855541189323836937e-01 -2.257987761834567841e-02 -2.150256737180857025e-01 7.596864083371692722e-01 1.701198841808466977e-01 0.000000000000000000e+00
-2.160022906924200237e-01 -1.840243092298911309e-01 2.333522333962694817e-01 2.201462332972671021e+00 -4.590645119598506518e-01 2.765628442615875038e+00 -6.587743743650775752e-01 2.779974326287975028e-01 -1.944214122201448625e-02 -2.186025154439006635e-01 7.567641882520524943e-01 1.772063561044658064e-01 0.000000000000000000e+00
-2.145016599842438365e-01 -1.851522445897987867e-01 2.352810938621168746e-01 2.196861777448910757e+00 -4.627839660190078419e-01 2.756045118400467064e+00 -6.514408276713262724e-01 2.698638057645592614e-01 -1.606591875006668779e-02 -2.224698081761024016e-01 7.536106060472351764e-01 1.850687899459499408e-01 0.000000000000000000e+00
-2.130748706660088865e-01 -1.862136996021142854e-01 2.370484512681124700e-01 2.192594457390345752e+00 -4.660123162382419082e-01 2.747059552700561014e+00 -6.445072877733051264e-01 2.624087357013163979e-01 -1.297532030502934752e-02 -2.260316030417584554e-01 7.507129536231745837e-01 1.924974281353737660e-01 0.000000000000000000e+00
-2.114845010469804387e-01 -1.873848607045252579e-01 2.389486625769315364e-01 2.187954803459736475e+00 -4.692819949204345420e-01 2.737178829791123036e+00 -6.368198735497095919e-01 2.543939690454797287e-01 -9.660217380098812257e-03 -2.298805033176818391e-01 7.475907301401929494e-01 2.007288595906451811e-01 0.000000000000000000e+00
-2.099757692844361479e-01 -1.884846211470192490e-01 2.406892643874719295e-01 2.183661962597295059e+00 -4.720857146947063931e-01 2.727927872871879877e+00 -6.295640245807614388e-01 2.470559948464162714e-01 -6.634733223714217587e-03 -2.334234729633823946e-01 7.447261009136491028e-01 2.084942212103959303e-01 0.000000000000000000e+00
-2.082976265702874974e-01 -1.896954805152041845e-01 2.425601800548896902e-01 2.179006842776770370e+00 -4.748855428677152268e-01 2.717770614345875746e+00 -6.215323967862732557e-01 2.391759508522240119e-01 -3.399391973431642455e-03 -2.372499693966354795e-01 7.416440245841003920e-01 2.170859617163982402e-01 0.000000000000000000e+00
-2.067084669466204838e-01 -1.908306393561760850e-01 2.442733048621572589e-01 2.174711912437847339e+00 -4.772456021703357365e-01 2.708275241868425276e+00 -6.139615624393960358e-01 2.319703024698238636e-01 -4.561994947307468351e-04 -2.407702855283135601e-01 7.388207409334801579e-01 2.251816218903460454e-01 0.000000000000000000e+00
-2.049438564730563517e-01 -1.920784620722650882e-01 2.461139848818902909e-01 2.170068351099091686e+00 -4.795544003895710894e-01 2.697865981945447356e+00 -6.055918463445222333e-01 2.242422583948478487e-01 2.680737953273615304e-03 -2.445700671268818127e-01 7.357879996631251363e-01 2.341284117039263701e-01 0.000000000000000000e+00
-2.032758553818271030e-01 -1.932459420351426427e-01 2.477989492006996697e-01 2.165797119720994424e+00 -4.814532984622434952e-01 2.688151034059095057e+00 -5.977140161029860232e-01 2.171839493997563542e-01 5.525127155532993939e-03 -2.480638681609567686e-01 7.330141842297531740e-01 2.425469968048031000e-01 0.000000000000000000e+00
-2.014269187553415774e-01 -1.945268081778173119e-01 2.496088976920204372e-01 2.161193921753391756e+00 -4.832545655592119793e-01 2.677518823505330214e+00 -5.890173969843051083e-01 2.096230353279396053e-01 8.546483412227967591e-03 -2.518329235384482168e-01 7.300391669760255553e-01 2.518382498606283604e-01 0.000000000000000000e+00
-1.996817769936178322e-01 -1.957233620554155451e-01 2.512650908354429058e-01 2.156974544972896979e+00 -4.846767971592558233e-01 2.667612838936553654e+00 -5.808413592797072589e-01 2.027267963299362596e-01 1.127609037150456572e-02 -2.552963478913394257e-01 7.273228758221992329e-01 2.605715540233252137e-01 0.000000000000000000e+00
-1.977500656641394683e-01 -1.970341445702168959e-01 2.530434472423094827e-01 2.152443887608431083e+00 -4.859534205661693029e-01 2.656790571008458723e+00 -5.718257600414620168e-01 1.953498900446872244e-01 1.416442173174981001e-02 -2.590302661871986545e-01 7.244147039118328246e-01 2.701999466283976914e-01 0.000000000000000000e+00
-1.959295828253898308e-01 -1.982564196516171662e-01 2.546703128437223240e-01 2.148306370904115248e+00 -4.868856921906292712e-01 2.646725359128307975e+00 -5.633609690956723481e-01 1.886302186269560865e-01 1.676380011372180512e-02 -2.624594023410551369e-01 7.217637933627678581e-01 2.792388485261811382e-01 0.000000000000000000e+00
-1.939174237768643283e-01 -1.995929426535541784e-01 2.564166586893573130e-01 2.143881169904754636e+00 -4.876259365949682234e-01 2.635749395963727260e+00 -5.540389398844999258e-01 1.814517011981611194e-01 1.950352708514069278e-02 -2.661541888136469969e-01 7.189305228580598062e-01 2.891920635604591783e-01 0.000000000000000000e+00
-1.920234944143737466e-01 -2.008374583599322472e-01 2.580136131485506468e-01 2.139857299236475718e+00 -4.880573268327093039e-01 2.625560102608353041e+00 -5.452955489991744287e-01 1.749227454039933016e-01 2.195816266186700894e-02 -2.695451086058608392e-01 7.163527826599448423e-01 2.985267094972959279e-01 0.000000000000000000e+00
-1.899326970889410049e-01 -2.021964090567093808e-01 2.597271765935642018e-01 2.135573181290787659e+00 -4.882495019206114506e-01 2.614469800847005754e+00 -5.356765440369445352e-01 1.679590784961404737e-01 2.453290680375541655e-02 -2.731962691708458291e-01 7.136032019924926084e-01 3.087955923445324657e-01 0.000000000000000000e+00
-1.879673422605378230e-01 -2.034596508504879497e-01 2.612937260728797617e-01 2.131695740515931803e+00 -4.881719515223572614e-01 2.604193940091929171e+00 -5.266653390144978575e-01 1.616347699869884469e-01 2.682855166340369912e-02 -2.765450610835659684e-01 7.111063553124888914e-01 3.184152963865485853e-01 0.000000000000000000e+00
-1.858004285637577524e-01 -2.048367455136251014e-01 2.629741518566903746e-01 2.127587839516580814e+00 -4.878102152076739806e-01 2.593030952289920421e+00 -5.167631068703379960e-01 1.548994691426099357e-01 2.922433138003910358e-02 -2.801486009993089943e-01 7.084481210704262066e-01 3.289859819643183303e-01 0.000000000000000000e+00
-1.837657505326227569e-01 -2.061151813166026969e-01 2.645097823217604782e-01 2.123890065167080010e+00 -4.872185174721459511e-01 2.582707987665500138e+00 -5.074953728558895261e-01 1.487933401057626170e-01 3.134766971715929884e-02 -2.834513535146844232e-01 7.060395581805585241e-01 3.388793590978537162e-01 0.000000000000000000e+00
-1.815248071240769534e-01 -2.075070378345091060e-01 2.661563491371498613e-01 2.119995420233437677e+00 -4.862975613829876309e-01 2.571516114633111805e+00 -4.973208324902689825e-01 1.423023842913988535e-01 3.354917183227312805e-02 -2.870026788283051022e-01 7.034812590584011982e-01 3.497409950247146182e-01 0.000000000000000000e+00
-1.794230417081175422e-01 -2.087971277438440687e-01 2.676605525086774851e-01 2.116510705360317601e+00 -4.851896193184752626e-01 2.561187030851419966e+00 -4.878085204192103563e-01 1.364277172427930673e-01 3.548742047363284691e-02 -2.902554304942142060e-01 7.011683036516674905e-01 3.598959611563229966e-01 0.000000000000000000e+00
-1.771107818605310857e-01 -2.101994922034640945e-01 2.692728962276235150e-01 2.112864273878315657e+00 -4.837102046460497462e-01 2.550010913796151080e+00 -4.773764190866656154e-01 1.301937315064867484e-01 3.748239444621126459e-02 -2.937506296878614753e-01 6.987171967633857284e-01 3.710333674140616211e-01 0.000000000000000000e+00
-1.749442569452385188e-01 -2.114977440692132060e-01 2.707451766935459747e-01 2.109625340728255694e+00 -4.820871133509530004e-01 2.539717405755482549e+00 -4.676319126580656960e-01 1.245634011655172985e-01 3.922343600885058734e-02 -2.969494523416965071e-01 6.965070393747290201e-01 3.814372725285651300e-01 0.000000000000000000e+00
-1.725630371333591873e-01 -2.129073199606954236e-01 2.723226059982319924e-01 2.106262790933369544e+00 -4.800509172144251657e-01 2.528602483709205817e+00 -4.569544343205836912e-01 1.186018068744556647e-01 4.099763392706123888e-02 -3.003838648834626923e-01 6.941713805197022857e-01 3.928379988390853783e-01 0.000000000000000000e+00
-1.703341916276571444e-01 -2.142103237853215936e-01 2.737624782897171705e-01 2.103301023067773556e+00 -4.779170186795567155e-01 2.518386203228006437e+00 -4.469906165762157491e-01 1.132283717101379983e-01 4.252988366023857658e-02 -3.035247637835885026e-01 6.920709453679567691e-01 4.034774938415200962e-01 0.000000000000000000e+00
-1.678869344308024925e-01 -2.156230080265612026e-01 2.753046110307608707e-01 2.100254594065936509e+00 -4.753317996636017284e-01 2.507377297878121247e+00 -4.360834405947144887e-01 1.075508534836037283e-01 4.407265287972128576e-02 -3.068945613794066829e-01 6.898575921859918525e-01 4.151252616326587264e-01 0.000000000000000000e+00
-1.655983065520528486e-01 -2.169274345237647283e-01 2.767115353819418755e-01 2.097599650331046561e+00 -4.726946319263984897e-01 2.497279655403939369e+00 -4.259136273400288553e-01 1.024464891355465340e-01 4.538532498102121338e-02 -3.099736083632154138e-01 6.878737369109645394e-01 4.259865313748697480e-01 0.000000000000000000e+00
-1.630875918165178573e-01 -2.183401262806320964e-01 2.782175812407765014e-01 2.094901110947460232e+00 -4.695689351384304544e-01 2.486421483099548357e+00 -4.147899696514177892e-01 9.706781087283279652e-02 4.668388232854403519e-02 -3.132740306126369778e-01 6.857906123063045589e-01 4.378674922089585420e-01 0.000000000000000000e+00
-1.607418185962117274e-01 -2.196427839026768858e-01 2.795910263973599985e-01 2.092580041839481986e+00 -4.664392580068081884e-01 2.476482616418114180e+00 -4.044278761660284882e-01 9.224431847361649894e-02 4.776672362777012459e-02 -3.162873308070344169e-01 6.839299282316935180e-01 4.489360890420322492e-01 0.000000000000000000e+00
-1.581707518207695895e-01 -2.210516920438485022e-01 2.810606125526469157e-01 2.090256272244629621e+00 -4.627876654940754619e-01 2.465817096239236506e+00 -3.931041152110115733e-01 8.717519107573241943e-02 4.881174803951715546e-02 -3.195145827055060339e-01 6.819832906329000854e-01 4.610330655300400871e-01 0.000000000000000000e+00
-1.557705487615687889e-01 -2.223495417649455907e-01 2.824000062407754363e-01 2.088293371291829459e+00 -4.591791756390675161e-01 2.456075478920075383e+00 -3.825637896696686413e-01 8.264394731663868288e-02 4.965517115674544790e-02 -3.224581413688569764e-01 6.802521693453212892e-01 4.722941756204128150e-01 0.000000000000000000e+00
-1.531419514611440102e-01 -2.237518432046226025e-01 2.838322384713955482e-01 2.086370018457658126e+00 -4.550169329885682679e-01 2.445644332327643777e+00 -3.710541733600778991e-01 7.789842728071287581e-02 5.043521104002968158e-02 -3.256075290949574375e-01 6.784497419195556489e-01 4.845920876126671994e-01 0.000000000000000000e+00
-1.506901225147133927e-01 -2.250419997407687167e-01 2.851369190030313416e-01 2.084786248463916358e+00 -4.509462158244268437e-01 2.436136681422633288e+00 -3.603500301221814750e-01 7.367044266837351196e-02 5.103042754366238221e-02 -3.284774513541676710e-01 6.768544418475710422e-01 4.960303977840710976e-01 0.000000000000000000e+00
-1.480072237243977296e-01 -2.264342977997207684e-01 2.865313293248269444e-01 2.083282856346746037e+00 -4.462939225300059931e-01 2.425977140995280834e+00 -3.486714029519115687e-01 6.925818395335747724e-02 5.153775973132246335e-02 -3.315452131928572355e-01 6.752019503911768084e-01 5.085112689432138566e-01 0.000000000000000000e+00
-1.455066460349917490e-01 -2.277140843537210635e-01 2.878006654447070600e-01 2.082095431042059630e+00 -4.417802911696258050e-01 2.416737328425872189e+00 -3.378181226929707348e-01 6.534398629645669920e-02 5.187638066392574743e-02 -3.343376374643461935e-01 6.737484636472388377e-01 5.201111331242447289e-01 0.000000000000000000e+00
-1.427724383258343888e-01 -2.290939718294602578e-01 2.891562508906876383e-01 2.081029800923736239e+00 -4.366589772566475958e-01 2.406885946529555120e+00 -3.259854649431532803e-01 6.127827974066564487e-02 5.210075198576502586e-02 -3.373190130151763055e-01 6.722532318532138396e-01 5.327588846151946056e-01 0.000000000000000000e+00
-1.402260469232801954e-01 -2.303608985389921093e-01 2.903894312319502680e-01 2.080252155704771511e+00 -4.317240177666930023e-01 2.397945584806401520e+00 -3.149980279442997633e-01 5.768800569610256501e-02 5.217545365434195226e-02 -3.400300111363360189e-01 6.709472842336662302e-01 5.445042239707709175e-01 0.000000000000000000e+00
-1.374438607972251758e-01 -2.317254259939751093e-01 2.917055576981281706e-01 2.079635408119512974e+00 -4.261593698424999133e-01 2.388433761096719010e+00 -3.030285835829931163e-01 5.397741086572756253e-02 5.211087199790731539e-02 -3.429213718423214652e-01 6.696145052661360841e-01 5.573003135344382075e-01 0.000000000000000000e+00
-1.348546177549634906e-01 -2.329772633667128168e-01 2.929018398233245168e-01 2.079276799560657807e+00 -4.208268605064944268e-01 2.379821021951472826e+00 -2.919220367043857678e-01 5.072070607007531790e-02 5.191446386751419340e-02 -3.455470822295714228e-01 6.684616894092680894e-01 5.691748494923971613e-01 0.000000000000000000e+00
-1.320276130392971092e-01 -2.343244823962531975e-01 2.941773782078671018e-01 2.079117966939709738e+00 -4.148447947180100570e-01 2.370679119228252585e+00 -2.798315516715350615e-01 4.737765659845565719e-02 5.155187448509979120e-02 -3.483437009797772932e-01 6.672982209080396965e-01 5.821022328978052718e-01 0.000000000000000000e+00
-1.293985370370163424e-01 -2.355591880712701314e-01 2.953357953654942580e-01 2.079183714126730642e+00 -4.091403539720435134e-01 2.362419874323766766e+00 -2.686212580237123393e-01 4.446373392461024782e-02 5.107836444328350822e-02 -3.508802953390505186e-01 6.663039297150585849e-01 5.940893207013336896e-01 0.000000000000000000e+00
-1.265300445659496009e-01 -2.368866889271547538e-01 2.965699383135285139e-01 2.079485095247142645e+00 -4.027702828901391641e-01 2.353672622278896842e+00 -2.564270095768893531e-01 4.149564505090613808e-02 5.041337311909077634e-02 -3.535786101555187799e-01 6.653143656330123834e-01 6.071292226627976740e-01 0.000000000000000000e+00
-1.238641693488333057e-01 -2.381024973028979252e-01 2.976895599088865696e-01 2.079976241107583057e+00 -3.967211261665188893e-01 2.345789083211929693e+00 -2.451284154941737181e-01 3.893319306192392915e-02 4.965703536950849539e-02 -3.560222934822618868e-01 6.644835925309621194e-01 6.192119845284871360e-01 0.000000000000000000e+00
-1.209574310191237206e-01 -2.394088218165836834e-01 2.988809326527539501e-01 2.080738196893238801e+00 -3.899924994307131243e-01 2.337460886124078208e+00 -2.328466489160280484e-01 3.635157879666075370e-02 4.868205209443043913e-02 -3.586175772540577400e-01 6.636745241917960669e-01 6.323466284457306408e-01 0.000000000000000000e+00
-1.182577880104285356e-01 -2.406041954287688189e-01 2.999606413128750315e-01 2.081652004217223961e+00 -3.836270565578918657e-01 2.329972841970673780e+00 -2.214752839565259646e-01 3.414883248597498644e-02 4.763809294711940368e-02 -3.609645545437173420e-01 6.630121960286933236e-01 6.445080201426047761e-01 0.000000000000000000e+00
-1.153161271690515549e-01 -2.418874905511546047e-01 3.011082784973727611e-01 2.082868164060925231e+00 -3.765719292790281614e-01 2.322081630466410918e+00 -2.091233597284135326e-01 3.195992004879540799e-02 4.635018824395698012e-02 -3.634533784509372256e-01 6.623874184369608065e-01 6.577183644138339114e-01 0.000000000000000000e+00
-1.125857454047188705e-01 -2.430611474789301507e-01 3.021469090846382599e-01 2.084198116939528944e+00 -3.699196511008135957e-01 2.315005775499273444e+00 -1.976948200292587832e-01 3.012456305226986902e-02 4.501434664117343054e-02 -3.656999212779871722e-01 6.618981291656860222e-01 6.699412751318887249e-01 0.000000000000000000e+00
-1.096124137968327861e-01 -2.443204891645730514e-01 3.032492146431368663e-01 2.085860675711585621e+00 -3.625697800889624567e-01 2.307569984000398478e+00 -1.852892663946948404e-01 2.833886152650670273e-02 4.340726208136480579e-02 -3.680775914992099329e-01 6.614637675918940696e-01 6.832090771036363197e-01 0.000000000000000000e+00
-1.068543052688295386e-01 -2.454713956846297784e-01 3.042454555956189965e-01 2.087596667692692698e+00 -3.556608254025537263e-01 2.300920469014467784e+00 -1.738192146720485276e-01 2.687808854027381664e-02 4.177607591369136841e-02 -3.702199714381241846e-01 6.611517782701912260e-01 6.954761962957864974e-01 0.000000000000000000e+00
-1.038525400845131952e-01 -2.467054703965785578e-01 3.053012520358658888e-01 2.089691665895410111e+00 -3.480496545537707931e-01 2.293952231697476751e+00 -1.613772256648209613e-01 2.550058719178174491e-02 3.984834675863768716e-02 -3.724831923115007881e-01 6.609111616657026289e-01 7.087824143662584397e-01 0.000000000000000000e+00
-1.010696646242432301e-01 -2.478328328318127050e-01 3.062536511901225444e-01 2.091820267767090513e+00 -3.409145850158004087e-01 2.287740906356721116e+00 -1.498812247663031672e-01 2.442102699024228940e-02 3.791915286498404036e-02 -3.745177475157804303e-01 6.607805336142342778e-01 7.210763649063912650e-01 0.000000000000000000e+00
-9.804268310887766236e-02 -2.490412304643522812e-01 3.072610342382027238e-01 2.094332750672412757e+00 -3.330750411319454152e-01 2.281253643888489613e+00 -1.374195283670090195e-01 2.346116131553967893e-02 3.566611858277712876e-02 -3.766618252198895567e-01 6.607391880383107763e-01 7.344023569479569691e-01 0.000000000000000000e+00
-9.523797516647428130e-02 -2.501444983739025130e-01 3.081681216138052459e-01 2.096837602894966679e+00 -3.257448130013598231e-01 2.275489817860992581e+00 -1.259131661073751296e-01 2.276890796028181035e-02 3.343652011816278247e-02 -3.785849937115766672e-01 6.607937828406573733e-01 7.467058282889867948e-01 0.000000000000000000e+00
-9.218886763679196017e-02 -2.513264266076899456e-01 3.091256278269660651e-01 2.099747193732367734e+00 -3.177106083568914663e-01 2.269490835797521644e+00 -1.134486234546659561e-01 2.223038557894876574e-02 3.085844702491158387e-02 -3.806067990321376215e-01 6.609543048753618866e-01 7.600327524369340226e-01 0.000000000000000000e+00
-8.936518402580108378e-02 -2.524052719323756078e-01 3.099857163612422251e-01 2.102609251658292600e+00 -3.102160055040110720e-01 2.264182096376346376e+00 -1.019473461682384452e-01 2.193094848447758177e-02 2.832711240879115522e-02 -3.824149522542469315e-01 6.611975846409405833e-01 7.723283674527481324e-01 0.000000000000000000e+00
-8.629707817124647462e-02 -2.535608136569167392e-01 3.108912190072244952e-01 2.105895065615751349e+00 -3.020203342832150639e-01 2.258680439419871178e+00 -8.949668524271128800e-02 2.182205640481236705e-02 2.542053839507874002e-02 -3.843098579488655187e-01 6.615649677133170758e-01 7.856373818423646460e-01 0.000000000000000000e+00
-8.345721635492710233e-02 -2.546151271355000523e-01 3.117025357312039890e-01 2.109092936551855146e+00 -2.943920690107901805e-01 2.253832513206676325e+00 -7.801584771765014692e-02 2.192038114449593525e-02 2.258666867912562104e-02 -3.859995005024663417e-01 6.620001282354360805e-01 7.979078965649046840e-01 0.000000000000000000e+00
-8.037301992409577600e-02 -2.557439546598695435e-01 3.125543269072869612e-01 2.112729517359498210e+00 -2.860680873892960108e-01 2.248831611608794745e+00 -6.559546360476584126e-02 2.224349332493900239e-02 1.935332479966023200e-02 -3.877645438044299286e-01 6.625763697163019605e-01 8.111804256475871888e-01 0.000000000000000000e+00
-7.751968809032544483e-02 -2.567738214541321340e-01 3.133149392771044095e-01 2.116239850630517338e+00 -2.783364321923738061e-01 2.244448855246019114e+00 -5.415020424739246802e-02 2.274391793852170024e-02 1.621691998387397859e-02 -3.893321802905914675e-01 6.632063404721600941e-01 8.234087292668493818e-01 0.000000000000000000e+00
-7.442239607057964113e-02 -2.578764353184902491e-01 3.141105300156997737e-01 2.120201887501599103e+00 -2.699167639628470283e-01 2.239954871662723335e+00 -4.177666264136913749e-02 2.350609175596175826e-02 1.265507518394759501e-02 -3.909628005365333725e-01 6.639958345773141479e-01 8.366259977569127093e-01 0.000000000000000000e+00
-7.155823111659830038e-02 -2.588821196058112006e-01 3.148183546741661343e-01 2.123999419833157987e+00 -2.621115877464736954e-01 2.236040442931927608e+00 -3.038197421638284129e-02 2.441235299134811992e-02 9.216934216655481293e-03 -3.924050687143794125e-01 6.648232121489745516e-01 8.487949794628935063e-01 0.000000000000000000e+00
-6.845052501046365589e-02 -2.599586026324517962e-01 3.155558259956335876e-01 2.128257969183255049e+00 -2.536280465668414585e-01 2.232053651917701664e+00 -1.807102105716558091e-02 2.561459129238315147e-02 5.329651131521062624e-03 -3.938984362956413632e-01 6.658271573009071354e-01 8.619390776020068312e-01 0.000000000000000000e+00
-6.557806431831432470e-02 -2.609405331466538303e-01 3.162087127546159837e-01 2.132316126397528322e+00 -2.457785095440812029e-01 2.228609458376291208e+00 -6.741602445278192975e-03 2.692979547731338963e-02 1.590972435213444669e-03 -3.952119406347820441e-01 6.668543385333507434e-01 8.740318263217841110e-01 0.000000000000000000e+00
-6.246278345348797723e-02 -2.619917286678907220e-01 3.168852241089066823e-01 2.136842609608406995e+00 -2.372625743544887200e-01 2.225133992595179855e+00 5.490521145672722959e-03 2.857784902542228819e-02 -2.621748935128564995e-03 -3.965636280460517749e-01 6.680764631575880630e-01 8.870841119823170695e-01 0.000000000000000000e+00
-5.958447898494743239e-02 -2.629504810624697653e-01 3.174808828438656083e-01 2.141133733468009837e+00 -2.293971360661553049e-01 2.222161014579939753e+00 1.674020305004745787e-02 3.030447206747233224e-02 -6.658967989634057005e-03 -3.977451061741518190e-01 6.693053788426051032e-01 8.990840495381050568e-01 0.000000000000000000e+00
-5.646407197304512127e-02 -2.639767706620051446e-01 3.180942580831315203e-01 2.145896935085319868e+00 -2.208788228075446725e-01 2.219195236150519612e+00 2.887854904081665550e-02 3.239792890492398242e-02 -1.119260027133051061e-02 -3.989524502543391749e-01 6.707462821503924477e-01 9.120272787519992930e-01 0.000000000000000000e+00
-5.358227278142883854e-02 -2.649130277417014456e-01 3.186301804768856827e-01 2.150392553923449412e+00 -2.130250262658064386e-01 2.216694098306416283e+00 4.003438936672567422e-02 3.453778716318105235e-02 -1.552529704878025107e-02 -3.999986730885768393e-01 6.721785301846371352e-01 9.239180932821211556e-01 0.000000000000000000e+00
-5.045941350977391215e-02 -2.659155128525206302e-01 3.191773370402096188e-01 2.155361881695859516e+00 -2.045341816410344293e-01 2.214240482280826150e+00 5.206321389796267352e-02 3.708101029685505201e-02 -2.037850866128643190e-02 -4.010573129113969570e-01 6.738412748112281303e-01 9.367338902378550269e-01 0.000000000000000000e+00
-4.757639151998863114e-02 -2.668300555474220070e-01 3.196509953572193585e-01 2.160032933759143070e+00 -1.967187576273068395e-01 2.212210937757587814e+00 6.311141674275125291e-02 3.963526474310686415e-02 -2.500335421031785188e-02 -4.019651512374913804e-01 6.754782533542724732e-01 9.484995361967433203e-01 0.000000000000000000e+00
-4.445329335462562537e-02 -2.678093176689599897e-01 3.201294342723812192e-01 2.165176081082728743e+00 -1.882831876281354511e-01 2.210266776875586814e+00 7.501672885605741026e-02 4.262638163786174744e-02 -3.016975356701712130e-02 -4.028726566684495136e-01 6.773625729835580644e-01 9.611715890326402167e-01 0.000000000000000000e+00
-4.157122114965719484e-02 -2.687029902796743142e-01 3.205381336847150653e-01 2.169993184470681236e+00 -1.805317860643391725e-01 2.208708293957295066e+00 8.594393680238311684e-02 4.559549832529906366e-02 -3.508248682988623912e-02 -4.036390145616333691e-01 6.792052807208110998e-01 9.727963537698632868e-01 0.000000000000000000e+00
-3.845040502863825149e-02 -2.696602791587566217e-01 3.209444950859702272e-01 2.175278827420988215e+00 -1.721794024501739351e-01 2.207275174472466794e+00 9.771065634808587252e-02 4.903741349119870863e-02 -4.055914445357955422e-02 -4.043911578324989597e-01 6.813135056187451521e-01 9.853069524646740351e-01 0.000000000000000000e+00
-3.557138384706974576e-02 -2.705339782949870431e-01 3.212854815460497448e-01 2.180212433772675595e+00 -1.645166898695369362e-01 2.206186651951550726e+00 1.085038906468237946e-01 5.242118019917214183e-02 -4.575497174032427949e-02 -4.050130725260597808e-01 6.833625417614521691e-01 9.967754562249366845e-01 0.000000000000000000e+00
-3.245485971216300475e-02 -2.714699541723209486e-01 3.216170749060954792e-01 2.185608306272334822e+00 -1.562728886853417265e-01 2.205261122841759125e+00 1.201191345831499058e-01 5.631051058939430531e-02 -5.153416446385072902e-02 -4.056075566603926652e-01 6.856938729797075194e-01 1.009109287602393490e+00 0.000000000000000000e+00
-2.958090012791802365e-02 -2.723245848062625929e-01 3.218874053014347258e-01 2.190629198460180227e+00 -1.487223332033327239e-01 2.204641506613605362e+00 1.307659449562038889e-01 6.010799937271155829e-02 -5.700722682007253184e-02 -4.060820653876175967e-01 6.879494372649500589e-01 1.020406749841645810e+00 0.000000000000000000e+00
-2.647105630615782454e-02 -2.732405444221280288e-01 3.221406534864537097e-01 2.196104044371390174e+00 -1.406128161855537684e-01 2.204224436765160888e+00 1.422154820160782263e-01 6.444610985731490105e-02 -6.308442726957919078e-02 -4.065148623542690909e-01 6.905052729630991593e-01 1.032546836249799149e+00 0.000000000000000000e+00
-2.360413080019723234e-02 -2.740769899380838814e-01 3.223372984895455096e-01 2.201183195876293297e+00 -1.331969651246094344e-01 2.204072602420002358e+00 1.527038592714077270e-01 6.865567288505147747e-02 -6.882819995060729390e-02 -4.068391687960134506e-01 6.929674319699046237e-01 1.043658809319127689e+00 0.000000000000000000e+00
-2.050280745330719176e-02 -2.749735741335838091e-01 3.225093565378877036e-01 2.206705633340810380e+00 -1.252445024586350542e-01 2.204159930865424499e+00 1.639760547698179693e-01 7.343763245483014845e-02 -7.519422022033284136e-02 -4.071082146451387440e-01 6.957461076722660787e-01 1.055591036004200456e+00 0.000000000000000000e+00
-1.764480976845693092e-02 -2.757927006930473990e-01 3.226293051981876658e-01 2.211814711815135226e+00 -1.179845207975804833e-01 2.204474076538851079e+00 1.742945889266276638e-01 7.805688536557259249e-02 -8.120177900733360765e-02 -4.072795224822580717e-01 6.984143287684164703e-01 1.066503671465936387e+00 0.000000000000000000e+00
-1.455430968280411672e-02 -2.766711163238595450e-01 3.227163065114014850e-01 2.217354479338851547e+00 -1.102124780483864086e-01 2.205066769189175879e+00 1.853762352490427590e-01 8.328244018798518222e-02 -8.785009435260726640e-02 -4.073808557617356052e-01 7.014165102652627493e-01 1.078211926303333623e+00 0.000000000000000000e+00
-1.170710793835374498e-02 -2.774737175300213687e-01 3.227564331872248005e-01 2.222465858161631225e+00 -1.031284975637341006e-01 2.205845214951052569e+00 1.955140572811337740e-01 8.830824128388503613e-02 -9.411358292036475781e-02 -4.073965351226534470e-01 7.042899945024310160e-01 1.088911974931053850e+00 0.000000000000000000e+00
-8.629160328090326043e-03 -2.783344680730256981e-01 3.227554651408138797e-01 2.227993292923777346e+00 -9.555699909046788676e-02 2.206938746823638553e+00 2.063949179021137004e-01 9.397087077545009104e-02 -1.010336738548809343e-01 -4.073283914882610546e-01 7.075132849487811848e-01 1.100383541326570125e+00 0.000000000000000000e+00
-5.794583049259480895e-03 -2.791212495255931958e-01 3.227125488074654713e-01 2.233080117031212453e+00 -8.866786878846877329e-02 2.208179819349432194e+00 2.163418079288028650e-01 9.939932518341308698e-02 -1.075443037717978001e-01 -4.071858457909145468e-01 7.105907673254494572e-01 1.110858219947042480e+00 0.000000000000000000e+00
-2.731453814892710608e-03 -2.799653569334630276e-01 3.226196533096173380e-01 2.238566790439373122e+00 -8.131782103147022767e-02 2.209774758774175396e+00 2.270098819786854627e-01 1.054970735852050617e-01 -1.147280476542322791e-01 -4.069444635276125433e-01 7.140349669842216418e-01 1.122078184198573636e+00 0.000000000000000000e+00
8.867178445879519587e-05 -2.807369113699106355e-01 3.224904930352575083e-01 2.243603299267824980e+00 -7.464126799474879448e-02 2.211476534459800636e+00 2.367562359752916346e-01 1.113235041285667998e-01 -1.214764978564928377e-01 -4.066412293479933493e-01 7.173149161827633291e-01 1.132315375428838200e+00 0.000000000000000000e+00
3.135325025443968551e-03 -2.815646384983759853e-01 3.223026973136430273e-01 2.249022149236333590e+00 -6.752991418952269953e-02 2.213568048592962079e+00 2.472028515357773404e-01 1.178482155097472922e-01 -1.289117773038852555e-01 -4.062249772696139849e-01 7.209766961025950716e-01 1.143272685417860313e+00 0.000000000000000000e+00
5.939189810530775410e-03 -2.823214304219355819e-01 3.220841183848794365e-01 2.253983835274964598e+00 -6.108231621033333170e-02 2.215728253293338224e+00 2.567397978469191933e-01 1.240671543858946763e-01 -1.358880609374020221e-01 -4.057586910522547607e-01 7.244570481731650302e-01 1.153261004244256815e+00 0.000000000000000000e+00
8.967073532543713005e-03 -2.831335013513508470e-01 3.217974291905466022e-01 2.259308800385539939e+00 -5.422808799991862827e-02 2.218316644443937058e+00 2.669543189184044873e-01 1.310150919985592077e-01 -1.435650222537190324e-01 -4.051640404703535925e-01 7.283354096686474044e-01 1.163942011270183263e+00 0.000000000000000000e+00
1.175284937501658127e-02 -2.838758305767618006e-01 3.214862203634783477e-01 2.264172367567154787e+00 -4.802464225459779357e-02 2.220933056704154307e+00 2.762736849684869211e-01 1.376202558117953223e-01 -1.507582203580231095e-01 -4.045324052388140634e-01 7.320137677662649223e-01 1.173670671890297168e+00 0.000000000000000000e+00
1.476031078537681090e-02 -2.846721690299361396e-01 3.210977369047007257e-01 2.269379161496942743e+00 -4.144195685419482800e-02 2.224013030821643255e+00 2.862491373978671150e-01 1.449815909270458225e-01 -1.586632814217052712e-01 -4.037579912833326734e-01 7.361045163586812379e-01 1.184065788573203548e+00 0.000000000000000000e+00
1.752615550329952518e-02 -2.854001568974217640e-01 3.206907469821876910e-01 2.274122998830662823e+00 -3.549663419308268786e-02 2.227083211508340987e+00 2.953435662043787380e-01 1.519659139781035784e-01 -1.660618092460544037e-01 -4.029589097982544388e-01 7.399781507432285910e-01 1.193525070449055869e+00 0.000000000000000000e+00
2.051083656877941350e-02 -2.861810981538659426e-01 3.201965276521895332e-01 2.279188754737239364e+00 -2.920123269263896759e-02 2.230654644883432347e+00 3.050708619544340028e-01 1.597350373128940404e-01 -1.741832521483055451e-01 -4.020013369388028002e-01 7.442792890617611068e-01 1.203622312564036845e+00 0.000000000000000000e+00
2.325487264487835840e-02 -2.868946713956780914e-01 3.196906911507653160e-01 2.283792680640756245e+00 -2.352658289036524408e-02 2.234175687946660549e+00 3.139337289041632117e-01 1.670905384408815642e-01 -1.817747259936308701e-01 -4.010326786713137026e-01 7.483448042028487679e-01 1.212803027789867150e+00 0.000000000000000000e+00
2.621507910458239013e-02 -2.876597133693234998e-01 3.190880126140693274e-01 2.288696666771242505e+00 -1.753009447615649918e-02 2.238232771546937894e+00 3.234077580345519620e-01 1.752559401458758381e-01 -1.900975038742920287e-01 -3.998909482224831113e-01 7.528513388204536305e-01 1.222594805327815948e+00 0.000000000000000000e+00
2.893539225810718915e-02 -2.883585740331551239e-01 3.184803192688240858e-01 2.293142007936928906e+00 -1.213753183517418677e-02 2.242201837854036039e+00 3.320333373311551428e-01 1.829738808534663586e-01 -1.978687410931976309e-01 -3.987507823807929785e-01 7.571052060296371566e-01 1.231488564946189967e+00 0.000000000000000000e+00
3.186867362508198631e-02 -2.891075756229404825e-01 3.177654905567577903e-01 2.297864796545773469e+00 -6.452884999045949144e-03 2.246743646445932274e+00 3.412467761488796048e-01 1.915279875643144947e-01 -2.063795381468185308e-01 -3.974216652597616362e-01 7.618142074691153232e-01 1.240964491578855355e+00 0.000000000000000000e+00
3.456332393529776975e-02 -2.897911982081444737e-01 3.170531193586814678e-01 2.302134960729499191e+00 -1.352347953162968963e-03 2.251157203781838145e+00 3.496302408128809658e-01 1.995986972477996335e-01 -2.143166903016360259e-01 -3.961081609206209553e-01 7.662522322676779130e-01 1.249564105054830288e+00 0.000000000000000000e+00
3.746789942962652775e-02 -2.905231608399988508e-01 3.162237030621984357e-01 2.306659708284481969e+00 4.011726594617570640e-03 2.256177229066865131e+00 3.585798935246330421e-01 2.085282430933216857e-01 -2.229988617714036003e-01 -3.945909247580891566e-01 7.711577084165766038e-01 1.258718588143923123e+00 0.000000000000000000e+00
4.013488057038266249e-02 -2.911907633296260678e-01 3.154039460052998622e-01 2.310739644887794153e+00 8.811498817855145660e-03 2.261031651323708314e+00 3.667172821039110797e-01 2.169412022663956274e-01 -2.310871483180831909e-01 -3.931023841563029975e-01 7.757753634306649992e-01 1.267017530732827968e+00 0.000000000000000000e+00
4.300819534381249837e-02 -2.919049896613654105e-01 3.144565837980201617e-01 2.315050808548159367e+00 1.384491165079104746e-02 2.266528243220037098e+00 3.753977890979970922e-01 2.262365832219104811e-01 -2.399255141857834506e-01 -3.913940328960444637e-01 7.808734527054036478e-01 1.275842181320914648e+00 0.000000000000000000e+00
4.564546639162043312e-02 -2.925555344540449743e-01 3.135269882093613125e-01 2.318927361872064274e+00 1.833660907927647798e-02 2.271819269585810375e+00 3.832861055363254721e-01 2.349803902261563271e-01 -2.481496219480572307e-01 -3.897288581349587222e-01 7.856657445079739954e-01 1.283834860384460486e+00 0.000000000000000000e+00
4.848567852316771482e-02 -2.932504644113853587e-01 3.124596950997532985e-01 2.323012315114402870e+00 2.303365444437144305e-02 2.277785040935691008e+00 3.916964348378229599e-01 2.446265594315050751e-01 -2.571260727182784755e-01 -3.878289257237825804e-01 7.909495226897184095e-01 1.292326349520178219e+00 0.000000000000000000e+00
5.109116894507312323e-02 -2.938826305636593750e-01 3.114180366616363660e-01 2.326674400566684398e+00 2.721134024442051214e-02 2.283508051567833874e+00 3.993337150538976421e-01 2.536889137916380488e-01 -2.654698895715512652e-01 -3.859856520647979017e-01 7.959110583795633298e-01 1.300008370842566041e+00 0.000000000000000000e+00
5.389561549003878821e-02 -2.945569538683650013e-01 3.102279021881675369e-01 2.330521453484766248e+00 3.156480301625474993e-02 2.289940528443257683e+00 4.074705710009576265e-01 2.636741533380242974e-01 -2.745671146972072929e-01 -3.838914420521005177e-01 8.013755320412697669e-01 1.308160306939298856e+00 0.000000000000000000e+00
5.646722102111251251e-02 -2.951691301001925782e-01 3.090722155846541419e-01 2.333959807479919490e+00 3.542397202847435977e-02 2.296090410987536412e+00 4.148558495988836081e-01 2.730417725381076299e-01 -2.830135964105027213e-01 -3.818687046251580397e-01 8.065003195059364804e-01 1.315528208411111954e+00 0.000000000000000000e+00
5.923400891430673915e-02 -2.958206733691362000e-01 3.077578821425473454e-01 2.337560570443447894e+00 3.943115249312079129e-02 2.302981227688913002e+00 4.227204639035102574e-01 2.833492212868798377e-01 -2.922121548156364490e-01 -3.795800172738575951e-01 8.121377654804433632e-01 1.323339526204423411e+00 0.000000000000000000e+00
6.176960827349583377e-02 -2.964109595922577167e-01 3.064865224443285574e-01 2.340767943317312749e+00 4.296864555299118038e-02 2.309552390502742192e+00 4.298538407518284199e-01 2.930079739283792395e-01 -3.007435913677052319e-01 -3.773766509459804963e-01 8.174194131333156754e-01 1.330391044138735213e+00 0.000000000000000000e+00
6.449605015061050939e-02 -2.970377555408426629e-01 3.050458452286812783e-01 2.344115043571928680e+00 4.662559927418064021e-02 2.316897568845148747e+00 4.374452480181264535e-01 3.036236669285713452e-01 -3.100245746085767973e-01 -3.748910228320686544e-01 8.232236395710889054e-01 1.337857748886990272e+00 0.000000000000000000e+00
6.699354165438077546e-02 -2.976039341839068486e-01 3.036574786890024469e-01 2.347086133388986084e+00 4.983972744225617646e-02 2.323884067307066204e+00 4.443279881183544999e-01 3.135584562170574130e-01 -3.186223238717886819e-01 -3.725059290493072939e-01 8.286552897723600264e-01 1.344591818019364782e+00 0.000000000000000000e+00
6.967775403540847623e-02 -2.982031622324385900e-01 3.020897966587220429e-01 2.350175310561556596e+00 5.314669683637696096e-02 2.331674454182105727e+00 4.516498169033093535e-01 3.244637014067683900e-01 -3.279645598177320931e-01 -3.698235266203522831e-01 8.346176413998568355e-01 1.351715374461163188e+00 0.000000000000000000e+00
7.213503536549423223e-02 -2.987427034598890696e-01 3.005835688116903492e-01 2.352906495165595580e+00 5.603724847738167369e-02 2.339069530354370041e+00 4.582842505214011486e-01 3.346583819281325756e-01 -3.366094470322382737e-01 -3.672557399868114358e-01 8.401919704565289360e-01 1.358131728475491018e+00 0.000000000000000000e+00
7.477438037148972927e-02 -2.993116992115322783e-01 2.988875844031605444e-01 2.355734424713162412e+00 5.899343167500381568e-02 2.347299998332911031e+00 4.653380321426395239e-01 3.458369673142265843e-01 -3.459921630267508430e-01 -3.643743994244275086e-01 8.463051901597784532e-01 1.364910671872233250e+00 0.000000000000000000e+00
7.718941608734795901e-02 -2.998217609869206490e-01 2.972629744502788274e-01 2.358224109836034366e+00 6.156155340401436860e-02 2.355096666066935462e+00 4.717277212565530453e-01 3.562745281270060516e-01 -3.546639481682669626e-01 -3.616231542812938793e-01 8.520143417466359281e-01 1.371010642349059783e+00 0.000000000000000000e+00
7.978210752179445975e-02 -3.003570467682020184e-01 2.954389692351080399e-01 2.360790541979912227e+00 6.417031360786218386e-02 2.363756878257455174e+00 4.785195476950684923e-01 3.677058142110348760e-01 -3.640645073420831768e-01 -3.585433083491581518e-01 8.582687089876597231e-01 1.377448967442380878e+00 0.000000000000000000e+00
8.215295228948649164e-02 -3.008344691630288614e-01 2.936959553937239509e-01 2.363038913107394556e+00 6.641869461290372811e-02 2.371947495226469194e+00 4.846692859947658305e-01 3.783682456883578071e-01 -3.727422845960517428e-01 -3.556079389061591600e-01 8.641042941472686367e-01 1.383235084384741409e+00 0.000000000000000000e+00
8.469655105028305042e-02 -3.013326465916861263e-01 2.917436115422245013e-01 2.365344454256575801e+00 6.868249763954814568e-02 2.381031254076790837e+00 4.912034515978161431e-01 3.900336236322046735e-01 -3.821377837637969233e-01 -3.523276901019949392e-01 8.704913533896055933e-01 1.389334255913240890e+00 0.000000000000000000e+00
8.702133893196063730e-02 -3.017739514400786804e-01 2.898827342896131976e-01 2.367353255117310873e+00 7.061522616343784975e-02 2.389607460208025724e+00 4.971191979062363209e-01 4.009018175932499428e-01 -3.907999815253886400e-01 -3.492077303059398785e-01 8.764445171113414146e-01 1.394810114588607375e+00 0.000000000000000000e+00
8.951431589316054260e-02 -3.022308899052242870e-01 2.878034625031729021e-01 2.369401357246638806e+00 7.254049947599572334e-02 2.399103204638383335e+00 5.034044911054187388e-01 4.127787503961899418e-01 -4.001665853953062513e-01 -3.457278775780742164e-01 8.829536157106313565e-01 1.400576923613064961e+00 0.000000000000000000e+00
9.179137617462181098e-02 -3.026322683625738974e-01 2.858257152737118667e-01 2.371174041180593051e+00 7.416308661012127601e-02 2.408056494885618015e+00 5.090936356945868768e-01 4.238326998432682124e-01 -4.087906999533097441e-01 -3.424229279547995053e-01 8.890151035097062504e-01 1.405747717185562795e+00 0.000000000000000000e+00
9.423161448974126664e-02 -3.030438501992643863e-01 2.836203077600661926e-01 2.372968505694758257e+00 7.575538148505422953e-02 2.417956989995306394e+00 5.151371804458173553e-01 4.359001485326897130e-01 -4.181032416530989781e-01 -3.387419399856055890e-01 8.956364543489430119e-01 1.411186424763722469e+00 0.000000000000000000e+00
9.645943851991455043e-02 -3.034011861386012865e-01 2.815272658945282558e-01 2.374509995604599855e+00 7.707473432205169672e-02 2.427278179341579634e+00 5.206083452997625205e-01 4.471187146246485833e-01 -4.266658371899216817e-01 -3.352518007980295200e-01 9.017962793712690495e-01 1.416058677978022651e+00 0.000000000000000000e+00
9.884579907139165456e-02 -3.037626350134566833e-01 2.791983691608342921e-01 2.376057412885943076e+00 7.834333160572315435e-02 2.437570851160437257e+00 5.264216930642692249e-01 4.593521448290092679e-01 -4.358991498472810644e-01 -3.313707761414570463e-01 9.085183642787379998e-01 1.421178871489809037e+00 0.000000000000000000e+00
1.010231328294652203e-01 -3.040715229006863973e-01 2.769922696792120886e-01 2.377374112949564466e+00 7.936782399048114556e-02 2.447250034115956652e+00 5.316848983265928252e-01 4.707132233288009449e-01 -4.443763910711668874e-01 -3.276953808105522725e-01 9.147660736170367679e-01 1.425760573829181421e+00 0.000000000000000000e+00
1.033540340036887828e-01 -3.043780058737724503e-01 2.745420097237697421e-01 2.378681362522089504e+00 8.032139187096909438e-02 2.457926410389620564e+00 5.372783022745726278e-01 4.830889994934264298e-01 -4.535033104429773143e-01 -3.236131210441107187e-01 9.215778404742139829e-01 1.430569843283700848e+00 0.000000000000000000e+00
1.054798827125081745e-01 -3.046337086697927798e-01 2.722256084657328490e-01 2.379780540392085086e+00 8.106043548683583566e-02 2.467953618394636894e+00 5.423449995379620026e-01 4.945693543205400000e-01 -4.618700304816245605e-01 -3.197526360174454685e-01 9.279025151680160288e-01 1.434870315811960895e+00 0.000000000000000000e+00
1.077547844658845594e-01 -3.048798668540609880e-01 2.696579184752863068e-01 2.380856904452294476e+00 8.171093469151990973e-02 2.479000138020045263e+00 5.477329406078421670e-01 5.070610445716111636e-01 -4.708639249569857022e-01 -3.154705725902207103e-01 9.347912473806966327e-01 1.439381444382445974e+00 0.000000000000000000e+00
1.098284834135117988e-01 -3.050773738949925651e-01 2.672346564561400850e-01 2.381746987528837511e+00 8.217527490926901379e-02 2.489364757410211126e+00 5.526160129140705868e-01 5.186364076706133641e-01 -4.790944243058756769e-01 -3.114252308943903369e-01 9.411814358373146172e-01 1.443411472902008441e+00 0.000000000000000000e+00
1.120465111179894807e-01 -3.052576980366508708e-01 2.645530987133886125e-01 2.382601636946488632e+00 8.253412072869892313e-02 2.500771764274489772e+00 5.578120066483832629e-01 5.312176800028520773e-01 -4.879260656918236183e-01 -3.069425315685417321e-01 9.481348162854570383e-01 1.447635379548928736e+00 0.000000000000000000e+00
1.140677553472499162e-01 -3.053917374481908142e-01 2.620270947364096159e-01 2.383292149067623988e+00 8.273560391833001404e-02 2.511462568819009533e+00 5.625258017778235198e-01 5.428627180538734276e-01 -4.959939124771368668e-01 -3.027127992567369974e-01 9.545784677009581110e-01 1.451407480916916848e+00 0.000000000000000000e+00
1.162291038604626736e-01 -3.055003267767001929e-01 2.592369741203384148e-01 2.383936307488859541e+00 8.281685756505963170e-02 2.523215638154535423e+00 5.675473251712225276e-01 5.555050766436158138e-01 -5.046351378451443548e-01 -2.980312616660003022e-01 9.615827811049483254e-01 1.455360144606812289e+00 0.000000000000000000e+00
1.181979984027204528e-01 -3.055653633496595578e-01 2.566130203310391655e-01 2.384437416919867214e+00 8.276839952791714694e-02 2.534220853256414330e+00 5.721077222218742264e-01 5.671932579042964218e-01 -5.125129680866804538e-01 -2.936177379494664952e-01 9.680671788851278325e-01 1.458888300418949235e+00 0.000000000000000000e+00
1.203027328402282853e-01 -3.055960952462604130e-01 2.537193532204163882e-01 2.384881834125473610e+00 8.258579009586686226e-02 2.546309240157506704e+00 5.769718527948494158e-01 5.798677741642015437e-01 -5.209324852939387629e-01 -2.887368960406510587e-01 9.751087765443791078e-01 1.462584235379761344e+00 0.000000000000000000e+00
1.222198378736569502e-01 -3.055863401580852234e-01 2.510028632077735411e-01 2.385204284527187468e+00 8.230099488308395550e-02 2.557616843508099258e+00 5.813963620508797447e-01 5.915715682067728132e-01 -5.285920694841428347e-01 -2.841403798677151205e-01 9.816208046208682036e-01 1.465884158286478556e+00 0.000000000000000000e+00
1.242690631689321590e-01 -3.055328490703020927e-01 2.480124556369541766e-01 2.385461544500147468e+00 8.187030360859548495e-02 2.570024872096515089e+00 5.861237393018794428e-01 6.042474826262501653e-01 -5.367603840215793287e-01 -2.790623974592065792e-01 9.886849059913305204e-01 1.469342672436110053e+00 0.000000000000000000e+00
1.261353783703222653e-01 -3.054423122336371033e-01 2.452095237605220746e-01 2.385616590525750702e+00 8.136340377726725137e-02 2.581622250950475372e+00 5.904313357860553335e-01 6.159382271794799912e-01 -5.441726937045696655e-01 -2.742838542257637902e-01 9.952108490845151811e-01 1.472431672984492845e+00 0.000000000000000000e+00
1.281302235460694272e-01 -3.052979461024113994e-01 2.421288642485488751e-01 2.385698527523251400e+00 8.070000337116667311e-02 2.594337925694153224e+00 5.950426657925548257e-01 6.285838481415577661e-01 -5.520562497424494897e-01 -2.690086480937780022e-01 1.002282274147975327e+00 1.475671142134465263e+00 0.000000000000000000e+00
1.299472844610525812e-01 -3.051204262760437436e-01 2.392463311075767041e-01 2.385697642828044085e+00 7.998594689429161519e-02 2.606211624523160797e+00 5.992540555823515636e-01 6.402315826431828061e-01 -5.591915240930442899e-01 -2.640492096432915381e-01 1.008807751187969171e+00 1.478568128768253498e+00 0.000000000000000000e+00
1.318899060605625562e-01 -3.048784567983331417e-01 2.360835684041922566e-01 2.385617401872538235e+00 7.910633361603114366e-02 2.619218347294854254e+00 6.037733067941615239e-01 6.528142198454801592e-01 -5.667594289627224668e-01 -2.585793264356209820e-01 1.015870720714968423e+00 1.481611322945886933e+00 0.000000000000000000e+00
1.336597505928418250e-01 -3.046075841276716378e-01 2.331288535884533664e-01 2.385472613123527541e+00 7.820015359570575697e-02 2.631354552189382190e+00 6.079107938637087205e-01 6.643879850478282556e-01 -5.735869750493586272e-01 -2.534403077038791530e-01 1.022380817999667180e+00 1.484337334637692241e+00 0.000000000000000000e+00
1.355524724243019064e-01 -3.042608839749988969e-01 2.298919852542184727e-01 2.385242436076402406e+00 7.712054632351472705e-02 2.644638815876126703e+00 6.123626005209124035e-01 6.768729508171470455e-01 -5.808034758132009090e-01 -2.477760803156600633e-01 1.029418753812419540e+00 1.487206624396143262e+00 0.000000000000000000e+00
1.372776987200457488e-01 -3.038901147175110395e-01 2.268731918659010194e-01 2.384965351892385232e+00 7.603741983409673111e-02 2.657022924579869549e+00 6.164502864780749825e-01 6.883405224710281711e-01 -5.872918017559882742e-01 -2.424589959755328039e-01 1.035897958428473320e+00 1.489784031699122213e+00 0.000000000000000000e+00
1.391237707896275377e-01 -3.034316868907410703e-01 2.235717156436091146e-01 2.384598698400020922e+00 7.477423099098690074e-02 2.670566729099997705e+00 6.208620125608730334e-01 7.006929293970882711e-01 -5.941246075857773423e-01 -2.366033372392074285e-01 1.042893949454056779e+00 1.492505915491237678e+00 0.000000000000000000e+00
1.408074765614119039e-01 -3.029543641083647376e-01 2.204975523102255530e-01 2.384201343679632767e+00 7.352906729196906355e-02 2.683183409015514886e+00 6.249255969101704666e-01 7.120209514098492232e-01 -6.002414225564985939e-01 -2.311098850558896689e-01 1.049326149276870845e+00 1.494959219487418611e+00 0.000000000000000000e+00
1.426104705736370992e-01 -3.023766990391501541e-01 2.171408695906810460e-01 2.383710436593154292e+00 7.209836851517659184e-02 2.696971436176084591e+00 6.293260045583356499e-01 7.242031157632259353e-01 -6.066525168276735158e-01 -2.250635772750282648e-01 1.056262019440845856e+00 1.497560328924099071e+00 0.000000000000000000e+00
1.442563459814507343e-01 -3.017860088370490912e-01 2.140206189055450237e-01 2.383204536535717288e+00 7.070568748891981059e-02 2.709804586304812357e+00 6.333931841751045955e-01 7.353570336197231549e-01 -6.123645978917300337e-01 -2.193956547507966981e-01 1.062630436555552338e+00 1.499915894908274261e+00 0.000000000000000000e+00
1.460205433082293891e-01 -3.010819447696943540e-01 2.106194310293822980e-01 2.382602622107358403e+00 6.912257565676505067e-02 2.723817243141983369e+00 6.378130328992273057e-01 7.473319374612644728e-01 -6.183203581955287742e-01 -2.131619935872482441e-01 1.069488209520560895e+00 1.502426323709837197e+00 0.000000000000000000e+00
1.476327348408127960e-01 -3.003709774741075700e-01 2.074629355758196847e-01 2.381999891203243180e+00 6.759602877697590273e-02 2.736849963669270913e+00 6.419131691344861501e-01 7.582759982238632679e-01 -6.235937500490218444e-01 -2.073216646719476530e-01 1.075775666538129061e+00 1.504712381189561077e+00 0.000000000000000000e+00
1.493629135384228201e-01 -2.995326647751206939e-01 2.040279145862990418e-01 2.381299036321666840e+00 6.587522539461776461e-02 2.751069853272071430e+00 6.463856152901379382e-01 7.700028951888910900e-01 -6.290538960739566754e-01 -2.009018984824730847e-01 1.082535634912104250e+00 1.507163421498815881e+00 0.000000000000000000e+00
1.509460853519852541e-01 -2.986943886159149630e-01 2.008455567546665876e-01 2.380610822741327404e+00 6.422764238157840921e-02 2.764284064899893423e+00 6.505500668657220320e-01 7.806999477603849824e-01 -6.338535781485521436e-01 -1.948914435077868934e-01 1.088724022337121511e+00 1.509410064194406598e+00 0.000000000000000000e+00
1.526474662377131364e-01 -2.977145301603223437e-01 1.973884128107848135e-01 2.379823897653455589e+00 6.238175186968142327e-02 2.778689711153029318e+00 6.551095318099923182e-01 7.921396893808748674e-01 -6.387830893262887999e-01 -1.882892674283986878e-01 1.095367077939242373e+00 1.511835671315250762e+00 0.000000000000000000e+00
1.542066480702915243e-01 -2.967418676587678661e-01 1.941910241762491995e-01 2.379061893778824377e+00 6.062450290935395003e-02 2.792066309181583161e+00 6.593713219234188516e-01 8.025515839786486749e-01 -6.430735084214336261e-01 -1.821111831078488230e-01 1.101437820223105213e+00 1.514075256633952815e+00 0.000000000000000000e+00
1.558850134099001028e-01 -2.956122850547849290e-01 1.907235585929681898e-01 2.378200664596828773e+00 5.866571478415183449e-02 2.806637785760075943e+00 6.640554893857318897e-01 8.136600949385598414e-01 -6.474297075955035563e-01 -1.753282616142282924e-01 1.107942657764650951e+00 1.516511383241102795e+00 0.000000000000000000e+00
1.574256266893908907e-01 -2.944979949708023681e-01 1.875223814410387491e-01 2.377375943525043667e+00 5.680852879128472921e-02 2.820156653246530976e+00 6.684497717633899327e-01 8.237472836204258186e-01 -6.511741786671820797e-01 -1.689852443984184438e-01 1.113876580147511230e+00 1.518777999644869148e+00 0.000000000000000000e+00
1.590868626583526735e-01 -2.932112784647175063e-01 1.840571441507500017e-01 2.376453208554431207e+00 5.474579681603497505e-02 2.834870023328548427e+00 6.732967915263613490e-01 8.344832183438349871e-01 -6.549207802677329271e-01 -1.620257220350120597e-01 1.120222893025170086e+00 1.521262728941913389e+00 0.000000000000000000e+00
1.606146281713144441e-01 -2.919480181736576196e-01 1.808638017214621585e-01 2.375577003864357550e+00 5.279668569490425512e-02 2.848509633810483610e+00 6.778607172654573798e-01 8.442049547451146996e-01 -6.580819524816569066e-01 -1.555206514668708850e-01 1.126000088377878905e+00 1.523592728579623579e+00 0.000000000000000000e+00
1.622651961446821278e-01 -2.904956218178693650e-01 1.774134614327910198e-01 2.374604426982319438e+00 5.063823825495283870e-02 2.863342150800765928e+00 6.829130001694467822e-01 8.545210421226728803e-01 -6.611739490862661439e-01 -1.483866920520643118e-01 1.132165039985303379e+00 1.526166940089294100e+00 0.000000000000000000e+00
1.637859505111611824e-01 -2.890759238167340262e-01 1.742399049081330142e-01 2.373688164209952767e+00 4.860302555306272865e-02 2.877079554211409373e+00 6.876855845799505484e-01 8.638351817191159965e-01 -6.637134729227385233e-01 -1.417226807011158496e-01 1.137764868809412855e+00 1.528598805638700098e+00 0.000000000000000000e+00
1.654319565522230917e-01 -2.874502100181256514e-01 1.708175530984266111e-01 2.372678645631844496e+00 4.635276271005395188e-02 2.892004796310295056e+00 6.929851419911536858e-01 8.736878124879731145e-01 -6.661130476439270920e-01 -1.344188365758974546e-01 1.143727153857882373e+00 1.531304710464275187e+00 0.000000000000000000e+00
1.669516023756407452e-01 -2.858664167113778021e-01 1.676759587288794706e-01 2.371733677080525293e+00 4.423483831982721881e-02 2.905815717639740114e+00 6.980075309119069260e-01 8.825510123328387246e-01 -6.679917746349235408e-01 -1.275991967487474787e-01 1.149128444022726514e+00 1.533878921973945708e+00 0.000000000000000000e+00
1.685997582522775207e-01 -2.840583838206490741e-01 1.642949508456988950e-01 2.370699275958354946e+00 4.189636975356503257e-02 2.920807132109965121e+00 7.036017670977272598e-01 8.918895864322833322e-01 -6.696517229423699646e-01 -1.201281477189641289e-01 1.154863161956048545e+00 1.536762592802283445e+00 0.000000000000000000e+00
1.701240736949161392e-01 -2.823026153023567297e-01 1.611977184204064772e-01 2.369737615896454930e+00 3.969643499382335960e-02 2.934665746736004444e+00 7.089171703174165229e-01 9.002571054192576305e-01 -6.708296390925119201e-01 -1.131564330711922334e-01 1.160044208698743251e+00 1.539522160323823385e+00 0.000000000000000000e+00
1.717801365723495566e-01 -2.803042633745251866e-01 1.578714626217214145e-01 2.368691799417874222e+00 3.726788044665862998e-02 2.949693758185700343e+00 7.148520913856852843e-01 9.090356833204858988e-01 -6.717107459391647994e-01 -1.055231309519958083e-01 1.165528855805706865e+00 1.542629936157891679e+00 0.000000000000000000e+00
1.733146499215232339e-01 -2.783683870535393901e-01 1.548310805133543688e-01 2.367725686188437706e+00 3.498400726721362375e-02 2.963572496350822760e+00 7.205058492218691102e-01 9.168615819207656115e-01 -6.721469717257197996e-01 -9.840308655388489700e-02 1.170467022256986400e+00 1.545619867113723567e+00 0.000000000000000000e+00
1.749847959466735436e-01 -2.761699975645288685e-01 1.515733188800086340e-01 2.366681803358321901e+00 3.246292041517895299e-02 2.978606905755021739e+00 7.268339194460609054e-01 9.250260348746214278e-01 -6.721995025782215860e-01 -9.061074378334030288e-02 1.175675233242799766e+00 1.549003413278669194e+00 0.000000000000000000e+00
1.765345818995880944e-01 -2.740455278517273663e-01 1.486023764518852597e-01 2.365723993363438638e+00 3.009026577962359283e-02 2.992476365053920340e+00 7.328736359032241854e-01 9.322629088208027603e-01 -6.718522263720752008e-01 -8.334637269890389499e-02 1.180347216743125927e+00 1.552270978778141908e+00 0.000000000000000000e+00
1.782234318638510062e-01 -2.716385099830851968e-01 1.454265321095391528e-01 2.364696899642523498e+00 2.746830725791138406e-02 3.007484026023855339e+00 7.396449892908596446e-01 9.397651001905832358e-01 -6.710357011818567363e-01 -7.540039050059695047e-02 1.185255289474087315e+00 1.555981028492731344e+00 0.000000000000000000e+00
1.797928088670027458e-01 -2.693165817025485187e-01 1.425375977278556250e-01 2.363761376472971243e+00 2.499886962059338913e-02 3.021313154113017596e+00 7.461202657443055664e-01 9.463642802137450794e-01 -6.698623124055679279e-01 -6.799589136974115711e-02 1.189637387889758147e+00 1.559576029648229278e+00 0.000000000000000000e+00
1.815052108394572816e-01 -2.666902115699106290e-01 1.394575701558564695e-01 2.362766004755321170e+00 2.226754521323393021e-02 3.036259274712916678e+00 7.533928926281212579e-01 9.531464194037952975e-01 -6.681245332152639937e-01 -5.990002313633318448e-02 1.194216959700258540e+00 1.563669840875899109e+00 0.000000000000000000e+00
1.830975929040406236e-01 -2.641614950386464988e-01 1.366631796301381596e-01 2.361867682023945036e+00 1.969058830959413697e-02 3.050014710853540922e+00 7.603556607191062078e-01 9.590577714964169109e-01 -6.660814891850097563e-01 -5.235984010912705933e-02 1.198284405633136540e+00 1.567644475644787594e+00 0.000000000000000000e+00
1.848359434659603007e-01 -2.613063184039342568e-01 1.336920960242307665e-01 2.360921065281999631e+00 1.683487930228722007e-02 3.064862209864445575e+00 7.681837564272850916e-01 9.650695247621345896e-01 -6.633806443655059226e-01 -4.411992398907021995e-02 1.202510575966983408e+00 1.572177175820102857e+00 0.000000000000000000e+00
1.864535064391326102e-01 -2.585609293157328792e-01 1.310046494794893657e-01 2.360075591324428679e+00 1.413661157501433507e-02 3.078508675085467772e+00 7.756882114839922515e-01 9.702415833361501818e-01 -6.604236034491364205e-01 -3.644873008098900580e-02 1.206238202544767324e+00 1.576585639530565297e+00 0.000000000000000000e+00
1.882200975689269917e-01 -2.554648709682588725e-01 1.281562678038248027e-01 2.359195287931858509e+00 1.114169819039823039e-02 3.093217988931135753e+00 7.841354255665872186e-01 9.754214316563543097e-01 -6.567049650400313965e-01 -2.806908746927087514e-02 1.210081010839697102e+00 1.581620611887469163e+00 0.000000000000000000e+00
1.898634812502268399e-01 -2.524923002650248383e-01 1.255879226090635126e-01 2.358419956935673412e+00 8.305585606692922340e-03 3.106717871295411992e+00 7.922381597621805938e-01 9.798013995431531509e-01 -6.527885203409610204e-01 -2.027179912535821693e-02 1.213442585925649464e+00 1.586520029344888005e+00 0.000000000000000000e+00
1.916571971712037470e-01 -2.491447683426123993e-01 1.228748380886164893e-01 2.357625765012549834e+00 5.150478921144951983e-03 3.121247261125294159e+00 8.013628820260917385e-01 9.840966123282602895e-01 -6.480089451325957706e-01 -1.175872174005411150e-02 1.216875800044925349e+00 1.592116928691798439e+00 0.000000000000000000e+00
