-6.468965292817097090e-04 -1.347641806843602463e-03 1.298232519016964681e-03 3.043321282452104981e-04 -4.060916215102405857e-03 -6.627513051536304545e-03 0.000000000000000000e+00
-5.737259614188860990e-04 -1.208413373218586440e-03 1.259584450723619242e-03 1.592563224055432158e-04 -3.856191687674037638e-03 -6.211706557197160805e-03 0.000000000000000000e+00
-5.946560640536224795e-04 -1.272723328821084854e-03 1.428985165039892147e-03 4.155480684087109466e-05 -4.289429748373763118e-03 -6.827008667930734021e-03 0.000000000000000000e+00
-5.227188326288878528e-04 -1.143236585950418993e-03 1.376447328527846681e-03 -8.147826685167558480e-05 -4.057189305163966253e-03 -6.387617106771603659e-03 0.000000000000000000e+00
-5.363088027777185296e-04 -1.206215341057387258e-03 1.551294526665233930e-03 -2.171075013008838539e-04 -4.495792357027905695e-03 -7.008968254297531786e-03 0.000000000000000000e+00
-4.657875631616514855e-04 -1.085268651404375229e-03 1.485892064532964851e-03 -3.191638412598507557e-04 -4.238396414808942581e-03 -6.549250521543203973e-03 0.000000000000000000e+00
-4.712402482800748249e-04 -1.147098808910229639e-03 1.666018702527471973e-03 -4.733909089393861791e-04 -4.681526729068963277e-03 -7.177693450068467484e-03 0.000000000000000000e+00
-4.028478342847918725e-04 -1.034208612098769242e-03 1.587621284331153237e-03 -5.533508182851143431e-04 -4.398367296598593157e-03 -6.698686613068716156e-03 0.000000000000000000e+00
-3.999314080191662679e-04 -1.095482334961983550e-03 1.771614304083249380e-03 -7.246020198743430285e-04 -4.841898406946931743e-03 -7.333174872675929379e-03 0.000000000000000000e+00
-3.339386742259031760e-04 -9.897029984891891896e-04 1.681338932832940336e-03 -7.836279507276167067e-04 -4.535546752097552314e-03 -6.837790000877586039e-03 0.000000000000000000e+00
-3.218996978176513757e-04 -1.050567479359915124e-03 1.868914903178517384e-03 -9.721360236780718367e-04 -4.978011698583362232e-03 -7.479283569256089947e-03 0.000000000000000000e+00
-2.591516643276892129e-04 -9.513822902842972162e-04 1.766786722056781778e-03 -1.009360286194915801e-03 -4.648307930719131065e-03 -6.968241429246013752e-03 0.000000000000000000e+00
-2.380106694410966117e-04 -1.012319311537945854e-03 1.956763218437324037e-03 -1.213473754756666523e-03 -5.086077152705037463e-03 -7.616471979223327082e-03 0.000000000000000000e+00
-1.787288303150003088e-04 -9.188676476628576673e-04 1.843810259074860070e-03 -1.229949175804989636e-03 -4.735352216298949202e-03 -7.091785851339516000e-03 0.000000000000000000e+00
-1.478000657287870112e-04 -9.800977663024235120e-04 2.035864447649693432e-03 -1.449774491856459235e-03 -5.166601168554052492e-03 -7.747783437751287750e-03 0.000000000000000000e+00
-9.302152215559522652e-05 -8.918693101523933464e-04 1.912416841008124369e-03 -1.444723203480879903e-03 -4.795790132395616467e-03 -7.210397439617377557e-03 0.000000000000000000e+00
-5.238467557794335150e-05 -9.536463857540422584e-04 2.105337665578632667e-03 -1.678653674740182566e-03 -5.216489381016486959e-03 -7.873542862232518758e-03 0.000000000000000000e+00
-2.346278517334488001e-06 -8.699404249408737577e-04 1.972451989952550555e-03 -1.653009693550089310e-03 -4.828171823565874377e-03 -7.325073791970115877e-03 0.000000000000000000e+00
4.858725525649920662e-05 -9.325290604141334150e-04 2.165904653258388102e-03 -1.900920941957373600e-03 -5.236380042690669256e-03 -7.996543733371552776e-03 0.000000000000000000e+00
9.287176704755872869e-05 -8.527434701318670207e-04 2.023973598235639937e-03 -1.854103716825150627e-03 -4.831651964834815516e-03 -7.437174086997178080e-03 0.000000000000000000e+00
1.537684030232799870e-04 -9.162577212483147271e-04 2.217014954720791797e-03 -2.114194324536633474e-03 -5.224026510251000843e-03 -8.116848431589662738e-03 0.000000000000000000e+00
1.921906221226399314e-04 -8.398575847749500944e-04 2.067009746396203385e-03 -2.047312287990266100e-03 -4.805398408293637402e-03 -7.547598345497341654e-03 0.000000000000000000e+00
2.635847526264445406e-04 -9.045304711531865216e-04 2.259245293354389394e-03 -2.319151600862490170e-03 -5.179487465443166627e-03 -8.236186487999841432e-03 0.000000000000000000e+00
2.950806021705665305e-04 -8.308926392838200670e-04 2.101708969375698510e-03 -2.231714939774143147e-03 -4.748810435866168689e-03 -7.657104289874094860e-03 0.000000000000000000e+00
3.765372566738867111e-04 -8.966950853709076963e-04 2.292275751292816022e-03 -2.513539811511478206e-03 -5.101473641285547700e-03 -8.354359954466428206e-03 0.000000000000000000e+00
4.010216317066328529e-04 -8.254227500668342987e-04 2.128240142150322756e-03 -2.406523254162795666e-03 -4.661520628352455731e-03 -7.766210762858438699e-03 0.000000000000000000e+00
4.930497275001666235e-04 -8.925533476675795441e-04 2.316673753179038231e-03 -2.697636931042968200e-03 -4.989866686913924099e-03 -8.472278981467518122e-03 0.000000000000000000e+00
5.095241573018216563e-04 -8.230278602949503419e-04 2.146736720876951665e-03 -2.570853130689165766e-03 -4.543002197258338981e-03 -7.874895205069343262e-03 0.000000000000000000e+00
6.114621910246198500e-04 -8.913485147711286416e-04 2.332463828130515449e-03 -2.869308108627954823e-03 -4.844674605815946222e-03 -8.589735312650947918e-03 0.000000000000000000e+00
6.200408005349600238e-04 -8.232406166797656688e-04 2.157479850998511584e-03 -2.723707922070772725e-03 -4.393093609741161032e-03 -7.982914858825740367e-03 0.000000000000000000e+00
7.323160854427746003e-04 -8.929612148085019907e-04 2.340041637620748904e-03 -3.028533894657847725e-03 -4.665246057495853194e-03 -8.706470899325857715e-03 0.000000000000000000e+00
7.320123470258566023e-04 -8.256944457824544337e-04 2.160757031480692314e-03 -2.864155233859744243e-03 -4.211998110938974804e-03 -8.090088540484874358e-03 0.000000000000000000e+00
8.539291376137292389e-04 -8.964812588816983840e-04 2.339639109319807675e-03 -3.173251646832575545e-03 -4.452335511609728513e-03 -8.821607102348583140e-03 0.000000000000000000e+00
8.449203888631906523e-04 -8.298640337028317937e-04 2.156843812700259821e-03 -2.990939384440505222e-03 -3.999744418229145282e-03 -8.195357728708607681e-03 0.000000000000000000e+00
9.768407560871994466e-04 -9.019613730486264469e-04 2.331653394644361832e-03 -3.303158211341195027e-03 -4.205453122323898896e-03 -8.934419212324851145e-03 0.000000000000000000e+00
9.582657211964218380e-04 -8.353903878192125987e-04 2.146098210021402108e-03 -3.103138752543532775e-03 -3.756774748201685554e-03 -8.297870102636384360e-03 0.000000000000000000e+00
1.099362750346360995e-03 -9.083462527431918065e-04 2.316504397495366963e-03 -3.416119489873192805e-03 -3.926183170864128158e-03 -9.043462238639499162e-03 0.000000000000000000e+00
1.071528990505693502e-03 -8.418455325828466673e-04 2.128912941676858184e-03 -3.199575289627443198e-03 -3.483759091267746300e-03 -8.396391178585815851e-03 0.000000000000000000e+00
1.222131273913629190e-03 -9.158153213967845652e-04 2.294484694764398203e-03 -3.511655933578605726e-03 -3.613883948767604437e-03 -9.147218469676587915e-03 0.000000000000000000e+00
1.184240512672102286e-03 -8.488188865841683750e-04 2.105680459782821590e-03 -3.279012266594438785e-03 -3.181382021552714434e-03 -8.489334303821038930e-03 0.000000000000000000e+00
1.343483508843834606e-03 -9.232814242096931689e-04 2.266209586562373257e-03 -3.587852343190256477e-03 -3.271141520036380257e-03 -9.244049565153122927e-03 0.000000000000000000e+00
1.295977033681117163e-03 -8.559002594325793023e-04 2.076765944867248193e-03 -3.340296565285783004e-03 -2.850548721631707139e-03 -8.574832667872289704e-03 0.000000000000000000e+00
1.464078026703979907e-03 -9.310408734564123989e-04 2.231942487883858961e-03 -3.643894519831825107e-03 -2.897345790648042652e-03 -9.331855812067413325e-03 0.000000000000000000e+00
1.406268326898746368e-03 -8.627212327834976602e-04 2.042646962174710090e-03 -3.382091242574603029e-03 -2.492549155491019519e-03 -8.651109971500758888e-03 0.000000000000000000e+00
1.582376871732182888e-03 -9.379711195849349537e-04 2.192384911093969713e-03 -3.678257712969923432e-03 -2.495813153671200268e-03 -9.408684822401980341e-03 0.000000000000000000e+00
1.514780867344744930e-03 -8.689548091978804845e-04 2.003720869766745238e-03 -3.403480731191343978e-03 -2.108666998507757739e-03 -8.716056999090504576e-03 0.000000000000000000e+00
1.699044763723206453e-03 -9.444774345450934749e-04 2.147779430253460298e-03 -3.689861698874530305e-03 -2.066186854003060347e-03 -9.472203917676669249e-03 0.000000000000000000e+00
1.621091122139900476e-03 -8.742680936664748437e-04 1.960493417294817409e-03 -3.403202940781113739e-03 -1.700660569598166916e-03 -8.767699284105479052e-03 0.000000000000000000e+00
1.812677243689608808e-03 -9.494408305247281632e-04 2.098850596057300066e-03 -3.677658876970468782e-03 -1.612316752135356523e-03 -9.520135871498691671e-03 0.000000000000000000e+00
1.724925367368235207e-03 -8.783932678862182986e-04 1.913387921981063444e-03 -3.380506500329616415e-03 -1.270285093288414657e-03 -8.803949709685454650e-03 0.000000000000000000e+00
1.923949994672630170e-03 -9.533599997240405077e-04 2.045811150537785172e-03 -3.640484058335502482e-03 -1.134125014147002730e-03 -9.550059737105875968e-03 0.000000000000000000e+00
1.825982389888874957e-03 -8.810634231991021359e-04 1.862856336562135340e-03 -3.334540155839782472e-03 -8.195027613737693173e-04 -8.822634715732746713e-03 0.000000000000000000e+00
2.031544957773911975e-03 -9.551673304998564706e-04 1.989530289785768069e-03 -3.577915710423873463e-03 -6.363929580901483973e-04 -9.560264600745771446e-03 0.000000000000000000e+00
1.924018782646336190e-03 -8.820570076169542695e-04 1.809334179787513985e-03 -3.264765750564002644e-03 -3.505308472782076024e-04 -8.821799936800100994e-03 0.000000000000000000e+00
2.136235961048310594e-03 -9.554630411657272226e-04 1.930055730308521955e-03 -3.489093593919356806e-03 -1.188806796257324550e-04 -9.547962829877132407e-03 0.000000000000000000e+00
2.018762318569844449e-03 -8.811917159055326909e-04 1.753343462627454663e-03 -3.170782348362877201e-03 1.340513665910592067e-04 -8.799839388768493365e-03 0.000000000000000000e+00
2.236802262090054061e-03 -9.532152333383558940e-04 1.868281796833348718e-03 -3.374252418750778304e-03 4.129389071154676571e-04 -9.512018896485674446e-03 0.000000000000000000e+00
2.110062665184569974e-03 -8.782608304949701683e-04 1.695221338716357273e-03 -3.052460603413464924e-03 6.318818478487919776e-04 -8.754748466859751943e-03 0.000000000000000000e+00
2.334016517839015981e-03 -9.491201696838758028e-04 1.804251650797117357e-03 -3.232879308816549724e-03 9.590320896837312148e-04 -9.450006353565854056e-03 0.000000000000000000e+00
2.197751752006843473e-03 -8.732137823524166453e-04 1.635481813665407014e-03 -2.910200395749740210e-03 1.140145455396535112e-03 -8.685532394626438446e-03 0.000000000000000000e+00
2.426785709865514340e-03 -9.422024095308290104e-04 1.738878663620602172e-03 -3.066130653103016357e-03 1.513491598535754434e-03 -9.361493593362357757e-03 0.000000000000000000e+00
2.281727653147214152e-03 -8.658820681811951747e-04 1.574426165376174858e-03 -2.744449949198646266e-03 1.656165929288633265e-03 -8.590686814449632891e-03 0.000000000000000000e+00
2.515896207783752114e-03 -9.332455915385950984e-04 1.672134560698923522e-03 -2.873982982963596555e-03 2.076163514657558551e-03 -9.244467312198079156e-03 0.000000000000000000e+00
2.361863571243710824e-03 -8.562345908072477307e-04 1.512494330382196939e-03 -2.556114461589764630e-03 2.176969158096397905e-03 -8.469551909076500351e-03 0.000000000000000000e+00
2.600386683767663687e-03 -9.213168595131326910e-04 1.604871884323344489e-03 -2.658517656639602933e-03 2.640918870178587952e-03 -9.099277079663181667e-03 0.000000000000000000e+00
2.438100461827463761e-03 -8.442431008047479590e-04 1.450074503070636345e-03 -2.346526846283225609e-03 2.699531140571309606e-03 -8.321832934025330530e-03 0.000000000000000000e+00
2.681061267496703815e-03 -9.072296654031031249e-04 1.536936004341044049e-03 -2.420215687074289690e-03 3.207692586231658538e-03 -8.924010069830679015e-03 0.000000000000000000e+00
2.510388418322823112e-03 -8.298629966307646821e-04 1.387455575686535880e-03 -2.117166157779237778e-03 3.220999029105442446e-03 -8.146999874930838104e-03 0.000000000000000000e+00
2.757041788720410169e-03 -8.901858411632102008e-04 1.469296882766063517e-03 -2.162208303568391443e-03 3.770020367052762111e-03 -8.720629175560379309e-03 0.000000000000000000e+00
2.578722752806933416e-03 -8.131548701981461402e-04 1.325019759092244120e-03 -1.870128748859833934e-03 3.738359433962390455e-03 -7.945558957362486296e-03 0.000000000000000000e+00
2.829102321489779248e-03 -8.710137682937935111e-04 1.401690001560179644e-03 -1.885447568733766843e-03 4.327839187787674291e-03 -8.487487519993397456e-03 0.000000000000000000e+00
2.643097240477343401e-03 -7.941065334320929203e-04 1.262970933862933576e-03 -1.607447475122647518e-03 4.248774547562117476e-03 -7.717578463986907167e-03 0.000000000000000000e+00
2.896522120505451436e-03 -8.489441963399901869e-04 1.334966773855694733e-03 -1.593846601739556945e-03 4.875063773965404579e-03 -8.227100460656444625e-03 0.000000000000000000e+00
2.703527795558519076e-03 -7.727870282853432915e-04 1.201604728823274515e-03 -1.331724401526734880e-03 4.749354531872640450e-03 -7.463938238994494156e-03 0.000000000000000000e+00
2.960035323996496048e-03 -8.248646686280225460e-04 1.268841525096847667e-03 -1.288818461484098066e-03 5.411633501722246109e-03 -7.938342368594586418e-03 0.000000000000000000e+00
2.760045079842995963e-03 -7.493166018908148374e-04 1.141233329769342220e-03 -1.045748403627477785e-03 5.237284295583233273e-03 -7.185976321943066125e-03 0.000000000000000000e+00
3.019004479673903507e-03 -7.980742776676486017e-04 1.204144221086222988e-03 -9.749359248871769523e-04 5.931648527975230678e-03 -7.624833712814638176e-03 0.000000000000000000e+00
2.812717392303223929e-03 -7.237116074780280961e-04 1.081931836021676752e-03 -7.522851007273345658e-04 5.710155104532876891e-03 -6.884203993499760088e-03 0.000000000000000000e+00
3.074141204147326500e-03 -7.694506172408188682e-04 1.140476247165123080e-03 -6.538706649834580276e-04 6.435324125323660382e-03 -7.285246464539874012e-03 0.000000000000000000e+00
2.861579568408267882e-03 -6.961374400312192456e-04 1.023976935995984938e-03 -4.545105494262458024e-04 6.165287202773317432e-03 -6.560595303390925892e-03 0.000000000000000000e+00
3.124911282162565196e-03 -7.383350632749197118e-04 1.078585995844233425e-03 -3.305021058661594680e-04 6.917281980309386569e-03 -6.923812942175366913e-03 0.000000000000000000e+00
2.906715584150634801e-03 -6.666859951980075305e-04 9.675073723986182817e-04 -1.554422903282670632e-04 6.600505261345368524e-03 -6.216370992559117070e-03 0.000000000000000000e+00
3.171958995034446227e-03 -7.056456115407949703e-04 1.018065625357389425e-03 -6.737954063140705330e-06 7.377745833750282145e-03 -6.539543407554138099e-03 0.000000000000000000e+00
2.948196260265545376e-03 -6.354701270593343665e-04 9.125848493692911845e-04 1.417521375408625772e-04 7.013655202549262668e-03 -5.852969328626222989e-03 0.000000000000000000e+00
3.214831340642515523e-03 -6.707689425548279960e-04 9.596486560077832628e-04 3.125007586621819655e-04 7.811947599342783377e-03 -6.137172272354884939e-03 0.000000000000000000e+00
2.986114126041550243e-03 -6.026661427365187507e-04 8.593818746948089782e-04 4.338938245469492472e-04 7.402782170344845980e-03 -5.472394459105967002e-03 0.000000000000000000e+00
3.254122908402198866e-03 -6.345894199430435201e-04 9.027895405490093950e-04 6.253790087225041816e-04 8.220332335854063643e-03 -5.715178691579225756e-03 0.000000000000000000e+00
3.020543635239167357e-03 -5.683814617068461139e-04 8.078959030501930982e-04 7.179883387005148165e-04 7.766122289845966975e-03 -5.075905966287042048e-03 0.000000000000000000e+00
3.289465959136775308e-03 -5.965363112424015846e-04 8.481311871451624462e-04 9.271734585167834553e-04 8.598809174467092475e-03 -5.278647524348922815e-03 0.000000000000000000e+00
3.051581345188444927e-03 -5.327937973352292467e-04 7.582177740156903489e-04 9.910438840101676305e-04 8.102110288779051928e-03 -4.665375978721630901e-03 0.000000000000000000e+00
3.321373938573526918e-03 -5.575067696147739671e-04 7.951313492377543035e-04 1.216211545930434568e-03 8.947838999306512164e-03 -4.825947312462108840e-03 0.000000000000000000e+00
3.079295387456465471e-03 -4.960555432814428567e-04 7.103698538849512190e-04 1.250250825731491489e-03 8.409266789513925033e-03 -4.242358403819590507e-03 0.000000000000000000e+00
3.349556398620348596e-03 -5.169842200740126792e-04 7.444436255606978747e-04 1.488123744995739628e-03 9.264080669308061289e-03 -4.362541295590549595e-03 0.000000000000000000e+00
3.103793609543215037e-03 -4.583226121731842628e-04 6.642993063931124098e-04 1.493057792300689357e-03 8.686472452310134429e-03 -3.808234759806516934e-03 0.000000000000000000e+00
3.374458069258512438e-03 -4.758158526716738113e-04 6.953569481691901366e-04 1.741564900922476511e-03 9.548043312325393828e-03 -3.885929565890400283e-03 0.000000000000000000e+00
3.125142511898409969e-03 -4.197792967521873919e-04 6.200240623529529316e-04 1.716949795715905225e-03 8.932564124723096910e-03 -3.364641177120653026e-03 0.000000000000000000e+00
3.395852157472172006e-03 -4.335263990870863449e-04 6.485075026734787862e-04 1.972737567466076314e-03 9.797127539914907146e-03 -3.401829955381074910e-03 0.000000000000000000e+00
3.143435601474370289e-03 -3.805951715607769348e-04 5.774806387732200896e-04 1.919878257290896784e-03 9.146719077663956199e-03 -2.912879558356618048e-03 0.000000000000000000e+00
3.414098621913969067e-03 -3.909741943505518069e-04 6.031896467819097829e-04 2.180636364387034121e-03 1.001173889686057805e-02 -2.907560698253597309e-03 0.000000000000000000e+00
3.158740040351021294e-03 -3.409656580488362732e-04 5.366531053389023143e-04 2.099825657362330844e-03 9.328110959688551418e-03 -2.454454802285788162e-03 0.000000000000000000e+00
3.429050302006936279e-03 -3.476725229944466200e-04 5.598864740862796729e-04 2.362274677429887504e-03 1.019009398216219608e-02 -2.408408947172979708e-03 0.000000000000000000e+00
3.171140886920470470e-03 -3.010418383577184720e-04 4.973453523007265176e-04 2.255207481875132203e-03 9.476214268559601805e-03 -1.990171470267476650e-03 0.000000000000000000e+00
3.440968886670836557e-03 -3.045371827387621799e-04 5.180395658743730536e-04 2.516897535543627384e-03 1.033238490463084247e-02 -1.902099883195340624e-03 0.000000000000000000e+00
3.180697259408747646e-03 -2.610284789169026176e-04 4.595121857169370827e-04 2.384641908324880433e-03 9.590476614509846343e-03 -1.521420011693308538e-03 0.000000000000000000e+00
3.449788479021005660e-03 -2.610495084419683920e-04 4.779494975666320755e-04 2.642358780814646479e-03 1.043765409122432430e-02 -1.393357923820559563e-03 0.000000000000000000e+00
3.187484707694591274e-03 -2.211213850650262103e-04 4.230617654502610847e-04 2.487058909125039463e-03 9.670613645190506702e-03 -1.049376564180803939e-03 0.000000000000000000e+00
3.455677638200555651e-03 -2.181440078301011276e-04 4.390613498908013668e-04 2.738454803469458909e-03 1.050585880187160370e-02 -8.798809771821680670e-04 0.000000000000000000e+00
3.191555001778412920e-03 -1.815124740008888793e-04 3.878294494599199282e-04 2.561583218981589027e-03 9.716329543654644851e-03 -5.750753728333002357e-04 0.000000000000000000e+00
3.458640460911769493e-03 -1.752933745234885876e-04 4.016046529296546375e-04 2.803864162721936282e-03 1.053679087014369742e-02 -3.661275128541419122e-04 0.000000000000000000e+00
3.192975575826494800e-03 -1.423972568670994754e-04 3.536974336968423671e-04 2.607908894470156724e-03 9.727588124053276886e-03 -9.958768989015709394e-05 0.000000000000000000e+00
3.458755145825572960e-03 -1.334372047751553048e-04 3.650150295770315800e-04 2.838713706740492171e-03 1.053014578898370246e-02 1.502337773811035504e-04 0.000000000000000000e+00
3.191792761895425809e-03 -1.039747385968015081e-04 3.204829874552950209e-04 2.625711470717995155e-03 9.704325909656752458e-03 3.760463507989086906e-04 0.000000000000000000e+00
3.456099892177860039e-03 -9.209625320555359096e-05 3.296024778145500989e-04 2.842632639036501985e-03 1.048649844821980537e-02 6.641345028501888237e-04 0.000000000000000000e+00
3.188058724150142752e-03 -6.644437763644872597e-05 2.880515948701645179e-04 2.615294710214932650e-03 9.646699980560669019e-03 8.507274324864866344e-04 0.000000000000000000e+00
3.450664753213959074e-03 -5.217689833483807327e-05 2.946628005958684682e-04 2.816174588833320058e-03 1.040525151264581893e-02 1.178409132934543635e-03 0.000000000000000000e+00
3.181814546350296858e-03 -3.001441336791810244e-05 2.562122468844907353e-04 2.577035931726534557e-03 9.554885020939707374e-03 1.323254585955169205e-03 0.000000000000000000e+00
3.442596631847077288e-03 -1.319678629946308135e-05 2.605281693568994861e-04 2.760010764224496427e-03 1.028774106348340212e-02 1.687885857168058834e-03 0.000000000000000000e+00
3.173105890400870072e-03 5.136071378808448884e-06 2.247568268759492227e-04 2.511823781969901859e-03 9.429253163455442177e-03 1.792663353526791070e-03 0.000000000000000000e+00
3.431794591039826620e-03 2.390238154567625450e-05 2.265256929683823195e-04 2.675130015659554772e-03 1.013310965522551399e-02 2.194844943788964997e-03 0.000000000000000000e+00
3.161961689124206942e-03 3.878008723928738632e-05 1.935450729483867427e-04 2.420617384000678385e-03 9.270207662584795116e-03 2.257397117599868608e-03 0.000000000000000000e+00
3.418478558934470724e-03 5.964251100762374413e-05 1.928943707398822482e-04 2.562970892792115762e-03 9.943431521076906421e-03 2.694330165017522205e-03 0.000000000000000000e+00
3.148429248189216906e-03 7.072766785298778558e-05 1.624040824833583585e-04 2.305071553584170374e-03 9.078409557409905517e-03 2.716091782721807846e-03 0.000000000000000000e+00
3.402457306874832194e-03 9.306916626278249893e-05 1.589709961684615536e-04 2.425058795672896395e-03 9.717596023904206959e-03 3.188357574006150941e-03 0.000000000000000000e+00
3.132512745711617946e-03 1.007841662433728303e-04 1.310975630746114007e-04 2.166678766284846347e-03 8.854433716249054953e-03 3.167328833416860334e-03 0.000000000000000000e+00
3.384021223728682359e-03 1.247133687591606144e-04 1.250419025065063749e-04 2.263848819643143884e-03 9.458494177900789168e-03 3.671564483983313920e-03 0.000000000000000000e+00
3.114254987990922041e-03 1.287531992916202128e-04 9.948100282303196096e-05 2.007742228800069029e-03 8.599213515446457734e-03 3.609401261508882186e-03 0.000000000000000000e+00
3.362887612116338687e-03 1.536161282525982941e-04 9.038753634199592213e-05 2.081191768811940790e-03 9.164787104161575826e-03 4.145708841373441089e-03 0.000000000000000000e+00
3.093662951257868110e-03 1.544448189347291667e-04 6.735616159192492347e-05 1.830374883041052669e-03 8.313659465050360353e-03 4.040546371967934647e-03 0.000000000000000000e+00
3.339419726922823739e-03 1.803363251033640591e-04 5.535158890856983760e-05 1.880312770897063501e-03 8.840171646728567367e-03 4.605250414106087931e-03 0.000000000000000000e+00
3.070744594159277585e-03 1.776797378980066178e-04 3.450566557872125628e-05 1.637280869325685728e-03 7.998891832776244826e-03 4.458917485860247609e-03 0.000000000000000000e+00
3.313232053899627105e-03 2.039077403886147000e-04 1.919625653917789165e-05 1.663570429309757515e-03 8.483119810479777811e-03 5.051603776105473287e-03 0.000000000000000000e+00
3.045517384055486387e-03 1.982797306738226517e-04 7.970104804466693338e-07 1.431282306626258105e-03 7.656224827009339151e-03 4.862450470750179221e-03 0.000000000000000000e+00
3.284758882234589672e-03 2.249319375248470809e-04 -1.774164950052448120e-05 1.434866702862080956e-03 8.098124921724902947e-03 5.479126905977960149e-03 0.000000000000000000e+00
3.017959193220891290e-03 2.160788000214464155e-04 -3.398328576686981961e-05 1.215454762553136447e-03 7.287009594226567799e-03 5.249173662627448778e-03 0.000000000000000000e+00
3.253529833216112221e-03 2.424164624344471441e-04 -5.614495643851968865e-05 1.196797377425617981e-03 7.683634199850963853e-03 5.888658381001388165e-03 0.000000000000000000e+00
2.988073394928056348e-03 2.309181509493885009e-04 -6.996560555616593291e-05 9.929789002320887903e-04 6.892881272298367890e-03 5.616827858351491898e-03 0.000000000000000000e+00
3.220017205051176057e-03 2.570492414424863092e-04 -9.577207130645470912e-05 9.537176752481002495e-04 7.244727084373181469e-03 6.275171187020589514e-03 0.000000000000000000e+00
2.955852770748876313e-03 2.426405983833035407e-04 -1.072774359747175055e-04 7.672243553926705317e-04 6.475672757760619902e-03 5.963107926475696985e-03 0.000000000000000000e+00
3.183672046245131226e-03 2.677958412619363404e-04 -1.371385915438505521e-04 7.084645120762900206e-04 6.779957456154228623e-03 6.638706407795957887e-03 0.000000000000000000e+00
2.921249631509525990e-03 2.511328711843341388e-04 -1.461589259289519660e-04 5.414609686900107022e-04 6.037108337013208370e-03 6.286215332122147004e-03 0.000000000000000000e+00
3.145036785321422834e-03 2.754119582286385093e-04 -1.800119433111313505e-04 4.656217878040713742e-04 6.295140013062194839e-03 6.974572615287222277e-03 0.000000000000000000e+00
2.884232192778321546e-03 2.562749174344902681e-04 -1.867128694160724578e-04 3.191418617336516661e-04 5.579288828916340037e-03 6.584039275344899522e-03 0.000000000000000000e+00
3.103465222454276917e-03 2.788726736891455893e-04 -2.249545039008649105e-04 2.278662754635618626e-04 5.788736348598444437e-03 7.282943742939806953e-03 0.000000000000000000e+00
2.844770046241479333e-03 2.579203193678047956e-04 -2.289409825194099746e-04 1.038142980545053717e-04 5.104574583535637089e-03 6.854032522908504177e-03 0.000000000000000000e+00
3.059525776098664940e-03 2.790046952137748004e-04 -2.716699794965138359e-04 -3.664692136418068458e-07 5.267079052715395449e-03 7.559758504293245807e-03 0.000000000000000000e+00
2.802797265267539806e-03 2.560379737013562806e-04 -2.731126991203369769e-04 -1.016619000471230549e-04 4.615041135323405541e-03 7.095234490947621708e-03 0.000000000000000000e+00
3.012509913704344844e-03 2.747680753931169839e-04 -3.206431724376845871e-04 -2.165611021442970241e-04 4.728778821566415047e-03 7.804997459993412434e-03 0.000000000000000000e+00
2.758259337317534032e-03 2.505271421110177865e-04 -3.192005587410728928e-04 -2.941101670441703675e-04 4.113249706097832359e-03 7.305659476181780576e-03 0.000000000000000000e+00
2.963018585644280889e-03 2.670635336083082567e-04 -3.715610840875904763e-04 -4.166036679462692405e-04 4.180555181920286856e-03 8.015482277930807697e-03 0.000000000000000000e+00
2.711104648914192117e-03 2.413793441131961703e-04 -3.673585251434130505e-04 -4.711162893924480954e-04 3.601616209929936474e-03 7.484529018994212635e-03 0.000000000000000000e+00
2.910266066127931150e-03 2.548815067902332476e-04 -4.248994750751244887e-04 -5.988014115798634407e-04 3.620951630823210365e-03 8.191755916390874859e-03 0.000000000000000000e+00
2.661217993892961431e-03 2.285275670092512534e-04 -4.175493112263395368e-04 -6.298410563463363587e-04 3.082702331799858086e-03 7.630587630850893532e-03 0.000000000000000000e+00
2.854930434890254332e-03 2.392341362609240463e-04 -4.803112055148384130e-04 -7.600735174051465037e-04 3.056980077860593781e-03 8.331950834751467028e-03 0.000000000000000000e+00
2.608547850020959125e-03 2.119842559918372338e-04 -4.697826036704211283e-04 -7.683157087594594259e-04 2.559163277300768868e-03 7.743419909335802487e-03 0.000000000000000000e+00
2.796099876388402627e-03 2.190721687372887416e-04 -5.381866002342472477e-04 -8.988956746369680673e-04 2.487101044209794054e-03 8.436615682691606111e-03 0.000000000000000000e+00
2.552985227155191161e-03 1.918177520708885808e-04 -5.241716567478960087e-04 -8.853160212272115359e-04 2.033299479122785414e-03 7.823553356500756450e-03 0.000000000000000000e+00
2.734545706219448924e-03 1.955491191745761803e-04 -5.981075555763215590e-04 -1.013369585308510068e-03 1.918413530456408722e-03 8.505556568306982257e-03 0.000000000000000000e+00
2.494455326295025310e-03 1.680551376899153126e-04 -5.806075026871804212e-04 -9.796029893243130005e-04 1.507793142433655476e-03 7.871033151758854984e-03 0.000000000000000000e+00
2.669244647121732372e-03 1.676146206295303642e-04 -6.604551123638446875e-04 -1.102665153839943457e-03 1.349134555370667954e-03 8.539763866577398943e-03 0.000000000000000000e+00
2.432856793297688558e-03 1.407996931991062350e-04 -6.390449253730889900e-04 -1.050239115568452064e-03 9.850255194852053364e-04 7.886880395144846290e-03 0.000000000000000000e+00
2.601065403243008056e-03 1.365470467298013357e-04 -7.247358234769851748e-04 -1.166647020514055555e-03 7.862906345272868691e-04 8.540519080019848275e-03 0.000000000000000000e+00
2.368097366500426793e-03 1.101938972454807875e-04 -6.994643555194302031e-04 -1.097267405792301531e-03 4.671762701251580552e-04 7.872733403265552710e-03 0.000000000000000000e+00
2.528925587671482234e-03 1.013513406829258390e-04 -7.913133397258187429e-04 -1.204703911133364613e-03 2.278260740369297821e-04 8.509504555920255342e-03 0.000000000000000000e+00
2.300085558457953816e-03 7.639415479612776672e-05 -7.617340686749130008e-04 -1.120768742925548622e-03 -4.355708452408180165e-05 7.830304475412663834e-03 0.000000000000000000e+00
2.453712533065227630e-03 6.337018252988713130e-05 -8.595979546962007056e-04 -1.217662277267272941e-03 -3.196439690178465298e-04 8.449089959031486075e-03 0.000000000000000000e+00
2.228764321031251328e-03 3.961006119887477972e-05 -8.257315557145261664e-04 -1.121497147773986569e-03 -5.451124062156864625e-04 7.761783975092306775e-03 0.000000000000000000e+00
2.374336966591117370e-03 2.169878292784810370e-05 -9.299014652515702473e-04 -1.206275343780482956e-03 -8.584043748003367114e-04 8.361605605692989940e-03 0.000000000000000000e+00
2.154044039888142192e-03 8.633731821139356555e-08 -8.913004806126445523e-04 -1.100298800554178058e-03 -1.035752371459253141e-03 7.669767382497916230e-03 0.000000000000000000e+00
2.291780149367178554e-03 -2.220865918950432061e-05 -1.001626261436960874e-03 -1.171906126985255980e-03 -1.382335682383661890e-03 8.250482722816254721e-03 0.000000000000000000e+00
2.075844061412146502e-03 -4.191495405658773876e-05 -9.582717493908377016e-04 -1.058200901856487519e-03 -1.513912443269482822e-03 7.557033740707819192e-03 0.000000000000000000e+00
2.204929447021053424e-03 -6.917855790072868771e-05 -1.074966492999873680e-03 -1.115653717727482785e-03 -1.893995109212731620e-03 8.118341892533020854e-03 0.000000000000000000e+00
1.994183523126469293e-03 -8.602277642122402312e-05 -1.026439578000637454e-03 -9.972437130123523730e-04 -1.978105217347536637e-03 7.426774652517842412e-03 0.000000000000000000e+00
2.114823687707462208e-03 -1.176794169800432499e-04 -1.149294885735896443e-03 -1.039964797247883155e-03 -2.387919393499249310e-03 7.969237327595912745e-03 0.000000000000000000e+00
1.908995657555589975e-03 -1.318949251312984128e-04 -1.095606829323358955e-03 -9.185107415747850723e-04 -2.427291215914895162e-03 7.282157189636428996e-03 0.000000000000000000e+00
2.020365987616734582e-03 -1.684326809852088047e-04 -1.224766261652188160e-03 -9.458904811268098456e-04 -2.866940231648573700e-03 7.805950053588528448e-03 0.000000000000000000e+00
1.820315854408782741e-03 -1.790961282306102742e-04 -1.165509955823484933e-03 -8.242549384638309107e-04 -2.860439884992516113e-03 7.126490744429059276e-03 0.000000000000000000e+00
1.922718989210675522e-03 -2.198438885203934934e-04 -1.300639013304655256e-03 -8.362811005584447344e-04 -3.326037843780493830e-03 7.632643822201412576e-03 0.000000000000000000e+00
1.728199542745612050e-03 -2.271626477920729581e-04 -1.235903402390742256e-03 -7.161746280104352991e-04 -3.276772152067675137e-03 6.963073967844124468e-03 0.000000000000000000e+00
1.820791987716063876e-03 -2.724823639429219124e-04 -1.377102485973835666e-03 -7.122687865823706943e-04 -3.768597905872361764e-03 7.452377886093763948e-03 0.000000000000000000e+00
1.632711709887296747e-03 -2.756185600560068227e-04 -1.306435938324163049e-03 -5.961252847663800480e-04 -3.675599938014251222e-03 6.794921067449166685e-03 0.000000000000000000e+00
1.715875712761633087e-03 -3.246967427377456250e-04 -1.453404617681369748e-03 -5.765118355851583942e-04 -4.190128901683465301e-03 7.269233410841735576e-03 0.000000000000000000e+00
1.534006124128212134e-03 -3.239180631033067304e-04 -1.376828855882666902e-03 -4.660797546698347560e-04 -4.056555108371107110e-03 6.625260903337260032e-03 0.000000000000000000e+00
1.606971453116390336e-03 -3.769446667557241337e-04 -1.529581291102588558e-03 -4.306350894864863221e-04 -4.593934534958599158e-03 7.085690598277682994e-03 0.000000000000000000e+00
1.432224847406515789e-03 -3.714765942801900866e-04 -1.446795560333807851e-03 -3.272886153702359024e-04 -4.419450080161979599e-03 6.457089458132614368e-03 0.000000000000000000e+00
1.495429127723435503e-03 -4.275551152167766933e-04 -1.604901917407197676e-03 -2.768200227132311397e-04 -4.976413950458002944e-03 6.905712162320387648e-03 0.000000000000000000e+00
1.327620594860079439e-03 -4.176859584321401808e-04 -1.515954132040253644e-03 -1.819109005198882301e-04 -4.764039997407820692e-03 6.293020350602418489e-03 0.000000000000000000e+00
1.380391297210542545e-03 -4.768608960119546936e-04 -1.679363958148771818e-03 -1.159512680386498573e-04 -5.340699259597236903e-03 6.731143899676439446e-03 0.000000000000000000e+00
1.220459901195319885e-03 -4.618920160060213664e-04 -1.584016579671443381e-03 -3.127447128115079522e-05 -5.090523009669389864e-03 6.135818883421517711e-03 0.000000000000000000e+00
1.263358755810406464e-03 -5.231748175082151509e-04 -1.752225493573011939e-03 4.950943512493921617e-05 -5.683704942465617194e-03 6.565515139730138117e-03 0.000000000000000000e+00
1.111106515384818749e-03 -5.034655559719436457e-04 -1.650545327046420985e-03 1.234798941549541951e-04 -5.398777811914001745e-03 5.987380938375697070e-03 0.000000000000000000e+00
1.143545481953056608e-03 -5.666958891126505637e-04 -1.823492064627035836e-03 2.190102015706685279e-04 -6.008808366036344495e-03 6.410332929641882060e-03 0.000000000000000000e+00
9.999596028092694322e-04 -5.416738923345598700e-04 -1.715272316839155931e-03 2.811727687408449583e-04 -5.689171690254735125e-03 5.849954850855265676e-03 0.000000000000000000e+00
1.022638159306477057e-03 -6.058245797886940842e-04 -1.892343890759096148e-03 3.905508869657126070e-04 -6.313046902674201988e-03 6.268098489669249318e-03 0.000000000000000000e+00
8.874637052958822547e-04 -5.758763920534204495e-04 -1.777792466540695226e-03 4.406957915579212681e-04 -5.962039880141656312e-03 5.725082228116296079e-03 0.000000000000000000e+00
8.999734665951220070e-04 -6.406009354418262802e-04 -1.958841480706435823e-03 5.642770778280237209e-04 -6.599941088862859573e-03 6.140052607144674823e-03 0.000000000000000000e+00
7.741802128692076845e-04 -6.053617889132389962e-04 -1.837749701999458196e-03 6.012366548322489734e-04 -6.217601070130474028e-03 5.614066288723407183e-03 0.000000000000000000e+00
7.773694666317609858e-04 -6.695232831435138365e-04 -2.022164502955309251e-03 7.383393481621425281e-04 -6.866913246794670300e-03 6.027879918308443052e-03 0.000000000000000000e+00
6.607164423062528158e-04 -6.294422718006731365e-04 -1.894799537818014912e-03 7.621299045945661987e-04 -6.456332193329750169e-03 5.517991174839753654e-03 0.000000000000000000e+00
6.543297602806530389e-04 -6.925387546736494482e-04 -2.082375879093933957e-03 9.127963917583414855e-04 -7.117438272869591742e-03 5.932314858950960001e-03 0.000000000000000000e+00
5.477363610469077049e-04 -6.474034740344691841e-04 -1.948607609528196782e-03 9.229719400174474231e-04 -6.678808762170085345e-03 5.437746913376173552e-03 0.000000000000000000e+00
5.327709197146257569e-04 -7.083047758503491220e-04 -2.138681944275439006e-03 1.086510847708055394e-03 -7.349183066023279309e-03 5.854115133302251195e-03 0.000000000000000000e+00
4.359510451903136907e-04 -6.586323647665148773e-04 -1.998867014703226141e-03 1.083172430384138352e-03 -6.885687941376783527e-03 5.373771611929978320e-03 0.000000000000000000e+00
4.123732229188437071e-04 -7.166666885760897276e-04 -2.191098587355666538e-03 1.260047798537833330e-03 -7.565491195733020646e-03 5.793481400574673756e-03 0.000000000000000000e+00
3.261854069279146451e-04 -6.624492799529035914e-04 -2.045193570987563492e-03 1.242473303749491720e-03 -7.077280066502655842e-03 5.326027316464365668e-03 0.000000000000000000e+00
2.951284915612972792e-04 -7.164806663169376311e-04 -2.239015063804333794e-03 1.431984133818176019e-03 -7.764714263883920609e-03 5.750689185763935285e-03 0.000000000000000000e+00
2.192205163152882719e-04 -6.583040703402875948e-04 -2.087349574099645055e-03 1.400935300157613028e-03 -7.254648253139706071e-03 5.294607124769701301e-03 0.000000000000000000e+00
1.809140197797098892e-04 -7.074634456509798497e-04 -2.282361761346690665e-03 1.602904341011957001e-03 -7.949880846783941024e-03 5.725318024540904105e-03 0.000000000000000000e+00
1.159955565222248186e-04 -6.455892188145795352e-04 -2.125041003342487134e-03 1.558035626922027461e-03 -7.418347467067043510e-03 5.278990506460967680e-03 0.000000000000000000e+00
7.167056874102240016e-05 -6.888472435030712493e-04 -2.320597588836625924e-03 1.772467237286079467e-03 -8.119711914792659968e-03 5.716609403071615247e-03 0.000000000000000000e+00
1.737690550529524813e-05 -6.238012274994153561e-04 -2.158003009406855854e-03 1.713796596052752363e-03 -7.569435602954754927e-03 5.278594340068831769e-03 0.000000000000000000e+00
-3.249330643914638550e-05 -6.601320573547120318e-04 -2.353714849673865794e-03 1.940790773757861132e-03 -8.277420855590023052e-03 5.724138188304195296e-03 0.000000000000000000e+00
-7.568783325578865018e-05 -5.925031876164443823e-04 -2.186012454126223803e-03 1.868367093746492458e-03 -7.708752797441320581e-03 5.292314311175605468e-03 0.000000000000000000e+00
-1.297401865255065623e-04 -6.209229532972426746e-04 -2.381225717385249130e-03 2.107302204108485455e-03 -8.421959279720336866e-03 5.746055709621167296e-03 0.000000000000000000e+00
-1.622565607561909928e-04 -5.512290619697213234e-04 -2.208845231300521350e-03 2.021485409327006266e-03 -7.837525900700192949e-03 5.319090169233930965e-03 0.000000000000000000e+00
-2.198061710914911426e-04 -5.705988842436005015e-04 -2.403140082612886808e-03 2.272532548983186018e-03 -8.556769853253154423e-03 5.781734001003346890e-03 0.000000000000000000e+00
-2.414194230741517622e-04 -4.996482332363105794e-04 -2.226351600152221000e-03 2.173275925661855013e-03 -7.957016066447053504e-03 5.357380372165820859e-03 0.000000000000000000e+00
-3.009973626774409272e-04 -5.090841002247381564e-04 -2.419120488663051294e-03 2.435753037707932833e-03 -8.681265095916046448e-03 5.828592756295769561e-03 0.000000000000000000e+00
-3.122259281890527038e-04 -4.374382212231353595e-04 -2.238346647157413161e-03 2.323447642075926467e-03 -8.068473905041617655e-03 5.405362158621418445e-03 0.000000000000000000e+00
-3.729889889173831907e-04 -4.356645870921271868e-04 -2.429108350926550974e-03 2.597776655600014806e-03 -8.798910399305803764e-03 5.885388476806419078e-03 0.000000000000000000e+00
-3.738578980383433503e-04 -3.642909986623921181e-04 -2.244717709951271623e-03 2.471946710529415725e-03 -8.173741928219957487e-03 5.461261314341214756e-03 0.000000000000000000e+00
-4.343401809719649176e-04 -3.506023994609419603e-04 -2.432883953447151359e-03 2.757750789921686874e-03 -8.909715618983238272e-03 5.948936332265564175e-03 0.000000000000000000e+00
-4.255013025935283633e-04 -2.800376208227095542e-04 -2.245350037198640125e-03 2.618702867253741573e-03 -8.274292745805933436e-03 5.522527228448481651e-03 0.000000000000000000e+00
-4.846344662391977032e-04 -2.529699919880390446e-04 -2.430456442710532405e-03 2.915826150223121971e-03 -9.017398953599986555e-03 6.017590864473731926e-03 0.000000000000000000e+00
-4.664353324947689838e-04 -1.844068415077504408e-04 -2.240183550749869079e-03 2.763569906004903487e-03 -8.372298387874899106e-03 5.586871408960636387e-03 0.000000000000000000e+00
-5.228872669603423784e-04 -1.434354631695833326e-04 -2.421670767439959571e-03 3.071343042242880017e-03 -9.122439857990549683e-03 6.087331165233411667e-03 0.000000000000000000e+00
-4.960669609296586291e-04 -7.726480508826738536e-05 -2.229154956843726332e-03 2.906258414955509295e-03 -8.469757247005826883e-03 5.651311343449982871e-03 0.000000000000000000e+00
-5.486559480854524828e-04 -2.072855163598452677e-05 -2.406518038221922007e-03 3.224632133086657859e-03 -9.229101791442761993e-03 6.156278755881761100e-03 0.000000000000000000e+00
-5.139039758577101935e-04 4.161111967224129238e-05 -2.212205749060225379e-03 3.046047169986909608e-03 -8.569040081710443957e-03 5.712767001399221556e-03 0.000000000000000000e+00
-5.615155963166196251e-04 1.140952719094201484e-04 -2.385003088548082184e-03 3.374601372124974574e-03 -9.338268764401025379e-03 6.219539772190696425e-03 0.000000000000000000e+00
-5.196667647519859212e-04 1.723344983812213904e-04 -2.189342119159221056e-03 3.183142257261906138e-03 -8.672529593469313625e-03 5.767630272091484045e-03 0.000000000000000000e+00
-5.610562058328272261e-04 2.626477695890638842e-04 -2.356999380846380721e-03 3.521100670063948002e-03 -9.454284467608875531e-03 6.274316006412039570e-03 0.000000000000000000e+00
-5.132267437830684287e-04 3.151878407864905363e-04 -2.160601499148206983e-03 3.316474235359745393e-03 -8.783305130385610227e-03 5.812467268278886934e-03 0.000000000000000000e+00
-5.476167583056135157e-04 4.235814404608684303e-04 -2.322681644763402442e-03 3.663443581463532439e-03 -9.578714680541722259e-03 6.315219958230144925e-03 0.000000000000000000e+00
-4.946956666594115593e-04 4.703468478987615775e-04 -2.125952551767174015e-03 3.445643260453046253e-03 -8.903928883881029321e-03 5.842819219535222430e-03 0.000000000000000000e+00
-5.209378216636528780e-04 5.989746111329796729e-04 -2.281887644361185741e-03 3.800831148218719591e-03 -9.716410002638120602e-03 6.338725041525883341e-03 0.000000000000000000e+00
-4.643981042996292441e-04 6.381474194601388650e-04 -2.085417143891793446e-03 3.569815452967084468e-03 -9.037443706797709808e-03 5.854099682202296151e-03 0.000000000000000000e+00
-4.822338162327466371e-04 7.872098644215730356e-04 -2.234898898512721610e-03 3.932079190400283863e-03 -9.869143470790930905e-03 6.338618040912180618e-03 0.000000000000000000e+00
-4.230191859711240898e-04 8.188982558688107094e-04 -2.039032158541995154e-03 3.687923733934450610e-03 -9.186992421766682071e-03 5.841334805230413707e-03 0.000000000000000000e+00
0.000000000000000000e+00 0.000000000000000000e+00 0.000000000000000000e+00 0.000000000000000000e+00 0.000000000000000000e+00 0.000000000000000000e+00 0.000000000000000000e+00
