-2.093884306536928919e-01 -1.462891125476223630e-01 1.011597372366869890e-01 2.352480547589508753e+00 -8.612507488046095006e-03 3.136290515529935430e+00 -7.849170633465253344e-01 6.957435110902032704e-01 -6.311558625433200120e-03 -3.064890358064959429e-03 8.715287212132186712e-01 -1.248805259148455483e-03 0.000000000000000000e+00
-2.107981048864030760e-01 -1.474937729361117944e-01 1.030047577612651782e-01 2.348530391679473084e+00 -1.797883604448458073e-02 3.130446610904108251e+00 -7.844879615158864006e-01 6.928768844928419046e-01 -1.281273432048002370e-02 -6.345979982522564899e-03 8.701525327199202131e-01 -2.612290031920871079e-03 0.000000000000000000e+00
-2.122814195163032491e-01 -1.487309869842711185e-01 1.050373631251667883e-01 2.344368055927933181e+00 -2.808932215628789919e-02 3.124048871546398320e+00 -7.841247729222268203e-01 6.894577185483165005e-01 -1.939846538013734190e-02 -9.826159363740680913e-03 8.685045686373792373e-01 -4.080099589096449798e-03 0.000000000000000000e+00
-2.136095121172494338e-01 -1.498130624306093228e-01 1.069438655403422145e-01 2.340627254560976311e+00 -3.738942035302805778e-02 3.118083964851990686e+00 -7.838716394606148885e-01 6.860161820506343044e-01 -2.506247638651792897e-02 -1.297162204812517088e-02 8.668416242737064792e-01 -5.417996819346600559e-03 0.000000000000000000e+00
-2.150031205355305841e-01 -1.509236816377872159e-01 1.090408215632846373e-01 2.336676387130631749e+00 -4.742998968667411219e-02 3.111560270245081750e+00 -7.836729676432949709e-01 6.819856874778811306e-01 -3.075964374846984484e-02 -1.630883025040076595e-02 8.648911916703596603e-01 -6.839860085785856407e-03 0.000000000000000000e+00
-2.162473449089672706e-01 -1.518951529519100563e-01 1.110044952779868921e-01 2.333115412464873195e+00 -5.666677440128609078e-02 3.105483675695937862e+00 -7.835472664398431819e-01 6.779939418989886502e-01 -3.562497274393527924e-02 -1.932668902757033250e-02 8.629582693511802516e-01 -8.119244754054524837e-03 0.000000000000000000e+00
-2.175488477758229511e-01 -1.528926315011510384e-01 1.131609932162630366e-01 2.329343314235672313e+00 -6.663952575755871521e-02 3.098842872562697082e+00 -7.834611131785791382e-01 6.733824787344346863e-01 -4.047991541114992486e-02 -2.253025543709708672e-02 8.607252087771488647e-01 -9.460950512722948388e-03 0.000000000000000000e+00
-2.187064938824271332e-01 -1.537653184745324531e-01 1.151775335795441890e-01 2.325934522975834362e+00 -7.581377391494115159e-02 3.092660223500910632e+00 -7.834169712835110655e-01 6.688650917353877734e-01 -4.458437928318015331e-02 -2.542814296834778470e-02 8.585387535221937760e-01 -1.065086233104066069e-02 0.000000000000000000e+00
-2.199123416981443868e-01 -1.546618529209038695e-01 1.173889562403512277e-01 2.322313687348625866e+00 -8.571789390561512789e-02 3.085906205138395642e+00 -7.833953996786814367e-01 6.636957629014894611e-01 -4.863251729815498692e-02 -2.850534862593408561e-02 8.560390439440180854e-01 -1.187921521521798432e-02 0.000000000000000000e+00
-2.209803277113936704e-01 -1.554473806006694547e-01 1.194539950346200780e-01 2.319030896600713820e+00 -9.482796428778250686e-02 3.079620042298885085e+00 -7.833891412501198248e-01 6.586772355643168986e-01 -5.201300082784698908e-02 -3.129055947593921416e-02 8.536152344569096773e-01 -1.295042286972922056e-02 0.000000000000000000e+00
-2.220875851887313956e-01 -1.562558492369167940e-01 1.217155831350038991e-01 2.315532509331116984e+00 -1.046611524448146646e-01 3.072754052072989683e+00 -7.833861451938933795e-01 6.529798684652831087e-01 -5.529907529689581658e-02 -3.424985575685685762e-02 8.508677177393022539e-01 -1.403556946777403946e-02 0.000000000000000000e+00
-2.230627451924332427e-01 -1.569654995789734608e-01 1.238247378310433078e-01 2.312351333127897313e+00 -1.137033375411142799e-01 3.066363797275744041e+00 -7.833768907091054334e-01 6.474847018720136793e-01 -5.799193063312957364e-02 -3.692930582207221146e-02 8.482223332494993606e-01 -1.496072250214314399e-02 0.000000000000000000e+00
-2.240674805444067275e-01 -1.576976646733658782e-01 1.261318337614277807e-01 2.308950837327467642e+00 -1.234600999483568273e-01 3.059383170067740743e+00 -7.833491938337685534e-01 6.412825991673826165e-01 -6.055056265042302321e-02 -3.977730693655975869e-02 8.452425888848368318e-01 -1.587297064849567396e-02 0.000000000000000000e+00
-2.249466068253125617e-01 -1.583424680230589576e-01 1.282807828653143578e-01 2.305848070955354157e+00 -1.324287506018873017e-01 3.052885289948044978e+00 -7.832981942988935797e-01 6.353351612419904093e-01 -6.259187562596868482e-02 -4.235758962127789129e-02 8.423912754637435940e-01 -1.662638620296019373e-02 0.000000000000000000e+00
-2.258457850638341258e-01 -1.590102840844684617e-01 1.306285906441040923e-01 2.302519872323600669e+00 -1.421020105200634376e-01 3.045785454753143995e+00 -7.832054497139314675e-01 6.286576842827802380e-01 -6.446580892700293219e-02 -4.510190222319888920e-02 8.391974129474386590e-01 -1.734003743339847248e-02 0.000000000000000000e+00
-2.266256892176584103e-01 -1.596008415776669909e-01 1.328129737542759203e-01 2.299473507272057127e+00 -1.509893381552842584e-01 3.039173970584065021e+00 -7.830762864010626378e-01 6.222822097911849815e-01 -6.589073326824990140e-02 -4.758925306944086775e-02 8.361553506132683999e-01 -1.789783444312096489e-02 0.000000000000000000e+00
-2.274154602045639628e-01 -1.602153213525620012e-01 1.351967792594853390e-01 2.296195684076240084e+00 -1.605690844840905740e-01 3.031946895651429053e+00 -7.828798782706694048e-01 6.151528609740156694e-01 -6.711365684081438410e-02 -5.023584014292355876e-02 8.327624168054803544e-01 -1.838658692098855615e-02 0.000000000000000000e+00
-2.281474311629590468e-01 -1.608064844460180554e-01 1.375974578697068962e-01 2.292934453892343516e+00 -1.700962233804403922e-01 3.024649978787517846e+00 -7.826157592695607290e-01 6.078008053106883635e-01 -6.801580266007856146e-02 -5.283453608986607430e-02 8.292731431452584623e-01 -1.875021660070365706e-02 0.000000000000000000e+00
-2.287707405288020024e-01 -1.613337957001313994e-01 1.398273453496201024e-01 2.289934653231832762e+00 -1.788403819962622876e-01 3.017849708065089676e+00 -7.823033704736944705e-01 6.008209929887269318e-01 -6.856987332486963460e-02 -5.519184977350651694e-02 8.259698912871786813e-01 -1.896860413246856045e-02 0.000000000000000000e+00
-2.293432393284717541e-01 -1.618457395530608633e-01 1.420695029891331507e-01 2.286940163049920205e+00 -1.875335640307538299e-01 3.010984769273450379e+00 -7.819179444849326810e-01 5.936619499254032206e-01 -6.886521788975952241e-02 -5.751075151961178300e-02 8.225910722331679636e-01 -1.907005808643296926e-02 0.000000000000000000e+00
-2.299052931155768642e-01 -1.623854007524636045e-01 1.445112190361253768e-01 2.283697504358053187e+00 -1.968898797881983853e-01 3.003471563971327640e+00 -7.814098799279728391e-01 5.857098174894538323e-01 -6.890130372252989410e-02 -5.998083343066028250e-02 8.188491311645247350e-01 -1.904251101390746354e-02 0.000000000000000000e+00
-2.303700382262005297e-01 -1.628719422254936433e-01 1.467757667409002598e-01 2.280700679275454057e+00 -2.054665212234851879e-01 2.996463107941644832e+00 -7.808507492571106212e-01 5.781949761044955505e-01 -6.868225872287103684e-02 -6.222357709196767866e-02 8.153237050925051799e-01 -1.888650386948846280e-02 0.000000000000000000e+00
-2.308142979474019640e-01 -1.633887719347979772e-01 1.492393931598039458e-01 2.277445468288464170e+00 -2.146887463111699645e-01 2.988787708835336510e+00 -7.801398849831413518e-01 5.698714658545346312e-01 -6.818051917350032021e-02 -6.461412203258527776e-02 8.114310291061636038e-01 -1.857130835150457709e-02 0.000000000000000000e+00
-2.311689211524156629e-01 -1.638584140222969499e-01 1.515220086827068491e-01 2.274428851212924485e+00 -2.231333985107921691e-01 2.981622694237966886e+00 -7.793794859128964081e-01 5.620246614396978702e-01 -6.747970833264571588e-02 -6.678565526305747790e-02 8.077730441908852477e-01 -1.814046714377860053e-02 0.000000000000000000e+00
-2.314924979369996083e-01 -1.643613475798184342e-01 1.540029321580450306e-01 2.271143612055733563e+00 -2.322034428032804243e-01 2.973769787910646389e+00 -7.784358613596541465e-01 5.533533423513726790e-01 -6.647223449226880021e-02 -6.910138618298986013e-02 8.037438811986771237e-01 -1.751777846902604144e-02 0.000000000000000000e+00
-2.317349763272829044e-01 -1.648220033824344399e-01 1.562993980429767116e-01 2.268090932390962600e+00 -2.404991357703734067e-01 2.966433962858230799e+00 -7.774487607016162816e-01 5.451982770403592804e-01 -6.532201521746361372e-02 -7.120636951453450381e-02 7.999671858778084621e-01 -1.679621265672318411e-02 0.000000000000000000e+00
-2.319363388403831161e-01 -1.653191285713969949e-01 1.587930216423018015e-01 2.264758001001788479e+00 -2.493981173090711323e-01 2.958388395131628545e+00 -7.762474087338814277e-01 5.362067461204655938e-01 -6.384609134134167086e-02 -7.345261273596184748e-02 7.958171153721107505e-01 -1.585160086134239019e-02 0.000000000000000000e+00
-2.320730495223904122e-01 -1.658163660685465779e-01 1.612914630976433061e-01 2.261394404694756055e+00 -2.581994376750156306e-01 2.950235792336237672e+00 -7.749010476447919515e-01 5.270573230374439033e-01 -6.213793981816495560e-02 -7.566422654083973520e-02 7.916093874288127052e-01 -1.473211404939775947e-02 0.000000000000000000e+00
-2.321418769224256329e-01 -1.662769865559954041e-01 1.636009531716888232e-01 2.258258524503367504e+00 -2.662323212027466468e-01 2.942611896404821792e+00 -7.735253252046843109e-01 5.184787152445670122e-01 -6.036467400633549474e-02 -7.767628635628663625e-02 7.876780290276378382e-01 -1.354165087351061683e-02 0.000000000000000000e+00
-2.321539734107939124e-01 -1.667794925886937618e-01 1.661053110011780354e-01 2.254824029882847469e+00 -2.748299780974550188e-01 2.934241688385090363e+00 -7.718853506054134117e-01 5.090475297182148751e-01 -5.823920514034330864e-02 -7.982519936224997947e-02 7.833712314917888886e-01 -1.207850184824267765e-02 0.000000000000000000e+00
-2.321069427776296656e-01 -1.672481008787253809e-01 1.684182126046664396e-01 2.251616523269039050e+00 -2.826638353071286858e-01 2.926409085198131255e+00 -7.702277991429481441e-01 5.002196500473066187e-01 -5.609469467255689956e-02 -8.178112473534504545e-02 7.793545853567042103e-01 -1.056394965274700531e-02 0.000000000000000000e+00
-2.319927029967769616e-01 -1.677624474105780805e-01 1.709240369725562037e-01 2.248098216222014223e+00 -2.910333463865937276e-01 2.917804535777370756e+00 -7.682713078481213653e-01 4.905301711847304680e-01 -5.358200218406716786e-02 -8.387104872316314408e-02 7.749621671918092147e-01 -8.742598178782302193e-03 0.000000000000000000e+00
-2.318289159354594842e-01 -1.682445851851129548e-01 1.732363407204180472e-01 2.244807450944363403e+00 -2.986456077206165460e-01 2.909748401148133823e+00 -7.663134183937224675e-01 4.814761891372744684e-01 -5.109620762258715310e-02 -8.577448485564843905e-02 7.708731496541015860e-01 -6.893212253006660885e-03 0.000000000000000000e+00
-2.316089014502375754e-01 -1.687349744090783921e-01 1.755470013536593599e-01 2.241473130418116355e+00 -3.061432949530624725e-01 2.901579704961063655e+00 -7.642054598118974695e-01 4.723218059167224037e-01 -4.845714814037327400e-02 -8.765392757118778411e-02 7.667537720799669776e-01 -4.879705904162984741e-03 0.000000000000000000e+00
-2.313071006029322196e-01 -1.692766267650606116e-01 1.780472876920848047e-01 2.237809330815250242e+00 -3.141299790556972837e-01 2.892599985847737365e+00 -7.617488268643539673e-01 4.622976675736641949e-01 -4.543312872258820079e-02 -8.966385685776262493e-02 7.622602869517035584e-01 -2.511464937674802965e-03 0.000000000000000000e+00
-2.309388214300163722e-01 -1.698305927311810071e-01 1.805434674782550597e-01 2.234089576765186713e+00 -3.219677083672820572e-01 2.883480322839448107e+00 -7.591062386936954232e-01 4.521679348933842491e-01 -4.224452594943639561e-02 -9.164727104673434099e-02 7.577380396836673748e-01 5.525877209886777638e-05 0.000000000000000000e+00
-2.305402552388865489e-01 -1.703535702654556117e-01 1.828430733737524960e-01 2.230604441922310777e+00 -3.290645222456221042e-01 2.874935254090660308e+00 -7.565000026719167492e-01 4.427302579118751469e-01 -3.916351488432368022e-02 -9.345554078214134142e-02 7.535413638588931429e-01 2.600999685315156292e-03 0.000000000000000000e+00
-2.300449679717143092e-01 -1.709336728580581333e-01 1.853283572373466692e-01 2.226771330565378904e+00 -3.365960043044187167e-01 2.865537424982151471e+00 -7.534920953787267450e-01 4.324177990913021796e-01 -3.568409492013535633e-02 -9.539080168965308193e-02 7.489740425894072517e-01 5.551868517798919794e-03 0.000000000000000000e+00
-2.295289899165100511e-01 -1.714825857291790989e-01 1.876160887374949959e-01 2.223178942173555050e+00 -3.433965438812336401e-01 2.856729699595563332e+00 -7.505413128909188547e-01 4.228221633676376712e-01 -3.234781986453838520e-02 -9.715587828113035618e-02 7.447416138269988828e-01 8.456485212139921645e-03 0.000000000000000000e+00
-2.289567871198394944e-01 -1.720449902839157330e-01 1.898968942094683698e-01 2.219533560347041856e+00 -3.500454312993404038e-01 2.847792200032283283e+00 -7.474210201997275593e-01 4.131586503256897691e-01 -2.889889309483129054e-02 -9.890115593437855124e-02 7.404961355752490704e-01 1.153536886927243252e-02 0.000000000000000000e+00
-2.282734427236896013e-01 -1.726702092520613074e-01 1.923589661501169390e-01 2.215524090721819661e+00 -3.570695086913575622e-01 2.837961240335138413e+00 -7.438460593314324409e-01 4.026189905746194175e-01 -2.504210320417876723e-02 -1.007701290978825354e-01 7.358852050429131042e-01 1.506938259551027920e-02 0.000000000000000000e+00
-2.275247560548965264e-01 -1.733122965576574526e-01 1.948110500702044390e-01 2.211451454140503259e+00 -3.639006661455104208e-01 2.827973939102311540e+00 -7.400678326929370776e-01 3.920125187697016678e-01 -2.106893317388958131e-02 -1.026173558866103480e-01 7.312655526580071896e-01 1.880923266657873183e-02 0.000000000000000000e+00
-2.267754993516648276e-01 -1.739207156667888776e-01 1.970647515737966038e-01 2.207636207303286469e+00 -3.700272554848833551e-01 2.818614173201015038e+00 -7.363959327609630456e-01 3.821677443260602658e-01 -1.730388918278991106e-02 -1.043035779426860349e-01 7.269961725354738835e-01 2.244665922659842133e-02 0.000000000000000000e+00
-2.259010697702189818e-01 -1.745972511272704808e-01 1.994948434197592879e-01 2.203443061840419936e+00 -3.764626067390466346e-01 2.808320839915699807e+00 -7.322162345881382262e-01 3.714498192295228041e-01 -1.312672101300038641e-02 -1.061104079066287065e-01 7.223687304043794333e-01 2.658872984605290327e-02 0.000000000000000000e+00
-2.250365174199871199e-01 -1.752379070960147500e-01 2.017267235840982109e-01 2.199517769405181511e+00 -3.822102256407755583e-01 2.798677092545364786e+00 -7.281710926293895048e-01 3.615133321758418061e-01 -9.186840496337556061e-03 -1.077604858732849891e-01 7.180976858061648427e-01 3.059765073338183150e-02 0.000000000000000000e+00
-2.241170670589361369e-01 -1.758943765216089972e-01 2.039470754577253908e-01 2.195541236745022218e+00 -3.877658853856313925e-01 2.788896394854012861e+00 -7.239444562423520413e-01 3.515405595523083959e-01 -5.172258311097577277e-03 -1.093938941159930678e-01 7.138297038432038777e-01 3.478561094736973974e-02 0.000000000000000000e+00
-2.230595611194712280e-01 -1.766233912837344711e-01 2.063387000735348309e-01 2.191177309198907075e+00 -3.935606442868975208e-01 2.778146478564358368e+00 -7.191600207649974097e-01 3.407015604947131737e-01 -7.456851052221047382e-04 -1.111451472369371363e-01 7.092123151452245366e-01 3.952431911656983932e-02 0.000000000000000000e+00
-2.220267737251949702e-01 -1.773130871450620261e-01 2.085328754578118504e-01 2.187099444545985705e+00 -3.986951798222051480e-01 2.768081634502244981e+00 -7.145513539195881281e-01 3.306689666151939044e-01 3.406316192265723686e-03 -1.127451078408294866e-01 7.049585145150681909e-01 4.408607687609099324e-02 0.000000000000000000e+00
-2.208470903748018244e-01 -1.780783993382915598e-01 2.108946360878162785e-01 2.182630872913603248e+00 -4.040177198312120410e-01 2.757025448156638525e+00 -7.093494013623363736e-01 3.197765711777425524e-01 7.968577455680581068e-03 -1.144608909850050732e-01 7.003622313687276613e-01 4.923122087834001098e-02 0.000000000000000000e+00
-2.196050154314716507e-01 -1.788621230900173664e-01 2.132398262154573121e-01 2.178112567556103940e+00 -4.090836985922932101e-01 2.745812919818439113e+00 -7.039307340713794048e-01 3.088656334812015514e-01 1.259049352751318018e-02 -1.161590140422020662e-01 6.957811282406006770e-01 5.458573095416129756e-02 0.000000000000000000e+00
-2.184032498934172506e-01 -1.796020741744797644e-01 2.153892441228054677e-01 2.173901412949201806e+00 -4.135243335270204490e-01 2.735325954539051807e+00 -6.987342409943622101e-01 2.987827058570798333e-01 1.690401554511455906e-02 -1.177110543912298080e-01 6.915686731863677217e-01 5.971563252035882313e-02 0.000000000000000000e+00
-2.170420103109739207e-01 -1.804213587014064091e-01 2.177004038077545167e-01 2.169299827170476647e+00 -4.180719561324481859e-01 2.723819885245707173e+00 -6.928931963545186257e-01 2.878530927433946007e-01 2.162180541618985430e-02 -1.193760127704769081e-01 6.870254535247470873e-01 6.547550484241458635e-02 0.000000000000000000e+00
-2.157315193043929658e-01 -1.811934094877892254e-01 2.198172888118601342e-01 2.165020143116334950e+00 -4.220211062711456407e-01 2.713068312925098091e+00 -6.873072825471047143e-01 2.777633574137363670e-01 2.601189331513098502e-02 -1.208981092019980608e-01 6.828528127288109317e-01 7.097758733213989368e-02 0.000000000000000000e+00
-2.143696381719600863e-01 -1.819804178565560537e-01 2.219177930021057621e-01 2.160714353206942384e+00 -4.257249553518640539e-01 2.702194894935016301e+00 -6.815342816731126963e-01 2.676776667599836679e-01 3.043047703773593682e-02 -1.224062240377963295e-01 6.787026756440860398e-01 7.665750240365522272e-02 0.000000000000000000e+00
-2.128370039582926088e-01 -1.828493776817449179e-01 2.241743675323915053e-01 2.156025861709820468e+00 -4.294541095589341495e-01 2.690282597403696130e+00 -6.750696578640271728e-01 2.567614360307760579e-01 3.524320860167251546e-02 -1.240245188413181820e-01 6.742346237042328161e-01 8.301002377560530443e-02 0.000000000000000000e+00
-2.112451235933577032e-01 -1.837352112158953665e-01 2.264104881087936894e-01 2.151319568457364717e+00 -4.328800810078945460e-01 2.678237838120894665e+00 -6.683844577376557572e-01 2.458614672289748670e-01 4.007697913822094726e-02 -1.256267930664075605e-01 6.697984631184332738e-01 8.957066286436667080e-02 0.000000000000000000e+00
-2.097240933383614503e-01 -1.845670440221800213e-01 2.284560846294710623e-01 2.146965730952065776e+00 -4.357683409037838018e-01 2.667008002792353505e+00 -6.620198356275025509e-01 2.358193691933153646e-01 4.455175555982648916e-02 -1.270919228177362359e-01 6.657340798208088994e-01 9.580871824371375856e-02 0.000000000000000000e+00
-2.081540644641632631e-01 -1.854120622122743534e-01 2.304835195214656463e-01 2.142609186270981958e+00 -4.383876814760832019e-01 2.655676501514996346e+00 -6.554693248732619271e-01 2.258006403962213304e-01 4.903358935832091703e-02 -1.285438116650201856e-01 6.617011218240473891e-01 1.022210691940281524e-01 0.000000000000000000e+00
-2.063987126243867209e-01 -1.863416097723747389e-01 2.326589410125321500e-01 2.137894240961610848e+00 -4.409160328663790374e-01 2.643293581340881548e+00 -6.481644737402564305e-01 2.149785524115481183e-01 5.389146150273460556e-02 -1.301019523174198889e-01 6.573699563642242394e-01 1.093625770060494135e-01 0.000000000000000000e+00
-2.047285944982044081e-01 -1.872123116359912243e-01 2.346472630219256506e-01 2.133553971338784550e+00 -4.429585518961309809e-01 2.631771102982122912e+00 -6.412288698923902519e-01 2.050231069798570671e-01 5.837262951095634200e-02 -1.315266685992066142e-01 6.534091700330039165e-01 1.161343465126052077e-01 0.000000000000000000e+00
-2.028661259910350678e-01 -1.881685489408456147e-01 2.367794404304698341e-01 2.128873897853624797e+00 -4.448499693521288378e-01 2.619197441683304817e+00 -6.335076335229506972e-01 1.942804144851817960e-01 6.321838427240988878e-02 -1.330555144796154443e-01 6.491611617782184762e-01 1.236634191646386466e-01 0.000000000000000000e+00
-2.010988105394686809e-01 -1.890623181381559104e-01 2.387272571140711119e-01 2.124582022919002000e+00 -4.462956260948445220e-01 2.607514946409395407e+00 -6.261909313230943352e-01 1.844077267843650114e-01 6.767798067580210741e-02 -1.344534327029332510e-01 6.452812689651092892e-01 1.307888564639569928e-01 0.000000000000000000e+00
-1.991329388888979368e-01 -1.900417168452439576e-01 2.408149543931109859e-01 2.119972916884826475e+00 -4.475316348482931694e-01 2.594786500973485843e+00 -6.180608997263277171e-01 1.737647530277564023e-01 7.248951381724832999e-02 -1.359534748316772179e-01 6.411252063469589091e-01 1.386964392082963571e-01 0.000000000000000000e+00
-1.972715138567328885e-01 -1.909555788727370917e-01 2.427210022309558846e-01 2.115764766328048552e+00 -4.483631006119361828e-01 2.582979260875057026e+00 -6.103685586547155095e-01 1.639938979491215032e-01 7.690769806568997780e-02 -1.373248113783646640e-01 6.373345960093946827e-01 1.461689446543008308e-01 0.000000000000000000e+00
-1.952051794651953331e-01 -1.919553864031665336e-01 2.447628501377676069e-01 2.111266362082224290e+00 -4.489247126769009277e-01 2.570135703127901294e+00 -6.018335268351751033e-01 1.534718649955161274e-01 8.166330482424433157e-02 -1.387960081435516968e-01 6.332799332497489608e-01 1.544497444582796086e-01 0.000000000000000000e+00
-1.932528680873718263e-01 -1.928862425033708305e-01 2.466261702180010673e-01 2.107179189571652067e+00 -4.491277617124835864e-01 2.558241921171628075e+00 -5.937718718993962863e-01 1.438216511142617893e-01 8.602036952566849415e-02 -1.401408129478792230e-01 6.295867280290543544e-01 1.622618778446748566e-01 0.000000000000000000e+00
-1.910901038138993757e-01 -1.939024005768897607e-01 2.486212995565491024e-01 2.102832696465130269e+00 -4.490030830581721588e-01 2.545326827013685289e+00 -5.848419598692242705e-01 1.334399001710763477e-01 9.069994303510120481e-02 -1.415833307970774668e-01 6.256415211902109919e-01 1.709051505177702213e-01 0.000000000000000000e+00
-1.888783208348769616e-01 -1.949260303527940996e-01 2.505917170296588781e-01 2.098582452543273469e+00 -4.485159493113766160e-01 2.532392531499894961e+00 -5.757081828576068316e-01 1.231396253124905082e-01 9.533144648685798472e-02 -1.430107185623326893e-01 6.217571675822759492e-01 1.797349443357119658e-01 0.000000000000000000e+00
-1.867943603464096436e-01 -1.958763280192042378e-01 2.523885825226958035e-01 2.094754366278832158e+00 -4.477440540728361285e-01 2.520446997251967858e+00 -5.670999141080892425e-01 1.137079237986771962e-01 9.955988050763120434e-02 -1.443149351271717229e-01 6.182268812412669012e-01 1.880473358881218082e-01 0.000000000000000000e+00
-1.846705116046061801e-01 -1.968311054330484366e-01 2.541641654514354975e-01 2.091027361096496229e+00 -4.466610227121230459e-01 2.508506195273900730e+00 -5.583232004196240217e-01 1.043538700753965098e-01 1.037390460482381371e-01 -1.456062020712102778e-01 6.147517223348224480e-01 1.965133419011587668e-01 0.000000000000000000e+00
-1.823257405338813142e-01 -1.978694232133692554e-01 2.560636017163608336e-01 2.087114441927190533e+00 -4.451361703749787679e-01 2.495587634617767669e+00 -5.486281954977859643e-01 9.431236292860388504e-02 1.082064987768458497e-01 -1.469903966925357741e-01 6.110508605259938886e-01 2.058550618596410031e-01 0.000000000000000000e+00
-1.799360247455127348e-01 -1.989112626666835193e-01 2.579377573453800476e-01 2.083343045702942931e+00 -4.432438509852669739e-01 2.482700085536566181e+00 -5.387399116598353688e-01 8.437248034453302681e-02 1.126059077396024399e-01 -1.483590617557547509e-01 6.074191077474527800e-01 2.153725504500685339e-01 0.000000000000000000e+00
-1.776914543906856769e-01 -1.998748490789003518e-01 2.596453573373951329e-01 2.079996881310376189e+00 -4.411722836565186157e-01 2.470842716054332477e+00 -5.294449135337271350e-01 7.529098451406512904e-02 1.166027799035933565e-01 -1.496086335839767467e-01 6.041293048528778575e-01 2.243098693970222435e-01 0.000000000000000000e+00
-1.752189724178649377e-01 -2.009197912921508178e-01 2.614709174097764599e-01 2.076528959724102563e+00 -4.385768574737962666e-01 2.458051840533075350e+00 -5.191970696591022838e-01 6.555893668593971990e-02 1.208589107997035672e-01 -1.509472382163914439e-01 6.006349711865849317e-01 2.341536950895252989e-01 0.000000000000000000e+00
-1.728997361918072351e-01 -2.018846950979618637e-01 2.631334986941761822e-01 2.073482449112844073e+00 -4.358571127396455580e-01 2.446306538942547348e+00 -5.095747690350234116e-01 5.667837635971831323e-02 1.247149017420292605e-01 -1.521686637608426762e-01 5.974757963434784713e-01 2.433877567609411263e-01 0.000000000000000000e+00
-1.705460240568830166e-01 -2.028489775792650940e-01 2.647744225080752578e-01 2.070592994175711965e+00 -4.328281924388068802e-01 2.434631056904882573e+00 -4.997995030958329310e-01 4.790022706097805949e-02 1.284976557543777709e-01 -1.533763074466527321e-01 5.943816692099971322e-01 2.527602528747706079e-01 0.000000000000000000e+00
-1.679582307819114106e-01 -2.038920985333672886e-01 2.665276120393659243e-01 2.067649703903988723e+00 -4.291997440688257726e-01 2.422073437198202228e+00 -4.890397996596948516e-01 3.851093222633505259e-02 1.325085095140916547e-01 -1.546688227474522503e-01 5.911051155418454162e-01 2.630673687284065809e-01 0.000000000000000000e+00
-1.655356214715922314e-01 -2.048525113054923963e-01 2.681234758937645068e-01 2.065113421784542602e+00 -4.255333671615044722e-01 2.410575884408329372e+00 -4.789551076913509120e-01 2.995832146300547727e-02 1.361270796452367371e-01 -1.558472049507850510e-01 5.881512704187840113e-01 2.727195966252352610e-01 0.000000000000000000e+00
-1.628754975229815827e-01 -2.058893522685416311e-01 2.698280095214760088e-01 2.062570340950664161e+00 -4.212211998061348162e-01 2.398233957219043866e+00 -4.678681350467556177e-01 2.082134033570146731e-02 1.399524442350266185e-01 -1.571076458052059199e-01 5.850296461470476661e-01 2.833223233598700652e-01 0.000000000000000000e+00
-1.603879504014900093e-01 -2.068424797265819848e-01 2.713788713736463021e-01 2.060419789300164339e+00 -4.169291915038595420e-01 2.386957187128998292e+00 -4.574870332490859615e-01 1.251034278167473257e-02 1.433921830989728363e-01 -1.582558677091935873e-01 5.822223414629679183e-01 2.932420657881972259e-01 0.000000000000000000e+00
-1.576595222058813084e-01 -2.078698649281746080e-01 2.730346948757202408e-01 2.058311207706944757e+00 -4.119464563431485260e-01 2.374876846979153022e+00 -4.460854747007250709e-01 3.644501101813860371e-03 1.470152806039712878e-01 -1.594829857604748435e-01 5.792631034386990230e-01 3.041286355607640268e-01 0.000000000000000000e+00
-1.551110966181946382e-01 -2.088124510150317081e-01 2.745408857493776833e-01 2.056575135474188798e+00 -4.070445712165717822e-01 2.363860707081776091e+00 -4.354218448009115061e-01 -4.409186196938081129e-03 1.502615408147234266e-01 -1.606000486797085902e-01 5.766081981479990182e-01 3.143031759263844593e-01 0.000000000000000000e+00
-1.523190568549688262e-01 -2.098264553520986508e-01 2.761485098787729853e-01 2.054929111588716495e+00 -4.014117311596328008e-01 2.352083228652986691e+00 -4.237229110273297294e-01 -1.298885561321042742e-02 1.536685227972616197e-01 -1.617929118214687101e-01 5.738166726933779938e-01 3.254578261521813842e-01 0.000000000000000000e+00
-1.497138225209408147e-01 -2.107553486814413013e-01 2.776102545366156971e-01 2.053632275339452917e+00 -3.959188604830554681e-01 2.341365529863331574e+00 -4.127913338323405679e-01 -2.077001414747399466e-02 1.567081217074237642e-01 -1.628777005572420444e-01 5.713197594343469854e-01 3.358739152286719931e-01 0.000000000000000000e+00
-1.468623153860719177e-01 -2.117531361037882642e-01 2.791698607578648184e-01 2.052474022560168976e+00 -3.896565626058743348e-01 2.329930842691648962e+00 -4.008093726139105306e-01 -2.904542313083994381e-02 1.598832755170707109e-01 -1.640348773403950966e-01 5.687029373472350935e-01 3.472836629973848899e-01 0.000000000000000000e+00
-1.442043760503379235e-01 -2.126654106591336912e-01 2.805876061879547523e-01 2.051636385416029107e+00 -3.835948787024827666e-01 2.319545722571173307e+00 -3.896250614314729077e-01 -3.653923178497046204e-02 1.627030304792465021e-01 -1.650861934702174960e-01 5.663694756001076414e-01 3.579275522156182276e-01 0.000000000000000000e+00
-1.412981313229912661e-01 -2.136434660872706115e-01 2.820998808402013225e-01 2.050983928011441471e+00 -3.767303313520447006e-01 2.308487875129387579e+00 -3.773786483167980710e-01 -4.449650328958583423e-02 1.656341055749874780e-01 -1.662065520513002215e-01 5.639318842543581400e-01 3.695757194809203838e-01 0.000000000000000000e+00
-1.385915919159345921e-01 -2.145363837952669328e-01 2.834740189540316813e-01 2.050620712818790103e+00 -3.701247390165756102e-01 2.298466304925605996e+00 -3.659574489553978349e-01 -5.168864029064301757e-02 1.682220323642722448e-01 -1.672231305736538998e-01 5.617668674461782086e-01 3.804332940871189561e-01 0.000000000000000000e+00
-1.356348050264389871e-01 -2.154923075996963422e-01 2.849392382510302912e-01 2.050488925105026006e+00 -3.626847959886561057e-01 2.287818099829515006e+00 -3.534624630424776925e-01 -5.931047833358450011e-02 1.708946476762212008e-01 -1.683050064769849585e-01 5.595150315864617641e-01 3.923058326742603352e-01 0.000000000000000000e+00
-1.326536592719113061e-01 -2.164353747840746522e-01 2.863803773374925532e-01 2.050630657441402604e+00 -3.549588327890300654e-01 2.277392925688626502e+00 -3.408464364580134909e-01 -6.675360994500324774e-02 1.734291780856496157e-01 -1.693664426189496475e-01 5.573609004492374730e-01 4.042877273136630811e-01 0.000000000000000000e+00
-1.298810951358603250e-01 -2.172941902479698373e-01 2.876892145621706143e-01 2.051006360431109954e+00 -3.475798318485532334e-01 2.267974808081945959e+00 -3.290967694656656284e-01 -7.346075202204339905e-02 1.756425312676144213e-01 -1.703275941011160866e-01 5.554611677751430943e-01 4.154421445128645418e-01 0.000000000000000000e+00
-1.270896484646063807e-01 -2.181411917779368104e-01 2.889777349333190193e-01 2.051617401890799997e+00 -3.399710460904206144e-01 2.258758042671963562e+00 -3.172515948587248391e-01 -8.000834162146336359e-02 1.777321806169451790e-01 -1.712705362193290837e-01 5.536473553357174060e-01 4.266830811579800375e-01 0.000000000000000000e+00
-1.240452836047571256e-01 -2.190450085400176272e-01 2.903506679330615237e-01 2.052545313148712580e+00 -3.314768491369464165e-01 2.249006624251294717e+00 -3.043158224958829594e-01 -8.691748030599680264e-02 1.798536547413023268e-01 -1.722710691961150120e-01 5.517807790171944671e-01 4.389546278554425363e-01 0.000000000000000000e+00
-1.212174481288713912e-01 -2.198659629176591412e-01 2.915971107271392304e-01 2.053646265142851313e+00 -3.234126489089743650e-01 2.240224236777784483e+00 -2.922845262182592330e-01 -9.312316163334263819e-02 1.816785858782790086e-01 -1.731749793596015496e-01 5.501490935068166221e-01 4.503645420717234948e-01 0.000000000000000000e+00
-1.181359225888239523e-01 -2.207404036764159805e-01 2.929248579909349837e-01 2.055102614235372549e+00 -3.144433823577008624e-01 2.230952020418806470e+00 -2.791573724415815083e-01 -9.965627029433529738e-02 1.835088433374358896e-01 -1.741325189295395426e-01 5.484814220322089540e-01 4.628102927939907740e-01 0.000000000000000000e+00
-1.150366465556707241e-01 -2.215992079329266451e-01 2.942291958210926373e-01 2.056831816117743905e+00 -3.052405141535121658e-01 2.221936692995670093e+00 -2.659375406589690183e-01 -1.059867956201570038e-01 1.851821074503328113e-01 -1.750668390637233895e-01 5.469197776585000836e-01 4.753406654598953951e-01 0.000000000000000000e+00
-1.121611087397835910e-01 -2.223774362027872153e-01 2.954126281347763117e-01 2.058667305117459101e+00 -2.965475644798454269e-01 2.213845439651956681e+00 -2.536577048726136874e-01 -1.116491338284778256e-01 1.865865254511862581e-01 -1.759084479024588810e-01 5.455725177525425629e-01 4.869776807381328565e-01 0.000000000000000000e+00
-1.090311085591790241e-01 -2.232044594172282737e-01 2.966725374799844550e-01 2.060911827543562502e+00 -2.869251771884928637e-01 2.205332839456129790e+00 -2.402762525013470429e-01 -1.175838468372864820e-01 1.879537923548326717e-01 -1.767971614029751337e-01 5.442160033617970960e-01 4.996564580557821267e-01 0.000000000000000000e+00
-1.061290650740055880e-01 -2.239529598104717523e-01 2.978151014379274986e-01 2.063217257467261589e+00 -2.778619048183408324e-01 2.197711938917465968e+00 -2.278560015465172506e-01 -1.228739333818630736e-01 1.890705889579575860e-01 -1.775957435453490163e-01 5.430604244752981202e-01 5.114229029629975276e-01 0.000000000000000000e+00
-1.029723498963795308e-01 -2.247474301691128884e-01 2.990308717197790456e-01 2.065963603437820595e+00 -2.678569500434591077e-01 2.189715050615513192e+00 -2.143321199912018027e-01 -1.283979952729599472e-01 1.901208065338302333e-01 -1.784368031071096594e-01 5.419140667840735004e-01 5.242336066231464420e-01 0.000000000000000000e+00
-1.000475742598623125e-01 -2.254652657811591632e-01 3.001329762343046825e-01 2.068723684752350245e+00 -2.584586989705925930e-01 2.182573735597653108e+00 -2.017902291535826342e-01 -1.333046615219707909e-01 1.909419922559563165e-01 -1.791906774326838536e-01 5.409535311579092287e-01 5.361133690347447134e-01 0.000000000000000000e+00
-9.711318411805056061e-02 -2.261681353984586473e-01 3.012157461403930370e-01 2.071695483326697840e+00 -2.489122976344875227e-01 2.175665281172801002e+00 -1.891966563460591166e-01 -1.380235000127253697e-01 1.916188346469998027e-01 -1.799224808107240114e-01 5.400876709084971861e-01 5.480417674257505034e-01 0.000000000000000000e+00
-9.392439712906196225e-02 -2.269124745285174272e-01 3.023671423794602187e-01 2.075148046669696988e+00 -2.384130041713028447e-01 2.168444683169134191e+00 -1.755005681367564352e-01 -1.429215026658150201e-01 1.921875526977863125e-01 -1.806900204816416222e-01 5.392569643854743244e-01 5.610145910172581463e-01 0.000000000000000000e+00
-9.072630580814082524e-02 -2.276392101655819178e-01 3.034958917089135566e-01 2.078837469720381748e+00 -2.277598221336294415e-01 2.161501312471258540e+00 -1.617543459199329847e-01 -1.475919548485142563e-01 1.925819668552268826e-01 -1.814305457122518117e-01 5.385397085248886384e-01 5.740355845349824904e-01 0.000000000000000000e+00
-8.776687816090124328e-02 -2.282941181810990150e-01 3.045179576292636470e-01 2.082446589674407988e+00 -2.177990728313585755e-01 2.155337625525950429e+00 -1.490262834773604939e-01 -1.517005133307203490e-01 1.927910250007982551e-01 -1.820898944638849881e-01 5.379780811405046048e-01 5.860931129493435199e-01 0.000000000000000000e+00
-8.455380482469140868e-02 -2.289863395743786390e-01 3.056037131226240766e-01 2.086570147193645752e+00 -2.068805001449867120e-01 2.148927190494822614e+00 -1.352003328754027844e-01 -1.559293301809003829e-01 1.928480166481261193e-01 -1.827775060125866324e-01 5.374791379102782374e-01 5.991924034031163027e-01 0.000000000000000000e+00
-8.158220193201229375e-02 -2.296095779920216129e-01 3.065860137821939668e-01 2.090567480570955539e+00 -1.966925360723479344e-01 2.143257792024061636e+00 -1.224081548295866129e-01 -1.596242664563035374e-01 1.927418896786861069e-01 -1.833870037175649170e-01 5.371208761646353302e-01 6.113141805787754013e-01 0.000000000000000000e+00
-7.835769828856077590e-02 -2.302677743044028724e-01 3.076286006516746330e-01 2.095097252116821629e+00 -1.855470948602091497e-01 2.137384921352176281e+00 -1.085231153409428051e-01 -1.633986814454888026e-01 1.924534693326305224e-01 -1.840194878317018834e-01 5.368442070168897295e-01 6.244742576844292126e-01 0.000000000000000000e+00
-7.537715868334445013e-02 -2.308595965316589671e-01 3.085711959544969463e-01 2.099455158448307657e+00 -1.751678277798855987e-01 2.132211330282650863e+00 -9.568632934686781277e-02 -1.666710239901668389e-01 1.920268309259998141e-01 -1.845773535010462318e-01 5.366915745969145224e-01 6.366438386016552986e-01 0.000000000000000000e+00
-7.239343283560224773e-02 -2.314365105147230262e-01 3.094947173158309472e-01 2.103975455994443244e+00 -1.647094117319287676e-01 2.127275939024009688e+00 -8.283507073674391263e-02 -1.697375041825817665e-01 1.914446639117086679e-01 -1.851098359162507978e-01 5.366383779541401555e-01 6.488303305918035058e-01 0.000000000000000000e+00
-6.915826406304274865e-02 -2.320447527524236442e-01 3.104736436309507019e-01 2.109047515746438783e+00 -1.532996155421235684e-01 2.122197687592422000e+00 -6.890180306523444043e-02 -1.728257890064217039e-01 1.906381255755782433e-01 -1.856576481524800926e-01 5.366930393355140438e-01 6.620471996077031962e-01 0.000000000000000000e+00
-6.617009473018063692e-02 -2.325911237287507372e-01 3.113572622464323425e-01 2.113883428244813345e+00 -1.427024236771083920e-01 2.117758557290038368e+00 -5.603488173894951435e-02 -1.754574748613675905e-01 1.897290555374797627e-01 -1.861359019499878864e-01 5.368483016270657604e-01 6.742569942573894970e-01 0.000000000000000000e+00
-6.293168096676825252e-02 -2.331669310561968467e-01 3.122926885891098014e-01 2.119280215556960556e+00 -1.311612827592787411e-01 2.113218757692569838e+00 -4.209524744795906798e-02 -1.780690871395969876e-01 1.885652541411149130e-01 -1.866238429959607981e-01 5.371304302550460319e-01 6.874901085559386171e-01 0.000000000000000000e+00
-5.969274049173910190e-02 -2.337260177899856406e-01 3.132055726365682302e-01 2.124831304248288255e+00 -1.195667334364234335e-01 2.108956798861036042e+00 -2.816066276006677638e-02 -1.804319268824993439e-01 1.872158304167717002e-01 -1.870801922935027006e-01 5.375304037612622654e-01 7.007246210140601894e-01 0.000000000000000000e+00
-5.670317871167655788e-02 -2.342278004382687129e-01 3.140278942043943089e-01 2.130084130099629824e+00 -1.088254002329369641e-01 2.105270611892498422e+00 -1.530744318953084285e-02 -1.823884681115964801e-01 1.858034229326481768e-01 -1.874726923039099491e-01 5.380054784102187293e-01 7.129381440892725852e-01 0.000000000000000000e+00
-5.346544617904024771e-02 -2.347562682108677856e-01 3.148965917628540612e-01 2.135904613441500288e+00 -9.715647286646245107e-02 2.101545337661475887e+00 -1.398786221378176811e-03 -1.842629506896056035e-01 1.840918093000543099e-01 -1.878662908682668387e-01 5.386351495604543294e-01 7.261616710078976356e-01 0.000000000000000000e+00
-5.047823627839232580e-02 -2.352302860777875648e-01 3.156779982142707275e-01 2.141388579835652450e+00 -8.636340121024987937e-02 2.098352684146974845e+00 1.142082069318270041e-02 -1.857668211124164914e-01 1.823447756249623186e-01 -1.882001846899355457e-01 5.393221785426675075e-01 7.383569514296428604e-01 0.000000000000000000e+00
-4.749301242919790750e-02 -2.356914898952238713e-01 3.164395206067074917e-01 2.146971017398326964e+00 -7.555740859090986916e-02 2.095396406379118392e+00 2.421740751895971530e-02 -1.870512637061617078e-01 1.804364875458661643e-01 -1.885053496613449675e-01 5.401113064631716254e-01 7.505377176234473424e-01 0.000000000000000000e+00
-4.426184877903575898e-02 -2.361770035012666913e-01 3.172418973280253240e-01 2.153120099268803322e+00 -6.384504862473860953e-02 2.092459583785513111e+00 3.804935231396467527e-02 -1.881943257355373766e-01 1.781874480052942911e-01 -1.888031576502431086e-01 5.410812297321785369e-01 7.637128415892601163e-01 0.000000000000000000e+00
-4.128243673281205978e-02 -2.366127228177130615e-01 3.179613658112803165e-01 2.158881159703845753e+00 -5.303650520014224767e-02 2.089994629424919648e+00 5.078373144174772730e-02 -1.890174256046967816e-01 1.759422700483026514e-01 -1.890472030746352394e-01 5.420836102769707177e-01 7.758513301007594620e-01 0.000000000000000000e+00
-3.805879505773441390e-02 -2.370717664908977285e-01 3.187175814691341480e-01 2.165204465201609807e+00 -4.133926226331041676e-02 2.087590166909886857e+00 6.453764353621875560e-02 -1.896563179502068208e-01 1.733265132256269769e-01 -1.892776830222247519e-01 5.432855614559507496e-01 7.889718592642255279e-01 0.000000000000000000e+00
-3.483986472709359183e-02 -2.375175379515887530e-01 3.194495677783122933e-01 2.171602596090790982e+00 -2.966322540888821635e-02 2.085460126365911826e+00 7.824324006285086897e-02 -1.900333050472643170e-01 1.705215388075009830e-01 -1.894727928615867196e-01 5.446073215944706725e-01 8.020574344383843979e-01 0.000000000000000000e+00
-3.187329966324155273e-02 -2.379179954795384577e-01 3.201032522862865548e-01 2.177565875162608577e+00 -1.891255616585763022e-02 2.083738634352458874e+00 9.084649179646116235e-02 -1.901456238662384002e-01 1.677629033923424551e-01 -1.896207813944110476e-01 5.459347076607934390e-01 8.141010478360497515e-01 0.000000000000000000e+00
-2.866518683450499511e-02 -2.383404489215517619e-01 3.207872887393370398e-01 2.184078326922052504e+00 -7.304077500696060099e-03 2.082138210052277394e+00 1.044427697215347256e-01 -1.900108179808099595e-01 1.645906790598945513e-01 -1.897458833866175476e-01 5.474890283415044800e-01 8.271057960711247770e-01 0.000000000000000000e+00
-2.570946201212495272e-02 -2.387202321396501570e-01 3.213961805972468944e-01 2.190128888375472371e+00 3.369019976166676145e-03 2.080903882281517348e+00 1.169360745140167468e-01 -1.896501593901859795e-01 1.614943548185139299e-01 -1.898286577622485538e-01 5.490304992699560627e-01 8.390672509491611253e-01 0.000000000000000000e+00
-2.251396728451565341e-02 -2.391212360823730676e-01 3.220310771881119694e-01 2.196716082862738340e+00 1.487729498135204054e-02 2.079829321343293458e+00 1.304036052451418015e-01 -1.890026117711331999e-01 1.579579432069977418e-01 -1.898824869057817721e-01 5.508159823332861027e-01 8.519747938044480717e-01 0.000000000000000000e+00
-1.957078716996172446e-02 -2.394825063706287060e-01 3.225937571714592722e-01 2.202817639627909330e+00 2.544243849763017096e-02 2.079080720199237842e+00 1.427685539954604288e-01 -1.881655136614940604e-01 1.545248622457766619e-01 -1.898985158065926993e-01 5.525713716762982175e-01 8.638386438285331481e-01 0.000000000000000000e+00
-1.638983440856368184e-02 -2.398648761890626591e-01 3.231776092942323375e-01 2.209440600711896963e+00 3.681712082127219787e-02 2.078532781164388332e+00 1.560867063565672397e-01 -1.869986163403622448e-01 1.506231980907561940e-01 -1.898789915068510303e-01 5.545891489657103213e-01 8.766318704940285755e-01 0.000000000000000000e+00
-1.346076620117373640e-02 -2.402099043454523075e-01 3.236924666535195283e-01 2.215557275293583039e+00 4.724465860383819660e-02 2.078268667718051965e+00 1.683051895693098987e-01 -1.856822823925633192e-01 1.468549583063483155e-01 -1.898267935494854786e-01 5.565580905386331434e-01 8.883830022249760150e-01 0.000000000000000000e+00
-1.053899333200543700e-02 -2.405479704533500240e-01 3.241837231366241912e-01 2.221668550204800141e+00 5.759583610460872194e-02 2.078236783549741951e+00 1.804470403216855423e-01 -1.841351023125249453e-01 1.429266625404270741e-01 -1.897413393680075777e-01 5.586293307869286684e-01 9.000746788845873647e-01 0.000000000000000000e+00
-7.382273307709324994e-03 -2.409068930580822165e-01 3.246888796919677467e-01 2.228273850043326121e+00 6.871621783507730896e-02 2.078463342029925887e+00 1.935099120475514411e-01 -1.821988011077124159e-01 1.384915672190636382e-01 -1.896109776326481977e-01 5.609880259853845530e-01 9.126700326810899266e-01 0.000000000000000000e+00
-4.234968086138248856e-03 -2.412592146129543536e-01 3.251650785059319593e-01 2.234853182002605188e+00 7.973049511029062231e-02 2.078963046805763604e+00 2.064724991136190624e-01 -1.799890598379759732e-01 1.338691185150131524e-01 -1.894405852571535709e-01 5.634669629070575558e-01 9.251870229625167585e-01 0.000000000000000000e+00
-1.338295216354101931e-03 -2.415789173899869080e-01 3.255786666691155573e-01 2.240894905673100901e+00 8.979721756225655938e-02 2.079664805198282007e+00 2.183454704644375854e-01 -1.777084784832434483e-01 1.294381510933391155e-01 -1.892477557494750273e-01 5.658607452528752191e-01 9.366686427911481427e-01 0.000000000000000000e+00
1.790189585682169619e-03 -2.419199580901725266e-01 3.259979193277751652e-01 2.247396888650857072e+00 1.005867081781435246e-01 2.080685568364970983e+00 2.311030773503531532e-01 -1.749767409950946651e-01 1.244613688062536916e-01 -1.889999985443135966e-01 5.685680482380226497e-01 9.490247781427342266e-01 0.000000000000000000e+00
4.668788244733076791e-03 -2.422306810123988630e-01 3.263576499171363943e-01 2.253350429554690670e+00 1.104318030813340457e-01 2.081869056225637671e+00 2.427779428055834299e-01 -1.722125295864037064e-01 1.197042973090995943e-01 -1.887349307920666575e-01 5.711726863631473305e-01 9.603504698895414249e-01 0.000000000000000000e+00
7.776956423385892984e-03 -2.425635630112648045e-01 3.267171223033523697e-01 2.259739017425979490e+00 1.209661029227797613e-01 2.083412346926778902e+00 2.553114113962551834e-01 -1.689551173885869284e-01 1.143754451259055838e-01 -1.884080277682594062e-01 5.741082888327416756e-01 9.725297047657192051e-01 0.000000000000000000e+00
1.063634662427729791e-02 -2.428678086137627257e-01 3.270206122486596922e-01 2.265572185651731019e+00 1.305632172191439899e-01 2.085076602133314694e+00 2.667719756075181414e-01 -1.657071927021535607e-01 1.092966637690699905e-01 -1.880695399937103163e-01 5.769222514195466722e-01 9.836859528881700676e-01 0.000000000000000000e+00
1.348613192533417750e-02 -2.431698275249195573e-01 3.272962257831244504e-01 2.271336548659646404e+00 1.400321992037651953e-01 2.086971233715651408e+00 2.781241158729012009e-01 -1.622272900400174300e-01 1.040651501237184196e-01 -1.876954157948246271e-01 5.798361491262568057e-01 9.947561809074113581e-01 0.000000000000000000e+00
1.656234149281240325e-02 -2.434950617734153999e-01 3.275627167357992309e-01 2.277495730651694750e+00 1.501393794325114328e-01 2.089282824903039071e+00 2.902962101484060087e-01 -1.581966623092097846e-01 9.822736785621000166e-02 -1.872497524311566852e-01 5.831047133111384451e-01 1.006648726492241908e+00 0.000000000000000000e+00
1.939132006548734480e-02 -2.437942839554331775e-01 3.277782362132876659e-01 2.283094762912931230e+00 1.593228659657155433e-01 2.091656680176932070e+00 3.014111792739607720e-01 -1.542342614365785625e-01 9.268186751833784598e-02 -1.868006602475852929e-01 5.862254054764932665e-01 1.017530336127278501e+00 0.000000000000000000e+00
2.244428859045534061e-02 -2.441180477497867929e-01 3.279779247154458455e-01 2.289058943218968967e+00 1.691066305976152151e-01 2.094487962508389423e+00 3.133175067174325257e-01 -1.496801561040021766e-01 8.650613010849883544e-02 -1.862730048118564907e-01 5.897176086139140905e-01 1.029211093826420509e+00 0.000000000000000000e+00
2.525143104916317827e-02 -2.444169347332201814e-01 3.281305304238088527e-01 2.294464343828344965e+00 1.779804209241921953e-01 2.097339554773546055e+00 3.241807072514338306e-01 -1.452369714308276161e-01 8.065276834861379029e-02 -1.857479958924610208e-01 5.930428981300143176e-01 1.039891701378183209e+00 0.000000000000000000e+00
2.828031256649270186e-02 -2.447414116714202725e-01 3.282606512030784018e-01 2.300204683865952671e+00 1.874167591669717581e-01 2.100686367055470072e+00 3.358075026489881765e-01 -1.401648479767171884e-01 7.414813054414959304e-02 -1.851379156209942978e-01 5.967549452154212730e-01 1.051349086440894975e+00 0.000000000000000000e+00
3.129598665064661778e-02 -2.450676315169635633e-01 3.283530236543325542e-01 2.305817175983008838e+00 1.966611121112986638e-01 2.104302144914099060e+00 3.472816989160809609e-01 -1.348220807768274743e-01 6.747384937824763007e-02 -1.844842427314343503e-01 6.005813084906198585e-01 1.062684232409571994e+00 0.000000000000000000e+00
3.406790646985796006e-02 -2.453705809727622644e-01 3.284041993327911912e-01 2.310878843186394249e+00 2.050195812231256909e-01 2.107876491934899565e+00 3.577357713276189122e-01 -1.296530349037950114e-01 6.116588602028572019e-02 -1.838423376849411817e-01 6.042131944272154387e-01 1.073037204568227709e+00 0.000000000000000000e+00
3.682817167392614388e-02 -2.456759259705011411e-01 3.284218747520434301e-01 2.315820577612968112e+00 2.132045926695598226e-01 2.111677739280280797e+00 3.680543554186989641e-01 -1.242563719813448153e-01 5.471784038898586111e-02 -1.831631983174573652e-01 6.079406878469447717e-01 1.083281320017326577e+00 0.000000000000000000e+00
3.980509752412748903e-02 -2.460099029573603879e-01 3.284024126197109261e-01 2.321033329902288944e+00 2.218707794779639642e-01 2.116050419705283403e+00 3.790771458810233696e-01 -1.181549700554323928e-01 4.757723971621108383e-02 -1.823854054763428822e-01 6.120854320304623952e-01 1.094254009761643776e+00 0.000000000000000000e+00
4.276754706404850559e-02 -2.463481685274340194e-01 3.283414826038506540e-01 2.326093099149062482e+00 2.303203581831811952e-01 2.120689081678761134e+00 3.899331558800814834e-01 -1.117871937638632018e-01 4.027631674581355625e-02 -1.815633542268627054e-01 6.163414297685180232e-01 1.105092476187021111e+00 0.000000000000000000e+00
4.548918242211161950e-02 -2.466644488379446387e-01 3.282479274871815678e-01 2.330623653635652381e+00 2.379240269721818457e-01 2.125204010129062127e+00 3.998044620660827775e-01 -1.056761378789992656e-01 3.339803744041125455e-02 -1.807654878090317607e-01 6.203669309142273436e-01 1.114976598835768495e+00 0.000000000000000000e+00
4.842324841206690350e-02 -2.470120103653876686e-01 3.281051573359269335e-01 2.335375220535741647e+00 2.459434672932783172e-01 2.130346842123790552e+00 4.103332361461974886e-01 -9.880469124626883870e-02 2.579870726987021357e-02 -1.798587480368870339e-01 6.248321865349358850e-01 1.125551212576145987e+00 0.000000000000000000e+00
5.111789013553849625e-02 -2.473381038970015322e-01 3.279341041051088146e-01 2.339612385985795129e+00 2.531392517632360395e-01 2.135326048786736486e+00 4.198961482779676180e-01 -9.222991243659485472e-02 1.864891869133433744e-02 -1.789822850773851448e-01 6.290498347532943457e-01 1.135186396241998130e+00 0.000000000000000000e+00
5.379910051898573187e-02 -2.476695995674886297e-01 3.277246327824132055e-01 2.343703457349886943e+00 2.601325462144976619e-01 2.140526087725776350e+00 4.293073933856577096e-01 -8.543460724390547489e-02 1.137223048685642723e-02 -1.780680052304041416e-01 6.333584299228790515e-01 1.144699074497706581e+00 0.000000000000000000e+00
5.668810195501625820e-02 -2.480354280422661928e-01 3.274532502688424218e-01 2.347966449042834913e+00 2.674745524445603095e-01 2.146407842221548901e+00 4.393286022515169309e-01 -7.782508215981641386e-02 3.348392438556668793e-03 -1.770347153722101885e-01 6.381281514352109552e-01 1.154863295114103128e+00 0.000000000000000000e+00
5.934022870425283841e-02 -2.483795213881314079e-01 3.271610461162694494e-01 2.351743377869891738e+00 2.740324889330851832e-01 2.152063573789590567e+00 4.484167726294667755e-01 -7.057508382288803228e-02 -4.184758178896075265e-03 -1.760415726674492143e-01 6.426235673552647132e-01 1.164114450950765933e+00 0.000000000000000000e+00
6.219707599325668967e-02 -2.487596753844626418e-01 3.267983090297719717e-01 2.355660598569887298e+00 2.808946471270692413e-01 2.158434134398445892e+00 4.580842804130498824e-01 -6.247820025931447030e-02 -1.247970602616566005e-02 -1.749230616543727412e-01 6.475930259493526409e-01 1.173992115433869721e+00 0.000000000000000000e+00
6.481854706135915800e-02 -2.491180273026318281e-01 3.264197526184679510e-01 2.359112864482306726e+00 2.870001962885897484e-01 2.164538430479206799e+00 4.668407540772303022e-01 -5.478057447741422475e-02 -2.025826693806909162e-02 -1.738510560918317682e-01 6.522714676153220648e-01 1.182974025684325525e+00 0.000000000000000000e+00
6.764108387467562822e-02 -2.495147034704662814e-01 3.259612944205347862e-01 2.362673816931985638e+00 2.933624393695604127e-01 2.171391481692651837e+00 4.761435419495270160e-01 -4.620145485826535059e-02 -2.881367193994877063e-02 -1.726469244497092770e-01 6.574375340768849885e-01 1.192555546654212595e+00 0.000000000000000000e+00
7.044528827436889740e-02 -2.499201972583935671e-01 3.254518741171910090e-01 2.366047548844133708e+00 2.994600010586001559e-01 2.178489811189390224e+00 4.852552480136105295e-01 -3.737729112931557213e-02 -3.749824025469727928e-02 -1.713987507810595945e-01 6.627031361841897450e-01 1.201981539016439005e+00 0.000000000000000000e+00
7.301677479444117214e-02 -2.503029791570000051e-01 3.249351704750693126e-01 2.368994123920031392e+00 3.048483752119990342e-01 2.185258802328288397e+00 4.934932707925798190e-01 -2.901465945906032268e-02 -4.562727316605519334e-02 -1.702072358646013195e-01 6.676516889637204022e-01 1.210541870866335135e+00 0.000000000000000000e+00
7.557154719575688573e-02 -2.506940569334976110e-01 3.243731085905759426e-01 2.371779425361908000e+00 3.100035380521237727e-01 2.192232846372218713e+00 5.015645463977966845e-01 -2.044626946627203443e-02 -5.386096830825315429e-02 -1.689781703767729293e-01 6.726834655273160601e-01 1.218966381500637519e+00 0.000000000000000000e+00
7.831968850935679127e-02 -2.511274864503039161e-01 3.237119143981989078e-01 2.374614209863453063e+00 3.153210760384359546e-01 2.200017026125407948e+00 5.101181870554539755e-01 -1.093350486588753195e-02 -6.289560914829239735e-02 -1.676042955046714855e-01 6.782274345475614030e-01 1.227937639106732925e+00 0.000000000000000000e+00
8.083806355006174782e-02 -2.515365705522268347e-01 3.230526979684260613e-01 2.377063187923296628e+00 3.199811553690539156e-01 2.207409716605751804e+00 5.178381917128892509e-01 -1.943621126732551514e-03 -7.133743032967987396e-02 -1.662973658444719116e-01 6.834290542096768117e-01 1.236075327291633386e+00 0.000000000000000000e+00
8.354577073983256164e-02 -2.519897024870010882e-01 3.222846098278459581e-01 2.379535201269669109e+00 3.247573811824091550e-01 2.215639587724189674e+00 5.260100349387701879e-01 8.018877910769463963e-03 -8.058951827272431423e-02 -1.648397512008442922e-01 6.891538518679384273e-01 1.244734595576026059e+00 0.000000000000000000e+00
8.602546072726889592e-02 -2.524175501557660573e-01 3.215247106623762008e-01 2.381650451054452500e+00 3.289112206079671807e-01 2.223438308514692263e+00 5.333745075906799471e-01 1.741990417807372932e-02 -8.922548389757878340e-02 -1.634556564480596774e-01 6.945203877805571357e-01 1.252581466569890001e+00 0.000000000000000000e+00
8.868974454544438502e-02 -2.528915474596136193e-01 3.206454837232269872e-01 2.383763119575858624e+00 3.331324889568021419e-01 2.232101604957993146e+00 5.411582283771955160e-01 2.782318823508869721e-02 -9.868090418985064893e-02 -1.619146349280421449e-01 7.004217530190909313e-01 1.260922886578181856e+00 0.000000000000000000e+00
9.133069500432410004e-02 -2.533761720845022491e-01 3.197074130747861731e-01 2.385692572777698750e+00 3.370633944579948249e-01 2.240982465986471883e+00 5.487408805014099000e-01 3.844873077012488788e-02 -1.082347282844007275e-01 -1.603310361200969703e-01 7.064118015219243985e-01 1.269099323756943010e+00 0.000000000000000000e+00
9.374682264678919907e-02 -2.538333267641529334e-01 3.187881188406918032e-01 2.387312683738132435e+00 3.404305805332308310e-01 2.249370797505053421e+00 5.555597047354760010e-01 4.845291621095355883e-02 -1.171379421246445673e-01 -1.588314101102733245e-01 7.120191537761134670e-01 1.276498650529619194e+00 0.000000000000000000e+00
9.614160448193498354e-02 -2.542997701450588344e-01 3.178169045447373220e-01 2.388780674094919565e+00 3.435458846685355283e-01 2.257938129626720247e+00 5.622055566567415452e-01 5.864170864959517004e-02 -1.261179881623373245e-01 -1.572958147809768448e-01 7.177000092763887729e-01 1.283755631342030634e+00 0.000000000000000000e+00
9.871097734568436144e-02 -2.548156604141839088e-01 3.167053082863268143e-01 2.390202374386746875e+00 3.466344766895064211e-01 2.267417101976166194e+00 5.692092042704591792e-01 6.988505046207009463e-02 -1.359293399342984543e-01 -1.555919076707873161e-01 7.239358675478364535e-01 1.291455895317885849e+00 0.000000000000000000e+00
1.010591654436793635e-01 -2.553012947948825051e-01 3.156238130034878520e-01 2.391362787970287229e+00 3.492212477590097564e-01 2.276344564159542116e+00 5.754944641801279515e-01 8.044873691960000017e-02 -1.450578572027632074e-01 -1.539823929764843058e-01 7.297655271740199900e-01 1.298415800510698714e+00 0.000000000000000000e+00
1.035766944738212847e-01 -2.558374779798137100e-01 3.143914208050789805e-01 2.392459038000998461e+00 3.517363010563112624e-01 2.286203572487857993e+00 5.821090239585849924e-01 9.208963042617492045e-02 -1.550204765246403493e-01 -1.521994232714330708e-01 7.361589780029731411e-01 1.305795020417144903e+00 0.000000000000000000e+00
1.060656605994517304e-01 -2.563842784236346484e-01 3.130946442039730382e-01 2.393391854422091569e+00 3.539500697888993130e-01 2.296254187507502209e+00 5.885201182297599143e-01 1.039330323665151462e-01 -1.650551343540043181e-01 -1.503756239779195647e-01 7.426325234017105981e-01 1.313006061700752403e+00 0.000000000000000000e+00
1.083373196988731274e-01 -2.568978897624647484e-01 3.118402425483762230e-01 2.394112790142714609e+00 3.557274958586775782e-01 2.305695610235689585e+00 5.942596298530442578e-01 1.150398205940962593e-01 -1.743769971176087896e-01 -1.486566700075711012e-01 7.486769669698090102e-01 1.319514694246851638e+00 0.000000000000000000e+00
1.107694366753077808e-01 -2.574635707628445402e-01 3.104184243415847311e-01 2.394746540167059567e+00 3.573646712347544607e-01 2.316096784041107526e+00 6.002850983983757382e-01 1.272569805486722938e-01 -1.845345598312799762e-01 -1.467565378593131964e-01 7.552981180719638976e-01 1.326406023041595272e+00 0.000000000000000000e+00
1.129868267429199741e-01 -2.579941925481030740e-01 3.090472077933157369e-01 2.395200221353659842e+00 3.586088058221443831e-01 2.325853499842048144e+00 6.056692777532162175e-01 1.387021566822616014e-01 -1.939612179837788553e-01 -1.449678257131614967e-01 7.614761191687298147e-01 1.332619710496967924e+00 0.000000000000000000e+00
1.153581803430867581e-01 -2.585777423631355210e-01 3.074975015033354353e-01 2.395554545370607080e+00 3.596678282463692256e-01 2.336586717895440923e+00 6.113108516274128323e-01 1.512784189426996106e-01 -2.042229102960724241e-01 -1.429929752515700370e-01 7.682388172828223949e-01 1.339191859435065357e+00 0.000000000000000000e+00
1.175181119249086165e-01 -2.591237614103920617e-01 3.060075000013871005e-01 2.395760486329529204e+00 3.603807215586938284e-01 2.346639795986833921e+00 6.163444258247443575e-01 1.630458791800805662e-01 -2.137358548678898185e-01 -1.411365688794598561e-01 7.745437845845578595e-01 1.345113264960802191e+00 0.000000000000000000e+00
1.198256743641802485e-01 -2.597227135757272376e-01 3.043284427148389981e-01 2.395858386467700996e+00 3.608672995902724168e-01 2.357682988627106457e+00 6.216104274062125290e-01 1.759611784920424582e-01 -2.240803714900847510e-01 -1.390898213908146885e-01 7.814400402273180557e-01 1.351371959838597370e+00 0.000000000000000000e+00
1.219248726225193730e-01 -2.602820735018488429e-01 3.027180709277751403e-01 2.395838027546518312e+00 3.610529771138990540e-01 2.368013484596852791e+00 6.262994551375150598e-01 1.880339701484009529e-01 -2.336604277213720771e-01 -1.371680011244294228e-01 7.878653158312975968e-01 1.357005211334387562e+00 0.000000000000000000e+00
1.241647028337415914e-01 -2.608943569807788410e-01 3.009076372503245445e-01 2.395702294810627908e+00 3.609704864927998358e-01 2.379347894999913393e+00 6.311952107484349872e-01 2.012714453732351860e-01 -2.440669959969659075e-01 -1.350515037823593889e-01 7.948884045209728688e-01 1.362953514787134113e+00 0.000000000000000000e+00
1.261999800462546284e-01 -2.614644777200127446e-01 2.991757379607079548e-01 2.395478054800729950e+00 3.606354108487259680e-01 2.389936953847788814e+00 6.355476149179514200e-01 2.136316254007268878e-01 -2.536940570214931689e-01 -1.330668079471130638e-01 8.014268644712809753e-01 1.368303938575157641e+00 0.000000000000000000e+00
1.283690583135306540e-01 -2.620866196122918490e-01 2.972335332076304071e-01 2.395134422934152241e+00 3.599942476382214096e-01 2.401540435235981708e+00 6.400846427300377339e-01 2.271694219727379838e-01 -2.641404395553836881e-01 -1.308838730582239651e-01 8.085683972504374983e-01 1.373950106402234805e+00 0.000000000000000000e+00
1.303372443555252669e-01 -2.626644424218104179e-01 2.953794633856919316e-01 2.394729664934700963e+00 3.591468767215757474e-01 2.412369486279010378e+00 6.441097444015834173e-01 2.397981817961641893e-01 -2.737938658747027798e-01 -1.288390730061259037e-01 8.152127844331034101e-01 1.379024227227162669e+00 0.000000000000000000e+00
1.324317665945101141e-01 -2.632932273992018568e-01 2.933044834995206518e-01 2.394202833431363420e+00 3.579550496178494079e-01 2.424224110386510311e+00 6.482969660044878291e-01 2.536171915345308836e-01 -2.842572926395694477e-01 -1.265924386329134732e-01 8.224654376087433549e-01 1.384374251541022893e+00 0.000000000000000000e+00
1.343298758968591855e-01 -2.638751164645856684e-01 2.913281396346349417e-01 2.393641198753344135e+00 3.566060706917038026e-01 2.435275237024178807e+00 6.520060170336684502e-01 2.664946906037704011e-01 -2.939156458069054345e-01 -1.244905803544604506e-01 8.292082951727149931e-01 1.389179925728070808e+00 0.000000000000000000e+00
1.363471374261732150e-01 -2.645059520634525096e-01 2.891211426470520207e-01 2.392957683356862209e+00 3.548784609074102647e-01 2.447360167911541318e+00 6.558585458665771029e-01 2.805712779538181989e-01 -3.043725478271017693e-01 -1.221840664686132810e-01 8.365631471551867593e-01 1.394244725489183434e+00 0.000000000000000000e+00
1.381723419691156807e-01 -2.650877535609177937e-01 2.870229539481869985e-01 2.392262828827451226e+00 3.530403486239239719e-01 2.458616343076498012e+00 6.592643294266249399e-01 2.936768268361526490e-01 -3.140135904473519979e-01 -1.200284373032758783e-01 8.433967519333029905e-01 1.398791007786057694e+00 0.000000000000000000e+00
1.401089689744897115e-01 -2.657161972321540055e-01 2.846842273747846597e-01 2.391447688247333669e+00 3.507893948705271825e-01 2.470915133422438625e+00 6.627949486627701114e-01 3.079895533511063932e-01 -3.244394666408485506e-01 -1.176654061456701705e-01 8.508458798183635707e-01 1.403579637742129460e+00 0.000000000000000000e+00
1.418587121881298707e-01 -2.662931952277322600e-01 2.824653213233385696e-01 2.390643337645075306e+00 3.484766238853520548e-01 2.482359961573981533e+00 6.659120455606534206e-01 3.213013973493810682e-01 -3.340404286866933692e-01 -1.154595930385415997e-01 8.577622423273538743e-01 1.407877180793190242e+00 0.000000000000000000e+00
1.437126021210908267e-01 -2.669134621918873296e-01 2.799968749529337386e-01 2.389722159610300434e+00 3.457210060304034549e-01 2.494854196332729313e+00 6.691396636437748624e-01 3.358248131960737126e-01 -3.444101121811893318e-01 -1.130443888907055466e-01 8.652962584721608508e-01 1.412403356223834283e+00 0.000000000000000000e+00
1.453846908742148780e-01 -2.674803706719567353e-01 2.776589998454625507e-01 2.388831397157854752e+00 3.429497212372014658e-01 2.506472487154696172e+00 6.719845188992248364e-01 3.493202821515093426e-01 -3.539474246769811483e-01 -1.107922284582311956e-01 8.722871229126460957e-01 1.416464277412041728e+00 0.000000000000000000e+00
1.471532267884005096e-01 -2.680867392013410178e-01 2.750625993689161941e-01 2.387827941442231428e+00 3.397057165672512369e-01 2.519147794473037827e+00 6.749260469022446696e-01 3.640305187486710392e-01 -3.642346833357392732e-01 -1.083288710289351531e-01 8.798975052017109499e-01 1.420740115700218409e+00 0.000000000000000000e+00
1.487458947235487383e-01 -2.686376879077586044e-01 2.726081470678370922e-01 2.386872459706046889e+00 3.364934903629319685e-01 2.530925658176689463e+00 6.775170363267827289e-01 3.776859438170795391e-01 -3.736838451994495269e-01 -1.060344994931830404e-01 8.869543494582029508e-01 1.424577597672968210e+00 0.000000000000000000e+00
1.502999671900661915e-01 -2.691787122743639071e-01 2.700987845044220403e-01 2.385893212339505354e+00 3.330762117010115375e-01 2.542775626872450179e+00 6.799933100873656322e-01 3.914094459408532511e-01 -3.830817412121754195e-01 -1.037214109283947222e-01 8.940398226964133555e-01 1.428312947417913037e+00 0.000000000000000000e+00
1.519397978936655458e-01 -2.697518109276296761e-01 2.673194091298523589e-01 2.384811477729840146e+00 3.291483430013086853e-01 2.555690696200344725e+00 6.825524081578500102e-01 4.063465172838624517e-01 -3.931984244031139220e-01 -1.011957438519692359e-01 9.017455461525030191e-01 1.432249099509050438e+00 0.000000000000000000e+00
1.535336537797188095e-01 -2.703095326175117274e-01 2.644774853460829522e-01 2.383712882316981752e+00 3.249901340696288443e-01 2.568684106235645359e+00 6.849883350279182270e-01 4.213495351533647071e-01 -4.032402727674213594e-01 -9.865061073245094680e-02 9.094799651693382669e-01 1.436073798308567628e+00 0.000000000000000000e+00
1.549642258792590377e-01 -2.708087483481170787e-01 2.618000112331317353e-01 2.382688992103879855e+00 3.209534124312494185e-01 2.580743927561208739e+00 6.871343102343041576e-01 4.352499044630333547e-01 -4.124371001178464002e-01 -9.628539078932431272e-02 9.166424703420792408e-01 1.439510607695314803e+00 0.000000000000000000e+00
1.564699640269987257e-01 -2.713306050706851824e-01 2.588420281209122820e-01 2.381574089046025300e+00 3.163711878346333606e-01 2.593877099023901955e+00 6.893547207931576271e-01 4.503570519311576037e-01 -4.223144982848412443e-01 -9.370722614991064403e-02 9.244241604682635893e-01 1.443137300467784767e+00 0.000000000000000000e+00
1.578191080291928006e-01 -2.717929950660375460e-01 2.560596359905108477e-01 2.380543603492134785e+00 3.119527734050251411e-01 2.606061241352732871e+00 6.913135423539381597e-01 4.643404119982958433e-01 -4.313458101735181405e-01 -9.131395979155411402e-02 9.316256809509739778e-01 1.446399939119240807e+00 0.000000000000000000e+00
1.592366917003324167e-01 -2.722707527189532906e-01 2.529905703030890241e-01 2.379430231877867286e+00 3.069674319760871128e-01 2.619324540464236684e+00 6.933445355802598797e-01 4.795227937672149610e-01 -4.410285312648281053e-01 -8.870819814534450232e-02 9.394447884904738588e-01 1.449847800624512129e+00 0.000000000000000000e+00
1.605050466345035731e-01 -2.726883315543386366e-01 2.501086760297732692e-01 2.378409459983107155e+00 3.021881508872636957e-01 2.631623275213891056e+00 6.951424356321723730e-01 4.935613478479450311e-01 -4.498670302905831697e-01 -8.629224498345186567e-02 9.466760032193388685e-01 1.452955975932743504e+00 0.000000000000000000e+00
1.618359580599409986e-01 -2.731129954272367710e-01 2.469352353201666739e-01 2.377314650131487461e+00 2.968239123675453506e-01 2.645005137356190250e+00 6.970147044575253359e-01 5.087880379595003388e-01 -4.593264453244900736e-01 -8.366498663381825851e-02 9.545219421068212862e-01 1.456248042514244778e+00 0.000000000000000000e+00
1.630250016707395777e-01 -2.734773089112179645e-01 2.439599476966811953e-01 2.376317420297175076e+00 2.917046529968292390e-01 2.657409633491603529e+00 6.986801788242336109e-01 5.228531237825903011e-01 -4.679439685587956088e-01 -8.123199756332752375e-02 9.617731305438618206e-01 1.459222660293808760e+00 0.000000000000000000e+00
1.641767151496420218e-01 -2.738129543108078767e-01 2.409422581696748500e-01 2.375336259429142061e+00 2.864295571975046251e-01 2.669861756753990178e+00 7.002927228642765733e-01 5.369204400030932467e-01 -4.764453113905466886e-01 -7.879294147897845935e-02 9.690303776723822038e-01 1.462141351690481095e+00 0.000000000000000000e+00
1.653829707233356594e-01 -2.741417705281269379e-01 2.376271004000513887e-01 2.374293968544305855e+00 2.805441963005694817e-01 2.683403439975830196e+00 7.019883575303300649e-01 5.521543872286189814e-01 -4.855157051682201796e-01 -7.614541813792502500e-02 9.768965565841493115e-01 1.465246064889295763e+00 0.000000000000000000e+00
1.664590483113591035e-01 -2.744109352594368834e-01 2.345265820092640174e-01 2.373354079302178565e+00 2.749594837848263751e-01 2.695948581477769501e+00 7.035144154139726380e-01 5.662036938222502203e-01 -4.937532618939988183e-01 -7.369831431365686525e-02 9.841589302977681308e-01 1.468065686693416971e+00 0.000000000000000000e+00
1.675853157047068609e-01 -2.746627348798253987e-01 2.311261249779141547e-01 2.372362192571669137e+00 2.687499352474538306e-01 2.709585893986735883e+00 7.051346160421496645e-01 5.814014886359781809e-01 -5.025228516265480838e-01 -7.104555619658575738e-02 9.920251757885624189e-01 1.471076922937969433e+00 0.000000000000000000e+00
1.686715045877137109e-01 -2.748703576743386501e-01 2.276846140645189254e-01 2.371399642256561968e+00 2.623791635940859734e-01 2.723270297636698700e+00 7.067301824302434365e-01 5.965665931473254080e-01 -5.111215995751685615e-01 -6.839289794805551714e-02 9.998870270635581425e-01 1.474050209136988476e+00 0.000000000000000000e+00
1.696398288831141854e-01 -2.750204451985284182e-01 2.244738067415328331e-01 2.370539626349735141e+00 2.563606076792415145e-01 2.735940834063359084e+00 7.081903936559338364e-01 6.105282817410930818e-01 -5.189008262773446845e-01 -6.594610205178839946e-02 1.007137483131298694e+00 1.476768364503577846e+00 0.000000000000000000e+00
1.705763870619423084e-01 -2.751282684774311038e-01 2.212324533901341705e-01 2.369708241595565035e+00 2.502136752977541789e-01 2.748646770061580202e+00 7.096474090883162500e-01 6.244466273881196239e-01 -5.265205962092520675e-01 -6.350271000828953960e-02 1.014379150767442228e+00 1.479467744584482380e+00 0.000000000000000000e+00
1.715565945090300748e-01 -2.751948313572352700e-01 2.176891399786525516e-01 2.368841461569133777e+00 2.434142956896891974e-01 2.762448532088712660e+00 7.112323228320496238e-01 6.394671222522756437e-01 -5.345876440462382639e-01 -6.086144093460860161e-02 1.022211440954337913e+00 1.482378446497884195e+00 0.000000000000000000e+00
1.724310709064794944e-01 -2.752073220909111995e-01 2.143912502277071086e-01 2.368073286233558505e+00 2.370118855546512471e-01 2.775221076958433120e+00 7.127112427643979009e-01 6.532702196031290320e-01 -5.418518819726201308e-01 -5.843049084682746391e-02 1.029426676716662437e+00 1.485059983399485084e+00 0.000000000000000000e+00
1.733472950745671703e-01 -2.751650783438360226e-01 2.107919346887072165e-01 2.367276834251610840e+00 2.299433334080793756e-01 2.789090241498932254e+00 7.143418297208261603e-01 6.681469037684206747e-01 -5.495151945883505196e-01 -5.580679863634103316e-02 1.037224345809387271e+00 1.487967888993742660e+00 0.000000000000000000e+00
1.741660541745798096e-01 -2.750722119821702449e-01 2.074476387543986999e-01 2.366575360263146965e+00 2.232998167518793764e-01 2.801919041868650595e+00 7.158835336758730961e-01 6.818001983079571282e-01 -5.563918094180713148e-01 -5.339584722387070298e-02 1.044402164158396040e+00 1.490662475384684882e+00 0.000000000000000000e+00
1.750257318331905065e-01 -2.749105128044742608e-01 2.038038914993200446e-01 2.365852447788442614e+00 2.159772118394545082e-01 2.815842428439768064e+00 7.176049344254729068e-01 6.964959872562050958e-01 -5.636188296682194121e-01 -5.079796687001204153e-02 1.052153361090099049e+00 1.493601673121750739e+00 0.000000000000000000e+00
1.757959783395014464e-01 -2.747021943257664245e-01 2.004239533014104957e-01 2.365219166386499872e+00 2.091044751497288523e-01 2.828715589619158699e+00 7.192525656128776479e-01 7.099637926258176579e-01 -5.700749979408439305e-01 -4.841490790877108624e-02 1.059282510170186598e+00 1.496341799567333375e+00 0.000000000000000000e+00
1.766073870764353071e-01 -2.744097235552678260e-01 1.967475786774961766e-01 2.364569804046279700e+00 2.015385350974612244e-01 2.842680384101408109e+00 7.211136491616524369e-01 7.244381397294256120e-01 -5.768269102525218628e-01 -4.585178596832715364e-02 1.066974584925689751e+00 1.499349041070250799e+00 0.000000000000000000e+00
1.773972215695245880e-01 -2.740452054471751997e-01 1.930593103892621065e-01 2.363958799324707982e+00 1.938499506279018902e-01 2.856659673255489196e+00 7.230665451890073703e-01 7.387825245718374623e-01 -5.833196969901349727e-01 -4.331016073130720262e-02 1.074631306217721960e+00 1.502406216843607201e+00 0.000000000000000000e+00
1.781094058393238588e-01 -2.736419334965575767e-01 1.896470807546329351e-01 2.363427804880362082e+00 1.866449051383529678e-01 2.869573153723309566e+00 7.249635814124980593e-01 7.518975276760417881e-01 -5.890721249447061769e-01 -4.098548325458783309e-02 1.081664381761484828e+00 1.505282164504783804e+00 0.000000000000000000e+00
1.788652149017472548e-01 -2.731298611253552000e-01 1.859455467724343003e-01 2.362887411118902214e+00 1.787237004316288846e-01 2.883568224210328879e+00 7.271347900702125333e-01 7.659582858623603663e-01 -5.950333447287395883e-01 -3.849276863546286648e-02 1.089242739538441640e+00 1.508466639378245988e+00 0.000000000000000000e+00
1.795506019349369653e-01 -2.725855322976795114e-01 1.825272490201629849e-01 2.362420240466623245e+00 1.713056847882574729e-01 2.896486656219968481e+00 7.292578620912236742e-01 7.787928581037792952e-01 -6.002791728649504721e-01 -3.621759266550534512e-02 1.096197717883238054e+00 1.511478674571125724e+00 0.000000000000000000e+00
1.802824667391393632e-01 -2.719154623309701924e-01 1.788258910871322327e-01 2.361947155569672052e+00 1.631544888967058071e-01 2.910475980580865762e+00 7.317009129172078463e-01 7.925295761644624015e-01 -6.056742711802601820e-01 -3.378326993387496813e-02 1.103685261867023204e+00 1.514831061751317431e+00 0.000000000000000000e+00
1.809507639540194612e-01 -2.712200138423054852e-01 1.754140671132479179e-01 2.361539318645067276e+00 1.555234918581178682e-01 2.923378771614737914e+00 7.341020189560233389e-01 8.050441696009082992e-01 -6.103781460346398013e-01 -3.156682290773749761e-02 1.110550158787947606e+00 1.518018599260033463e+00 0.000000000000000000e+00
1.816144813999752694e-01 -2.704484358463097315e-01 1.720099184646492474e-01 2.361157575602349734e+00 1.477890806649710953e-01 2.936265730883724334e+00 7.366559904414091697e-01 8.173907175725702023e-01 -6.148089802982591445e-01 -2.938197179122030087e-02 1.117367451704387005e+00 1.521304806887136429e+00 0.000000000000000000e+00
1.823311556257881938e-01 -2.695238477963596280e-01 1.683342841108075860e-01 2.360771820675745758e+00 1.392917549740779748e-01 2.950201765397905795e+00 7.396107010918249181e-01 8.305647762739468698e-01 -6.192901483064811030e-01 -2.705346393983933811e-02 1.124695538917903637e+00 1.524988224990825092e+00 0.000000000000000000e+00
1.830481319343471858e-01 -2.685046799175537791e-01 1.646750374656132387e-01 2.360413200043614879e+00 1.306691977166716256e-01 2.964103505750830259e+00 7.427754685732206319e-01 8.435195236595556256e-01 -6.234322959079356963e-01 -2.476738773476390779e-02 1.131961041845803262e+00 1.528810793261470513e+00 0.000000000000000000e+00
1.837131317186158630e-01 -2.674769679914729137e-01 1.613152482059617698e-01 2.360103644197155237e+00 1.225958084899314571e-01 2.976898147792936378e+00 7.458997560060470766e-01 8.552705222324484824e-01 -6.269426085407692195e-01 -2.269776410847386752e-02 1.138608425084695508e+00 1.532475436079473896e+00 0.000000000000000000e+00
1.843836201808387587e-01 -2.663635959705835665e-01 1.579759284435978961e-01 2.359812539081562299e+00 1.144099804734808323e-01 2.989648590687794538e+00 7.492326355312539654e-01 8.668128621339336037e-01 -6.301442608032624682e-01 -2.066947981632350287e-02 1.145196153515170012e+00 1.536280960119142724e+00 0.000000000000000000e+00
1.851191190436105305e-01 -2.650579440280887433e-01 1.543850375911662853e-01 2.359515225614967182e+00 1.054109890848655695e-01 3.003402292029228260e+00 7.530958170085229053e-01 8.790693286817234942e-01 -6.332530353227392439e-01 -1.852183597306715154e-02 1.152261653045204781e+00 1.540575706851058824e+00 0.000000000000000000e+00
1.858666778176526480e-01 -2.636466454139225757e-01 1.508257252998203291e-01 2.359234761003684344e+00 9.627100271666044762e-02 3.017083243409762972e+00 7.572370990826233772e-01 8.910577480657969618e-01 -6.359802454370347968e-01 -1.642845507731846219e-02 1.159250320377790633e+00 1.545061402233133929e+00 0.000000000000000000e+00
1.865704507770526432e-01 -2.622470368659795548e-01 1.475718089379335352e-01 2.358986917687523110e+00 8.770383657684410750e-02 3.029637017241456842e+00 7.613252510929767736e-01 9.018726455155269273e-01 -6.381460611935416694e-01 -1.454751225307133501e-02 1.165629123820748347e+00 1.549385310578986319e+00 0.000000000000000000e+00
1.872896762819833694e-01 -2.607522827982659552e-01 1.443514561098244720e-01 2.358747101882931130e+00 7.900658473425314909e-02 3.042108428825672117e+00 7.656830481637005859e-01 9.124362071373808281e-01 -6.399661320615291915e-01 -1.271845425670221387e-02 1.171935622440110514e+00 1.553896439149471620e+00 0.000000000000000000e+00
1.880890555550126519e-01 -2.590226656001890504e-01 1.409043688980811115e-01 2.358492518378062730e+00 6.943117117026087470e-02 3.055513642457881929e+00 7.707272084263653289e-01 9.235831341960164531e-01 -6.415357326289946593e-01 -1.079880301018916466e-02 1.178682341587662830e+00 1.559009042652151455e+00 0.000000000000000000e+00
1.888476605824321031e-01 -2.573222841659444371e-01 1.377641525392260813e-01 2.358259788026533244e+00 6.044464383696102061e-02 3.067777674461631854e+00 7.756968001785076172e-01 9.335886969904714228e-01 -6.426059239130430534e-01 -9.086423718781841061e-03 1.184828384751347663e+00 1.563948274367866764e+00 0.000000000000000000e+00
1.896943570522167388e-01 -2.553650042114601892e-01 1.344111554813421927e-01 2.358005866843452480e+00 5.054149110699057701e-02 3.080929828322370501e+00 7.814390415419093516e-01 9.441077172430937248e-01 -6.433440190091583855e-01 -7.299170589594509290e-03 1.191394408418938067e+00 1.569551432143339031e+00 0.000000000000000000e+00
1.905700511999521007e-01 -2.532841179867364456e-01 1.311132652402898224e-01 2.357744480932211673e+00 4.045528923465679938e-02 3.093925787519415049e+00 7.875782270657871731e-01 9.542767315494521396e-01 -6.436283114555243490e-01 -5.586595722294631847e-03 1.197859631439268879e+00 1.575435287097705750e+00 0.000000000000000000e+00
1.914055544291729527e-01 -2.512517184584134866e-01 1.281211586600424224e-01 2.357493402353254552e+00 3.097448232680743985e-02 3.105768120256055198e+00 7.936127503588249477e-01 9.633433969015997578e-01 -6.434811052262702225e-01 -4.074589394368373016e-03 1.203735630068419882e+00 1.581127394453586410e+00 0.000000000000000000e+00
1.922690986989234463e-01 -2.491094683074583371e-01 1.251823992117231388e-01 2.357228138334310330e+00 2.132235271712001889e-02 3.117446679748285376e+00 8.000188512029560162e-01 9.720902166068288164e-01 -6.429296977225693599e-01 -2.631844240209913095e-03 1.209519616481908200e+00 1.587083953705712203e+00 0.000000000000000000e+00
1.932377598133028507e-01 -2.466621847676599699e-01 1.220624557383632597e-01 2.356920128074701637e+00 1.066345311347571823e-02 3.129894938813953864e+00 8.073970058449659870e-01 9.811928346336924456e-01 -6.418664306573552691e-01 -1.150201199639621242e-03 1.215678442818825422e+00 1.593849847613112880e+00 0.000000000000000000e+00
