-1.595441401008645954e-03 -3.403100695659189157e-04 3.014345251151823168e-03 -6.705846327600184509e-03 -3.278533244431169891e-03 -8.951437232678660649e-03 0.000000000000000000e+00
-1.662642925796292692e-03 -2.980715585738646922e-04 3.237219670376101366e-03 -7.179895110196454766e-03 -3.443774407302591101e-03 -9.568827404404789405e-03 0.000000000000000000e+00
-1.474349614359798943e-03 -2.135307599459568273e-04 2.961322680645195327e-03 -6.547308425393083553e-03 -3.081691954712528769e-03 -8.719111547153435282e-03 0.000000000000000000e+00
-1.531782817782600947e-03 -1.681140542263426241e-04 3.177818129421389193e-03 -7.002429210232641310e-03 -3.235733721342004543e-03 -9.326365402416048056e-03 0.000000000000000000e+00
-1.353354782356208652e-03 -9.982725419238613895e-05 2.904355112644696479e-03 -6.376573669478524664e-03 -2.893943088713157863e-03 -8.502144504465736219e-03 0.000000000000000000e+00
-1.400714078280324015e-03 -5.157846260694931573e-05 3.114108545024696362e-03 -6.810510579003725695e-03 -3.037211046059695718e-03 -9.099252817348357780e-03 0.000000000000000000e+00
-1.233069251485779949e-03 1.560442984716026160e-06 2.844308376720144915e-03 -6.194945884440805628e-03 -2.715799598611123855e-03 -8.300619802934061653e-03 0.000000000000000000e+00
-1.271314460982081451e-03 5.178873631483948969e-05 3.047901111681711184e-03 -6.609305014132260681e-03 -2.849928800105594462e-03 -8.889430184716662353e-03 0.000000000000000000e+00
-1.113982466614066302e-03 9.145003467625478777e-05 2.781848827254018719e-03 -6.003653197701908084e-03 -2.547662699993402668e-03 -8.113830623709628043e-03 0.000000000000000000e+00
-1.142817404978291318e-03 1.434222946700147716e-04 2.978851606592586299e-03 -6.396135593304208555e-03 -2.673153476054235256e-03 -8.694008462922564462e-03 0.000000000000000000e+00
-9.965606786279945783e-04 1.706759889958386900e-04 2.717488476023238730e-03 -5.803636520452570835e-03 -2.390009883930233059e-03 -7.941079389189864557e-03 0.000000000000000000e+00
-1.016957188217981756e-03 2.237021995244448114e-04 2.908637290306381740e-03 -6.176259943002193609e-03 -2.508152132975283166e-03 -8.515183438058349097e-03 0.000000000000000000e+00
-8.811776876089250088e-04 2.400222401267582129e-04 2.651884415625360703e-03 -5.596307649950560403e-03 -2.242855022114298436e-03 -7.782385237446343140e-03 0.000000000000000000e+00
-8.929131721132910204e-04 2.938640775244638625e-04 2.836727424886192894e-03 -5.947041622473392408e-03 -2.354430527276907270e-03 -8.349706876538354194e-03 0.000000000000000000e+00
-7.682009785255072831e-04 3.002608690378383294e-04 2.585285368281925455e-03 -5.382443089631649968e-03 -2.106609839354511848e-03 -7.636450834699548551e-03 0.000000000000000000e+00
-7.722679042076185940e-04 3.544432268874353475e-04 2.764561756145422766e-03 -5.713425347277478750e-03 -2.212949463804125827e-03 -8.199295610960888325e-03 0.000000000000000000e+00
-6.579464797829837064e-04 3.521564027560986077e-04 2.518212554722037977e-03 -5.163380187768851215e-03 -1.981336816267109668e-03 -7.503356813918893309e-03 0.000000000000000000e+00
-6.541092809364823513e-04 4.064626584476815907e-04 2.691481391570355042e-03 -5.472685243407937605e-03 -2.083115649675448822e-03 -8.060979242740184958e-03 0.000000000000000000e+00
-5.506732239627942782e-04 3.963994463602737994e-04 2.450927410621750457e-03 -4.940026243443362830e-03 -1.867191733825990241e-03 -7.382097181894753390e-03 0.000000000000000000e+00
-5.399121250618255097e-04 4.505107268402697152e-04 2.618833764791828056e-03 -5.229721896570005413e-03 -1.965657479661153673e-03 -7.936349535629938501e-03 0.000000000000000000e+00
-4.466306578948253669e-04 4.336994839270191804e-04 2.383648380972297476e-03 -4.713259459052210332e-03 -1.764322095090697928e-03 -7.271870150332926386e-03 0.000000000000000000e+00
-4.287345250274521291e-04 4.874136297122744210e-04 2.545868856211941367e-03 -4.981756297100403685e-03 -1.860105785715493454e-03 -7.822523161420846805e-03 0.000000000000000000e+00
-3.459723910215484199e-04 4.646653004682366195e-04 2.316658722507969337e-03 -4.484034667052938516e-03 -1.672564432991574535e-03 -7.172323774366828886e-03 0.000000000000000000e+00
-3.218764202952417719e-04 5.178121566869475778e-04 2.473671813740863090e-03 -4.733191826129967694e-03 -1.766921309547253571e-03 -7.720212273037763140e-03 0.000000000000000000e+00
-2.489022262740225866e-04 4.899344967668750606e-04 2.250056061167099442e-03 -4.253080618077831332e-03 -1.592107916502438769e-03 -7.082307217580297021e-03 0.000000000000000000e+00
-2.184436256953969924e-04 5.423208372219989748e-04 2.401594220661190660e-03 -4.481530997082927570e-03 -1.685784039056059669e-03 -7.627259442810174761e-03 0.000000000000000000e+00
-1.555224978723734885e-04 5.100787660874406271e-04 2.184000190803669916e-03 -4.021103409898252323e-03 -1.522826491191509035e-03 -7.001210508526867216e-03 0.000000000000000000e+00
-1.195752383235382243e-04 5.615938063587844198e-04 2.330539660980041061e-03 -4.230728725376664556e-03 -1.616828165165618003e-03 -7.543958994576938082e-03 0.000000000000000000e+00
-6.592538863142705097e-05 5.256035235310929643e-04 2.118532202845080370e-03 -3.788672498278522482e-03 -1.464708496075939337e-03 -6.927817995207252721e-03 0.000000000000000000e+00
-2.434392093081383379e-05 5.760662840510466509e-04 2.259845701061774514e-03 -3.978236371654730874e-03 -1.559705205581352061e-03 -7.468416251143583651e-03 0.000000000000000000e+00
1.981061177636078696e-05 5.369771436408710130e-04 2.053819204187540270e-03 -3.556521734272344304e-03 -1.417529156798380541e-03 -6.861720005248317378e-03 0.000000000000000000e+00
6.615804040049910739e-05 5.863919647136062174e-04 2.190302547468464534e-03 -3.727792497489446077e-03 -1.514702433329517817e-03 -7.400358676689977599e-03 0.000000000000000000e+00
1.016162544791587852e-04 5.446794586775882685e-04 1.989829875660764635e-03 -3.325029373984378367e-03 -1.381336130896304581e-03 -6.801728074037116656e-03 0.000000000000000000e+00
1.528858078330419534e-04 5.928551422044736618e-04 2.121183052141178971e-03 -3.476729645258913592e-03 -1.481370719290442395e-03 -7.337930946846427105e-03 0.000000000000000000e+00
1.794912872052911723e-04 5.490995082456096021e-04 1.926615698815775657e-03 -3.094622834155735802e-03 -1.355896928779909416e-03 -6.746960314686578641e-03 0.000000000000000000e+00
2.349087600585220148e-04 5.960518450244256528e-04 2.053282914335485820e-03 -3.228562038284366054e-03 -1.459506656264153435e-03 -7.281166338937383742e-03 0.000000000000000000e+00
2.533997219816563895e-04 5.505953975739608097e-04 1.864162930692886411e-03 -2.865684746907959379e-03 -1.341150990873174464e-03 -6.696339239107063079e-03 0.000000000000000000e+00
3.130877079039751099e-04 5.961402365109447210e-04 1.985915836013929514e-03 -2.980805816251042017e-03 -1.449130249955299377e-03 -7.228107827597973767e-03 0.000000000000000000e+00
3.234092335994698253e-04 5.494815894825366698e-04 1.802466748260567186e-03 -2.638441544008607309e-03 -1.336746949378575522e-03 -6.648958766461543490e-03 0.000000000000000000e+00
3.865789716505363405e-04 5.937374431718156487e-04 1.919633708241441639e-03 -2.736380152018824674e-03 -1.449933522182700329e-03 -7.178368094378884123e-03 0.000000000000000000e+00
3.895154120340249548e-04 5.460431330193138422e-04 1.741559538858516998e-03 -2.413302022394425705e-03 -1.342533488347896764e-03 -6.603936363237306040e-03 0.000000000000000000e+00
4.562973027870675935e-04 5.887933891837171529e-04 1.853863478571859957e-03 -2.492927216820817193e-03 -1.461724755984494806e-03 -7.130210794711544509e-03 0.000000000000000000e+00
4.517708033182354921e-04 5.405533219174918358e-04 1.681332921018741100e-03 -2.190291924402565371e-03 -1.358335917270192539e-03 -6.560118025236816308e-03 0.000000000000000000e+00
5.214962151323110362e-04 5.819196632391165913e-04 1.789146637180383248e-03 -2.253229491100405824e-03 -1.484056707050207535e-03 -7.083187224345977029e-03 0.000000000000000000e+00
5.102412052408467069e-04 5.332148286718019214e-04 1.621765897077520613e-03 -1.969611928502423837e-03 -1.383845962851459888e-03 -6.516473030043545833e-03 0.000000000000000000e+00
5.829969798084033705e-04 5.729541335866006335e-04 1.724885562319755650e-03 -2.014974932786017803e-03 -1.516922049582092313e-03 -7.035739864862611270e-03 0.000000000000000000e+00
5.649992651735324944e-04 5.242273625142290783e-04 1.562893581463387083e-03 -1.751501505562913508e-03 -1.418804283940922062e-03 -6.472288912729329269e-03 0.000000000000000000e+00
6.401924995615981828e-04 5.624708968036129519e-04 1.661528717687543732e-03 -1.780552478535923910e-03 -1.559667891505966963e-03 -6.987027592004535492e-03 0.000000000000000000e+00
6.161685807266892301e-04 5.137309087999142321e-04 1.504582856937775048e-03 -1.535830706805185741e-03 -1.462855435151233507e-03 -6.426331835195142617e-03 0.000000000000000000e+00
6.938615068306508427e-04 5.502332795876974103e-04 1.598554968440801805e-03 -1.547862492962792658e-03 -1.612307202510265824e-03 -6.935832860811341760e-03 0.000000000000000000e+00
6.638235744725884402e-04 5.018575925824775297e-04 1.446802658418178122e-03 -1.322781106718018407e-03 -1.515743882261499920e-03 -6.377500322956253243e-03 0.000000000000000000e+00
7.435008098907458507e-04 5.367673555211616154e-04 1.536385946414031700e-03 -1.319000800936720452e-03 -1.674046872087497917e-03 -6.881258396193246085e-03 0.000000000000000000e+00
7.081048378967669255e-04 4.887003613641138777e-04 1.389586034952650095e-03 -1.112466323829330861e-03 -1.576950582393266131e-03 -6.325252846058893041e-03 0.000000000000000000e+00
7.898298495907507544e-04 5.217537208171973973e-04 1.474496899088240109e-03 -1.092026739629936571e-03 -1.744965962093836254e-03 -6.822081999884099801e-03 0.000000000000000000e+00
7.491383746391355736e-04 4.743485110533240956e-04 1.332775482921932930e-03 -9.046862539099365108e-04 -1.646257012356322491e-03 -6.268126483991220965e-03 0.000000000000000000e+00
8.324593681549308233e-04 5.056940562077061330e-04 1.413300892901814265e-03 -8.688282662037138948e-04 -1.824002672076829867e-03 -6.757424001599954266e-03 0.000000000000000000e+00
7.870768691522478377e-04 4.588573536564166666e-04 1.276400976718716773e-03 -6.995822826718622878e-04 -1.723077621481827748e-03 -6.205588421016150491e-03 0.000000000000000000e+00
8.720670284484977053e-04 4.881893425203176484e-04 1.352251501298806780e-03 -6.474909073004297966e-04 -1.911383015644751993e-03 -6.685813312019117660e-03 0.000000000000000000e+00
8.220758475226408457e-04 4.422552288694259204e-04 1.220368969390983604e-03 -4.970238614623312401e-04 -1.807005970285491259e-03 -6.136437519976389865e-03 0.000000000000000000e+00
9.083309378688508851e-04 4.697447668271514942e-04 1.291897044026768526e-03 -4.299798890494699322e-04 -2.005736223619880576e-03 -6.607373734647925545e-03 0.000000000000000000e+00
8.542988467248324724e-04 4.245782058293623429e-04 1.164641775041608263e-03 -2.969893003115231522e-04 -1.897567434075320136e-03 -6.059765282103057871e-03 0.000000000000000000e+00
9.419156237090997585e-04 4.498787192506736865e-04 1.231557549948081309e-03 -2.142226427457316618e-04 -2.107384559227210019e-03 -6.519706698769667241e-03 0.000000000000000000e+00
8.839316911902761476e-04 4.058230332406598251e-04 1.109227335680196269e-03 -9.952483665021105708e-05 -1.994085175989201986e-03 -5.974937436068916696e-03 0.000000000000000000e+00
9.725778898072023892e-04 4.291124638576837569e-04 1.171763551893467703e-03 -2.002924851751686219e-06 -2.214832329950233714e-03 -6.423124373496680306e-03 0.000000000000000000e+00
9.111462069778253348e-04 3.859773403548927284e-04 1.054023648441149152e-03 9.554220796470502819e-05 -2.096139753342995959e-03 -5.880749478892610682e-03 0.000000000000000000e+00
1.000953300914070310e-03 4.069013380933461654e-04 1.112022367086185071e-03 2.083438992688257940e-04 -2.328155756250449571e-03 -6.315922054050293610e-03 0.000000000000000000e+00
9.361517259022233972e-04 3.650688009873559459e-04 9.990542659933376868e-04 2.882038266580622121e-04 -2.202946056073074033e-03 -5.776905118793695948e-03 0.000000000000000000e+00
1.026837780426836932e-03 3.837605224949469651e-04 1.052695362619426867e-03 4.154192362806341521e-04 -2.445992444715106018e-03 -6.197768811342818651e-03 0.000000000000000000e+00
9.591631542140988120e-04 3.430370154510198333e-04 9.442967948702363223e-04 4.785190388707505349e-04 -2.313838579175886423e-03 -5.662335947362429067e-03 0.000000000000000000e+00
1.050856635532643191e-03 3.591486037351487859e-04 9.933734458109078069e-04 6.206829591048901307e-04 -2.568209406739185852e-03 -6.067507971902585950e-03 0.000000000000000000e+00
9.803785357702932135e-04 3.198567542148089693e-04 8.897142603527807836e-04 6.665699024885896051e-04 -2.428112366129830946e-03 -5.536295958995740563e-03 0.000000000000000000e+00
1.072883101462612787e-03 3.335638295831055977e-04 9.344093579425338802e-04 8.229344357628676221e-04 -2.693320699307832911e-03 -5.924738484313074594e-03 0.000000000000000000e+00
1.000015373155582754e-03 2.955330402945599566e-04 8.353039879177015514e-04 8.523878546125018829e-04 -2.544984006008554900e-03 -5.398388938199438769e-03 0.000000000000000000e+00
1.093477620538990669e-03 3.064329480463312549e-04 8.754790333936335323e-04 1.023329637148684412e-03 -2.821145979372996493e-03 -5.768477291637985616e-03 0.000000000000000000e+00
1.018320988065896104e-03 2.700148537012614369e-04 7.810453473001133240e-04 1.036095728633945612e-03 -2.663551651048035041e-03 -5.247793441492731858e-03 0.000000000000000000e+00
1.112581066123941032e-03 2.782948129819162730e-04 8.168968046065039346e-04 1.220888522118102060e-03 -2.950061802112990961e-03 -5.598621638636558373e-03 0.000000000000000000e+00
1.035504747021576133e-03 2.433116227312237534e-04 7.269720481238306498e-04 1.217678365752483671e-03 -2.783004998102356353e-03 -5.084276978339907771e-03 0.000000000000000000e+00
1.130746846288388507e-03 2.485473053352449391e-04 7.582659434257621456e-04 1.416785626021876965e-03 -3.079789637659757773e-03 -5.413723248175017488e-03 0.000000000000000000e+00
1.051788424305449832e-03 2.153784741847353246e-04 6.730729903386412083e-04 1.397182611509784067e-03 -2.902419589868365790e-03 -4.907187059020490238e-03 0.000000000000000000e+00
1.147939106824952260e-03 2.177696541252327478e-04 7.000380986626475455e-04 1.609988135499840212e-03 -3.208610997996075298e-03 -5.214424380827864525e-03 0.000000000000000000e+00
1.067421348283553728e-03 1.862144377193786227e-04 6.193457240641353501e-04 1.574725091214368433e-03 -3.020828860438307117e-03 -4.716158871441056277e-03 0.000000000000000000e+00
1.164670802296235985e-03 1.853637986259926151e-04 6.418339313871146423e-04 1.801458466010430470e-03 -3.336112026136817121e-03 -4.999467245624167333e-03 0.000000000000000000e+00
1.082630514957577672e-03 1.558235780854677621e-04 5.657742582554359245e-04 1.750346874439756562e-03 -3.137240184343248472e-03 -4.510694357023226075e-03 0.000000000000000000e+00
1.180959484195609477e-03 1.519238706434999919e-04 5.841052755836129151e-04 1.990361446145172408e-03 -3.460447214738593402e-03 -4.769867980459085999e-03 0.000000000000000000e+00
1.097635396939578012e-03 1.242146977379343653e-04 5.124472846571026530e-04 1.923993822663838671e-03 -3.250629736434973438e-03 -4.290860895571846356e-03 0.000000000000000000e+00
1.197248750184759514e-03 1.168768165974443107e-04 5.263681112664952977e-04 2.177584027746704010e-03 -3.581346409350594229e-03 -4.523603956512634028e-03 0.000000000000000000e+00
1.112682736068681955e-03 9.139996671803096717e-05 4.594210178793800559e-04 2.095653693669596862e-03 -3.359779136639318153e-03 -4.056797923058130806e-03 0.000000000000000000e+00
1.213609887374594853e-03 8.084353703824431747e-05 4.691422572592474083e-04 2.362408205582866572e-03 -3.696812071440902514e-03 -4.262237597873141937e-03 0.000000000000000000e+00
1.127957888670788611e-03 5.742631586219681950e-05 4.066393200289897258e-04 2.265387389703832355e-03 -3.463828436776950070e-03 -3.807972191725905731e-03 0.000000000000000000e+00
1.230444498227678540e-03 4.327026568706759946e-05 4.120527599075773928e-04 2.545345276981691995e-03 -3.806295148063743028e-03 -3.984619778567566328e-03 0.000000000000000000e+00
1.143726320360041737e-03 2.233549795560563211e-05 3.542032307616849174e-04 2.433146355066639899e-03 -3.561409327574427408e-03 -3.544844332222130134e-03 0.000000000000000000e+00
1.247804693436549428e-03 4.830681621881272036e-06 3.555430384858948578e-04 2.725858786980062121e-03 -3.908043003280514682e-03 -3.692178028954717917e-03 0.000000000000000000e+00
1.160138908324059859e-03 -1.381668660138668514e-05 3.021678208795508525e-04 2.598810794005146363e-03 -3.651583558986093436e-03 -3.267558616745880329e-03 0.000000000000000000e+00
1.266064887975246189e-03 -3.503061520504502369e-05 2.992427889615956182e-04 2.904318924653814804e-03 -4.001366809380790812e-03 -3.383564882922573958e-03 0.000000000000000000e+00
1.177412986553688645e-03 -5.094555029738767615e-05 2.505196419809729846e-04 2.762348868992958728e-03 -3.733156816388305543e-03 -2.976241854527827968e-03 0.000000000000000000e+00
1.285295494522512016e-03 -7.557929732765478192e-05 2.436577354492097669e-04 3.080194757608012424e-03 -4.084473544510469623e-03 -3.061192517853417172e-03 0.000000000000000000e+00
1.195729428570782571e-03 -8.895661124463938307e-05 1.993351179956914798e-04 2.923614545101038686e-03 -3.805008436650769710e-03 -2.671476359378921472e-03 0.000000000000000000e+00
1.305781268759118041e-03 -1.173601149047076575e-04 1.884255854855410028e-04 3.253550725442977409e-03 -4.156696133726267561e-03 -2.723709025420628649e-03 0.000000000000000000e+00
1.215240957351773621e-03 -1.277482448983624508e-04 1.486733933461215074e-04 3.082396019435940104e-03 -3.866041774856832092e-03 -2.353776096662762995e-03 0.000000000000000000e+00
1.327601461617311518e-03 -1.596009708129120241e-04 1.339336216924502665e-04 3.424130903461275466e-03 -4.216449111812181627e-03 -2.373232079035503261e-03 0.000000000000000000e+00
1.236092943514691123e-03 -1.671918123283822055e-04 9.861041019598726365e-05 3.238412468705931246e-03 -3.915181080595964147e-03 -2.024069277577478232e-03 0.000000000000000000e+00
1.350996588268760235e-03 -2.027967621073267779e-04 7.993050335353135694e-05 3.591552889570692741e-03 -4.262878432923500327e-03 -2.009266131859810400e-03 0.000000000000000000e+00
1.258412121152435725e-03 -2.071533978011408372e-04 4.913821248941907527e-05 3.391413790357233893e-03 -3.951417078026153717e-03 -1.682849356336557634e-03 0.000000000000000000e+00
1.375996629285558548e-03 -2.461574968327107094e-04 2.680003262967023403e-05 3.755598242301871892e-03 -4.294696399271380471e-03 -1.634181196092487909e-03 0.000000000000000000e+00
1.282309291621888669e-03 -2.475035725010288346e-04 3.758308981249847136e-07 3.541047424915788611e-03 -3.973747242881131569e-03 -1.331221556022832431e-03 0.000000000000000000e+00
1.402793398287818794e-03 -2.901548922266128372e-04 -2.572409487416882357e-05 3.915566177843388118e-03 -4.310996277045120451e-03 -1.247800299290169335e-03 0.000000000000000000e+00
1.307864628575766686e-03 -2.880484471026178994e-04 -4.768080869105295605e-05 3.686814469070043288e-03 -3.981283851656414186e-03 -9.702510575406719795e-04 0.000000000000000000e+00
1.431387283391205578e-03 -3.339744602833816245e-04 -7.729240863640907122e-05 4.071314191060437793e-03 -4.310787454745224068e-03 -8.524728774248480079e-04 0.000000000000000000e+00
1.335138946395086901e-03 -3.286522925902701786e-04 -9.495112542923234145e-05 3.828264800736391749e-03 -3.973183199152074963e-03 -6.010928587683039837e-04 0.000000000000000000e+00
1.461896061687464887e-03 -3.780559719311349376e-04 -1.281319386566281970e-04 4.221752045349802529e-03 -4.293225587050919501e-03 -4.485131119680296763e-04 0.000000000000000000e+00
1.364168338051377494e-03 -3.690988686558260845e-04 -1.413997953015888598e-04 3.964664484439772707e-03 -3.948707001514506487e-03 -2.252742490682635434e-04 0.000000000000000000e+00
1.494288672980861876e-03 -4.215779222576099272e-04 -1.779281243023955739e-04 4.366799570260759822e-03 -4.257638959932030787e-03 -3.844988120560444145e-05 0.000000000000000000e+00
1.394967687106979382e-03 -4.092325115051531625e-04 -1.869942842112615189e-04 4.095464391058456499e-03 -3.907248839968069376e-03 1.559451188626326257e-04 0.000000000000000000e+00
1.528616703519183884e-03 -4.649625845790095191e-04 -2.269474834764029225e-04 4.504920662031786094e-03 -4.203243502570508383e-03 3.772405362862940592e-04 0.000000000000000000e+00
1.427515322637545880e-03 -4.488442938397896320e-04 -2.316695665908752311e-04 4.219755301493322008e-03 -3.848276441970277517e-03 5.406913119494483055e-04 0.000000000000000000e+00
1.564806591449488526e-03 -5.073501932377766366e-04 -2.748197223089166030e-04 4.635995664068914834e-03 -4.129800219051737997e-03 7.953118098411593451e-04 0.000000000000000000e+00
1.461780091619152566e-03 -4.877463847282603737e-04 -2.754751687459311427e-04 4.336803616816098383e-03 -3.771439924167729885e-03 9.277930233015929673e-04 0.000000000000000000e+00
1.602835503559871255e-03 -5.491847679498507162e-04 -3.217933734701583504e-04 4.758130826446382855e-03 -4.036658788515445906e-03 1.215026324398404967e-03 0.000000000000000000e+00
1.497691430660474943e-03 -5.257470674342457073e-04 -3.183245972864234830e-04 4.445575721062411390e-03 -3.676476676557349776e-03 1.315073130544242019e-03 0.000000000000000000e+00
1.642597145627991417e-03 -5.896231860241796241e-04 -3.676681952061722214e-04 4.871360851660178071e-03 -3.924028804865642428e-03 1.633803301102521033e-03 0.000000000000000000e+00
1.535165439214433714e-03 -5.626385136509037821e-04 -3.602215255309459963e-04 4.545024992469670622e-03 -3.563316044520536963e-03 1.700627805879761922e-03 0.000000000000000000e+00
1.683993135308051170e-03 -6.290755010361359645e-04 -4.126040732978508707e-04 4.973340942313164703e-03 -3.791483187322253201e-03 2.050115642678651540e-03 0.000000000000000000e+00
1.574083225192049462e-03 -5.982404540760266620e-04 -4.011882920493814453e-04 4.634118352073279823e-03 -3.432053603672269304e-03 2.082681659500096316e-03 0.000000000000000000e+00
1.726886028458760047e-03 -6.667016675411807647e-04 -4.563916733327788577e-04 5.064055516189824857e-03 -3.639679353710345566e-03 2.460900385850450789e-03 0.000000000000000000e+00
1.614314277820938504e-03 -6.323665242203846404e-04 -4.412196295720538508e-04 4.711699115772738367e-03 -3.282891601047221997e-03 2.459289937362996170e-03 0.000000000000000000e+00
1.771109937371576071e-03 -7.029543744723754095e-04 -4.992958254908530513e-04 5.140988835836246551e-03 -3.468432276636512768e-03 2.865130162863493979e-03 0.000000000000000000e+00
1.655697061122479719e-03 -6.648318056551860700e-04 -4.802944260066666082e-04 4.776474615963977044e-03 -3.116255949371815603e-03 2.828044553132347261e-03 0.000000000000000000e+00
1.816499968070012239e-03 -7.370089622195652446e-04 -5.411000496797768733e-04 5.204296781134765126e-03 -3.278890587809613066e-03 3.259668575240848298e-03 0.000000000000000000e+00
1.698052717341400064e-03 -6.954761047199276014e-04 -5.184716830931579423e-04 4.827453157643546433e-03 -2.932827356606715341e-03 3.187253581169002814e-03 0.000000000000000000e+00
1.862829614760141972e-03 -7.692962288527449566e-04 -5.820775424238422424e-04 5.250968450728699111e-03 -3.071084942128710082e-03 3.643096551374735981e-03 0.000000000000000000e+00
1.741190247365187460e-03 -7.241338761322935191e-04 -5.558045581179893446e-04 4.863294732677658772e-03 -2.733263006291952735e-03 3.534927428404444072e-03 0.000000000000000000e+00
1.909911842592856845e-03 -7.990686011390413235e-04 -6.219730811541368531e-04 5.281645015672964405e-03 -2.846752797307949834e-03 4.012330290998455951e-03 0.000000000000000000e+00
1.784900368734750054e-03 -7.506640172605383299e-04 -5.923253289390473242e-04 4.882905809240334349e-03 -2.518531638988186216e-03 3.869068444236400950e-03 0.000000000000000000e+00
1.957468758267147391e-03 -8.267552154148094523e-04 -6.611659532671509965e-04 5.293134337986060700e-03 -2.606133105790497950e-03 4.366342239656706425e-03 0.000000000000000000e+00
1.828957395941376018e-03 -7.749273510738730053e-04 -6.280798483074279126e-04 4.885110044498652826e-03 -2.289695024154880798e-03 4.187782246160676181e-03 0.000000000000000000e+00
2.005307892969869499e-03 -8.516257182715758489e-04 -6.994520669310611005e-04 5.286316177270933281e-03 -2.351385164826247376e-03 4.702395850209928341e-03 0.000000000000000000e+00
1.873132472331270892e-03 -7.968306861573237754e-04 -6.630954717943837728e-04 4.869072818900477273e-03 -2.048096424600132082e-03 4.489192809719710908e-03 0.000000000000000000e+00
2.053105437583996329e-03 -8.741469344359931171e-04 -7.371465604836813235e-04 5.257978050187794850e-03 -2.082974293484696204e-03 5.019311956191430113e-03 0.000000000000000000e+00
1.917181010585536360e-03 -8.162430320849956011e-04 -6.975435765664284027e-04 4.833738787052510588e-03 -1.794989577588612661e-03 4.772130201377677849e-03 0.000000000000000000e+00
2.100687276427065653e-03 -8.936633208239674886e-04 -7.740496099749583081e-04 5.209604007394119662e-03 -1.803428680317686883e-03 5.314763477976658379e-03 0.000000000000000000e+00
1.960860750930271124e-03 -8.330831441430985862e-04 -7.314262365950563449e-04 4.778433086573663502e-03 -1.531968165706221185e-03 5.034846819433003162e-03 0.000000000000000000e+00
2.147677824476307284e-03 -9.106251483292915339e-04 -8.105554534876824313e-04 5.138024402279839364e-03 -1.513482124382292682e-03 5.588020846080787862e-03 0.000000000000000000e+00
2.003925370303784315e-03 -8.472904479497889163e-04 -7.648280069817436910e-04 4.702604210659266926e-03 -1.260603413130390038e-03 5.276073612537235391e-03 0.000000000000000000e+00
2.193933363107331003e-03 -9.244285795026452313e-04 -8.465264163193819691e-04 5.045226110826028787e-03 -1.215851277418966703e-03 5.837639913822911808e-03 0.000000000000000000e+00
2.046141741703123851e-03 -8.588060389815854734e-04 -7.978823245587407520e-04 4.605869911598503563e-03 -9.824603306949342141e-04 5.495139584796859822e-03 0.000000000000000000e+00
2.239062414038490989e-03 -9.355485660940687787e-04 -8.822122723030068059e-04 4.928308603581399439e-03 -9.114453967220548236e-04 6.062433236709630080e-03 0.000000000000000000e+00
2.087248051978345120e-03 -8.675804245805163184e-04 -8.306797537764865069e-04 4.488020382823698640e-03 -6.994313708070798441e-04 5.691167507372529855e-03 0.000000000000000000e+00
2.282957226097212522e-03 -9.434389638867113348e-04 -9.175840296468118495e-04 4.789967685935536679e-03 -6.029801068359041949e-04 6.262218800100693983e-03 0.000000000000000000e+00
2.127035314477342814e-03 -8.735921943719970884e-04 -8.632995220762551547e-04 4.349189631500216535e-03 -4.131589416127567915e-04 5.863687393845573581e-03 0.000000000000000000e+00
2.325198105260335713e-03 -9.485785802728075033e-04 -9.529104714195990589e-04 4.627557629261147554e-03 -2.916238070138632565e-04 6.436131842633585620e-03 0.000000000000000000e+00
2.165274026845916133e-03 -8.768323032209979218e-04 -8.958670270775570543e-04 4.189601709374990435e-03 -1.253124034050756563e-04 6.012595067733883525e-03 0.000000000000000000e+00
2.365743035726834698e-03 -9.504536343420966205e-04 -9.881327775193016194e-04 4.444370133225739039e-03 2.001569976251005301e-05 6.584627949208332609e-03 0.000000000000000000e+00
2.201752157065216264e-03 -8.772888198945172356e-04 -9.284450144090294899e-04 4.009889256791687728e-03 1.621849723356660888e-04 6.137730246300154846e-03 0.000000000000000000e+00
2.404178649459874639e-03 -9.495739930175384202e-04 -1.023547836145333179e-03 4.238299962678659938e-03 3.309219826279630183e-04 6.707461276368675840e-03 0.000000000000000000e+00
2.236285885186962974e-03 -8.749802157275166081e-04 -9.611917703699068838e-04 3.810691637958107947e-03 4.479248307118766093e-04 6.239727572797004740e-03 0.000000000000000000e+00
2.440512888074666473e-03 -9.454671489135257900e-04 -1.059041940289051631e-03 4.013220755421542663e-03 6.385204891667939364e-04 6.805555708410349069e-03 0.000000000000000000e+00
2.268693344963504388e-03 -8.699183570036739255e-04 -9.941162415086357562e-04 3.593143001922705082e-03 7.301542839961427944e-04 6.318847958496576211e-03 0.000000000000000000e+00
2.474345110362194400e-03 -9.386080483668179930e-04 -1.094982434419244921e-03 3.767174713059873170e-03 9.419935210974728079e-04 6.879259821834793343e-03 0.000000000000000000e+00
2.298814843000589192e-03 -8.621329315395276360e-04 -1.027364606452474405e-03 3.358344461787510227e-03 1.007414458309874306e-03 6.376036108957539028e-03 0.000000000000000000e+00
2.505762032882462298e-03 -9.286011480432732057e-04 -1.131152054002826368e-03 3.504916210041564284e-03 1.238979600198142350e-03 6.929970674403040931e-03 0.000000000000000000e+00
2.326529149800977969e-03 -8.516372806949279450e-04 -1.061067435071338938e-03 3.107739689016675300e-03 1.278443785024840906e-03 6.412531948615907140e-03 0.000000000000000000e+00
2.534369033975601704e-03 -9.158848936333674473e-04 -1.167951796407940002e-03 3.224660104259591265e-03 1.528887772844989001e-03 6.958417452049836527e-03 0.000000000000000000e+00
2.351723371483781244e-03 -8.384853188962981818e-04 -1.095203587106463594e-03 2.842854967420649359e-03 1.541994941177460277e-03 6.429198081507214724e-03 0.000000000000000000e+00
2.560324933187349550e-03 -9.001046230704967677e-04 -1.205166855458239539e-03 2.931547461949790545e-03 1.809709763722633369e-03 6.966644577882430411e-03 0.000000000000000000e+00
2.374305930816091037e-03 -8.226881075505398933e-04 -1.129911986373743904e-03 2.565528208643641506e-03 1.796921971507714488e-03 6.427675448461345198e-03 0.000000000000000000e+00
2.583289736219768207e-03 -8.816786305322898976e-04 -1.243135365552372473e-03 2.624142995294675984e-03 2.081238661491013886e-03 6.955473436497161543e-03 0.000000000000000000e+00
2.394230674685589311e-03 -8.042907920101094454e-04 -1.165220819984713607e-03 2.277383763803264571e-03 2.042609120370020293e-03 6.409431612947269485e-03 0.000000000000000000e+00
2.603480260705002755e-03 -8.602640025293650794e-04 -1.281634408895060417e-03 2.307928517327972884e-03 2.341628039734811040e-03 6.927305357453894530e-03 0.000000000000000000e+00
2.411444633313622465e-03 -7.833226176044982836e-04 -1.201178937922375844e-03 1.980443823744515441e-03 2.278098124738114905e-03 6.376005131794038050e-03 0.000000000000000000e+00
2.620586710102790207e-03 -8.362493646095758848e-04 -1.321027261857454782e-03 1.981454065559162814e-03 2.591275489743694038e-03 6.883401947038292334e-03 0.000000000000000000e+00
2.425968198770112050e-03 -7.598105205582905697e-04 -1.237767464995598310e-03 1.676846273345411475e-03 2.502933848280264328e-03 6.328923961634425055e-03 0.000000000000000000e+00
2.634933591455904112e-03 -8.093239808743546426e-04 -1.360973080244687328e-03 1.650439418670934799e-03 2.828725020797229206e-03 6.826083095376134224e-03 0.000000000000000000e+00
2.437794365063590540e-03 -7.337658943203928530e-04 -1.275076379255168924e-03 1.368378649869050889e-03 2.716806125679482875e-03 6.270270940661681891e-03 0.000000000000000000e+00
2.646211352438608555e-03 -7.798107041590007782e-04 -1.401866105150473274e-03 1.313544997057825015e-03 3.054515605322993821e-03 6.756613396666555360e-03 0.000000000000000000e+00
2.446987781369057424e-03 -7.052026873898276094e-04 -1.313041791168922945e-03 1.057190610574743062e-03 2.919450378537025159e-03 6.201431697182568925e-03 0.000000000000000000e+00
2.654848027719140802e-03 -7.474397993879056123e-04 -1.443287918827251826e-03 9.765513231565492447e-04 3.267828024275942767e-03 6.677592443357527330e-03 0.000000000000000000e+00
2.453607513996612643e-03 -6.741213987230265658e-04 -1.351737403730679521e-03 7.451146866603863828e-04 3.111000169695898876e-03 6.124485075061025796e-03 0.000000000000000000e+00
2.660599511508106307e-03 -7.124639226452900154e-04 -1.485569607566517014e-03 6.382546691421353557e-04 3.469456065281484314e-03 6.589989377272731375e-03 0.000000000000000000e+00
2.457753541666607422e-03 -6.405174594802942600e-04 -1.391007723160975207e-03 4.343763814906864695e-04 3.291440679755730514e-03 6.040703341821052064e-03 0.000000000000000000e+00
2.663906760186650347e-03 -6.746302252781943842e-04 -1.528369692139291969e-03 3.039626204310863500e-04 3.658983546063865333e-03 6.496679728357879213e-03 0.000000000000000000e+00
2.459566126939066733e-03 -6.043632068775117716e-04 -1.430862680349503924e-03 1.269405756945118924e-04 3.461190688321735820e-03 5.952035154996204724e-03 0.000000000000000000e+00
2.664588908594126004e-03 -6.341328208401830757e-04 -1.571926374004495308e-03 -2.749318456363170071e-05 3.837488205758354809e-03 6.398290448905941119e-03 0.000000000000000000e+00
2.459206641301954488e-03 -5.656285172275232753e-04 -1.471212628661122679e-03 -1.754329767171824983e-04 3.620716330811291073e-03 5.859900048652777471e-03 0.000000000000000000e+00
2.663133939366929548e-03 -5.907125991803652276e-04 -1.615831037011905558e-03 -3.509170018052287787e-04 4.004839440042928800e-03 6.297609025938122329e-03 0.000000000000000000e+00
2.456815187016798963e-03 -5.242849806221805409e-04 -1.512041414055892430e-03 -4.709432474143682157e-04 3.770605340124966176e-03 5.766021670082777106e-03 0.000000000000000000e+00
2.659464433645258863e-03 -5.444873288777962728e-04 -1.660300969072769917e-03 -6.671493308108011888e-04 4.162447813399694496e-03 6.195226803674902527e-03 0.000000000000000000e+00
2.452605163877345784e-03 -4.802544748506165639e-04 -1.553113478960393978e-03 -7.577652340131635356e-04 3.911624867269924977e-03 5.671475318039798097e-03 0.000000000000000000e+00
2.654071234535176904e-03 -4.952705752079289425e-04 -1.704893059322254434e-03 -9.718397163798186966e-04 4.310457861902428078e-03 6.093475213380772360e-03 0.000000000000000000e+00
2.446796413497140388e-03 -4.334519620056709321e-04 -1.594450810739667102e-03 -1.034174413359068012e-03 4.044536556246480785e-03 5.578033485365230248e-03 0.000000000000000000e+00
2.646929540676051795e-03 -4.430724217572290513e-04 -1.749743265403697068e-03 -1.265552024191762825e-03 4.450543127403783217e-03 5.992804950438301859e-03 0.000000000000000000e+00
2.439594295967545401e-03 -3.838016617676021092e-04 -1.635820754321226644e-03 -1.298700894071913581e-03 4.170169206312746013e-03 5.486617675937166538e-03 0.000000000000000000e+00
2.638559692711317517e-03 -3.876951881204293571e-04 -1.794494279087177624e-03 -1.544489898703815811e-03 4.583071158488216668e-03 5.895727726835664484e-03 0.000000000000000000e+00
2.431277655317018449e-03 -3.312050581621983625e-04 -1.677080540649883433e-03 -1.549756032773963454e-03 4.289653598838594206e-03 5.398409549599136881e-03 0.000000000000000000e+00
2.628980002791686532e-03 -3.290698745081477306e-04 -1.839150824833241105e-03 -1.809102939724915871e-03 4.709751027578867877e-03 5.802172268979832737e-03 0.000000000000000000e+00
2.422096222223585338e-03 -2.755379738439422965e-04 -1.718115073841341989e-03 -1.785933939865813613e-03 4.403984072328004373e-03 5.314621015013010208e-03 0.000000000000000000e+00
2.618722713484414322e-03 -2.670547827286484655e-04 -1.883338104813864211e-03 -2.055960075150409239e-03 4.831090890669909044e-03 5.714418021383504964e-03 0.000000000000000000e+00
2.412330073000984454e-03 -2.166691075223270424e-04 -1.758694981431718762e-03 -2.005989954133369224e-03 4.514384712945407330e-03 5.236121894458101167e-03 0.000000000000000000e+00
2.607880705436743662e-03 -2.014649283866853935e-04 -1.927056138434080079e-03 -2.285417395944122632e-03 4.949161694754344865e-03 5.632396427760699709e-03 0.000000000000000000e+00
2.402222448212698591e-03 -1.544379777429494283e-04 -1.798658307886474850e-03 -2.208561276926701566e-03 4.621776718078507429e-03 5.163839146933524304e-03 0.000000000000000000e+00
2.596955568925918278e-03 -1.321926614485380291e-04 -1.969883481663797786e-03 -2.494687270288231673e-03 5.064374966905038633e-03 5.558064024808295756e-03 0.000000000000000000e+00
2.392117555706729792e-03 -8.869554176527127964e-05 -1.837800389785537725e-03 -2.392547965734515003e-03 4.727668833368170453e-03 5.098605739135564363e-03 0.000000000000000000e+00
2.586050925338589934e-03 -5.894934492223224964e-05 -2.011814465991329515e-03 -2.683896609626756913e-03 5.178807431773346792e-03 5.491316099016874119e-03 0.000000000000000000e+00
2.382264061277880596e-03 -1.924264769259664831e-05 -1.875913910893117764e-03 -2.556902424155182985e-03 4.833008006763783726e-03 5.041213174772796179e-03 0.000000000000000000e+00
2.575656804356965535e-03 1.831544903346804531e-05 -2.052373333435053571e-03 -2.850712461482274307e-03 5.292946610291782150e-03 5.433604354871945930e-03 0.000000000000000000e+00
2.372955046903282850e-03 5.410088745705365909e-05 -1.912789293514266520e-03 -2.700823248472872251e-03 4.939209963036539364e-03 4.992258340819955009e-03 0.000000000000000000e+00
2.565973383239980588e-03 1.000312405661785142e-04 -2.091552101918303652e-03 -2.994886644983374424e-03 5.409126507361694536e-03 5.385236405367255230e-03 0.000000000000000000e+00
2.364452504923328369e-03 1.315537236996067172e-04 -1.948172864031649798e-03 -2.822978764053907241e-03 5.047263974332416581e-03 4.952335696335463666e-03 0.000000000000000000e+00
2.557314704902211022e-03 1.861780912895683038e-04 -2.128934691085854203e-03 -3.115332714466845232e-03 5.527412118210506264e-03 5.347226359526002781e-03 0.000000000000000000e+00
2.357057319747196678e-03 2.133407897565442468e-04 -1.981839484025416098e-03 -2.922898977986143620e-03 5.158546260354945900e-03 4.922036457478684568e-03 0.000000000000000000e+00
2.549993355815724505e-03 2.773320741310536519e-04 -2.164470050673550361e-03 -3.211092469929788251e-03 5.650534524420436355e-03 5.319937534904450871e-03 0.000000000000000000e+00
2.350973896172864341e-03 2.997172715824003575e-04 -2.013549576407092090e-03 -2.999666977778758792e-03 5.274120360844847255e-03 4.901901267869046563e-03 0.000000000000000000e+00
2.544214860136423395e-03 3.733871610216432657e-04 -2.197639601937750875e-03 -3.281673176378951950e-03 5.778194210345866111e-03 5.303829297924611552e-03 0.000000000000000000e+00
2.346465351885346218e-03 3.909375977697027160e-04 -2.043124111267696774e-03 -3.052793834025457897e-03 5.395197530637663164e-03 4.892519318465016198e-03 0.000000000000000000e+00
2.540275826514171165e-03 4.750763266779256533e-04 -2.228472207524506699e-03 -3.325839470102565087e-03 5.913137830647841042e-03 5.299805156760539759e-03 0.000000000000000000e+00
2.343709897126761144e-03 4.873037695702353567e-04 -2.070286910331398111e-03 -3.081597117102319316e-03 5.522846881305998323e-03 4.894341961708237321e-03 0.000000000000000000e+00
2.538269718842439682e-03 5.822194872099895058e-04 -2.256444328729539928e-03 -3.344152240178921431e-03 6.055003642612355463e-03 5.307814699248458723e-03 0.000000000000000000e+00
2.342876369187008034e-03 5.890851316823209061e-04 -2.094800165822446880e-03 -3.085719671122255647e-03 5.658055632463021567e-03 4.907666853150471908e-03 0.000000000000000000e+00
2.538554127282599548e-03 6.957334039786045032e-04 -2.281536453175109225e-03 -3.334663069024301763e-03 6.206605123771691268e-03 5.328956382805616343e-03 0.000000000000000000e+00
2.344100190480702395e-03 6.966448923029777696e-04 -2.116468916750574580e-03 -3.064739716773345890e-03 5.801892166539701634e-03 4.933174320254307688e-03 0.000000000000000000e+00
2.540929854634971230e-03 8.153164809818203018e-04 -2.303320276391324084e-03 -3.298894664617968431e-03 6.366949343598271582e-03 5.363061424424664381e-03 0.000000000000000000e+00
2.347437872033564243e-03 8.102754042469406670e-04 -2.135042239425705146e-03 -3.018574776620930322e-03 5.955255112505497550e-03 4.971124134717008758e-03 0.000000000000000000e+00
2.545828549589124190e-03 9.421000535933532483e-04 -2.321705385651462450e-03 -3.234382019940085229e-03 6.539192167269725076e-03 5.411451221970509096e-03 0.000000000000000000e+00
2.352944180394278550e-03 9.304023299394059698e-04 -2.150265371721471475e-03 -2.946995771123006591e-03 6.119075710233623511e-03 5.022048509414567263e-03 0.000000000000000000e+00
2.552798814460105481e-03 1.075662313680614268e-03 -2.336297457413927248e-03 -3.143884564589249919e-03 6.721838871275309657e-03 5.473537963926355943e-03 0.000000000000000000e+00
2.360551043633807300e-03 1.057384820531526159e-03 -2.161997432775258909e-03 -2.850117740438307123e-03 6.293996615006847151e-03 5.086500315644615355e-03 0.000000000000000000e+00
2.562243583358381205e-03 1.217339231908864949e-03 -2.347009079947837140e-03 -3.024387697942110265e-03 6.918244843235221708e-03 5.551163650057810983e-03 0.000000000000000000e+00
2.370122897081661240e-03 1.191633338343101034e-03 -2.169938748796479411e-03 -2.727941374760511906e-03 6.480667296564490698e-03 5.164888317570337506e-03 0.000000000000000000e+00
2.573466648184669081e-03 1.366639664682034461e-03 -2.353487983034363573e-03 -2.879574595685774341e-03 7.126404690357190930e-03 5.643430180977349053e-03 0.000000000000000000e+00
2.381466719001412713e-03 1.333593551767209284e-03 -2.173947837219136758e-03 -2.581079283626053211e-03 6.679683183431706084e-03 5.257788455798495519e-03 0.000000000000000000e+00
2.586782925865338534e-03 1.525086783224438580e-03 -2.355563844815056207e-03 -2.706064832410426391e-03 7.349721573896239590e-03 5.752548100319998525e-03 0.000000000000000000e+00
2.394298336780786851e-03 1.483742565925760815e-03 -2.173770888730219841e-03 -2.409842560936681366e-03 6.891607394250875984e-03 5.365821227691025541e-03 0.000000000000000000e+00
2.601128108499689562e-03 1.692043082412053590e-03 -2.353031035613240007e-03 -2.508738986271019655e-03 7.585453732948277406e-03 5.877545745772927432e-03 0.000000000000000000e+00
2.408153800716378301e-03 1.642524874069906105e-03 -2.169217469311285340e-03 -2.215009034029158386e-03 7.116496614694600709e-03 5.489566731571526859e-03 0.000000000000000000e+00
2.616742679614342260e-03 1.869329222136451030e-03 -2.345686796253410034e-03 -2.284058139480293903e-03 7.837401956254375079e-03 6.021181748647075338e-03 0.000000000000000000e+00
2.422567123391339283e-03 1.810501031415556739e-03 -2.160115332297984914e-03 -1.997370088835381807e-03 7.354785635684812917e-03 5.630045914821968367e-03 0.000000000000000000e+00
2.632144916545425817e-03 2.056080156543516058e-03 -2.333254484709640364e-03 -2.037752801053116514e-03 8.101804401893009100e-03 6.181921250985045191e-03 0.000000000000000000e+00
2.436826781187395596e-03 1.988141965408529721e-03 -2.146265978341166392e-03 -1.758355850414616839e-03 7.606475169037008044e-03 5.787807419687984734e-03 0.000000000000000000e+00
2.647422703052515480e-03 2.254396157578164583e-03 -2.315587175089034444e-03 -1.766211123650052173e-03 8.382709595652571011e-03 6.363437022394613507e-03 0.000000000000000000e+00
0.000000000000000000e+00 0.000000000000000000e+00 0.000000000000000000e+00 0.000000000000000000e+00 0.000000000000000000e+00 0.000000000000000000e+00 0.000000000000000000e+00
