-1.484208422143523387e-01 -3.006585375218984169e-01 1.509234823064512510e-01 1.574022358031795576e+00 1.250274285403474295e-03 1.570567828744058092e+00 -5.007920965236191124e-01 8.538033867879238903e-01 2.471517354876047179e-01 -5.518038819396509087e-01 -1.162906707396414996e+00 2.428521784209693724e-01 0.000000000000000000e+00
-1.500162836153609847e-01 -3.009988475914643358e-01 1.539378275576030741e-01 1.567316511704195392e+00 -2.028258959027695596e-03 1.561616391511379431e+00 -5.047436283700514892e-01 8.484429761458123220e-01 2.409476354121560249e-01 -5.527978735270093757e-01 -1.161912549361488356e+00 2.421315103852371142e-01 0.000000000000000000e+00
-1.516789265411572774e-01 -3.012969191500382005e-01 1.571750472279791755e-01 1.560136616593998937e+00 -5.472033366330286697e-03 1.552047564106974642e+00 -5.089004566470152202e-01 8.425604527719907644e-01 2.346214294007271661e-01 -5.537659658727668299e-01 -1.160974717183616889e+00 2.413163167755638661e-01 0.000000000000000000e+00
-1.531532761555170763e-01 -3.015104499099841573e-01 1.601363699086243708e-01 1.553589308168605854e+00 -8.553725321042815466e-03 1.543328452559821207e+00 -5.126213254535331165e-01 8.370635551240127592e-01 2.291341191326734528e-01 -5.545562589262478248e-01 -1.160231961555593827e+00 2.405320324792923625e-01 0.000000000000000000e+00
-1.546850589732996772e-01 -3.016785639642104999e-01 1.633141880380457600e-01 1.546586878958373212e+00 -1.178945904238482001e-02 1.534002087157405159e+00 -5.165237219778534561e-01 8.310385526318719851e-01 2.235610550775193328e-01 -5.552966177092898414e-01 -1.159554986006495758e+00 2.396477298393315247e-01 0.000000000000000000e+00
-1.560384137556558859e-01 -3.017783912184028861e-01 1.662185431506904565e-01 1.540210305288894688e+00 -1.468340213109797787e-02 1.525499942652939422e+00 -5.200042404959916986e-01 8.254141561467064347e-01 2.187521850971629878e-01 -5.558691307646296265e-01 -1.159043925393309582e+00 2.387990636237073694e-01 0.000000000000000000e+00
-1.574391278339362099e-01 -3.018299696810098354e-01 1.693326516957151529e-01 1.533399794709890962e+00 -1.772061317715767359e-02 1.516400689835591065e+00 -5.236405872274131346e-01 8.192555961258981556e-01 2.138953782171857387e-01 -5.563655772813340672e-01 -1.158608365397027162e+00 2.378443703071843884e-01 0.000000000000000000e+00
-1.586721970854219899e-01 -3.018284092380251193e-01 1.721769600724352978e-01 1.527204848825450156e+00 -2.043641277576879745e-02 1.508100070032657003e+00 -5.268719337360606714e-01 8.135128221302785345e-01 2.097269984789935648e-01 -5.567072275596776088e-01 -1.158310091354938232e+00 2.369305065791236786e-01 0.000000000000000000e+00
-1.599435115464040713e-01 -3.017766205017102799e-01 1.752248611841170089e-01 1.520595543811317896e+00 -2.328634157587439191e-02 1.499210639847940341e+00 -5.302346739549901322e-01 8.072313572251631486e-01 2.055418408259341856e-01 -5.569476444270844429e-01 -1.158094108990532778e+00 2.359048899538205291e-01 0.000000000000000000e+00
-1.610574940130181376e-01 -3.016851704670340251e-01 1.780067100113710277e-01 1.514591890613615988e+00 -2.583400427586779458e-02 1.491096809224230713e+00 -5.332087258128225260e-01 8.013793270458230422e-01 2.019769333907539544e-01 -5.570463145454719323e-01 -1.157990112549965200e+00 2.349248799621850015e-01 0.000000000000000000e+00
-1.622003114179964289e-01 -3.015417481723640103e-01 1.809855616179636140e-01 1.508195755020311779e+00 -2.850715775192202983e-02 1.482402800761308148e+00 -5.362878060861449026e-01 7.949840785831340240e-01 1.984281380801691252e-01 -5.570164871412630614e-01 -1.157975465163969764e+00 2.338268752895021341e-01 0.000000000000000000e+00
-1.631968720966244235e-01 -3.013710721833681716e-01 1.837030500939868527e-01 1.502392118499859208e+00 -3.089716763585226289e-02 1.474461721372118284e+00 -5.389972396001643240e-01 7.890320467048613784e-01 1.954307502732848256e-01 -5.568609252440888113e-01 -1.158047903145619895e+00 2.327797203488830013e-01 0.000000000000000000e+00
-1.642138292848424053e-01 -3.011473699838437268e-01 1.866116873842932344e-01 1.496215858556857015e+00 -3.340531976882754606e-02 1.465946537934059934e+00 -5.417868342629950096e-01 7.825336673289590150e-01 1.924758398857873143e-01 -5.565509332932035980e-01 -1.158214750187913200e+00 2.316086285490342733e-01 0.000000000000000000e+00
-1.650950069724513303e-01 -3.009073477437169686e-01 1.892635717999185951e-01 1.490619550906906454e+00 -3.564817479094184449e-02 1.458164152696613591e+00 -5.442250248199898000e-01 7.764906219204329441e-01 1.900108179808099873e-01 -5.561309527892980276e-01 -1.158446711518859251e+00 2.304932467502386617e-01 0.000000000000000000e+00
-1.659879201445646213e-01 -3.006134836661925047e-01 1.921002992248047880e-01 1.484672509284433062e+00 -3.800260531821875176e-02 1.449814445820075237e+00 -5.467165451778134289e-01 7.698984326951326951e-01 1.876157040544472743e-01 -5.555284125926676086e-01 -1.158777742442355985e+00 2.292474033475427886e-01 0.000000000000000000e+00
-1.667561211230901286e-01 -3.003132227971546664e-01 1.946855845930867135e-01 1.479290066194801412e+00 -4.010921515757326361e-02 1.442177994985375689e+00 -5.488775672443583220e-01 7.637737613991956165e-01 1.856488264313691516e-01 -5.548346591287020013e-01 -1.159152582365784889e+00 2.280626794918642064e-01 0.000000000000000000e+00
-1.675283890272977472e-01 -2.999587795702672310e-01 1.974501463492321363e-01 1.473576640847523933e+00 -4.232216462137738944e-02 1.433978699374414800e+00 -5.510668853974851622e-01 7.570982818108030754e-01 1.837734283917356048e-01 -5.539317476506242510e-01 -1.159629421358963519e+00 2.267412688932373410e-01 0.000000000000000000e+00
-1.681863355070807309e-01 -2.996066231675111324e-01 1.999683589039541742e-01 1.468413260659755082e+00 -4.430350143764449911e-02 1.426475342560495907e+00 -5.529455790989679098e-01 7.509011059541885746e-01 1.822712723788761924e-01 -5.529557656901374907e-01 -1.160131560382497762e+00 2.254859546239148527e-01 0.000000000000000000e+00
-1.688404447880172132e-01 -2.992001605090634508e-01 2.026598402955245293e-01 1.462940575416347144e+00 -4.638661708731994793e-02 1.418414363317755722e+00 -5.548255045124548257e-01 7.441518568036008530e-01 1.808830996606725083e-01 -5.517419301547928923e-01 -1.160738228478817913e+00 2.240871625508643605e-01 0.000000000000000000e+00
-1.693911180119800075e-01 -2.988037610627031770e-01 2.051107677061462797e-01 1.458000549172903781e+00 -4.825380882114593817e-02 1.411032266135860969e+00 -5.564173091855088016e-01 7.378913642920698068e-01 1.798130415346785860e-01 -5.504761296886783173e-01 -1.161352353426190254e+00 2.227599928663801798e-01 0.000000000000000000e+00
-1.699310301370418330e-01 -2.983532503358629073e-01 2.077296014709381078e-01 1.452770827276333776e+00 -5.021946630080709184e-02 1.403095916600231030e+00 -5.579852785668065751e-01 7.310787319075381374e-01 1.788741440923711234e-01 -5.489455444311824861e-01 -1.162072072710784054e+00 2.212829038572813600e-01 0.000000000000000000e+00
-1.703776607949366584e-01 -2.979195508519358881e-01 2.101132498519104053e-01 1.448057567817281566e+00 -5.198378839589778977e-02 1.395824046449898104e+00 -5.592863992068783929e-01 7.247641772258784920e-01 1.782044922362706618e-01 -5.473832009776875562e-01 -1.162783536195998835e+00 2.198825638218472600e-01 0.000000000000000000e+00
-1.708063953199641105e-01 -2.974321372222236137e-01 2.126591187081223466e-01 1.443075811520181162e+00 -5.384389418161328322e-02 1.388001523288477257e+00 -5.605366201806161186e-01 7.178978155663544580e-01 1.776837110851057222e-01 -5.455270442769295514e-01 -1.163601526124816710e+00 2.183252137953961836e-01 0.000000000000000000e+00
-1.711523677109856589e-01 -2.969674719217553771e-01 2.149757774306303160e-01 1.438591776853128223e+00 -5.551645861460485776e-02 1.380829199514110428e+00 -5.615437611258567996e-01 7.115383866203269791e-01 1.773834396721993834e-01 -5.436622323026287784e-01 -1.164396479710205323e+00 2.168503218941966737e-01 0.000000000000000000e+00
-1.714742441312809007e-01 -2.964496597650684295e-01 2.174494492443711791e-01 1.433858585026998256e+00 -5.728337992415211133e-02 1.373108987241072665e+00 -5.624750685590574895e-01 7.046285488560073418e-01 1.772453547696788423e-01 -5.414765759960007419e-01 -1.165297293948924562e+00 2.152116955202277304e-01 0.000000000000000000e+00
-1.717231463575549233e-01 -2.959597252683015545e-01 2.196995053055382785e-01 1.429605504408920424e+00 -5.887548784065455010e-02 1.366026680023492368e+00 -5.631857330959452179e-01 6.982335001304000865e-01 1.772843700796484789e-01 -5.393042354948232031e-01 -1.166162288670982372e+00 2.136608369489336745e-01 0.000000000000000000e+00
-1.719415899832503203e-01 -2.954174044310795555e-01 2.221010995261994692e-01 1.425123973411837497e+00 -6.056127187971060977e-02 1.358399420580682193e+00 -5.637937327728101966e-01 6.912899067992637203e-01 1.774990208635087718e-01 -5.367819556264090686e-01 -1.167132211939989173e+00 2.119388536328452866e-01 0.000000000000000000e+00
-1.720971124811226938e-01 -2.949073256649921149e-01 2.242850997170031391e-01 1.421102870001939245e+00 -6.208409837090211880e-02 1.351398210072155326e+00 -5.642059901095546337e-01 6.848683596208101632e-01 1.778481612824180935e-01 -5.342977922510968591e-01 -1.168054597783538151e+00 2.103105636528572187e-01 0.000000000000000000e+00
-1.722166877194462320e-01 -2.943457318586333304e-01 2.266156393779831801e-01 1.416872141276562580e+00 -6.370092653606773681e-02 1.343854251077578388e+00 -5.644908817671657753e-01 6.779011307349993576e-01 1.783822582390333089e-01 -5.314367582920247468e-01 -1.169079648487109546e+00 2.085041581302132796e-01 0.000000000000000000e+00
-1.722826131080776590e-01 -2.938201283351022375e-01 2.287341715808282605e-01 1.413083468778284058e+00 -6.516563503214367614e-02 1.336926433082371135e+00 -5.646033337441943578e-01 6.714622730094602643e-01 1.790131611012732993e-01 -5.286372433541334237e-01 -1.170047041753080830e+00 2.067969387134179771e-01 0.000000000000000000e+00
-1.723069570290084729e-01 -2.932440620510511908e-01 2.309940172818900350e-01 1.409105232406629327e+00 -6.672534023772502820e-02 1.329458016831227551e+00 -5.645619215892436760e-01 6.644811956859810742e-01 1.798382084069798381e-01 -5.254319625346549616e-01 -1.171114836192148179e+00 2.049039471658328504e-01 0.000000000000000000e+00
-1.722871464172321121e-01 -2.927070849074103198e-01 2.330478364860775753e-01 1.405548710672356982e+00 -6.814286939452340874e-02 1.322596296825979234e+00 -5.643737692582295740e-01 6.580341487400900302e-01 1.807230436791587014e-01 -5.223143662940672449e-01 -1.172115652129799956e+00 2.031162836393603510e-01 0.000000000000000000e+00
-1.722209883768316130e-01 -2.921206929426967136e-01 2.352381390335460398e-01 1.401820918174867536e+00 -6.965757182785292656e-02 1.315195938149289256e+00 -5.640075846083436595e-01 6.510491432540029821e-01 1.818077491911478383e-01 -5.187643059819643243e-01 -1.173213273973076065e+00 2.011355742233707500e-01 0.000000000000000000e+00
-1.721193721223524542e-01 -2.915760134840191253e-01 2.372279689092068045e-01 1.398495888800883158e+00 -7.103890795874923114e-02 1.308394210075252140e+00 -5.635186948112322902e-01 6.446030284144933509e-01 1.829197521043104402e-01 -5.153265977783492158e-01 -1.174236460463884413e+00 1.992659019800805953e-01 0.000000000000000000e+00
-1.719664863145194122e-01 -2.909831583418146517e-01 2.393491519613479834e-01 1.395019159155624244e+00 -7.252027867803967354e-02 1.301056279128405713e+00 -5.628258068746210263e-01 6.376239484618316800e-01 1.842372178955726802e-01 -5.114278963900413810e-01 -1.175352591276736858e+00 1.971952276535167414e-01 0.000000000000000000e+00
-1.717869950273141211e-01 -2.904340588335690421e-01 2.412757676601637591e-01 1.391924536321468509e+00 -7.387617560681958295e-02 1.294309318813719134e+00 -5.620365125065487355e-01 6.311877538973827972e-01 1.855504226290904946e-01 -5.076687779323673100e-01 -1.176387628834395960e+00 1.952419820862685562e-01 0.000000000000000000e+00
-1.715520862672555991e-01 -2.898380069885446164e-01 2.433290505744992449e-01 1.388695974283184142e+00 -7.533568226308373639e-02 1.287028152474781750e+00 -5.610195178652747083e-01 6.242243200161253780e-01 1.870713539276349646e-01 -5.034225340218040357e-01 -1.177510950182191429e+00 1.930802110056671628e-01 0.000000000000000000e+00
-1.712986865452739427e-01 -2.892874115909706556e-01 2.451932135051921313e-01 1.385830289536276183e+00 -7.667683325395691085e-02 1.280331813235674687e+00 -5.599307510326231307e-01 6.178071004744432049e-01 1.885604604511530447e-01 -4.993414060988257686e-01 -1.178547718794559218e+00 1.910418108625636935e-01 0.000000000000000000e+00
-1.709855988373699676e-01 -2.886912713544597109e-01 2.471791293412060608e-01 1.382849483720025141e+00 -7.812596350391221023e-02 1.273103705408076713e+00 -5.585889173173866906e-01 6.108690332025686898e-01 1.902591577524599398e-01 -4.947452228210261205e-01 -1.179667711190992119e+00 1.887866294067278017e-01 0.000000000000000000e+00
-1.706621896037704977e-01 -2.881417897649771742e-01 2.489815960894666280e-01 1.380211042176016534e+00 -7.946271045329078575e-02 1.266454746641615170e+00 -5.572019763111870638e-01 6.044797102733051597e-01 1.918997981420031973e-01 -4.903421520117708932e-01 -1.180696756636198774e+00 1.866614767911150274e-01 0.000000000000000000e+00
-1.702756106321199614e-01 -2.875480523218053586e-01 2.509012297977080697e-01 1.377474662023997709e+00 -8.091264397547348608e-02 1.259276378547236286e+00 -5.555391983950824786e-01 5.975766635697652429e-01 1.937492303610086619e-01 -4.853985926592840339e-01 -1.181803566385235538e+00 1.843117364718244722e-01 0.000000000000000000e+00
-1.698860952200859364e-01 -2.870020091887860447e-01 2.526427893365665867e-01 1.375061360001603283e+00 -8.225517746382138284e-02 1.252672442183998980e+00 -5.538559807176114402e-01 5.912240922635446649e-01 1.955175693248214497e-01 -4.806743446225651972e-01 -1.182815833915574766e+00 1.820982334870483166e-01 0.000000000000000000e+00
-1.694297979172988688e-01 -2.864132157996023276e-01 2.544966528151384466e-01 1.372568432784782466e+00 -8.371690221980587765e-02 1.245542231389287435e+00 -5.518724916272341741e-01 5.843657866663181100e-01 1.974933685375510617e-01 -4.753824437994959573e-01 -1.183899873637291655e+00 1.796516206831061113e-01 0.000000000000000000e+00
-1.689780271139806334e-01 -2.858726624776848357e-01 2.561779857361571877e-01 1.370378140860379901e+00 -8.507523813707607019e-02 1.238982113364050619e+00 -5.498953941234728804e-01 5.780588219937652372e-01 1.993666360483130617e-01 -4.703383834053722623e-01 -1.184886974295329409e+00 1.773481527877557029e-01 0.000000000000000000e+00
-1.684565308988483223e-01 -2.852907428144457191e-01 2.579671323733375710e-01 1.368124911369279495e+00 -8.655929484412627772e-02 1.231898926139704642e+00 -5.475960208382985028e-01 5.712544454086128098e-01 2.014437685405201517e-01 -4.647021025638422009e-01 -1.185939455558128852e+00 1.748035190109418213e-01 0.000000000000000000e+00
-1.679462896936074756e-01 -2.847575279857739172e-01 2.595888982704150916e-01 1.366155299440777071e+00 -8.794314080697773761e-02 1.225382453109661096e+00 -5.453279064064189274e-01 5.650018758013247711e-01 2.033998603611832934e-01 -4.593402937621584026e-01 -1.186893399860595277e+00 1.724085049531199343e-01 0.000000000000000000e+00
-1.673632927137990722e-01 -2.841845738521873166e-01 2.613137838327348472e-01 1.364140324507991053e+00 -8.946006285655982992e-02 1.218346713244798485e+00 -5.427140137965060784e-01 5.582612486347660052e-01 2.055551566313846834e-01 -4.533600323763309903e-01 -1.187905800548988644e+00 1.697635199374804837e-01 0.000000000000000000e+00
-1.667982934486255397e-01 -2.836603464896730875e-01 2.628766774141982343e-01 1.362388823002428140e+00 -9.087886714050075199e-02 1.211874424332069156e+00 -5.401582113878706792e-01 5.520716294977447980e-01 2.075726343151738096e-01 -4.476830717491500078e-01 -1.188819131644831328e+00 1.672753618205330972e-01 0.000000000000000000e+00
-1.661581009490639416e-01 -2.830978755928694746e-01 2.645382061318857780e-01 1.360608270523892216e+00 -9.243853503200671895e-02 1.204887396740064620e+00 -5.372355252495631950e-01 5.454037066289452174e-01 2.097830580199397943e-01 -4.413640895621781524e-01 -1.189783728591658152e+00 1.645289270121184366e-01 0.000000000000000000e+00
-1.655419323683372523e-01 -2.825841446840695603e-01 2.660427889888235531e-01 1.359072439817087030e+00 -9.390139046715795246e-02 1.198461064904869477e+00 -5.343956967106708866e-01 5.392856599462197975e-01 2.118414152264620487e-01 -4.353751396132942153e-01 -1.190649522262043014e+00 1.619460602289050644e-01 0.000000000000000000e+00
-1.648480708615066015e-01 -2.820339114044818629e-01 2.676413439572643549e-01 1.357524577324124238e+00 -9.551369766966821828e-02 1.191525232044058136e+00 -5.311666138889498123e-01 5.327001286236445754e-01 2.140852616029085276e-01 -4.287191676798864370e-01 -1.191558858616250438e+00 1.590958453617613844e-01 0.000000000000000000e+00
-1.641842472870340131e-01 -2.815320538118993854e-01 2.690881466156825330e-01 1.356201796217406219e+00 -9.702944155192971820e-02 1.185147731721101882e+00 -5.280469536985173962e-01 5.266621432211897602e-01 2.161646577820419690e-01 -4.224220567033668550e-01 -1.192370456958452118e+00 1.564167053051416789e-01 0.000000000000000000e+00
-1.634407464771432672e-01 -2.809952864563782238e-01 2.706245325620965647e-01 1.354882795416469499e+00 -9.870348842401721612e-02 1.178266473324908636e+00 -5.245179989380532870e-01 5.201675921393543733e-01 2.184207546995027283e-01 -4.154354866101393484e-01 -1.193217874817315227e+00 1.534616950491033693e-01 0.000000000000000000e+00
-1.627326416392465003e-01 -2.805065860950141099e-01 2.720141185970492148e-01 1.353770329092640168e+00 -1.002804390064104822e-01 1.171941220478849743e+00 -5.211230344699339101e-01 5.142180236850900643e-01 2.205018819333453006e-01 -4.088345422427553388e-01 -1.193969285718881279e+00 1.506847504014505179e-01 0.000000000000000000e+00
-1.619428117896557495e-01 -2.799848323741969125e-01 2.734886154961374549e-01 1.352678302353010231e+00 -1.020254049685043185e-01 1.165119138478965644e+00 -5.172975700116032582e-01 5.078241068029462069e-01 2.227498562094811785e-01 -4.015203367564208481e-01 -1.194748260337729295e+00 1.476226311353205922e-01 0.000000000000000000e+00
-1.611936734150166139e-01 -2.795104838631435884e-01 2.748213909790593878e-01 1.351773616099100295e+00 -1.036716619808606410e-01 1.158851011994974423e+00 -5.136322281138135937e-01 5.019712443857653472e-01 2.248144718445650447e-01 -3.946203859776481471e-01 -1.195433758002315772e+00 1.447463838685213999e-01 0.000000000000000000e+00
-1.603612140468616831e-01 -2.790047898069358823e-01 2.762346918719612021e-01 1.350904787832896581e+00 -1.054956646529374709e-01 1.152093587993374468e+00 -5.095175443611003052e-01 4.956861842131783380e-01 2.270350155614730969e-01 -3.869861018177997991e-01 -1.196138696742859775e+00 1.415762234859183344e-01 0.000000000000000000e+00
-1.595741371777094353e-01 -2.785459324532794656e-01 2.775110928486799189e-01 1.350205205550224719e+00 -1.072187422744192986e-01 1.145887999572358318e+00 -5.055871180663068509e-01 4.899381837639194548e-01 2.290654095765494169e-01 -3.797925042393321959e-01 -1.196753221164395420e+00 1.385991922166164292e-01 0.000000000000000000e+00
-1.587020701492609376e-01 -2.780577431107591480e-01 2.788633443499787257e-01 1.349557714642924289e+00 -1.091301252900640506e-01 1.139202186260339200e+00 -5.011874094979278382e-01 4.837715011017864608e-01 2.312396142904902252e-01 -3.718422693056595563e-01 -1.197378265072237102e+00 1.353187353529920478e-01 0.000000000000000000e+00
-1.578799943017382967e-01 -2.776154878818897220e-01 2.800837133193697093e-01 1.349060690781461957e+00 -1.109371312603495419e-01 1.133065748740362810e+00 -4.969975247339333824e-01 4.781364519722605677e-01 2.332188756126369888e-01 -3.643608838818953588e-01 -1.197917022560760270e+00 1.322394969544799515e-01 0.000000000000000000e+00
-1.569716633638694459e-01 -2.771457431150625705e-01 2.813756103633964778e-01 1.348630710892412488e+00 -1.129428674839694224e-01 1.126458375005714885e+00 -4.923208141226724788e-01 4.720960031457973605e-01 2.353288981443066863e-01 -3.561031870003730226e-01 -1.198457910578155206e+00 1.288478947272367892e-01 0.000000000000000000e+00
-1.561173645171446134e-01 -2.767211649092332082e-01 2.825402521384380861e-01 1.348333721592100964e+00 -1.148404349180447426e-01 1.120398609723611827e+00 -4.878774630019297454e-01 4.665817949507337636e-01 2.372409146489291576e-01 -3.483403387389010786e-01 -1.198916506917866887e+00 1.256650676846990111e-01 0.000000000000000000e+00
-1.551754488934355136e-01 -2.762712861899825345e-01 2.837718096883861674e-01 1.348119498949355233e+00 -1.169478194772719526e-01 1.113878903024842160e+00 -4.829287104853173251e-01 4.606769676027828719e-01 2.392693112931880695e-01 -3.397804396526820092e-01 -1.199368045880689904e+00 1.221601645978298151e-01 0.000000000000000000e+00
-1.542915172022452375e-01 -2.758654631567418747e-01 2.848810370240663636e-01 1.348019974112705022e+00 -1.189419046532611546e-01 1.107903965588773243e+00 -4.782381847259016272e-01 4.552913900883701070e-01 2.410985034879089550e-01 -3.317429529037956293e-01 -1.199742619488009421e+00 1.188724006859645244e-01 0.000000000000000000e+00
-1.533189393124380351e-01 -2.754363506928841909e-01 2.860528005759598313e-01 1.348017971187853270e+00 -1.211567369832113883e-01 1.101480841215276563e+00 -4.730260122879666462e-01 4.495296410699836653e-01 2.430294284362708446e-01 -3.228902392557223555e-01 -1.200101480444897506e+00 1.152534643701694644e-01 0.000000000000000000e+00
-1.524077931054602097e-01 -2.750503733525292982e-01 2.871068242244009805e-01 1.348113513395817975e+00 -1.232528767365543843e-01 1.095600091736383952e+00 -4.680949032135759413e-01 4.442804174033829767e-01 2.447610157770403472e-01 -3.145853045543647308e-01 -1.200388302894299208e+00 1.118594736203236267e-01 0.000000000000000000e+00
-1.514068398045461394e-01 -2.746434720144359520e-01 2.882188465914871656e-01 1.348321857295086801e+00 -1.255810324928048338e-01 1.089284169682333658e+00 -4.626249700716349444e-01 4.386708680412945704e-01 2.465780905888013130e-01 -3.054460680625125657e-01 -1.200650224787508380e+00 1.081244401257579479e-01 0.000000000000000000e+00
-1.504706880786439160e-01 -2.742784032134485961e-01 2.892179008574805033e-01 1.348610061121744863e+00 -1.277839785488779079e-01 1.083507264563539962e+00 -4.574602019011033693e-01 4.335654883630717937e-01 2.481980914798966875e-01 -2.968813087073041146e-01 -1.200846499759847141e+00 1.046230074706842317e-01 0.000000000000000000e+00
-1.494438502982170791e-01 -2.738946426909536491e-01 2.902705962200999301e-01 1.349025480358025497e+00 -1.302299709935930139e-01 1.077309495752197144e+00 -4.517416959609170668e-01 4.281152959027109683e-01 2.498872014012796239e-01 -2.874657692523562291e-01 -1.201008819428287744e+00 1.007712859084810286e-01 0.000000000000000000e+00
-1.484846871440029803e-01 -2.735516056755026293e-01 2.912148930149701664e-01 1.349503999396896248e+00 -1.325438095727689003e-01 1.071647159804834715e+00 -4.463503593606470421e-01 4.231610839058638773e-01 2.513821668791953456e-01 -2.786492246608375800e-01 -1.201111617446364743e+00 9.716123789282413159e-02 0.000000000000000000e+00
-1.474338305084703371e-01 -2.731924570717674805e-01 2.922082664607810742e-01 1.350124682356001138e+00 -1.351120189795080861e-01 1.065579651832932129e+00 -4.403896389193180938e-01 4.178791366473688096e-01 2.529283982080954285e-01 -2.689646060672508110e-01 -1.201171139096727902e+00 9.319088914881470953e-02 0.000000000000000000e+00
-1.464534519727000439e-01 -2.728726003175526715e-01 2.930979807211338550e-01 1.350791252258489727e+00 -1.375401313456379171e-01 1.060043355873936388e+00 -4.347791241613345181e-01 4.130833494458677757e-01 2.542855450995997746e-01 -2.599047151311261739e-01 -1.201177930157507623e+00 8.947113554100336041e-02 0.000000000000000000e+00
-1.453805688712374311e-01 -2.725390364879695659e-01 2.940323900790763889e-01 1.351614186694252595e+00 -1.402334520449457500e-01 1.054118617389623314e+00 -4.285857765987871049e-01 4.079763385814773602e-01 2.556765141369481409e-01 -2.499619530041266580e-01 -1.201132789577030735e+00 8.538173517388900069e-02 0.000000000000000000e+00
-1.443805534980818484e-01 -2.722435034476750060e-01 2.948676940669940905e-01 1.352466574548865097e+00 -1.427784360509543049e-01 1.048720228451423875e+00 -4.227637402712239867e-01 4.033460335522111029e-01 2.568838582171357743e-01 -2.406674542207228595e-01 -1.201041709467750129e+00 8.155124399900076648e-02 0.000000000000000000e+00
-1.432870758775428577e-01 -2.719370704996286747e-01 2.957431731003877240e-01 1.353489904186013781e+00 -1.455995820303273014e-01 1.042951751159785889e+00 -4.163447563853196476e-01 3.984225810659542955e-01 2.581057165252638175e-01 -2.304746712016353671e-01 -1.200889243495343095e+00 7.734099437504565744e-02 0.000000000000000000e+00
-1.422687548894769616e-01 -2.716670556459274133e-01 2.965242184476878373e-01 1.354525999914647727e+00 -1.482631336813753364e-01 1.037703957718293157e+00 -4.103189882343655781e-01 3.939646491382434168e-01 2.591519393595016485e-01 -2.209547191871995275e-01 -1.200698561161293476e+00 7.339882520432064461e-02 0.000000000000000000e+00
-1.411561738233530205e-01 -2.713887608329454970e-01 2.973411152522943413e-01 1.355746888436765829e+00 -1.512131954834883274e-01 1.032105336079656599e+00 -4.036843548791919645e-01 3.892310134586821069e-01 2.601939011359952758e-01 -2.105234667372522239e-01 -1.200437837690574661e+00 6.906747665217258247e-02 0.000000000000000000e+00
-1.401206690763314444e-01 -2.711454492102142733e-01 2.980680873004181719e-01 1.356964566802518313e+00 -1.539962004815906838e-01 1.027021059101316691e+00 -3.974629109671442562e-01 3.849521125352518003e-01 2.610683500799226842e-01 -2.007874491346269274e-01 -1.200146354709265450e+00 6.501276395825651699e-02 0.000000000000000000e+00
-1.389899222300430559e-01 -2.708969019048790283e-01 2.988263532438439340e-01 1.358381352428540190e+00 -1.570759901192504415e-01 1.021607335853141674e+00 -3.906200849937537800e-01 3.804166826198195905e-01 2.619181647837669491e-01 -1.901266821329852252e-01 -1.199775376369417446e+00 6.055868529174782827e-02 0.000000000000000000e+00
-1.379381338057376061e-01 -2.706815234306942930e-01 2.994994262341825753e-01 1.359778535040049974e+00 -1.599784097091188073e-01 1.016700148794121183e+00 -3.842112211199917304e-01 3.763234040243678136e-01 2.626107198252418673e-01 -1.801843694144196484e-01 -1.199382027476412649e+00 5.639065093225967967e-02 0.000000000000000000e+00
-1.367901946989126538e-01 -2.704637537765690602e-01 3.001994643328452228e-01 1.361388523175549814e+00 -1.631870207071148826e-01 1.011485724413293319e+00 -3.771704889880947986e-01 3.719918723798947835e-01 2.632590663926217545e-01 -1.693061719545298216e-01 -1.198900527951326289e+00 5.181380470068754768e-02 0.000000000000000000e+00
-1.357227733506291001e-01 -2.702775393388496816e-01 3.008188100569093582e-01 1.362963248266764182e+00 -1.662078495675531897e-01 1.006769565541852263e+00 -3.705825608205384758e-01 3.680905744095240850e-01 2.637604064678293891e-01 -1.591675509741117822e-01 -1.198404647356353658e+00 4.753176624059797517e-02 0.000000000000000000e+00
-1.345581025483328641e-01 -2.700921755402236890e-01 3.014606439882964728e-01 1.364764706732774613e+00 -1.695439615936900069e-01 1.001770098296228095e+00 -3.633518787238915748e-01 3.639709970983077691e-01 2.641962327802205301e-01 -1.480816103044389487e-01 -1.197811428223538366e+00 4.283070018893046782e-02 0.000000000000000000e+00
-1.334754720333752864e-01 -2.699363519621382212e-01 3.020264182465519087e-01 1.366515053607214369e+00 -1.726812017780332553e-01 9.972594039392048693e-01 -3.565934416675429763e-01 3.602678383130389350e-01 2.644978357736724739e-01 -1.377570091337708968e-01 -1.197212616452434153e+00 3.843407506175104682e-02 0.000000000000000000e+00
-1.322945125491796770e-01 -2.697844280914947213e-01 3.026105235221355216e-01 1.368505415053359542e+00 -1.761416489927718487e-01 9.924895359587457833e-01 -3.491832625134247969e-01 3.563655083677458868e-01 2.647131523478050141e-01 -1.264758421114384468e-01 -1.196508343502162841e+00 3.360897644350229613e-02 0.000000000000000000e+00
-1.311968771522400989e-01 -2.696602133937567869e-01 3.031229708067926243e-01 1.370429408876023381e+00 -1.793922787292068222e-01 9.881986750631739369e-01 -3.422630051313402810e-01 3.528664143010043497e-01 2.648068956181759415e-01 -1.159757635920693891e-01 -1.195806467396872241e+00 2.909727362890702704e-02 0.000000000000000000e+00
-1.299996284020553394e-01 -2.695433365771593426e-01 3.036493389180591196e-01 1.372606992903770085e+00 -1.829736251385574164e-01 9.836750711066613029e-01 -3.346817511666980716e-01 3.491890215992820568e-01 2.647922482321802828e-01 -1.045097315781933905e-01 -1.194990341680817636e+00 2.414690657088367290e-02 0.000000000000000000e+00
-1.288869456659866575e-01 -2.694519366104413116e-01 3.041087599359384996e-01 1.374702646597439681e+00 -1.863334042751967345e-01 9.796182731836031721e-01 -3.276084286009612323e-01 3.458997846264388332e-01 2.646705417703638652e-01 -9.384495319015975778e-02 -1.194185800715504620e+00 1.951975156184426394e-02 0.000000000000000000e+00
-1.276733357786120626e-01 -2.693710930734030673e-01 3.045779021931977470e-01 1.377065054803022548e+00 -1.900302163466376371e-01 9.753560355857300301e-01 -3.198666526016145095e-01 3.424520229897086154e-01 2.644195388376238132e-01 -8.220693922651349517e-02 -1.193258887498102494e+00 1.444453842475043950e-02 0.000000000000000000e+00
-1.265453778899412740e-01 -2.693136667575408705e-01 3.049845415132267368e-01 1.379330442192726380e+00 -1.934940447834145871e-01 9.715480633940041244e-01 -3.126492197313907595e-01 3.393782024595391467e-01 2.640757247408944686e-01 -7.138840489741983542e-02 -1.192352081146930587e+00 9.701663864860583450e-03 0.000000000000000000e+00
-1.253149333917135955e-01 -2.692703964918538029e-01 3.053965942731343142e-01 1.381875787469708072e+00 -1.973003399314783302e-01 9.675634436154365581e-01 -3.047556435499095273e-01 3.361674288703123681e-01 2.635799773039764204e-01 -5.958936123398624052e-02 -1.191314513586235746e+00 4.500607003584807149e-03 0.000000000000000000e+00
-1.241712070713535537e-01 -2.692480609938981972e-01 3.057507975038959991e-01 1.384308933824774712e+00 -2.008617492590527576e-01 9.640185992832144279e-01 -2.974029886753370433e-01 3.333143178154832076e-01 2.630079303018275638e-01 -4.862825624041085953e-02 -1.190306373955586139e+00 -3.581340816585254516e-04 0.000000000000000000e+00
-1.229234023779170043e-01 -2.692432303122763160e-01 3.061063405423818939e-01 1.387034792611754774e+00 -2.047697922623332722e-01 9.603264212542597100e-01 -2.893682982455951791e-01 3.303447267524767250e-01 2.622625115127141804e-01 -3.668131975150459856e-02 -1.189159883106307047e+00 -5.684357661138459208e-03 0.000000000000000000e+00
-1.217632634695929444e-01 -2.692570469988777027e-01 3.064085083632614448e-01 1.389633603405759921e+00 -2.084213758213193657e-01 9.570588626375138297e-01 -2.818895094038937899e-01 3.277174517580863644e-01 2.614565058088016425e-01 -2.558894588332353073e-02 -1.188051342302561597e+00 -1.065899225444650808e-02 0.000000000000000000e+00
-1.204971985816176983e-01 -2.692920776140827477e-01 3.067077511522230404e-01 1.392537922330413735e+00 -2.124227426307001565e-01 9.536752977545912557e-01 -2.737226762498136123e-01 3.249959341506207244e-01 2.604543582906049259e-01 -1.350559312876716510e-02 -1.186796327638861781e+00 -1.611111550659760291e-02 0.000000000000000000e+00
-1.193197855950640096e-01 -2.693430231643801354e-01 3.069582707942040134e-01 1.395300271199406694e+00 -2.161558994470884620e-01 9.506990559000634278e-01 -2.661268414782032576e-01 3.225993887751720246e-01 2.594096001949668384e-01 -2.293452433086841640e-03 -1.185588717242565426e+00 -2.120154403201310669e-02 0.000000000000000000e+00
-1.180344901005414976e-01 -2.694186024617077901e-01 3.072019285296532232e-01 1.398380465957014707e+00 -2.202403729915989317e-01 9.476378633822100106e-01 -2.578384849546314084e-01 3.201295731802326072e-01 2.581471286802146103e-01 9.913007543601687691e-03 -1.184227708767480403e+00 -2.677861739296475557e-02 0.000000000000000000e+00
-1.168387606719707150e-01 -2.695075590729524295e-01 3.074012636476489146e-01 1.401304080502115745e+00 -2.240453814282497014e-01 9.449663870228310891e-01 -2.501346922903319170e-01 3.179683846661196522e-01 2.568593571351069915e-01 2.123332511455292004e-02 -1.182922626675287026e+00 -3.198460838433828113e-02 0.000000000000000000e+00
-1.155329794032115970e-01 -2.696249191878571372e-01 3.075896892331344556e-01 1.404557631227558723e+00 -2.282020775619759689e-01 9.422426779974104605e-01 -2.417340335925427797e-01 3.157567625388633670e-01 2.553305695113468055e-01 3.355096946600900215e-02 -1.181456556495198207e+00 -3.768707918192983064e-02 0.000000000000000000e+00
-1.143177384458598234e-01 -2.697526674327554996e-01 3.077383626264805772e-01 1.407640027246994663e+00 -2.320681193368328010e-01 9.398889019007476975e-01 -2.339314376518013827e-01 3.138353251018847767e-01 2.537960560912433383e-01 4.496772051615092330e-02 -1.180055733761816716e+00 -4.300826229342229884e-02 0.000000000000000000e+00
-1.129901369842425118e-01 -2.699122684035684117e-01 3.078722962481730274e-01 1.411064158150455938e+00 -2.362845684486449827e-01 9.375156698217121942e-01 -2.254289962661008007e-01 3.118849590775653047e-01 2.519989549876577861e-01 5.738315281388336325e-02 -1.178487398195869007e+00 -4.883488425148738155e-02 0.000000000000000000e+00
-1.117540440407278207e-01 -2.700794602158967939e-01 3.079709066583690147e-01 1.414302570619161870e+00 -2.401997495292409468e-01 9.354916005441347160e-01 -2.175367350204077677e-01 3.102074339069243458e-01 2.502145038992502624e-01 6.888453413004096137e-02 -1.176992965350170950e+00 -5.427075389861058669e-02 0.000000000000000000e+00
-1.104030474524590605e-01 -2.702822569780041206e-01 3.080508371617225460e-01 1.417894123508732562e+00 -2.444626279621644471e-01 9.334823344122749056e-01 -2.089418153658541832e-01 3.085242495189670087e-01 2.481444287839316143e-01 8.138547054352174293e-02 -1.175323962295018454e+00 -6.022166641698750711e-02 0.000000000000000000e+00
-1.091446353313066248e-01 -2.704894103758052615e-01 3.080999753742119651e-01 1.421285537299089796e+00 -2.484140450401906008e-01 9.317994850559383480e-01 -2.009690267866998947e-01 3.070945647772715947e-01 2.461076431822390997e-01 9.295956864100610173e-02 -1.173738183023930626e+00 -6.577156097065813001e-02 0.000000000000000000e+00
-1.077686387020210662e-01 -2.707355678726379722e-01 3.081267754068416354e-01 1.425041135541391668e+00 -2.527087414394619813e-01 9.301653038598458600e-01 -1.922920318363013914e-01 3.056810254496848400e-01 2.437637951068603037e-01 1.055326018186223958e-01 -1.171971708272881108e+00 -7.184521192577407456e-02 0.000000000000000000e+00
-1.064863294103991775e-01 -2.709830714451390010e-01 3.081271512377397603e-01 1.428582182966307457e+00 -2.566824886823431129e-01 9.288340823038230276e-01 -1.842477706713921415e-01 3.045028096939201290e-01 2.414725444630105855e-01 1.171674865679878247e-01 -1.170296846263330304e+00 -7.750833243766511171e-02 0.000000000000000000e+00
-1.050835360121113587e-01 -2.712732263373656139e-01 3.081014271428655915e-01 1.432497749144150845e+00 -2.609934849593882333e-01 9.275862820045328583e-01 -1.754980381337208351e-01 3.033644081964521066e-01 2.388514613181544899e-01 1.298000580407241977e-01 -1.168435163503310337e+00 -8.370450960887071412e-02 0.000000000000000000e+00
-1.037756713835355921e-01 -2.715612747844682318e-01 3.080537463341745386e-01 1.436184563613220888e+00 -2.649747688110446475e-01 9.266160309469921863e-01 -1.673913591307628346e-01 3.024410236674943686e-01 2.363045472096574340e-01 1.414837285723085092e-01 -1.166674015074441018e+00 -8.947989068308699612e-02 0.000000000000000000e+00
-1.023442841001443865e-01 -2.718952492447516134e-01 3.079764539255381295e-01 1.440255877804281326e+00 -2.692855562657898716e-01 9.257635580695673383e-01 -1.585790589522315108e-01 3.015795909233946470e-01 2.334067616275421475e-01 1.541624892452009010e-01 -1.164720586414867975e+00 -9.579673401880840766e-02 0.000000000000000000e+00
-1.010091451537492996e-01 -2.722239015373418836e-01 3.078815028001088971e-01 1.444084142605017718e+00 -2.732587394649419466e-01 9.251624652107990343e-01 -1.504189169903901724e-01 3.009141668355247434e-01 2.306032519480156751e-01 1.658829446893419768e-01 -1.162875814727770019e+00 -1.016832438118866477e-01 0.000000000000000000e+00
-9.954724909206183470e-02 -2.726019575092730185e-01 3.077533708614522689e-01 1.448305894650367520e+00 -2.775519650519928661e-01 9.247139520988310046e-01 -1.415533702348140688e-01 3.003345964032962390e-01 2.274265002417148462e-01 1.785951613234285085e-01 -1.160833303329733779e+00 -1.081201707456354161e-01 0.000000000000000000e+00
-9.818308075401045720e-02 -2.729710563779288446e-01 3.076119710661506801e-01 1.452270559134807293e+00 -2.815006720535073725e-01 9.244886778497627411e-01 -1.333486702589843365e-01 2.999299290756586855e-01 2.243662618331045966e-01 1.903403675209504597e-01 -1.158908104177715614e+00 -1.141165359336794305e-01 0.000000000000000000e+00
-9.668879208102959533e-02 -2.733926343001864545e-01 3.074340429418482845e-01 1.456637358705068053e+00 -2.857583110134394033e-01 9.244502279685571366e-01 -1.244397472671535804e-01 2.996334193777919763e-01 2.209122750573262461e-01 2.030728574688352439e-01 -1.156780238466742050e+00 -1.206713327127994229e-01 0.000000000000000000e+00
-9.529382439392261595e-02 -2.738018668116916077e-01 3.072470486576370230e-01 1.460732823096126509e+00 -2.896655598534074727e-01 9.246061730874197693e-01 -1.161992444194190621e-01 2.994920721029360466e-01 2.175955742357416067e-01 2.148308634843464071e-01 -1.154777674485057082e+00 -1.267760885572096485e-01 0.000000000000000000e+00
-9.376520769040343206e-02 -2.742668293962706172e-01 3.070201011741606201e-01 1.465237743758158295e+00 -2.938688033559779811e-01 9.249834136237060633e-01 -1.072561580642296397e-01 2.994829840657161624e-01 2.138634202841047660e-01 2.275707437042561176e-01 -1.152567517096400485e+00 -1.334477981081841347e-01 0.000000000000000000e+00
-9.233769236776588618e-02 -2.747156736901104068e-01 3.067884316075697448e-01 1.469457499059651617e+00 -2.977170797979482586e-01 9.255241049356555116e-01 -9.898854923002518846e-02 2.996072205305683189e-01 2.102910559978723448e-01 2.393295653128511002e-01 -1.150491050394465642e+00 -1.396592967780360961e-01 0.000000000000000000e+00
-9.077288577631639765e-02 -2.752230238833481835e-01 3.065136118852608282e-01 1.474093494723720532e+00 -3.018468800169999966e-01 9.263194167454966710e-01 -9.002080366761730512e-02 2.998860202071860215e-01 2.062836643475758347e-01 2.520639028287421368e-01 -1.148202862385869327e+00 -1.464453474859374327e-01 0.000000000000000000e+00
-8.931110568469724509e-02 -2.757107702680764438e-01 3.062381367165148971e-01 1.478430298340536631e+00 -3.056183199411677265e-01 9.272472097687982640e-01 -8.173460264005272258e-02 3.002777712035366586e-01 2.024572344933499579e-01 2.638116723188133061e-01 -1.146055821915047623e+00 -1.527617830251169206e-01 0.000000000000000000e+00
-8.770827018113737383e-02 -2.762599550360262946e-01 3.059163433430447387e-01 1.483188429166983013e+00 -3.096549787296831724e-01 9.284622360931966689e-01 -7.275123597337584958e-02 3.008482203090316331e-01 1.981746051443935563e-01 2.765275507993986692e-01 -1.143693065395929187e+00 -1.596607850527512751e-01 0.000000000000000000e+00
-8.621057875047689889e-02 -2.767857021034605403e-01 3.055980187457583153e-01 1.487634004888045425e+00 -3.133314554062405222e-01 9.297773092237409109e-01 -6.445484419345251514e-02 3.015091503125620354e-01 1.940959739349368274e-01 2.882524337488519550e-01 -1.141479046423691912e+00 -1.660801517680623174e-01 0.000000000000000000e+00
-8.456798160484890747e-02 -2.773753252894847199e-01 3.052303505505521430e-01 1.492505365739705603e+00 -3.172554842111061646e-01 9.314111125248434320e-01 -5.546491949259131637e-02 3.023711156888798102e-01 1.895423679450649601e-01 3.009372364684675394e-01 -1.139045982451795558e+00 -1.730891756382305635e-01 0.000000000000000000e+00
-8.303281616563447376e-02 -2.779379638031356237e-01 3.048701290250211970e-01 1.497050390732175273e+00 -3.208188002556267016e-01 9.331117403307231939e-01 -4.716653450303963380e-02 3.033025562801350272e-01 1.852140653834137840e-01 3.126275149685066035e-01 -1.136768846561723389e+00 -1.796092930665306731e-01 0.000000000000000000e+00
-8.134882303032642259e-02 -2.785670393041717596e-01 3.044575249517233462e-01 1.502023731674488438e+00 -3.246102834429489548e-01 9.351618559734018454e-01 -3.817884436078057553e-02 3.044590672730155823e-01 1.803906811751168071e-01 3.252684088196494683e-01 -1.134269203562574768e+00 -1.867265078559833813e-01 0.000000000000000000e+00
-7.977473980513437313e-02 -2.791652797582477863e-01 3.040563366596739647e-01 1.506657850026561718e+00 -3.280423370466212241e-01 9.372445376329019417e-01 -2.988650974033041363e-02 3.056620837164316096e-01 1.758157698965239213e-01 3.369124814747756491e-01 -1.131932812338248384e+00 -1.933449625075346623e-01 0.000000000000000000e+00
-7.804785377667561308e-02 -2.798319814257889671e-01 3.035999449863411859e-01 1.511721905542751543e+00 -3.316820164003315696e-01 9.397054380187523925e-01 -2.090960748108078304e-02 3.071122747985206014e-01 1.707279337919822559e-01 3.494972159164315140e-01 -1.129371384001810252e+00 -2.005670392649092360e-01 0.000000000000000000e+00
-7.643353949885467458e-02 -2.804643479500093517e-01 3.031587253567691320e-01 1.516433604658524281e+00 -3.349649080013787916e-01 9.421647279561153887e-01 -1.263114730573155001e-02 3.085875328843700194e-01 1.659100090639198388e-01 3.610835978444438821e-01 -1.126979599026809886e+00 -2.072812678471625258e-01 0.000000000000000000e+00
-7.466242956148309851e-02 -2.811673023244817271e-01 3.026594295312782790e-01 1.521574593494360528e+00 -3.384333402780153044e-01 9.450298581189788827e-01 -3.673494447661821045e-03 3.103338341901622499e-01 1.605601179081139751e-01 3.735994895719211284e-01 -1.124360246936662699e+00 -2.146059095960187457e-01 0.000000000000000000e+00
-7.300673250036061879e-02 -2.818321341301369132e-01 3.021791351052716124e-01 1.526351068110324505e+00 -3.415495962273871200e-01 9.478579026721112299e-01 4.583465643297197738e-03 3.120817333926085291e-01 1.555031744722172871e-01 3.851167957591595248e-01 -1.121917329268732777e+00 -2.214131157898294455e-01 0.000000000000000000e+00
-7.119023253229060655e-02 -2.825691430923564784e-01 3.016380350555918355e-01 1.531555364891459270e+00 -3.448284868151967331e-01 9.511175712473520782e-01 1.351388637884924117e-02 3.141225470254498386e-01 1.498976198517640857e-01 3.975520935741483353e-01 -1.119244847114838404e+00 -2.288365774598844493e-01 0.000000000000000000e+00
-6.949217981494920648e-02 -2.832646191970764060e-01 3.011195633724986775e-01 1.536382818049102816e+00 -3.477613141718034484e-01 9.543048248285210811e-01 2.174197639919044772e-02 3.161431206340065692e-01 1.446061850818856076e-01 4.089892719020889467e-01 -1.116754858074641588e+00 -2.357337485642693187e-01 0.000000000000000000e+00
-6.762935020018906451e-02 -2.840339154259291510e-01 3.005374858300748353e-01 1.541633786499831515e+00 -3.508323991139321585e-01 9.579479213798958170e-01 3.063710921000163678e-02 3.184801110695784088e-01 1.387486954223107194e-01 4.213314256579521744e-01 -1.114033573493771412e+00 -2.432532671258921253e-01 0.000000000000000000e+00
-6.588815995282387705e-02 -2.847580493020614445e-01 2.999816812719568460e-01 1.546497081232509174e+00 -3.535656621202241112e-01 9.614828488083002611e-01 3.882918829897792634e-02 3.207730594786230016e-01 1.332279624825765119e-01 4.326774572975848887e-01 -1.111500774139051462e+00 -2.502371907027863274e-01 0.000000000000000000e+00
-6.397824811023102021e-02 -2.855571179032004858e-01 2.993597081908027091e-01 1.551778726248182139e+00 -3.564124149175320611e-01 9.654951790992987171e-01 4.768168972640182690e-02 3.234039297404849855e-01 1.271255951607688228e-01 4.449153482967714845e-01 -1.108735547400194976e+00 -2.578485883220168473e-01 0.000000000000000000e+00
-6.219334774149627015e-02 -2.863077819204610241e-01 2.987673828618636618e-01 1.556661632057422473e+00 -3.589309465565202473e-01 9.693642475435351180e-01 5.583090440539545396e-02 3.259686204492585615e-01 1.213811566894678062e-01 4.561594807351950220e-01 -1.106164265367723498e+00 -2.649158189067601366e-01 0.000000000000000000e+00
-6.023587898322912276e-02 -2.871345371358758336e-01 2.981062169085965108e-01 1.561954766395408534e+00 -3.615370796623107452e-01 9.737305897831918244e-01 6.463320524627137742e-02 3.288943026437923800e-01 1.150388385534442115e-01 4.682808917262042958e-01 -1.103359557265706448e+00 -2.726157832769926515e-01 0.000000000000000000e+00
-5.840692158728774674e-02 -2.879094644869497066e-01 2.974781370602890829e-01 1.566839876439907187e+00 -3.638267746864656260e-01 9.779183720293525006e-01 7.273296003039517177e-02 3.317297036773724783e-01 1.090768198210838591e-01 4.794125388980857161e-01 -1.100754186771282006e+00 -2.797626756678429083e-01 0.000000000000000000e+00
-5.640161369431787725e-02 -2.887610902052212825e-01 2.967786849933580218e-01 1.572126192617178120e+00 -3.661781598512918734e-01 9.826207678795624290e-01 8.147842318794391858e-02 3.349471018798108601e-01 1.025029398282777393e-01 4.914069503946117967e-01 -1.097915057312175646e+00 -2.875465961914401292e-01 0.000000000000000000e+00
-5.452848122198660635e-02 -2.895579208913786062e-01 2.961155895215636380e-01 1.576995265436078597e+00 -3.682262562758920055e-01 9.871099606892821399e-01 8.952245964863622674e-02 3.380519149471660767e-01 9.632959926341966295e-02 5.024159257087813524e-01 -1.095279992571596805e+00 -2.947692555153031413e-01 0.000000000000000000e+00
-5.247537578440261002e-02 -2.904320678258145993e-01 2.953784429610799567e-01 1.582253243486266392e+00 -3.703092305693767017e-01 9.921292726454735700e-01 9.820407351905031945e-02 3.415611290260498478e-01 8.953014952628368661e-02 5.142714866439734855e-01 -1.092411035708281686e+00 -3.026333038981981471e-01 0.000000000000000000e+00
-5.055819477381707366e-02 -2.912483108578995950e-01 2.946808993845135283e-01 1.587086982273318903e+00 -3.721042201469653143e-01 9.969014028468512478e-01 1.061864078662368427e-01 3.449336230724717178e-01 8.315281082192571560e-02 5.251477033778025882e-01 -1.089750737516374191e+00 -3.099276022553842935e-01 0.000000000000000000e+00
-4.845750749739000801e-02 -2.921419741787235624e-01 2.939068497745385700e-01 1.592296586280713022e+00 -3.739076488272830012e-01 1.002216166324827906e+00 1.147983218174965098e-01 3.487308580232475475e-01 7.613684608816639887e-02 5.368545933451410734e-01 -1.086857013254921567e+00 -3.178666852019922384e-01 0.000000000000000000e+00
-4.649664674645973689e-02 -2.929750573228666610e-01 2.931754235379435136e-01 1.597075019367286686e+00 -3.754396169929892224e-01 1.007251013144260909e+00 1.227133364457528852e-01 3.523689025198639135e-01 6.956296609536005704e-02 5.475883642501645499e-01 -1.084176008985538786e+00 -3.252282949557301350e-01 0.000000000000000000e+00
-4.434896892198342960e-02 -2.938856824711959526e-01 2.923648680844558312e-01 1.602213043769566525e+00 -3.769530991173715151e-01 1.012839033990341697e+00 1.312491672136203713e-01 3.564534259732320964e-01 6.233767689992086858e-02 5.591352648150164084e-01 -1.081262244436883124e+00 -3.332379849607388644e-01 0.000000000000000000e+00
-4.234504355167964529e-02 -2.947329729191457415e-01 2.916000400774740875e-01 1.606915647980225792e+00 -3.782137025305019051e-01 1.018115107602878933e+00 1.390915774126584570e-01 3.603545907855482677e-01 5.557511194388253806e-02 5.697171356693645494e-01 -1.078565128042905163e+00 -3.406622455791208925e-01 0.000000000000000000e+00
-4.015111018857231429e-02 -2.956574014986483867e-01 2.907535136611547055e-01 1.611960874091051821e+00 -3.794295538079208718e-01 1.023952747516701844e+00 1.475462982805761936e-01 3.647218087886283100e-01 4.815075145695946190e-02 5.810950253735372995e-01 -1.075636316634090539e+00 -3.487370498727819790e-01 0.000000000000000000e+00
-3.810496844686919043e-02 -2.965162075376299722e-01 2.899556313365959648e-01 1.616566744002650324e+00 -3.804120141386158060e-01 1.029447887101498704e+00 1.553112104918929759e-01 3.688832310184725349e-01 4.120802365317755012e-02 5.915158415609629294e-01 -1.072927548910343809e+00 -3.562191010868187013e-01 0.000000000000000000e+00
-3.586590603283069945e-02 -2.974517561037240410e-01 2.890734190642929580e-01 1.621495052606231724e+00 -3.813234595353378609e-01 1.035510320338208334e+00 1.636791955320582026e-01 3.735315123850968533e-01 3.359258135804132905e-02 6.027139678915552912e-01 -1.069988617489386895e+00 -3.643539929525748122e-01 0.000000000000000000e+00
-3.377865798085235433e-02 -2.983193365283045573e-01 2.882427393105164715e-01 1.625983072989055422e+00 -3.820228909061449407e-01 1.041201487845580864e+00 1.713620490922869166e-01 3.779499629496472779e-01 2.647861229616710332e-02 6.129650075594882397e-01 -1.067272792388751279e+00 -3.718887414666814384e-01 0.000000000000000000e+00
-3.149570075475514180e-02 -2.992627754921912686e-01 2.873251552808696596e-01 1.630773040674990959e+00 -3.826258710129808449e-01 1.047463706645681558e+00 1.796391537602531896e-01 3.828739147786083818e-01 1.868327346939646638e-02 6.239751147171210821e-01 -1.064328601224641346e+00 -3.800776622130525029e-01 0.000000000000000000e+00
-2.936866544027779899e-02 -3.001363676865632657e-01 2.864618557587934045e-01 1.635122230306491176e+00 -3.830390299545936017e-01 1.053327394039527132e+00 1.872358540592178600e-01 3.875457318313663690e-01 1.140738421324538621e-02 6.340479889081278575e-01 -1.061610246120970436e+00 -3.876597484155353546e-01 0.000000000000000000e+00
-2.704346733501746328e-02 -3.010849462668360732e-01 2.855089452873738054e-01 1.639749787935752323e+00 -3.833306537616074650e-01 1.059763525882160717e+00 1.954172347307525648e-01 3.927428906986559221e-01 3.441203602545739315e-03 6.448600900387132517e-01 -1.058665788640751337e+00 -3.958970721147185845e-01 0.000000000000000000e+00
-2.487819330817154714e-02 -3.019617785700570711e-01 2.846130782602962483e-01 1.643939389645127314e+00 -3.834559661650125406e-01 1.065776120949894601e+00 2.029240533429270688e-01 3.976640462084724548e-01 -3.986752151848849124e-03 6.547466761114689726e-01 -1.055949364328870654e+00 -4.035208367882611169e-01 0.000000000000000000e+00
-2.251245027244471245e-02 -3.029122322043991677e-01 2.836249454827769467e-01 1.648383759778353053e+00 -3.834359504652500306e-01 1.072360748899102934e+00 2.110065475142357816e-01 4.031281203960153103e-01 -1.211165716351692012e-02 6.653534475220093114e-01 -1.053009500801532106e+00 -4.118000719850994362e-01 0.000000000000000000e+00
-2.031069811537949618e-02 -3.037895210242936850e-01 2.826965004683679172e-01 1.652393649035144740e+00 -3.832737654929143645e-01 1.078498479145403088e+00 2.184202220672847583e-01 4.082941535680646439e-01 -1.968155940401272730e-02 6.750462220464343854e-01 -1.050299601234321978e+00 -4.194596228857899733e-01 0.000000000000000000e+00
-1.790651946591962154e-02 -3.047390950173112234e-01 2.816729526322225841e-01 1.656631948997823400e+00 -3.829428435102864015e-01 1.085205940421771764e+00 2.263998849310027983e-01 4.140217808349844764e-01 -2.795506880450737697e-02 6.854384092521416116e-01 -1.047369191928853249e+00 -4.277744112831808332e-01 0.000000000000000000e+00
-1.567023358073265857e-02 -3.056140752330387400e-01 2.807117608618526772e-01 1.660442640635781508e+00 -3.824949186795745248e-01 1.091445667994568769e+00 2.337175858162680309e-01 4.194278646897908192e-01 -3.565613172868942193e-02 6.949300485352385426e-01 -1.044670211322112463e+00 -4.354635565614849435e-01 0.000000000000000000e+00
-1.322972069265799210e-02 -3.065595423819522658e-01 2.796527189215636255e-01 1.664455861391203051e+00 -3.818563981904077309e-01 1.098251223702979118e+00 2.415922535540097060e-01 4.254119210801716178e-01 -4.406546234477803914e-02 7.051013265285236420e-01 -1.041753983349448465e+00 -4.438068740720533256e-01 0.000000000000000000e+00
-1.096102734769448771e-02 -3.074294607389559397e-01 2.786586026800549898e-01 1.668049004393125756e+00 -3.811262439064115881e-01 1.104570071661475694e+00 2.488116172160237671e-01 4.310526960060411250e-01 -5.188676699217720234e-02 7.143851060885398896e-01 -1.039070315918975584e+00 -4.515191888518409469e-01 0.000000000000000000e+00
-8.486682237332293308e-03 -3.083680687873227577e-01 2.775636202456357449e-01 1.671816179106185629e+00 -3.801842503853141153e-01 1.111449331483310488e+00 2.565783437058331562e-01 4.372888205935979711e-01 -6.042046723117278084e-02 7.243270193329419682e-01 -1.036173196127132989e+00 -4.598840446777253121e-01 0.000000000000000000e+00
-6.187867394331704116e-03 -3.092302017188622854e-01 2.765362556391832705e-01 1.675174523567973139e+00 -3.791768359270042410e-01 1.117825367592268027e+00 2.636974726423193527e-01 4.431586273732143755e-01 -6.835056200910183399e-02 7.333966141622885182e-01 -1.033509236088726801e+00 -4.676128044772443482e-01 0.000000000000000000e+00
-3.682105361449241818e-03 -3.101588028669055586e-01 2.754051035851804441e-01 1.678679439778014704e+00 -3.779378563268060987e-01 1.124755338266671068e+00 2.713551759750035819e-01 4.496388306746769148e-01 -7.699531606555343188e-02 7.431039694936818485e-01 -1.030635685272531132e+00 -4.759916418988516251e-01 0.000000000000000000e+00
-1.355576211648263849e-03 -3.110104401476004865e-01 2.743440361501091052e-01 1.681787179467031379e+00 -3.766594125417812577e-01 1.131167870215286975e+00 2.783727219606600967e-01 4.557315440375329652e-01 -8.502208359105201119e-02 7.519535206379607262e-01 -1.027995760262962799e+00 -4.837297560516994888e-01 0.000000000000000000e+00
1.178792822327337855e-03 -3.119263250412338540e-01 2.731760843537011652e-01 1.685011839571290970e+00 -3.751305247689362687e-01 1.138126287667336811e+00 2.859195046339425561e-01 4.624504331516938183e-01 -9.376537460783684885e-02 7.614187946262657158e-01 -1.025150638691403993e+00 -4.921148519018684886e-01 0.000000000000000000e+00
3.530516193811119099e-03 -3.127648103601301521e-01 2.720808807665947016e-01 1.687854694538711620e+00 -3.735885298277588085e-01 1.144555485748844026e+00 2.928346021414150457e-01 4.687594617740915570e-01 -1.018766974979457007e-01 7.700429091842694307e-01 -1.022538943189390537e+00 -4.998550632940747529e-01 0.000000000000000000e+00
6.090841126998468649e-03 -3.136649149832006489e-01 2.708757139111364620e-01 1.690786242000661410e+00 -3.717788200640361751e-01 1.151522130326726456e+00 3.002704808000525860e-01 4.757082149798398940e-01 -1.107044107212857842e-01 7.792620405088239721e-01 -1.019726511920212353e+00 -5.082383282209943509e-01 0.000000000000000000e+00
8.465147057814559686e-03 -3.144876030907511888e-01 2.697458019247627181e-01 1.693351770209305052e+00 -3.699818980925284606e-01 1.157949805775187802e+00 3.070828135789616109e-01 4.822265347744042474e-01 -1.188875058027720755e-01 7.876559913696173920e-01 -1.017147240404470576e+00 -5.159729802644250629e-01 0.000000000000000000e+00
1.104843679403432789e-02 -3.153692817212834787e-01 2.685026665592103456e-01 1.695975913204599728e+00 -3.679006594310374467e-01 1.164905279211684963e+00 3.144070724984112108e-01 4.893986939060966379e-01 -1.277861922691632124e-01 7.966224552857508190e-01 -1.014372159969580744e+00 -5.243459587316342541e-01 0.000000000000000000e+00
1.344266746871991720e-02 -3.161735725132935881e-01 2.673374457392256320e-01 1.698253296968402992e+00 -3.658580503106674264e-01 1.171314710824632233e+00 3.211168735753521797e-01 4.961187814427481246e-01 -1.360278768946314720e-01 8.047817816545081993e-01 -1.011829240602718727e+00 -5.320671618115601076e-01 0.000000000000000000e+00
1.604614772942491996e-02 -3.170338365158229532e-01 2.660558113303305716e-01 1.700561225485730965e+00 -3.635164222709326154e-01 1.178242016182086127e+00 3.283307444676179521e-01 5.035046592519193398e-01 -1.449827560600225329e-01 8.134928484221028988e-01 -1.009095705480834049e+00 -5.404211652560023671e-01 0.000000000000000000e+00
1.845759236273854242e-02 -3.178171591334274515e-01 2.648546323924081958e-01 1.702541669309475481e+00 -3.612383241461945005e-01 1.184618021313880165e+00 3.349387795014043268e-01 5.104186249159284872e-01 -1.532695812659679024e-01 8.214138218732983665e-01 -1.006593133004486607e+00 -5.481206968625577103e-01 0.000000000000000000e+00
2.107817907284133263e-02 -3.186534084980370274e-01 2.635336051305507410e-01 1.704523123375034643e+00 -3.586470486564508064e-01 1.191501423260918457e+00 3.420427284196770334e-01 5.180106646829856221e-01 -1.622660057443645609e-01 8.298640320121197789e-01 -1.003905470832378688e+00 -5.564465373784724944e-01 0.000000000000000000e+00
2.350414727161144468e-02 -3.194132190185953180e-01 2.622958376655551427e-01 1.706199969648380055e+00 -3.561441148081705421e-01 1.197830347222552883e+00 3.485504288593946898e-01 5.251100862274051817e-01 -1.705842562511725724e-01 8.375434567524451257e-01 -1.001447106830126499e+00 -5.641157755276281494e-01 0.000000000000000000e+00
2.613908086306734879e-02 -3.202225429994696726e-01 2.609348645853104554e-01 1.707850409067050990e+00 -3.533153897873733129e-01 1.204656430317929017e+00 3.555469858067100142e-01 5.328976685975013172e-01 -1.796069128663064784e-01 8.457313455238936184e-01 -9.988091791913756845e-01 -5.724042652092544703e-01 0.000000000000000000e+00
2.857687522813093933e-02 -3.209563088937900655e-01 2.596597882060552864e-01 1.709218787716920041e+00 -3.505985836616938300e-01 1.210926701258590699e+00 3.619562824441491800e-01 5.401736577221931679e-01 -1.879422076040910827e-01 8.531666249712859251e-01 -9.963986189306904828e-01 -5.800344214694133083e-01 0.000000000000000000e+00
3.122308658056954789e-02 -3.217361195979490662e-01 2.582579221009048132e-01 1.710532332713977866e+00 -3.475440680563708362e-01 1.217683314655257254e+00 3.688472117647292325e-01 5.481481607112991261e-01 -1.969753837055308043e-01 8.610879313176175165e-01 -9.938147534620683787e-01 -5.882754403046089875e-01 0.000000000000000000e+00
3.367007436193860531e-02 -3.224413222853388938e-01 2.569448803097358902e-01 1.711589523324552609e+00 -3.446246176778338111e-01 1.223884746352439823e+00 3.751607344714664727e-01 5.555913630629343292e-01 -2.053132084463507034e-01 8.682770681012592640e-01 -9.914556587894488571e-01 -5.958573267700100207e-01 0.000000000000000000e+00
3.632492238965774611e-02 -3.231887620847267995e-01 2.555015923909086384e-01 1.712566074647709158e+00 -3.413567896535578683e-01 1.230562338795797350e+00 3.819498644593781744e-01 5.637412019203084101e-01 -2.143410582256104480e-01 8.759317254434466626e-01 -9.889291844423180322e-01 -6.040411542207962947e-01 0.000000000000000000e+00
3.877852990365435876e-02 -3.238628834834498260e-01 2.541498549871779589e-01 1.713311189334369544e+00 -3.382457894838619694e-01 1.236686823870858376e+00 3.881708090287215307e-01 5.713418636713946119e-01 -2.226662329512525407e-01 8.828732548247383294e-01 -9.866249508881542729e-01 -6.115652500905426336e-01 0.000000000000000000e+00
4.143912941516246506e-02 -3.245753474060951160e-01 2.526642853796114419e-01 1.713949444003511680e+00 -3.347763334185804851e-01 1.243276813248131107e+00 3.948614020563003257e-01 5.796571847010035805e-01 -2.316722448095736020e-01 8.902584002646096728e-01 -9.841599289831768349e-01 -6.196809671964500499e-01 0.000000000000000000e+00
4.389688295682907249e-02 -3.252158648655754103e-01 2.512732776564504666e-01 1.714383820385002366e+00 -3.314848927388247546e-01 1.249317516589952159e+00 4.009936300718304758e-01 5.874049195232893261e-01 -2.399695895018245650e-01 8.969515898742512761e-01 -9.819138854988312959e-01 -6.271374187745084594e-01 0.000000000000000000e+00
4.656078971701572283e-02 -3.258904950908536047e-01 2.497449079643111747e-01 1.714687783005433452e+00 -3.278259091927608893e-01 1.255814196318310039e+00 4.075908127241746892e-01 5.958733057365505070e-01 -2.489371186823936544e-01 9.040684884133246557e-01 -9.795133120922339121e-01 -6.351746392072858960e-01 0.000000000000000000e+00
4.902035584395478957e-02 -3.264948582977311164e-01 2.483140452839616708e-01 1.714814723581127964e+00 -3.243647185044391534e-01 1.261766231473306243e+00 4.136388848492582593e-01 6.037572612485938572e-01 -2.571909206908218337e-01 9.105133382513164175e-01 -9.773285213129602189e-01 -6.425532599024866842e-01 0.000000000000000000e+00
5.168494475254891557e-02 -3.271289911185712995e-01 2.467421189099571754e-01 1.714787230396564333e+00 -3.205272302986807986e-01 1.268164521922212185e+00 4.201473842373029677e-01 6.123677271060107286e-01 -2.661025234884994983e-01 9.173604585719645765e-01 -9.749961914092959425e-01 -6.505002657533376365e-01 0.000000000000000000e+00
5.414415139385087006e-02 -3.276946196357988228e-01 2.452709062812960528e-01 1.714611797419847150e+00 -3.169065139678695076e-01 1.274024421970864962e+00 4.261165935046065667e-01 6.203765848731788157e-01 -2.742968038465642966e-01 9.235575678495516749e-01 -9.728756493913203185e-01 -6.577906026584022792e-01 0.000000000000000000e+00
5.680728533321779961e-02 -3.282853322349791880e-01 2.436550752442841472e-01 1.714260880418041921e+00 -3.129016745278265788e-01 1.280322030996803084e+00 4.325429343730222698e-01 6.291156148322193387e-01 -2.831351697142647783e-01 9.301377062709194066e-01 -9.706141595726522908e-01 -6.656364083878302251e-01 0.000000000000000000e+00
5.926410052023459857e-02 -3.288096172156013686e-01 2.421430338302282548e-01 1.713789937170627553e+00 -3.091310691877016126e-01 1.286088052666885861e+00 4.384391397369440391e-01 6.372377235247430605e-01 -2.912535499812622941e-01 9.360883399896198220e-01 -9.685605960560922378e-01 -6.728275425422893807e-01 0.000000000000000000e+00
6.192356495387985743e-02 -3.293541045444791648e-01 2.404827328611554849e-01 1.713122787839816752e+00 -3.049686213743019181e-01 1.292283279470560764e+00 4.447897469618605770e-01 6.460930004653654413e-01 -3.000003031074640614e-01 9.424016962487888893e-01 -9.663733418528100971e-01 -6.805594981351165140e-01 0.000000000000000000e+00
6.437617011775720322e-02 -3.298343590193297814e-01 2.389296193821950909e-01 1.712365022605803588e+00 -3.010569965070319931e-01 1.297954754788600562e+00 4.506196063251258765e-01 6.543158432261213520e-01 -3.080261385265814500e-01 9.481077852003927386e-01 -9.643892868407011321e-01 -6.876402442623918976e-01 0.000000000000000000e+00
6.703024135229238012e-02 -3.303296295945377103e-01 2.372247263228728364e-01 1.711393182889423770e+00 -2.967465386451295650e-01 1.304048230001981334e+00 4.569024361002999024e-01 6.632731192364939021e-01 -3.166637020480898013e-01 9.541585537760800539e-01 -9.622784653607042715e-01 -6.952467649678761852e-01 0.000000000000000000e+00
6.947703776578952051e-02 -3.307630815565433813e-01 2.356302755121331693e-01 1.710359008476064702e+00 -2.927020020888830842e-01 1.309626263487346565e+00 4.626733730244471099e-01 6.715839128922496126e-01 -3.245798152302958872e-01 9.596229608587590887e-01 -9.603663156980275506e-01 -7.022054717381988054e-01 0.000000000000000000e+00
7.212396730646557230e-02 -3.312061539783006103e-01 2.338805322467294723e-01 1.709093456451872939e+00 -2.882514589614793010e-01 1.315619068437784867e+00 4.688964814121761582e-01 6.806295392717854886e-01 -3.330890143872624609e-01 9.654128728056731168e-01 -9.583348564185150131e-01 -7.096729754347809171e-01 0.000000000000000000e+00
7.456356160243311770e-02 -3.315899556400682124e-01 2.322447114924082456e-01 1.707794755557801025e+00 -2.840812897551665550e-01 1.321105686113722033e+00 4.746165852490164538e-01 6.890148348590362515e-01 -3.408780947854717081e-01 9.706391267078717799e-01 -9.564968092131695965e-01 -7.164977917812997976e-01 0.000000000000000000e+00
7.720212129514443522e-02 -3.319776508281886418e-01 2.304502172133210680e-01 1.706250265659097209e+00 -2.794982185966783383e-01 1.327001413840557698e+00 4.807894930501974695e-01 6.981335650104948387e-01 -3.492405537663751947e-01 9.761740409804108287e-01 -9.545463766098227776e-01 -7.238140279279654532e-01 0.000000000000000000e+00
7.963339895046145367e-02 -3.323088558863508402e-01 2.287731366726711846e-01 1.704700509626323246e+00 -2.752085649978397441e-01 1.332399823390156834e+00 4.864676853893826758e-01 7.065794475125448670e-01 -3.568850245173931235e-01 9.811664027598733240e-01 -9.527843626535991151e-01 -7.304926367306389112e-01 0.000000000000000000e+00
8.226237895325314020e-02 -3.326379257608589879e-01 2.269339858478379435e-01 1.702891406686598330e+00 -2.704988139702608763e-01 1.338201995659136667e+00 4.926002130105354149e-01 7.157562345757670919e-01 -3.650806364560028605e-01 9.864497814674542120e-01 -9.509175533084808229e-01 -7.376431576784744371e-01 0.000000000000000000e+00
8.468447517547672554e-02 -3.329134637347029302e-01 2.252158707739966015e-01 1.701105472746732516e+00 -2.660948298979328719e-01 1.343516616674149677e+00 4.982461811005306496e-01 7.242483229227301145e-01 -3.725625212224714655e-01 9.912133777092789755e-01 -9.492333036560874904e-01 -7.441628423430972639e-01 0.000000000000000000e+00
8.730319788896113986e-02 -3.331805185174315787e-01 2.233325326691827373e-01 1.699049512671582107e+00 -2.612637390072629628e-01 1.349231034695533182e+00 5.043494139496924600e-01 7.334669881940939495e-01 -3.805726439911572001e-01 9.962528108610086974e-01 -9.474512494126609008e-01 -7.511347317608159102e-01 0.000000000000000000e+00
8.971552796196212431e-02 -3.333971876249539057e-01 2.215738376877510185e-01 1.697043522717448738e+00 -2.567493542943175555e-01 1.354467156589991284e+00 5.099736439872899485e-01 7.419902355258106708e-01 -3.878737001196095324e-01 1.000793500519593815e+00 -9.458461622236702393e-01 -7.574825093770742868e-01 0.000000000000000000e+00
9.232340866739886798e-02 -3.335986525533405911e-01 2.196467815493169384e-01 1.694758105321504615e+00 -2.518001925995632106e-01 1.360099553017751983e+00 5.160592999732572794e-01 7.512344005646119927e-01 -3.956772947457596334e-01 1.005594181279597876e+00 -9.441509270317802738e-01 -7.642602543513258295e-01 0.000000000000000000e+00
9.472563111561156657e-02 -3.337530905310835405e-01 2.178481232414304636e-01 1.692549544044577914e+00 -2.471784158814847032e-01 1.365263392164685508e+00 5.216730438140625425e-01 7.597732273887057852e-01 -4.027788801085649961e-01 1.009918755415722957e+00 -9.426263338867370001e-01 -7.704226093766873840e-01 0.000000000000000000e+00
9.732258668453748485e-02 -3.338852831925320785e-01 2.158782397597666658e-01 1.690054856774289682e+00 -2.421140409145796646e-01 1.370821456189493803e+00 5.277538728205540819e-01 7.690256482268864602e-01 -4.103569049903854626e-01 1.014490071426844109e+00 -9.410184503786017673e-01 -7.769927609439675198e-01 0.000000000000000000e+00
9.971470424024421464e-02 -3.339739787342973498e-01 2.140404393699811281e-01 1.687662308808555167e+00 -2.373863720812114941e-01 1.375920061928629368e+00 5.333693144265543307e-01 7.775640089977895464e-01 -4.172402443018587981e-01 1.018606053470588746e+00 -9.395752168048605579e-01 -7.829558449407638676e-01 0.000000000000000000e+00
1.023007551655828046e-01 -3.340329280792195821e-01 2.120286249039897986e-01 1.684978412198928410e+00 -2.322075646494381473e-01 1.381411378027646242e+00 5.394588985751295196e-01 7.868069090350729988e-01 -4.245707283603563642e-01 1.022955128688742610e+00 -9.380562828771338291e-01 -7.893018915023137794e-01 0.000000000000000000e+00
1.046830192268606852e-01 -3.340521707269121787e-01 2.101527109930966808e-01 1.682421509774773227e+00 -2.273745566426743636e-01 1.386452591202419038e+00 5.450890208566387951e-01 7.953280924169449095e-01 -4.312166468606490888e-01 1.026871107334622391e+00 -9.366951412439944447e-01 -7.950515897167674817e-01 0.000000000000000000e+00
1.072586760312176507e-01 -3.340338552778787107e-01 2.081003376596616272e-01 1.679570797313290953e+00 -2.220816100323825815e-01 1.391886195557290984e+00 5.512018077962111962e-01 8.045432289998644126e-01 -4.382802821779208102e-01 1.031008993878333113e+00 -9.352651568966763307e-01 -8.011592167817279675e-01 0.000000000000000000e+00
1.096316310781209336e-01 -3.339797543904216570e-01 2.061875483661473607e-01 1.676869974064818081e+00 -2.171424000693460421e-01 1.396878453898110939e+00 5.568604591908979939e-01 8.130300576036744165e-01 -4.446693387910753970e-01 1.034734157032108470e+00 -9.339865066783019643e-01 -8.066809484068709901e-01 0.000000000000000000e+00
1.121976044613609141e-01 -3.338797231498554785e-01 2.040959962642290570e-01 1.673875087419834706e+00 -2.117332735619843476e-01 1.402263690303478194e+00 5.630121615718992611e-01 8.221981228143266929e-01 -4.514433553398009558e-01 1.038670242544218469e+00 -9.326462708597197393e-01 -8.125327122701021532e-01 0.000000000000000000e+00
1.145620569662842425e-01 -3.337481694261558718e-01 2.021478234001974073e-01 1.671052108655780799e+00 -2.066860095876519310e-01 1.407216025999813658e+00 5.687140560447861981e-01 8.306327534607711449e-01 -4.575559092527781146e-01 1.042214909955113900e+00 -9.314503117931923759e-01 -8.178112972877209508e-01 0.000000000000000000e+00
1.171193716711864535e-01 -3.335619913348663035e-01 2.000188887091115530e-01 1.667936775941313954e+00 -2.011585974694414247e-01 1.412563252359339661e+00 5.749207527022975883e-01 8.397345725393077220e-01 -4.640205330618636381e-01 1.045962044187882745e+00 -9.301992918711275982e-01 -8.233923508261454804e-01 0.000000000000000000e+00
1.194764289909336502e-01 -3.333486505451097592e-01 1.980370492250861369e-01 1.665013876963327810e+00 -1.960000512090864788e-01 1.417485288816818345e+00 5.806815696143025063e-01 8.480986294168650907e-01 -4.698367437245423162e-01 1.049337401132476311e+00 -9.290858242193654748e-01 -8.284125426389993274e-01 0.000000000000000000e+00
1.220264223467493747e-01 -3.330713184709787056e-01 1.958725791744125866e-01 1.661802784493398022e+00 -1.903495166846660425e-01 1.422805226351722796e+00 5.869611703066548447e-01 8.571134962858105721e-01 -4.759682726602862957e-01 1.052906969099564050e+00 -9.279242199309002403e-01 -8.337041771459595685e-01 0.000000000000000000e+00
1.243773962429222391e-01 -3.327716011993963052e-01 1.938590295980054945e-01 1.658803117515619263e+00 -1.850753963238211952e-01 1.427707127619591843e+00 5.927974212565362278e-01 8.653878712136594542e-01 -4.814678334693542894e-01 1.056125132960815671e+00 -9.268927776407125396e-01 -8.384500633665352698e-01 0.000000000000000000e+00
1.269216111030586625e-01 -3.323982140383746620e-01 1.916613899960677436e-01 1.655521444339240311e+00 -1.792972021134753291e-01 1.433010956917516454e+00 5.991678357420602286e-01 8.742954792697019695e-01 -4.872464269816354498e-01 1.059531915206272323e+00 -9.258193905633559373e-01 -8.434367659286814423e-01 0.000000000000000000e+00
1.292680764549440087e-01 -3.320072764406049592e-01 1.896182658848000468e-01 1.652468650505214853e+00 -1.739020045828376659e-01 1.437903476235981470e+00 6.050970310139854869e-01 8.824607311718850600e-01 -4.924089647547540416e-01 1.062606002052550958e+00 -9.248691746864158292e-01 -8.478921678533566375e-01 0.000000000000000000e+00
1.318083522814581798e-01 -3.315322001139270336e-01 1.873897936772755402e-01 1.649142811035112288e+00 -1.679888667521898249e-01 1.443203281392742010e+00 6.115782995798840771e-01 8.912388430199223999e-01 -4.978100551825166420e-01 1.065863780435017727e+00 -9.238834721879501943e-01 -8.525541644995949797e-01 0.000000000000000000e+00
1.341520621785849410e-01 -3.310448963443567982e-01 1.853195067669441420e-01 1.646061213918009969e+00 -1.624660198708838266e-01 1.448097623354450247e+00 6.176188815644018115e-01 8.992746652931274953e-01 -5.026147306841557416e-01 1.068807905020100257e+00 -9.230133508807939480e-01 -8.567023707925295328e-01 0.000000000000000000e+00
1.366903318974273807e-01 -3.304626768571468087e-01 1.830630624382146021e-01 1.642717061677831047e+00 -1.564110162282714711e-01 1.453405438053698706e+00 6.242307781817687529e-01 9.079019090654119051e-01 -5.076181445821421612e-01 1.071933257717362586e+00 -9.221134021694290528e-01 -8.610234828192376844e-01 0.000000000000000000e+00
1.390332082666143887e-01 -3.298735917254644878e-01 1.809682622723921552e-01 1.639631342006708792e+00 -1.507529605958084495e-01 1.458313104906849178e+00 6.304021213758094211e-01 9.157875956321638311e-01 -5.120441851557993029e-01 1.074762466901408420e+00 -9.213219772724847711e-01 -8.648474492494551136e-01 0.000000000000000000e+00
1.415717623938969882e-01 -3.291778583214858833e-01 1.786867258192170460e-01 1.636296678937684490e+00 -1.445463554720367583e-01 1.463642061289654794e+00 6.371671497558558661e-01 9.242401360369389973e-01 -5.166246224936537068e-01 1.077771572617088891e+00 -9.205065839257297045e-01 -8.688067708420760260e-01 0.000000000000000000e+00
1.439158625843776906e-01 -3.284812134291829055e-01 1.765702569024664714e-01 1.633231939220911144e+00 -1.387444633054970566e-01 1.468575235609909102e+00 6.434896939207858102e-01 9.319542484504625968e-01 -5.206507228506083163e-01 1.080502045103719944e+00 -9.197920578052614093e-01 -8.722889205463818518e-01 0.000000000000000000e+00
1.464567924390126619e-01 -3.276658969482010852e-01 1.742669366260751473e-01 1.629933044556293176e+00 -1.323775139618987851e-01 1.473938297034333766e+00 6.504293590893143184e-01 9.402097149345719496e-01 -5.247877438669645844e-01 1.083413545965449032e+00 -9.190585566620262936e-01 -8.758694740529661127e-01 0.000000000000000000e+00
1.488042303110462261e-01 -3.268556215439541446e-01 1.721318943866494422e-01 1.626914469779672245e+00 -1.264222588493932875e-01 1.478909421169050775e+00 6.569244095138540018e-01 9.477303486949011369e-01 -5.283926652975232674e-01 1.086062325985641897e+00 -9.184187322101348139e-01 -8.789918972730296209e-01 0.000000000000000000e+00
1.513500588606353503e-01 -3.259135214903607913e-01 1.698101890009979797e-01 1.623680087759732160e+00 -1.198830666821235624e-01 1.484320872391021284e+00 6.640636786060839514e-01 9.557632414909071894e-01 -5.320601710136987350e-01 1.088894930700077257e+00 -9.177651258996022410e-01 -8.821715784565296037e-01 0.000000000000000000e+00
1.537030030410296289e-01 -3.249831191604213854e-01 1.676599236292765083e-01 1.620733091988609154e+00 -1.137639909718899389e-01 1.489342920900435852e+00 6.707537390014447487e-01 9.630675599916946883e-01 -5.352221421759495446e-01 1.091480260907298883e+00 -9.171974731132517267e-01 -8.849158993808289297e-01 0.000000000000000000e+00
1.562558018554897343e-01 -3.239074568467407711e-01 1.653236261718625810e-01 1.617589207424019904e+00 -1.070421521006146293e-01 1.494816458864362207e+00 6.781160478349688159e-01 9.708544432820047643e-01 -5.383995596725232868e-01 1.094254608972889065e+00 -9.166203661050316143e-01 -8.876771313780503769e-01 0.000000000000000000e+00
1.586163528991235416e-01 -3.228500720262092449e-01 1.631616287390873221e-01 1.614739089683581597e+00 -1.007481554856077821e-01 1.499902959180006823e+00 6.850245540187432924e-01 9.779193436007942442e-01 -5.410968092245556083e-01 1.096795797285042617e+00 -9.161220220860504249e-01 -8.900245081418733939e-01 0.000000000000000000e+00
1.611785964824819228e-01 -3.216327327943003800e-01 1.608146196591394850e-01 1.611714701985639486e+00 -9.382991064237256040e-02 1.505454122830064634e+00 6.926373331527894139e-01 9.854331197213165305e-01 -5.437573071535446445e-01 1.099533127411480571e+00 -9.156184849029437300e-01 -8.923439882932779899e-01 0.000000000000000000e+00
1.635487193795635841e-01 -3.204410994559572790e-01 1.586446809103430056e-01 1.608986760610878974e+00 -8.734924334580806971e-02 1.510619011147634971e+00 6.997887196279790611e-01 9.922345668292698040e-01 -5.459677974373378095e-01 1.102050613589932393e+00 -9.151861206999694076e-01 -8.942751129787217534e-01 0.000000000000000000e+00
1.661221860277482532e-01 -3.190744597912752445e-01 1.562911929273086420e-01 1.606107186015193200e+00 -8.022283865545087878e-02 1.516262441328612320e+00 7.076775354090117931e-01 9.994506681189485597e-01 -5.480905365632124937e-01 1.104773695804538436e+00 -9.147520254422863983e-01 -8.961343988937605642e-01 0.000000000000000000e+00
1.685036527467496659e-01 -3.177408662395080352e-01 1.541172450900895052e-01 1.603526106731567147e+00 -7.354315547201917269e-02 1.521520229784410816e+00 7.150973685220816112e-01 1.005964227513064468e+00 -5.497920301836640711e-01 1.107288918296063907e+00 -9.143820457878473196e-01 -8.976295641087582711e-01 0.000000000000000000e+00
1.710904356726150044e-01 -3.162157794562835966e-01 1.517616812452744490e-01 1.600820041899156720e+00 -6.619343389812293310e-02 1.527272777884730814e+00 7.232922480913916985e-01 1.012853758674072235e+00 -5.513495133681698412e-01 1.110021721048648713e+00 -9.140135308720074292e-01 -8.990042212844299163e-01 0.000000000000000000e+00
1.734847340093957913e-01 -3.147320368903578358e-01 1.495879103565442292e-01 1.598410199338220039e+00 -5.930182650387205712e-02 1.532638599112421840e+00 7.310072260322695303e-01 1.019054130323994611e+00 -5.525195066140689004e-01 1.112557316722513123e+00 -9.137018078664138621e-01 -9.000431870046970984e-01 0.000000000000000000e+00
1.760858621178954808e-01 -3.130399938079457822e-01 1.472348793209309892e-01 1.595901460351949019e+00 -5.171637277092377971e-02 1.538516144858194767e+00 7.395356665281119790e-01 1.025591591588894014e+00 -5.534908946216752224e-01 1.115324873727323585e+00 -9.133938798653733482e-01 -9.009140406811529944e-01 0.000000000000000000e+00
1.784940159186118591e-01 -3.113974689338758761e-01 1.450656618516197038e-01 1.593686451317919861e+00 -4.459987615622917900e-02 1.544005711589766294e+00 7.475734195931074133e-01 1.031452942832049358e+00 -5.541068172027832084e-01 1.117904611296256068e+00 -9.131360192928263952e-01 -9.014761674082415466e-01 0.000000000000000000e+00
1.811107585982262014e-01 -3.095281397117394251e-01 1.427199750553662938e-01 1.591402393178439567e+00 -3.676247419997480392e-02 1.550026893338413370e+00 7.564682444759175395e-01 1.037607707848304139e+00 -5.544636142098267051e-01 1.120733554164192736e+00 -9.128838845166231675e-01 -9.018174515019351523e-01 0.000000000000000000e+00
1.835333257216175407e-01 -3.077176386803238683e-01 1.405598597230683089e-01 1.589405023089604185e+00 -2.940768856428999101e-02 1.555656939253235338e+00 7.648577345418851037e-01 1.043103473652818858e+00 -5.545026295197963417e-01 1.123382600500494544e+00 -9.126748929500791974e-01 -9.018816336842060410e-01 0.000000000000000000e+00
1.861654706381629665e-01 -3.056615585237803523e-01 1.382266052383586685e-01 1.587367270288551069e+00 -2.130588416239698191e-02 1.561838860504220383e+00 7.741484383207354325e-01 1.048848777651474107e+00 -5.542240628697741034e-01 1.126300226632730883e+00 -9.124727590233421282e-01 -9.016734410659891230e-01 0.000000000000000000e+00
1.886022974193503621e-01 -3.036734165583718226e-01 1.360803392600175021e-01 1.585608914438136452e+00 -1.369940899335997386e-02 1.567626667923908368e+00 7.829196259499388022e-01 1.053951860353256498e+00 -5.536632011442033097e-01 1.129044480978002918e+00 -9.123073767196482331e-01 -9.012180405195855393e-01 0.000000000000000000e+00
1.912497201224028776e-01 -3.014190204007936580e-01 1.337647520849284677e-01 1.583842703314486400e+00 -5.316699397707402852e-03 1.573990104946302981e+00 7.926418284044092211e-01 1.059255345927067715e+00 -5.527201092231790458e-01 1.132080351462638745e+00 -9.121494512670065280e-01 -9.004333401043936869e-01 0.000000000000000000e+00
