-1.495634781269822300e-03 -2.104455501051649691e-03 2.253621079776779723e-03 -5.855359068561938329e-03 -1.135176819464378539e-02 -8.568728232658529009e-03 0.000000000000000000e+00
-1.447805462705509250e-03 -2.028867312464016637e-03 2.300131219916692893e-03 -5.750728765102408602e-03 -1.130469036336512190e-02 -8.687799893266401341e-03 0.000000000000000000e+00
-1.293416908970806967e-03 -1.807733372568093300e-03 2.163169915606152904e-03 -5.222572927138013910e-03 -1.039285602454675939e-02 -8.120810010861401196e-03 0.000000000000000000e+00
-1.251737722578943890e-03 -1.747865134606341186e-03 2.200244419396799045e-03 -5.148304350929500117e-03 -1.035181758149050779e-02 -8.214239140025725305e-03 0.000000000000000000e+00
-1.308342605903095590e-03 -1.828586132349457882e-03 2.424048688010341235e-03 -5.501455812567890291e-03 -1.116735001093793755e-02 -9.000923709611363677e-03 0.000000000000000000e+00
-1.163078805646200475e-03 -1.630796026240860508e-03 2.273477271868051819e-03 -5.016637570258719592e-03 -1.026333477104834913e-02 -8.399572576323510731e-03 0.000000000000000000e+00
-1.210914643857724515e-03 -1.707607599814364718e-03 2.500357301129171872e-03 -5.375762617021440093e-03 -1.106836123695931207e-02 -9.195898311724182150e-03 0.000000000000000000e+00
-1.158628634553238168e-03 -1.648679380293754937e-03 2.537685523103488938e-03 -5.321412323080920714e-03 -1.101352637881047869e-02 -9.294180514847649732e-03 0.000000000000000000e+00
-1.022483067741553064e-03 -1.472513345529752327e-03 2.374191843229497834e-03 -4.871788726717340978e-03 -1.011552636308410413e-02 -8.665015318873869887e-03 0.000000000000000000e+00
-9.763765658068190856e-04 -1.427409010393426714e-03 2.403305373432737535e-03 -4.839029523080462525e-03 -1.006416814189581288e-02 -8.746625356120585337e-03 0.000000000000000000e+00
-1.004804479002030515e-03 -1.498256783399432024e-03 2.634899762237796761e-03 -5.212477755914601829e-03 -1.084170002946116540e-02 -9.567056122404604679e-03 0.000000000000000000e+00
-8.775028194364375977e-04 -1.340872941489407166e-03 2.459754085189586048e-03 -4.789444093217465337e-03 -9.947898904732799252e-03 -8.915786888791465969e-03 0.000000000000000000e+00
-8.953748153809337751e-04 -1.409695995800402946e-03 2.693012583811965621e-03 -5.171179410473847327e-03 -1.070812302077817080e-02 -9.750963309884674857e-03 0.000000000000000000e+00
-7.746969222989508186e-04 -1.264197493906576986e-03 2.510545495014115946e-03 -4.763645707058117296e-03 -9.817152031028619774e-03 -9.086598328880590714e-03 0.000000000000000000e+00
-7.820146028374441727e-04 -1.331922410489960740e-03 2.744891903758261975e-03 -5.155960017327210210e-03 -1.055753646017221214e-02 -9.937656027237729006e-03 0.000000000000000000e+00
-6.678533698436239785e-04 -1.196975928357491004e-03 2.555594358948809486e-03 -4.759820356825983367e-03 -9.669140784796415033e-03 -9.261514490474631600e-03 0.000000000000000000e+00
-6.639039903677534937e-04 -1.264049365265529357e-03 2.790607366651820520e-03 -5.162554009410236233e-03 -1.038680303115668835e-02 -1.013068154506191476e-02 0.000000000000000000e+00
-5.570558154402993623e-04 -1.138936313874294726e-03 2.594908167589338177e-03 -4.776363251899340412e-03 -9.501624961176347028e-03 -9.443075002845358057e-03 0.000000000000000000e+00
-5.419917566203968917e-04 -1.206002859940269456e-03 2.830107856022778812e-03 -5.191274731600969972e-03 -1.019398467948651188e-02 -1.033153271683850960e-02 0.000000000000000000e+00
-4.424169567562863392e-04 -1.089586782518803254e-03 2.628472748922805469e-03 -4.811440787426235488e-03 -9.312207464205357610e-03 -9.632977634107753317e-03 0.000000000000000000e+00
-4.155804111968253167e-04 -1.157016348404010797e-03 2.863353124864714827e-03 -5.238028499703339946e-03 -9.975819483117653874e-03 -1.054252249593989887e-02 0.000000000000000000e+00
-3.241557225273361542e-04 -1.048473460187576700e-03 2.656345218315508960e-03 -4.863223262247196033e-03 -9.098849436570688454e-03 -9.832701359973938793e-03 0.000000000000000000e+00
-2.858580129506127498e-04 -1.116701996932534247e-03 2.890453238529988589e-03 -5.302740578319919962e-03 -9.731116814520213154e-03 -1.076430952306051125e-02 0.000000000000000000e+00
-2.025488170944444999e-04 -1.015016721540751288e-03 2.678494086275462482e-03 -4.929620975140380779e-03 -8.859488260152925676e-03 -1.004291803577261888e-02 0.000000000000000000e+00
-1.521600276620238557e-04 -1.084447678234956580e-03 2.911390297321458931e-03 -5.381476058305523225e-03 -9.456688714174266153e-03 -1.099819766820431255e-02 0.000000000000000000e+00
-7.790287661679773379e-05 -9.887228263996405975e-04 2.695034262927803459e-03 -5.008678120707266146e-03 -8.592408554840780255e-03 -1.026416571397481547e-02 0.000000000000000000e+00
-1.589558443476635219e-05 -1.059491790531719158e-03 2.926303008090491709e-03 -5.473268751060800241e-03 -9.152050046216331225e-03 -1.124353298072033880e-02 0.000000000000000000e+00
4.941580593118000131e-05 -9.688613973887205688e-04 2.705975735308202568e-03 -5.097713650757285109e-03 -8.295864413629505663e-03 -1.049582226884471226e-02 0.000000000000000000e+00
1.236073627553235799e-04 -1.041362609506407688e-03 2.935164433234910275e-03 -5.574020275115998402e-03 -8.813964349780878393e-03 -1.150033506003778072e-02 0.000000000000000000e+00
1.790226467404398836e-04 -9.548996344285742843e-04 2.711460786949004831e-03 -5.194403474001241250e-03 -7.968652382303265114e-03 -1.073745483722809979e-02 0.000000000000000000e+00
2.648125358876429747e-04 -1.029060713849588860e-03 2.938231764751386699e-03 -5.682052658178449178e-03 -8.442813018200379105e-03 -1.176672322220451150e-02 0.000000000000000000e+00
3.105189301347566211e-04 -9.461366293390116589e-04 2.711585717255576844e-03 -5.295792491776474264e-03 -7.609536070668276864e-03 -1.098748511857028376e-02 0.000000000000000000e+00
4.083976363069841131e-04 -1.022214547990868416e-03 2.935440985492809851e-03 -5.792769895234251010e-03 -8.035482026873097539e-03 -1.204138811431798572e-02 0.000000000000000000e+00
4.434708067498904782e-04 -9.419139899877748690e-04 2.706471979224689406e-03 -5.398636634909692589e-03 -7.217556688807746923e-03 -1.124384060329841617e-02 0.000000000000000000e+00
5.527361236714600778e-04 -1.019671357751578133e-03 2.927209961677834649e-03 -5.903837989735372105e-03 -7.593496320627224350e-03 -1.232146850141768724e-02 0.000000000000000000e+00
5.774303690408710832e-04 -9.415202830689584079e-04 2.696282882445499851e-03 -5.499415180205247111e-03 -6.792252822664490708e-03 -1.150399529745449456e-02 0.000000000000000000e+00
6.985556987477992141e-04 -1.021171368468742902e-03 2.913376965033964705e-03 -6.010008945147582438e-03 -7.113675573971800503e-03 -1.260397294471848895e-02 0.000000000000000000e+00
7.740903433430812441e-04 -1.022974740096604940e-03 2.904238648922419230e-03 -6.062532553966271109e-03 -6.850865381381687769e-03 -1.275050309886660571e-02 0.000000000000000000e+00
7.820446012738180297e-04 -9.467101143368350513e-04 2.671409468098406848e-03 -5.639868765402233919e-03 -6.081073853286156350e-03 -1.189902151167610000e-02 0.000000000000000000e+00
8.467132547188838121e-04 -9.495075964954802217e-04 2.661309470386785669e-03 -5.679170430518354351e-03 -5.840332226101363489e-03 -1.202195543677708756e-02 0.000000000000000000e+00
9.902848927260399226e-04 -1.032315799160271608e-03 2.870419463474632726e-03 -6.192584597167538618e-03 -6.046136259131973389e-03 -1.316046942112114593e-02 0.000000000000000000e+00
9.811418025025553380e-04 -9.565182799428084692e-04 2.636886887182915418e-03 -5.749545836025937717e-03 -5.314248973569135615e-03 -1.227175464500263047e-02 0.000000000000000000e+00
1.135273166140815526e-03 -1.040446865259059273e-03 2.841726994580046073e-03 -6.259504670834026285e-03 -5.459437240280085035e-03 -1.342525925186421887e-02 0.000000000000000000e+00
1.114856681083464807e-03 -9.647132972561422992e-04 2.608218952965896120e-03 -5.801092871990043420e-03 -4.755905108067448595e-03 -1.250974601095578009e-02 0.000000000000000000e+00
1.279891611724759404e-03 -1.049873119131322641e-03 2.808268394913132626e-03 -6.302831132501296452e-03 -4.836539927303817876e-03 -1.367444935506823001e-02 0.000000000000000000e+00
1.354103118007182749e-03 -1.054614276864346278e-03 2.789298519845023749e-03 -6.315057031518911401e-03 -4.500817979172122563e-03 -1.379592092621395594e-02 0.000000000000000000e+00
1.315814436309931112e-03 -9.779595050921352506e-04 2.556808782334052399e-03 -5.832560183248070018e-03 -3.848053556966934963e-03 -1.283709230446472560e-02 0.000000000000000000e+00
1.496359367296945519e-03 -1.064221631481232500e-03 2.749440050872131724e-03 -6.313839808346877192e-03 -3.828840870558014586e-03 -1.401107650853816722e-02 0.000000000000000000e+00
1.445933496471346613e-03 -9.863699786326896035e-04 2.518260727488230710e-03 -5.815811777444501729e-03 -3.214691577765993458e-03 -1.302260079081074551e-02 0.000000000000000000e+00
1.507643262360164327e-03 -9.901181301023298520e-04 2.498519534887416738e-03 -5.795605940959625002e-03 -2.901394555801406483e-03 -1.310148319167936393e-02 0.000000000000000000e+00
1.702198847353092459e-03 -1.076481362317971424e-03 2.683613526655775905e-03 -6.246223504378534130e-03 -2.783416428448148849e-03 -1.427373685359256683e-02 0.000000000000000000e+00
1.634503977151480214e-03 -9.970638083143246178e-04 2.454941820813794084e-03 -5.725865255185702551e-03 -2.230736900792784638e-03 -1.324152336867534530e-02 0.000000000000000000e+00
1.838503909258909497e-03 -1.083421687075120099e-03 2.634595242203385812e-03 -6.148764833894482251e-03 -2.043899665525206188e-03 -1.440624709273530257e-02 0.000000000000000000e+00
1.758698364056093810e-03 -1.002433243759454085e-03 2.408304709471342786e-03 -5.615626784625682433e-03 -1.538654634606562155e-03 -1.334515605106556535e-02 0.000000000000000000e+00
1.971181069488014970e-03 -1.087971103923723870e-03 2.582618273445802526e-03 -6.006470298783206374e-03 -1.284935915032647813e-03 -1.449713276187303279e-02 0.000000000000000000e+00
1.879870358452911949e-03 -1.005797880853975812e-03 2.358866546546822818e-03 -5.461805212991777125e-03 -8.287036195624430945e-04 -1.340834778380894932e-02 0.000000000000000000e+00
2.100997894012246459e-03 -1.090633412286712289e-03 2.527532674566901338e-03 -5.814899272545304143e-03 -5.065276836422327733e-04 -1.454207564473142256e-02 0.000000000000000000e+00
1.997746863986460397e-03 -1.006824906607001191e-03 2.306878568682835251e-03 -5.262177910219101307e-03 -1.045022268040263214e-04 -1.342754511793353700e-02 0.000000000000000000e+00
2.226449786917633622e-03 -1.090094650351619565e-03 2.470118364187701143e-03 -5.573583931997028174e-03 2.827421639230998096e-04 -1.453839565134584788e-02 0.000000000000000000e+00
2.111970944249336180e-03 -1.005184395042685308e-03 2.252652251825970620e-03 -5.015299877620726932e-03 6.295579346620172601e-04 -1.340043485611319696e-02 0.000000000000000000e+00
2.348393019468514309e-03 -1.087017899690373435e-03 2.410120871642107421e-03 -5.279837674182275009e-03 1.082764760308219110e-03 -1.448277978391221410e-02 0.000000000000000000e+00
2.409671675102448285e-03 -1.083782456738957567e-03 2.378332604718758070e-03 -5.107488401854709537e-03 1.498837132807739891e-03 -1.443359573160929443e-02 0.000000000000000000e+00
2.278003113486720688e-03 -9.970606521418623469e-04 2.166501025006539738e-03 -4.548893406006726536e-03 1.754653315376053513e-03 -1.326664700991919688e-02 0.000000000000000000e+00
2.328398166340950315e-03 -9.929959839137247890e-04 2.138523589960916738e-03 -4.379161634799011438e-03 2.110058654888558038e-03 -1.320103963623031618e-02 0.000000000000000000e+00
2.578256379593413250e-03 -1.070404193170920726e-03 2.284646201231033125e-03 -4.540054524130532343e-03 2.686682398109319081e-03 -1.421369991368015562e-02 0.000000000000000000e+00
2.430103107630643411e-03 -9.821117449375638131e-04 2.079131553341273531e-03 -3.992074613751839252e-03 2.847534038451282612e-03 -1.302820042992536287e-02 0.000000000000000000e+00
2.685700296260418174e-03 -1.056584440842556205e-03 2.219763349382342099e-03 -4.097673467246210066e-03 3.480858923934793125e-03 -1.400092702590649552e-02 0.000000000000000000e+00
2.527160999935718078e-03 -9.678970518625651387e-04 2.018525894176115276e-03 -3.562157021902656595e-03 3.577137869745339316e-03 -1.280786794331989498e-02 0.000000000000000000e+00
2.788504194597418717e-03 -1.039609201642477387e-03 2.153415259750102173e-03 -3.609539920216064957e-03 4.266340711307492484e-03 -1.373684698327215514e-02 0.000000000000000000e+00
2.619392106173651369e-03 -9.503218650517286648e-04 1.956934455423053887e-03 -3.092874020151015202e-03 4.294618160609608992e-03 -1.254188940722844592e-02 0.000000000000000000e+00
2.885508372126255328e-03 -1.018525816634363590e-03 2.086401993385056386e-03 -3.082173809713317780e-03 5.034298830107530875e-03 -1.342562187131557394e-02 0.000000000000000000e+00
2.706635391369838217e-03 -9.294185508276764374e-04 1.894620296879701016e-03 -2.588632623092834706e-03 4.995841928958633105e-03 -1.223329047466137354e-02 0.000000000000000000e+00
2.977477066116507309e-03 -9.943122433182516318e-04 2.018393175176380616e-03 -2.518199657789210733e-03 5.784631476721813215e-03 -1.306870497207857085e-02 0.000000000000000000e+00
2.788745813957216324e-03 -9.052497809985127208e-04 1.831788539624734646e-03 -2.054351778895124880e-03 5.676988648724012876e-03 -1.188531425171968081e-02 0.000000000000000000e+00
3.063378850070297421e-03 -9.661685704429878729e-04 1.950276129109917989e-03 -1.925937891327222928e-03 6.509168812075749599e-03 -1.267253923313171882e-02 0.000000000000000000e+00
2.865611221966157807e-03 -8.778976906487212517e-04 1.768555844218921980e-03 -1.495306420711273176e-03 6.334626874844762057e-03 -1.150141206611454692e-02 0.000000000000000000e+00
3.143975670545889889e-03 -9.351204774806776143e-04 1.881577901934827768e-03 -1.308748475411292134e-03 7.208494999699777139e-03 -1.223861513522539468e-02 0.000000000000000000e+00
2.937147305765774874e-03 -8.475533666971180047e-04 1.705224522268067311e-03 -9.175448503304650671e-04 6.965555144410551236e-03 -1.108628561040303495e-02 0.000000000000000000e+00
3.218379719558767116e-03 -9.004778430956594804e-04 1.813113275326405649e-03 -6.757197057440933463e-04 7.875501827618869299e-03 -1.177432080414719806e-02 0.000000000000000000e+00
3.003302177360472891e-03 -8.143842284913382912e-04 1.641910028759296925e-03 -3.268028419043389476e-04 7.567108447587678199e-03 -1.064391642725759368e-02 0.000000000000000000e+00
3.287302468784697451e-03 -8.633147304021593360e-04 1.744388123450235639e-03 -3.052676106651830423e-05 8.511245367164299580e-03 -1.128114298515292546e-02 0.000000000000000000e+00
3.320557877071417252e-03 -8.426029193110140536e-04 1.709069730542800425e-03 3.060075203924483844e-04 8.826566406294311662e-03 -1.101704820915916372e-02 0.000000000000000000e+00
3.093505575292809784e-03 -7.590803551981717412e-04 1.546036764875247105e-03 5.823879689579314345e-04 8.420155422130370937e-03 -9.929025757584586387e-03 0.000000000000000000e+00
3.119408917778621060e-03 -7.405149159945279003e-04 1.515899019535249526e-03 8.695746006344151624e-04 8.673321775199305250e-03 -9.694548139253189589e-03 0.000000000000000000e+00
3.407210252870579437e-03 -7.808111147278307129e-04 1.608243235731110499e-03 1.265227031692184312e-03 9.672716918610824166e-03 -1.023335949966064362e-02 0.000000000000000000e+00
3.169368654105664262e-03 -7.003270420239127159e-04 1.453476208045312301e-03 1.463805347922786382e-03 9.174443440542745520e-03 -9.195658256492933447e-03 0.000000000000000000e+00
3.458303727858200172e-03 -7.360664522803317400e-04 1.541038676550310349e-03 1.903703143650403717e-03 1.019534977993963309e-02 -9.687261946173197913e-03 0.000000000000000000e+00
3.214021851638854121e-03 -6.583560877424232682e-04 1.391522225867025675e-03 2.048265750498323712e-03 9.639351872391177523e-03 -8.685394053252526447e-03 0.000000000000000000e+00
3.503959215967814012e-03 -6.899584201066344402e-04 1.474050109309565926e-03 2.530175877915041838e-03 1.067966844913303959e-02 -9.128728009405229216e-03 0.000000000000000000e+00
3.253430372571017304e-03 -6.149051777794567464e-04 1.330120927414135679e-03 2.618019580443053940e-03 1.006710599500948433e-02 -8.166989377128786032e-03 0.000000000000000000e+00
3.543737217656162120e-03 -6.420213681201381029e-04 1.408075127351415823e-03 3.136837488456833967e-03 1.112208034972406168e-02 -8.565119210424576579e-03 0.000000000000000000e+00
3.287711161288078832e-03 -5.702982891302443846e-04 1.269361060286300358e-03 3.168489778525795941e-03 1.045721202727589727e-02 -7.643469248860057519e-03 0.000000000000000000e+00
3.578249656298340686e-03 -5.933888142073406868e-04 1.342386173089515911e-03 3.721735283902738445e-03 1.152472348050403994e-02 -7.994883975595890035e-03 0.000000000000000000e+00
3.316983047390587025e-03 -5.248531651284860100e-04 1.209281447397625442e-03 3.695606632287073978e-03 1.080932292757674773e-02 -7.117161814284234111e-03 0.000000000000000000e+00
3.607214737538680382e-03 -5.436375214162014746e-04 1.277795778464929644e-03 4.278065115312479350e-03 1.188508901262563811e-02 -7.424966307882474581e-03 0.000000000000000000e+00
3.341405420408116722e-03 -4.788899769534171735e-04 1.149825605528731476e-03 4.195778864643173733e-03 1.112345787921054097e-02 -6.589837442535717571e-03 0.000000000000000000e+00
3.631191482058662712e-03 -4.938943573697951450e-04 1.213593965346260184e-03 4.804548382209894442e-03 1.220526242181430021e-02 -6.852883914931329201e-03 0.000000000000000000e+00
3.361131773267023171e-03 -4.327330486057212600e-04 1.091006510431147269e-03 4.665787758669992513e-03 1.139964761503842183e-02 -6.063112872211728899e-03 0.000000000000000000e+00
3.650032043802792225e-03 -4.437276013095070581e-04 1.150446928636639221e-03 5.295676084795530869e-03 1.248369010485372854e-02 -6.284439655164675287e-03 0.000000000000000000e+00
3.376362233240615129e-03 -3.867027758440166885e-04 1.032835665813192083e-03 5.102866303107411738e-03 1.163824734351326384e-02 -5.538322096238168513e-03 0.000000000000000000e+00
3.664229712308675335e-03 -3.942497135066558300e-04 1.087582339562631617e-03 5.750734361693154995e-03 1.272222938021627670e-02 -5.716150389944107957e-03 0.000000000000000000e+00
3.387283612590608062e-03 -3.411059849913744557e-04 9.752507658409848013e-04 5.504516646073653874e-03 1.183957664517309993e-02 -5.016152854008470996e-03 0.000000000000000000e+00
3.673769246685609779e-03 -3.450178154809080411e-04 1.025654691978072908e-03 6.165459557816888037e-03 1.292016231762760370e-02 -5.153256355013624557e-03 0.000000000000000000e+00
3.394112489400490096e-03 -2.962451064505433607e-04 9.182368116258943225e-04 5.868825107377517725e-03 1.200419541080988139e-02 -4.497359806940437466e-03 0.000000000000000000e+00
3.679067329144858345e-03 -2.971223985424598091e-04 9.639043920486867201e-04 6.539511038197609594e-03 1.307895000162639931e-02 -4.591641020040171384e-03 0.000000000000000000e+00
3.397056406032071540e-03 -2.523967806635774025e-04 8.616243185336491806e-04 6.193998351052165674e-03 1.213259710480585341e-02 -3.981726448581301980e-03 0.000000000000000000e+00
3.680226435600564283e-03 -2.500902700616203234e-04 9.029774417314562207e-04 6.869732198747868779e-03 1.319863057795700456e-02 -4.036155712941136287e-03 0.000000000000000000e+00
3.396347765386345530e-03 -2.098371803038734384e-04 8.053719515714874433e-04 6.478766984123751627e-03 1.222544469135167233e-02 -3.469490632683314146e-03 0.000000000000000000e+00
3.677574652413542755e-03 -2.049797376159068207e-04 8.420177454180888255e-04 7.156084740800316979e-03 1.328017111826840235e-02 -3.481790041221843879e-03 0.000000000000000000e+00
3.392199708006797543e-03 -1.688187706021526679e-04 7.493292186596667293e-04 6.721874224587587321e-03 1.228329777529824085e-02 -2.960249084530852670e-03 0.000000000000000000e+00
3.671317666835788307e-03 -1.612780854692297261e-04 7.816294817933888694e-04 7.396483491227456852e-03 1.332427652821976949e-02 -2.933047507645891727e-03 0.000000000000000000e+00
3.384844983211177105e-03 -1.295754293013096081e-04 6.934785632393136723e-04 6.922730786905972877e-03 1.230687327395818542e-02 -2.453949045595260614e-03 0.000000000000000000e+00
3.661683376832074871e-03 -1.200152425686606961e-04 7.209265202863246458e-04 7.590932553631191126e-03 1.333131905008411167e-02 -2.384511097707653349e-03 0.000000000000000000e+00
3.655455344944980728e-03 -9.913634299213436307e-05 6.895908867438071965e-04 7.673421532512492149e-03 1.332095032809377244e-02 -2.101888292269427083e-03 0.000000000000000000e+00
3.368003669861945049e-03 -7.380910067894541626e-05 6.084841236420057697e-04 7.145597872005637896e-03 1.227840585098771697e-02 -1.688276325063631234e-03 0.000000000000000000e+00
3.361367269688128254e-03 -5.726599802113874205e-05 5.815769436188777952e-04 7.195209551718484420e-03 1.225360771037919960e-02 -1.447251655190440189e-03 0.000000000000000000e+00
3.633286677503894460e-03 -4.410844297531024694e-05 5.994374146984227103e-04 7.839081282837057074e-03 1.323792073015717108e-02 -1.295290503802837279e-03 0.000000000000000000e+00
3.345664808958636119e-03 -2.457781569320527382e-05 5.252396517116952879e-04 7.266366237240973192e-03 1.217802822986513434e-02 -9.456556581919350890e-04 0.000000000000000000e+00
3.615003593533214210e-03 -9.837631305631422407e-06 5.383815306486683383e-04 7.892694690856849604e-03 1.313909416630076876e-02 -7.534379759730480686e-04 0.000000000000000000e+00
3.327578141482819690e-03 5.577741770512734121e-06 4.684104804677513556e-04 7.294255083450273958e-03 1.207062359045485422e-02 -4.442670662101466661e-04 0.000000000000000000e+00
3.594128282749423087e-03 2.118892705116337538e-05 4.763500447589330555e-04 7.899533855050044906e-03 1.300525184434242476e-02 -2.090637712219844957e-04 0.000000000000000000e+00
3.307275170416294069e-03 3.306288144488966907e-05 4.109986695660095002e-04 7.279107509948090637e-03 1.193190626658768849e-02 5.731040443213153424e-05 0.000000000000000000e+00
3.571080609245909712e-03 4.968061966481585046e-05 4.138967379062608032e-04 7.860215381989554828e-03 1.283882060738994468e-02 3.336043749420092297e-04 0.000000000000000000e+00
3.284930455599873941e-03 5.775270655217212834e-05 3.527343955734840719e-04 7.221644250939185383e-03 1.176247472794189619e-02 5.599927210773181230e-04 0.000000000000000000e+00
3.545734424898106321e-03 7.464824271002923339e-05 3.500886694133842347e-04 7.775033268174524892e-03 1.263818224459356543e-02 8.801189233322848082e-04 0.000000000000000000e+00
3.260671656801033408e-03 7.953768385232651283e-05 2.935191248082391624e-04 7.122444438261155142e-03 1.156278308500136021e-02 1.063984921107818948e-03 0.000000000000000000e+00
3.518552783667729111e-03 9.686700780026091806e-05 2.855071856444069134e-04 7.645703199560927033e-03 1.240631991437268766e-02 1.425886693104949643e-03 0.000000000000000000e+00
3.234617043876491377e-03 9.833521624502683522e-05 2.331090279458214454e-04 6.982590183941539408e-03 1.133331641410295632e-02 1.569962456825946262e-03 0.000000000000000000e+00
3.489309603490732548e-03 1.153483214216266539e-04 2.192221304662123060e-04 7.472447214167843299e-03 1.214111753912128222e-02 1.976140147265326164e-03 0.000000000000000000e+00
3.206858285023383298e-03 1.140659531038701324e-04 1.713449202240813207e-04 6.803395409159307405e-03 1.107449011812544626e-02 2.078042839663618579e-03 0.000000000000000000e+00
3.458464593864965519e-03 1.309445695464317438e-04 1.517199911085787001e-04 7.257987310419267146e-03 1.184586580211410833e-02 2.526496078325113359e-03 0.000000000000000000e+00
3.177490044421200921e-03 1.266785317002305788e-04 1.081216751891433958e-04 6.586385831648833289e-03 1.078690582641739226e-02 2.588061935595353802e-03 0.000000000000000000e+00
3.425660736661478856e-03 1.426562693697119855e-04 8.204934919414652583e-05 7.002668274949108707e-03 1.151789806813363626e-02 3.081676698775348555e-03 0.000000000000000000e+00
3.146535289327775931e-03 1.361257899304968433e-04 4.313872143113517410e-05 6.333354380608113843e-03 1.047082058393700166e-02 3.100358405278225149e-03 0.000000000000000000e+00
3.391410721369413073e-03 1.514096091785877007e-04 1.091571330852358912e-05 6.710351342073650471e-03 1.116124064807255678e-02 3.636191989812465053e-03 0.000000000000000000e+00
3.372732686989364514e-03 1.542138117905933470e-04 -2.722401935933982386e-05 6.543437146364183832e-03 1.096238437254548614e-02 3.927104060650110640e-03 0.000000000000000000e+00
3.096494877121130918e-03 1.443630202922485672e-04 -5.922515669742889344e-05 5.884578713891031043e-03 9.936976951142373338e-03 3.881834900894887141e-03 0.000000000000000000e+00
3.335925351251343984e-03 1.577005090476757410e-04 -1.016726082244678864e-04 6.198325218442768403e-03 1.056033480223339538e-02 4.483760417752336025e-03 0.000000000000000000e+00
3.061604633572446998e-03 1.457449162618473792e-04 -1.291862594789416896e-04 5.550872465148071200e-03 9.551405287568925928e-03 4.396894496688563692e-03 0.000000000000000000e+00
3.044275621537001486e-03 1.452637356437747052e-04 -1.635545272929972427e-04 5.380938986222272291e-03 9.356782404945640508e-03 4.643992354032011605e-03 0.000000000000000000e+00
3.277896402810120957e-03 1.558425369820315431e-04 -2.167516697854088292e-04 5.630346284294596160e-03 9.909241825963199801e-03 5.310387968896712607e-03 0.000000000000000000e+00
3.256785007482942973e-03 1.537511850163708615e-04 -2.581539812396282940e-04 5.417473916672577161e-03 9.667269506791864586e-03 5.598238079897122077e-03 0.000000000000000000e+00
2.986876248596198602e-03 1.389065190252614101e-04 -2.760674811053132061e-04 4.805315976011304002e-03 8.700720879277756836e-03 5.424501513940249708e-03 0.000000000000000000e+00
2.967898394206386348e-03 1.353758566053908652e-04 -3.127312914237845298e-04 4.613248639784739424e-03 8.481251267419498419e-03 5.669382533316724704e-03 0.000000000000000000e+00
3.193237839889701002e-03 1.417031804316626342e-04 -3.809981439295007100e-04 4.775736265858920859e-03 8.933057682585232584e-03 6.417772514593078625e-03 0.000000000000000000e+00
3.170104520737015985e-03 1.360906976341502705e-04 -4.253047521456942981e-04 4.541050095499432615e-03 8.662808368452346031e-03 6.701540232106673045e-03 0.000000000000000000e+00
2.904973498325191805e-03 1.194851830920717894e-04 -4.328844310481083646e-04 3.979053011719191346e-03 7.748747146120837925e-03 6.437798052173704377e-03 0.000000000000000000e+00
2.884148150190446458e-03 1.129962830505593097e-04 -4.720879402983491069e-04 3.772242926264102181e-03 7.505980188482030968e-03 6.677082566386438600e-03 0.000000000000000000e+00
3.100328799753637732e-03 1.141524507706215275e-04 -5.565111053919546968e-04 3.850242065359665844e-03 7.850649064360837315e-03 7.501875141456615381e-03 0.000000000000000000e+00
2.839165300753260235e-03 9.727709194523592728e-05 -5.558338243890625918e-04 3.334432499559891738e-03 6.983159848219511190e-03 7.169180784275752671e-03 0.000000000000000000e+00
3.050594317874355532e-03 9.583010030950189773e-05 -6.484870078500293289e-04 3.373091305953757058e-03 7.273676553176233739e-03 8.028078082229050949e-03 0.000000000000000000e+00
2.791926970369729144e-03 7.866660297228822429e-05 -6.422852413262569726e-04 2.891438874821794514e-03 6.438629241327209485e-03 7.649825831610002069e-03 0.000000000000000000e+00
2.997885227763438798e-03 7.384024737777661329e-05 -7.438828557944643372e-04 2.891339994438357763e-03 6.671004811220182518e-03 8.542625490730593185e-03 0.000000000000000000e+00
2.742204452205701526e-03 5.726601310501733266e-05 -7.315446231367372931e-04 2.447492546776786071e-03 5.873496044793924398e-03 8.116657932452753244e-03 0.000000000000000000e+00
2.942831110386290305e-03 4.950855556978828176e-05 -8.418457043712912480e-04 2.412857595889938978e-03 6.049771951487148414e-03 9.038694995422424938e-03 0.000000000000000000e+00
2.689824577571942044e-03 3.322078692313823467e-05 -8.235747292363870820e-04 2.007877233477284307e-03 5.289452043987008523e-03 8.566790730660578390e-03 0.000000000000000000e+00
2.884373570315207358e-03 2.180270756801938603e-05 -9.432669490601619522e-04 1.940147123944857555e-03 5.406172291236188698e-03 9.517132667757444153e-03 0.000000000000000000e+00
2.634607880541553482e-03 6.705712073729053202e-06 -9.183042541067165665e-04 1.577314163796472712e-03 4.688384359784691924e-03 8.997305456438287052e-03 0.000000000000000000e+00
2.823140539758739465e-03 -7.889900129121052430e-06 -1.047090539330053360e-03 1.481167082070022900e-03 4.748006326007470079e-03 9.970805048591380171e-03 0.000000000000000000e+00
2.576325673202664590e-03 -2.209374775835604154e-05 -1.015706147385608826e-03 1.160614971062123857e-03 4.072167792958047983e-03 9.405670410425504002e-03 0.000000000000000000e+00
2.758039872626974476e-03 -4.053457211261601856e-05 -1.154239975077908653e-03 1.038743176799528101e-03 4.071720230350628356e-03 1.040097788580451876e-02 0.000000000000000000e+00
2.514791839503704995e-03 -5.295006258332346505e-05 -1.115626518069789963e-03 7.624219288335787326e-04 3.443167143861280977e-03 9.789044875390562339e-03 0.000000000000000000e+00
2.689757015896132586e-03 -7.466575289466481635e-05 -1.263601462508645579e-03 6.196926780419609315e-04 3.385700414599401853e-03 1.080122857676180104e-02 0.000000000000000000e+00
2.449800973329724352e-03 -8.559293102505804995e-05 -1.217978951131015730e-03 3.872477878559266173e-04 2.803661522654099514e-03 1.014554127305267173e-02 0.000000000000000000e+00
2.617152135137967850e-03 -1.111914839137528865e-04 -1.375942551444742090e-03 2.264750490121869575e-04 2.686802416071998323e-03 1.117271046848822280e-02 0.000000000000000000e+00
2.578178878939130225e-03 -1.303216827456821214e-04 -1.434896912830330162e-03 3.512913530512307148e-05 2.322713067734571979e-03 1.135186209333172158e-02 0.000000000000000000e+00
2.343967992816387014e-03 -1.379826371282200093e-04 -1.377692873536284779e-03 -1.307198721178792766e-04 1.817572985990612011e-03 1.063105814251796843e-02 0.000000000000000000e+00
2.308708551095828287e-03 -1.550443136800749855e-04 -1.429071196514863917e-03 -2.796073730806369895e-04 1.503979082359219177e-03 1.076972821920252343e-02 0.000000000000000000e+00
2.460125438944998910e-03 -1.875891204519142264e-04 -1.606701384222086748e-03 -4.618842340060602680e-04 1.274206656360465928e-03 1.181541760606563685e-02 0.000000000000000000e+00
2.232298512641811561e-03 -1.911358888616043750e-04 -1.537352134226288580e-03 -5.644990048794262805e-04 8.495001230244270118e-04 1.103505992122899571e-02 0.000000000000000000e+00
2.375406530796264626e-03 -2.266496785504612532e-04 -1.724546242501623361e-03 -7.510890589141894225e-04 5.667165997871315142e-04 1.208484925546793320e-02 0.000000000000000000e+00
2.151834546871095322e-03 -2.275862059570865625e-04 -1.647023770878275339e-03 -8.139313089379207611e-04 1.959632255208454410e-04 1.126847135991670967e-02 0.000000000000000000e+00
2.285714410985212330e-03 -2.664465538777527343e-04 -1.844323559288318926e-03 -1.002158741122638475e-03 -1.412032970034005075e-04 1.232149489822065291e-02 0.000000000000000000e+00
2.067181442191146079e-03 -2.639498859531297370e-04 -1.757786381126058561e-03 -1.026301289922759707e-03 -4.537817218288608956e-04 1.147028924072923672e-02 0.000000000000000000e+00
2.192056109848489198e-03 -3.052741202496100925e-04 -1.964455744679627358e-03 -1.211300235227419364e-03 -8.400632904805860335e-04 1.252250431106016748e-02 0.000000000000000000e+00
2.141119411736919220e-03 -3.255820999332192933e-04 -2.027570889695295975e-03 -1.304288275831844146e-03 -1.202371973335836230e-03 1.261508757555684923e-02 0.000000000000000000e+00
1.930552420019743254e-03 -3.178605599980510732e-04 -1.927339489907753389e-03 -1.276396549264813274e-03 -1.426888518219371349e-03 1.171862042722748853e-02 0.000000000000000000e+00
2.040609023869877081e-03 -3.627274522461920725e-04 -2.148362241041312792e-03 -1.450911349532013617e-03 -1.886082033267122426e-03 1.276747937206668126e-02 0.000000000000000000e+00
1.835430397286508253e-03 -3.516320016849205921e-04 -2.039005760775647325e-03 -1.392999411929718434e-03 -2.053239503668535804e-03 1.184577295039002109e-02 0.000000000000000000e+00
1.788363331097997388e-03 -3.671363404476601922e-04 -2.092463291286150717e-03 -1.435553529477218149e-03 -2.348846954131289522e-03 1.189732979951152458e-02 0.000000000000000000e+00
1.883030169715221858e-03 -4.147339452856835251e-04 -2.327116044860855215e-03 -1.593832972937914150e-03 -2.874855495647032910e-03 1.294071848900957278e-02 0.000000000000000000e+00
1.687357299176989178e-03 -3.975995121855979697e-04 -2.203278211698744826e-03 -1.497471999972965762e-03 -2.952978529941141517e-03 1.198689730949098475e-02 0.000000000000000000e+00
1.771853085389296645e-03 -4.459332961376238913e-04 -2.446288046651645676e-03 -1.641296035020278765e-03 -3.518294372399921599e-03 1.302467638411242135e-02 0.000000000000000000e+00
1.582635287127348578e-03 -4.250428542151296618e-04 -2.312807694895446797e-03 -1.524504076104715722e-03 -3.538722770747071422e-03 1.205424519671760564e-02 0.000000000000000000e+00
1.656194028023999509e-03 -4.739810872119165630e-04 -2.564309275303822133e-03 -1.652386544363171339e-03 -4.143374363805296667e-03 1.308764746354063035e-02 0.000000000000000000e+00
1.595102495903222284e-03 -4.864964227632162519e-04 -2.624417175680349157e-03 -1.644161856757975215e-03 -4.457104048696702847e-03 1.311185380948121093e-02 0.000000000000000000e+00
1.416967925889606184e-03 -4.593885909661143963e-04 -2.475607859799944244e-03 -1.502575817827533911e-03 -4.388803188953183110e-03 1.212153515712044438e-02 0.000000000000000000e+00
1.363218572240920690e-03 -4.680616193625253274e-04 -2.525778204949757910e-03 -1.481340374077877442e-03 -4.646079154633220298e-03 1.213544440695280002e-02 0.000000000000000000e+00
1.415356306382314910e-03 -5.155330124328449948e-04 -2.792213221960215819e-03 -1.573416459508258924e-03 -5.317601035903063433e-03 1.315968350177110224e-02 0.000000000000000000e+00
1.249393600080583866e-03 -4.821784294936071191e-04 -2.627987638487927491e-03 -1.416323472239522374e-03 -5.163599564845799961e-03 1.215600542232575521e-02 0.000000000000000000e+00
1.291118542798147528e-03 -5.275567784205903443e-04 -2.900779178864221208e-03 -1.488984121597702881e-03 -5.863095877108648324e-03 1.317614773848418963e-02 0.000000000000000000e+00
1.133517832584807206e-03 -4.904124341436610912e-04 -2.726505987391436570e-03 -1.326522184513123648e-03 -5.654989816743061226e-03 1.216779953997715324e-02 0.000000000000000000e+00
1.164437493405362511e-03 -5.331910706425357915e-04 -3.005417256938591741e-03 -1.379043742558039298e-03 -6.381725319890563242e-03 1.318564598789206954e-02 0.000000000000000000e+00
1.098482015165214154e-03 -5.329197285172115883e-04 -3.057521171689003836e-03 -1.312780657618084490e-03 -6.637827721321265528e-03 1.318787397145149143e-02 0.000000000000000000e+00
9.548888652890219486e-04 -4.900634804357317797e-04 -2.867564623171059424e-03 -1.148122756648106702e-03 -6.348769206170779000e-03 1.217523228916528311e-02 0.000000000000000000e+00
8.982087049097531306e-04 -4.863872985769179813e-04 -2.909656344825151120e-03 -1.082869635365746319e-03 -6.554261028523189481e-03 1.217655332103051435e-02 0.000000000000000000e+00
9.090257847302884997e-04 -5.206777296806186506e-04 -3.198155715754269490e-03 -1.095150932374444608e-03 -7.324967064668896910e-03 1.319285502265943322e-02 0.000000000000000000e+00
7.803427197124179759e-04 -4.727124646938807295e-04 -2.992928677083117606e-03 -9.349896500152610201e-04 -6.960697921998271198e-03 1.217922280463712426e-02 0.000000000000000000e+00
7.819975213431140659e-04 -5.011723410894841635e-04 -3.284805168460969149e-03 -9.271599828362120377e-04 -7.748596829977749678e-03 1.319607727803084884e-02 0.000000000000000000e+00
6.634823446456383778e-04 -4.504247179719644834e-04 -3.069792525325881760e-03 -7.738042746598949861e-04 -7.338014954620497576e-03 1.218382258210048974e-02 0.000000000000000000e+00
6.561064029102503525e-04 -4.721786069188937951e-04 -3.364464113092796582e-03 -7.464680444644322677e-04 -8.142464490254575082e-03 1.320332169546256651e-02 0.000000000000000000e+00
5.919913042003177583e-04 -4.529705280965634628e-04 -3.402480714697314612e-03 -6.480432604072383640e-04 -8.333596382140484593e-03 1.320813107739837733e-02 0.000000000000000000e+00
4.899883860864095997e-04 -3.986861645782768804e-04 -3.172735029813272822e-03 -5.091085184139032549e-04 -7.856126006318131516e-03 1.219828705416325931e-02 0.000000000000000000e+00
4.367238167911069446e-04 -3.776307987462534932e-04 -3.201478763238008174e-03 -4.216809083787964596e-04 -8.006249263333931054e-03 1.220540745781883984e-02 0.000000000000000000e+00
4.140144220131092290e-04 -3.825971956207263602e-04 -3.498461219504311881e-03 -3.568604017036847154e-04 -8.835716996390630129e-03 1.323219903713646062e-02 0.000000000000000000e+00
3.289343335791949929e-04 -3.261374991746501806e-04 -3.254954443475233106e-03 -2.359694716318472274e-04 -8.298536175807225135e-03 1.222426419487954163e-02 0.000000000000000000e+00
3.000754079284240206e-04 -3.211380702338173521e-04 -3.551435445794781653e-03 -1.534617278964311993e-04 -9.137341016768996127e-03 1.325538877377185898e-02 0.000000000000000000e+00
2.263199387413372676e-04 -2.640599162023749003e-04 -3.299380184298927876e-03 -4.699259516538489834e-05 -8.564786491120468526e-03 1.224914616482664087e-02 0.000000000000000000e+00
1.920442586738624335e-04 -2.479584103047272059e-04 -3.594521747693979474e-03 5.199510697551090743e-05 -9.412885427326767029e-03 1.328593705509995004e-02 0.000000000000000000e+00
1.389432594302852930e-04 -2.053038784888272517e-04 -3.612502960830876741e-03 1.593396726038420752e-04 -9.545058890541913144e-03 1.330330778441979334e-02 0.000000000000000000e+00
8.283508807666040141e-05 -1.487328377750563035e-04 -3.348145617572462207e-03 2.417039570246082292e-04 -8.923347794272284972e-03 1.229731644035103599e-02 0.000000000000000000e+00
4.275336869014045860e-05 -1.138596049989892833e-04 -3.638885158351368165e-03 3.638843540518799102e-04 -9.783018785481711888e-03 1.334191076797219822e-02 0.000000000000000000e+00
-1.703892419241403999e-06 -5.879900783023472854e-05 -3.367066138407870390e-03 4.297671112194478837e-04 -9.132352162148915653e-03 1.233431752281610727e-02 0.000000000000000000e+00
-3.910245837079884268e-05 -1.162886933969708991e-05 -3.372283253638225231e-03 5.184338547770117600e-04 -9.226063395183281557e-03 1.235304196273023791e-02 0.000000000000000000e+00
-8.198506330617250093e-05 4.357142177857653564e-05 -3.656133515380216581e-03 6.608449098397528587e-04 -1.009606883533509247e-02 1.340375861615550335e-02 0.000000000000000000e+00
-1.098182944645753611e-04 9.499563603254657096e-05 -3.374729812518961758e-03 7.000124250486905453e-04 -9.409583877527882834e-03 1.239279684650362867e-02 0.000000000000000000e+00
-1.530347183153479840e-04 1.653643652131941977e-04 -3.652517984817860164e-03 8.538986229882361556e-04 -1.028771732164202035e-02 1.344689662570708322e-02 0.000000000000000000e+00
-1.699476029593249837e-04 2.128564391453147131e-04 -3.365446527700211021e-03 8.750041268617003709e-04 -9.580004005078190943e-03 1.243117319630382411e-02 0.000000000000000000e+00
-2.120742181804524673e-04 2.988774752180622940e-04 -3.635970376147767968e-03 1.039564777919554928e-03 -1.046654261511559270e-02 1.348621759177515145e-02 0.000000000000000000e+00
-2.186541828512467145e-04 3.418490190701950482e-04 -3.344091686201033919e-03 1.041831177439611622e-03 -9.741510166601852205e-03 1.246535104720258857e-02 0.000000000000000000e+00
-2.582864882924029715e-04 4.448592659295758089e-04 -3.606150021724013888e-03 1.214955351372726255e-03 -1.063877778528476981e-02 1.351990004971259651e-02 0.000000000000000000e+00
-2.551490039255366327e-04 4.818221286836954498e-04 -3.310307195574568873e-03 1.198992741574311793e-03 -9.898372566328639266e-03 1.249154682264697058e-02 0.000000000000000000e+00
-2.910247936514787082e-04 6.020302581977166057e-04 -3.562743677146124055e-03 1.379723965044377110e-03 -1.080780889653043531e-02 1.354191927749148761e-02 0.000000000000000000e+00
-2.788640685358334537e-04 6.325377977142165875e-04 -3.263850449960137290e-03 1.345090667377313309e-03 -1.005549263507710123e-02 1.250568835566401305e-02 0.000000000000000000e+00
-3.095157952729687967e-04 7.713762400903823035e-04 -3.505338131148144631e-03 1.531186131598971656e-03 -1.098049434002934532e-02 1.354901568677613355e-02 0.000000000000000000e+00
-2.893894894822335306e-04 7.937651610234186528e-04 -3.204444287191438034e-03 1.478649198690895616e-03 -1.021801536901278951e-02 1.250289193203846239e-02 0.000000000000000000e+00
-3.138252450290701656e-04 9.512505347775701559e-04 -3.434023027838239983e-03 1.669074034483575275e-03 -1.116146093538494810e-02 1.353447480011382709e-02 0.000000000000000000e+00
-3.100688639432191973e-04 1.049785717667062190e-03 -3.391156984816789954e-03 1.733708333986339056e-03 -1.126155519196059274e-02 1.351701367357716066e-02 0.000000000000000000e+00
-2.797534846757654403e-04 1.058420725334796586e-03 -3.089069308279401849e-03 1.654840242283128759e-03 -1.048786030053250329e-02 1.245411082269054504e-02 0.000000000000000000e+00
-2.703169893116252887e-04 1.146831461676489639e-03 -3.046295352196415340e-03 1.703038313060289966e-03 -1.058166434813756496e-02 1.242473885911543618e-02 0.000000000000000000e+00
-2.788849876375343317e-04 1.344509922740433350e-03 -3.248454222267604941e-03 1.895491832915485730e-03 -1.157526342657444474e-02 1.341760073261122344e-02 0.000000000000000000e+00
-2.411239725445823989e-04 1.338215024926814323e-03 -2.947416457667551004e-03 1.791200581972240968e-03 -1.079453148991760258e-02 1.233676136533512491e-02 0.000000000000000000e+00
-2.401286775258193451e-04 1.557678486264257867e-03 -3.133972102896787071e-03 1.980632804772231026e-03 -1.182088587516982869e-02 1.330053010090637144e-02 0.000000000000000000e+00
-1.995011342645902630e-04 1.539371454977955800e-03 -2.835307921380425533e-03 1.861354228166245406e-03 -1.103603281584764062e-02 1.220651839573250186e-02 0.000000000000000000e+00
-1.890239554565020796e-04 1.780264021603583657e-03 -3.005620958010796206e-03 2.047066423759957843e-03 -1.210015587947133042e-02 1.313335261915593577e-02 0.000000000000000000e+00
-1.464567723942766797e-04 1.750201550005936468e-03 -2.710107945109757610e-03 1.912015637788311295e-03 -1.131218547597256929e-02 1.202602842647682024e-02 0.000000000000000000e+00
-1.254867507443357955e-04 2.014541627496369003e-03 -2.862622555609845021e-03 2.089699275286349689e-03 -1.242059831719899421e-02 1.290659258379722729e-02 0.000000000000000000e+00
0.000000000000000000e+00 0.000000000000000000e+00 0.000000000000000000e+00 0.000000000000000000e+00 0.000000000000000000e+00 0.000000000000000000e+00 0.000000000000000000e+00
