-2.099689901723051089e-01 -1.478277083183502094e-01 1.022026018064737946e-01 2.348832621491582007e+00 -1.403201577772428266e-02 3.131223119841533453e+00 -7.821202781487514022e-01 6.951670698722556274e-01 -1.229661370122281383e-02 -3.460964309849140670e-03 8.706831675671184989e-01 -1.804133513338960181e-03 0.000000000000000000e+00
-2.114646249535749312e-01 -1.499321638194018591e-01 1.044562228862505743e-01 2.342977262423020068e+00 -2.538378397236806805e-02 3.122654391608874924e+00 -7.796336846389444464e-01 6.923937870711015519e-01 -2.175682768345676976e-02 -6.209386346182670970e-03 8.688568382705694759e-01 -3.277174465565997966e-03 0.000000000000000000e+00
-2.129124304162804404e-01 -1.519610311318658757e-01 1.067563541061672672e-01 2.337226533657917660e+00 -3.668847433573318995e-02 3.113966591715608523e+00 -7.772900363006475244e-01 6.892989275683205630e-01 -3.074712689134639909e-02 -8.902558452944389980e-03 8.668451529621508111e-01 -4.744968678356390607e-03 0.000000000000000000e+00
-2.142058473252512474e-01 -1.537687645044339690e-01 1.089195240217734201e-01 2.332003960730779646e+00 -4.708133036027994933e-02 3.105845781704747122e+00 -7.752410001579406185e-01 6.861605919607438597e-01 -3.863354582739786380e-02 -1.134051910423570543e-02 8.648274755412796999e-01 -6.086411761956359023e-03 0.000000000000000000e+00
-2.154575850478301913e-01 -1.555166296390403102e-01 1.111197684411702191e-01 2.326855656379850146e+00 -5.743314794177045712e-02 3.097631542564721396e+00 -7.732889696579398064e-01 6.827588697213584634e-01 -4.613354008927905703e-02 -1.373381771180854846e-02 8.626607276783911926e-01 -7.407014569729157040e-03 0.000000000000000000e+00
-2.167659276537332869e-01 -1.573452157713897681e-01 1.135438171291805604e-01 2.321354200567282255e+00 -6.860049795270839468e-02 3.088630618855110033e+00 -7.712702935516596581e-01 6.787822375816521259e-01 -5.383034195571734237e-02 -1.627745384351097016e-02 8.601499659816916887e-01 -8.805308340372563006e-03 0.000000000000000000e+00
-2.179290064593794873e-01 -1.589760117976306286e-01 1.158172944010486122e-01 2.316337562997023536e+00 -7.886383272375674380e-02 3.080231046278786522e+00 -7.694826466699440370e-01 6.748504131272863305e-01 -6.055029633431407987e-02 -1.858167595440447101e-02 8.576873409216952959e-01 -1.005856178074212778e-02 0.000000000000000000e+00
-2.191399211032372119e-01 -1.606836193974449933e-01 1.183176517021777840e-01 2.310961800380002096e+00 -8.993219396071605587e-02 3.071035147967062340e+00 -7.676150383764986929e-01 6.703149166328269404e-01 -6.742271668531807371e-02 -2.103191939592647525e-02 8.548676525385467961e-01 -1.136728387319100100e-02 0.000000000000000000e+00
-2.202985497377904500e-01 -1.623322987777387483e-01 1.208553372252812730e-01 2.305640388056921175e+00 -1.009457203395265346e-01 3.061740967452214690e+00 -7.658060862060622753e-01 6.654970584837918146e-01 -7.387675442907060130e-02 -2.343533697534432025e-02 8.518941666024459902e-01 -1.261603074565344727e-02 0.000000000000000000e+00
-2.213210328055320031e-01 -1.638048121232685006e-01 1.232295290685107708e-01 2.300768599330203834e+00 -1.110612467026106387e-01 3.053075952133340820e+00 -7.641763647769883594e-01 6.608078310154075208e-01 -7.947498535652597340e-02 -2.561392342151603066e-02 8.490190844686237304e-01 -1.370863939623699276e-02 0.000000000000000000e+00
-2.222974093713388222e-01 -1.652322211336619273e-01 1.256328344419435084e-01 2.295929569807123372e+00 -1.211254148445064516e-01 3.044329326777220235e+00 -7.625746731183874472e-01 6.558913693270121970e-01 -8.473459535137806142e-02 -2.775515903339938195e-02 8.460228285052028285e-01 -1.473678186338650380e-02 0.000000000000000000e+00
-2.233022138503408527e-01 -1.667304779170613593e-01 1.282677342041813051e-01 2.290717092051208770e+00 -1.319671148739676170e-01 3.034762270654815630e+00 -7.608595307973491373e-01 6.503163744800676271e-01 -9.006038489931866842e-02 -3.003403638115319241e-02 8.426456073478461040e-01 -1.577087691169126726e-02 0.000000000000000000e+00
-2.241797166697772903e-01 -1.680713508585507665e-01 1.307274882893708912e-01 2.285927647957991304e+00 -1.419150137787004162e-01 3.025846483766024164e+00 -7.592844707496489987e-01 6.449451780355413000e-01 -9.463875828732826179e-02 -3.210084288235263289e-02 8.394107987297813045e-01 -1.664488372926593851e-02 0.000000000000000000e+00
-2.250750914851582241e-01 -1.694810468543511695e-01 1.334205008731828568e-01 2.280756468547517457e+00 -1.526231367994785870e-01 3.016095520456139489e+00 -7.575757200152268833e-01 6.388894826118374226e-01 -9.924176591542122061e-02 -3.430125892708458385e-02 8.357843056943932147e-01 -1.749744273738976577e-02 0.000000000000000000e+00
-2.258497884074571749e-01 -1.707452443482577464e-01 1.359310463681969727e-01 2.275992822840459340e+00 -1.624402888305072068e-01 3.007008922127258899e+00 -7.559864120556949452e-01 6.330884519673722899e-01 -1.031712601038330401e-01 -3.629802429161494565e-02 8.323292536541788689e-01 -1.819190152292535917e-02 0.000000000000000000e+00
-2.266318030102946190e-01 -1.720771667587477072e-01 1.386759382719552347e-01 2.270836862823132130e+00 -1.729978252906794189e-01 2.997071266100021170e+00 -7.542413091723932927e-01 6.265818833711179758e-01 -1.070903679639936268e-01 -3.842505776474760409e-02 8.284745942923982254e-01 -1.883757452624205964e-02 0.000000000000000000e+00
-2.272996563801382430e-01 -1.732741426871051982e-01 1.412315326309040442e-01 2.266077042466306146e+00 -1.826669660754758340e-01 2.987809751609546538e+00 -7.525994703603594571e-01 6.203755861877700006e-01 -1.104022750956163978e-01 -4.035590781170389496e-02 8.248171420093378670e-01 -1.932887781309124142e-02 0.000000000000000000e+00
-2.279635603705059965e-01 -1.745381920523707275e-01 1.440221399975558647e-01 2.260914488456895910e+00 -1.930537691066325223e-01 2.977679070064484623e+00 -7.507773355425271244e-01 6.134421128687760350e-01 -1.136675769081625376e-01 -4.241346190870991240e-02 8.207520929214409122e-01 -1.974161160599927772e-02 0.000000000000000000e+00
-2.285206161859462959e-01 -1.756771283662450223e-01 1.466170481651452029e-01 2.256138125204996570e+00 -2.025553940678088694e-01 2.968235995061639265e+00 -7.490469466242483110e-01 6.068552499656557631e-01 -1.163933222838584580e-01 -4.428230191415939015e-02 8.169096841006746601e-01 -2.000776542862827551e-02 0.000000000000000000e+00
-2.290626079425666928e-01 -1.768831312261852917e-01 1.494471560211679817e-01 2.250946850473395600e+00 -2.127493787472953812e-01 2.957904462344800756e+00 -7.471107619327332916e-01 5.995238338007766732e-01 -1.190421023040515447e-01 -4.627488736413508386e-02 8.126542189948370298e-01 -2.016617565981215429e-02 0.000000000000000000e+00
-2.295050248993229791e-01 -1.779727180087040950e-01 1.520756287700907872e-01 2.246135409685969364e+00 -2.220615862115007388e-01 2.948271484710693002e+00 -7.452582670784742014e-01 5.925807731018583047e-01 -1.212123122763570926e-01 -4.808536669100899746e-02 8.086438978673412548e-01 -2.018690670442273988e-02 0.000000000000000000e+00
-2.299206053105198044e-01 -1.791297343571081058e-01 1.549389818949555020e-01 2.240897381186266024e+00 -2.320374056946183927e-01 2.937728962214753103e+00 -7.431721464175879976e-01 5.848755156989593473e-01 -1.232739984342416939e-01 -5.001644144218227173e-02 8.042150609745394307e-01 -2.006824207191369031e-02 0.000000000000000000e+00
-2.302447610330471406e-01 -1.801782078172956825e-01 1.575953271132710110e-01 2.236034157924018828e+00 -2.411362551311890812e-01 2.927896260854779165e+00 -7.411662534845402384e-01 5.776004253911353192e-01 -1.249190330395837378e-01 -5.177200139395170264e-02 8.000535388761543798e-01 -1.982483747065885704e-02 0.000000000000000000e+00
-2.305306190459977533e-01 -1.812949098142282167e-01 1.604857803518009995e-01 2.230731417345698908e+00 -2.508673719457092943e-01 2.917131951331718653e+00 -7.388985718163377792e-01 5.695496228367985525e-01 -1.264295780098765309e-01 -5.364552273725483461e-02 7.954702386401280023e-01 -1.941147533818112642e-02 0.000000000000000000e+00
-2.307331678630921978e-01 -1.823099265357689680e-01 1.631642744380764620e-01 2.225801796370558527e+00 -2.597268602058622200e-01 2.907089033295946034e+00 -7.367103855066741147e-01 5.619666045279342326e-01 -1.275791314944092480e-01 -5.534937575198470988e-02 7.911736942744759249e-01 -1.888685340938153420e-02 0.000000000000000000e+00
-2.308853278907542217e-01 -1.833943742140039246e-01 1.660756647353979210e-01 2.220420320312253004e+00 -2.691835489200364862e-01 2.896090835627741722e+00 -7.342296509512653557e-01 5.535941586929430391e-01 -1.285674305749378021e-01 -5.716836054959006236e-02 7.864523757149561867e-01 -1.815922994589604794e-02 0.000000000000000000e+00
-2.309632307673710194e-01 -1.843830970404035652e-01 1.687706989983257244e-01 2.215411642191545738e+00 -2.777759574748772664e-01 2.885826669913766906e+00 -7.318322733379760692e-01 5.457271142538216990e-01 -1.292510640267610089e-01 -5.882349852231749665e-02 7.820367214695502778e-01 -1.733780703598553075e-02 0.000000000000000000e+00
-2.309791263518057858e-01 -1.854425888309352843e-01 1.716970020064162161e-01 2.209938373440484938e+00 -2.869280075210935976e-01 2.874583136933046568e+00 -7.291121206005690691e-01 5.370606554344858896e-01 -1.297516051536413695e-01 -6.059140472245297393e-02 7.771950946077862410e-01 -1.628186262347181001e-02 0.000000000000000000e+00
-2.309297105458746058e-01 -1.864114502283240049e-01 1.744029777417244187e-01 2.204840659789727653e+00 -2.952238719347231033e-01 2.864087314664201855e+00 -7.264811171806524470e-01 5.289331871302683785e-01 -1.299979475544739138e-01 -6.220060732756575034e-02 7.726758433959761696e-01 -1.514960928305161651e-02 0.000000000000000000e+00
-2.308061031831192822e-01 -1.874528128378304126e-01 1.773381421749593290e-01 2.199266639514611654e+00 -3.040378362845039817e-01 2.852586979604164075e+00 -7.234944485971559480e-01 5.199965173288304543e-01 -1.300389602352611806e-01 -6.392002735110496880e-02 7.677297540404538490e-01 -1.374885416899448987e-02 0.000000000000000000e+00
-2.306270805363788423e-01 -1.884077124722589869e-01 1.800496029619083338e-01 2.194072236040610413e+00 -3.120064886668072468e-01 2.841849524766935975e+00 -7.206072490803737685e-01 5.116320942666231497e-01 -1.298765074087662175e-01 -6.548587868709829229e-02 7.631218861433715084e-01 -1.229316927685987666e-02 0.000000000000000000e+00
-2.303622680004911993e-01 -1.894367731861085757e-01 1.829878347266597205e-01 2.188390183382431964e+00 -3.204493016850076259e-01 2.830082801544731463e+00 -7.173325596249852110e-01 5.024521114100928276e-01 -1.294911479990317194e-01 -6.715978362313236583e-02 7.580881122089582203e-01 -1.053691232589889712e-02 0.000000000000000000e+00
-2.300517490703564427e-01 -1.903829098154475874e-01 1.856994204439152973e-01 2.183094390890655490e+00 -3.280588377556759028e-01 2.819095316426161180e+00 -7.141687242499709098e-01 4.938739030913794070e-01 -1.289477299786012665e-01 -6.868465556785210979e-02 7.534062750125989361e-01 -8.746670942714982258e-03 0.000000000000000000e+00
-2.296433514340494586e-01 -1.914051243634384558e-01 1.886348614294081072e-01 2.177301620995421239e+00 -3.360943197825490003e-01 2.807053928311843194e+00 -7.105831773163427956e-01 4.844742094449175362e-01 -1.281634290375728291e-01 -7.031524252428036914e-02 7.482999965175082258e-01 -6.621374245926026254e-03 0.000000000000000000e+00
-2.291998806272995681e-01 -1.923470383534262307e-01 1.913413334086327966e-01 2.171902984360511546e+00 -3.433118764713567472e-01 2.795810087708544778e+00 -7.071242636925478831e-01 4.757053187921544413e-01 -1.272666095404884068e-01 -7.180131137967980803e-02 7.435585710917583802e-01 -4.486818383011191395e-03 0.000000000000000000e+00
-2.286471445036281080e-01 -1.933667097111778088e-01 1.942685433703106312e-01 2.165999146370776174e+00 -3.509053727919839716e-01 2.783488619207127091e+00 -7.032109482077582019e-01 4.661119467554165618e-01 -1.261151918431928642e-01 -7.339109371478101662e-02 7.383954341073944994e-01 -1.984965272247243406e-03 0.000000000000000000e+00
-2.280697141345872370e-01 -1.943082299942467672e-01 1.969648262527561311e-01 2.160499731190570927e+00 -3.576976256146484623e-01 2.771984623909672596e+00 -6.994405778944785546e-01 4.571751105064103538e-01 -1.248918687964648555e-01 -7.484036101286692388e-02 7.336082023108952965e-01 5.022711738009341372e-04 0.000000000000000000e+00
-2.273711584358394378e-01 -1.953294013627155101e-01 1.998782032177900958e-01 2.154489722245423344e+00 -3.648113011886202628e-01 2.759380650964954107e+00 -6.951806519938149576e-01 4.474114958969891420e-01 -1.233999659538025373e-01 -7.639114468275527703e-02 7.284027876442265015e-01 3.391382724512690371e-03 0.000000000000000000e+00
-2.265970680924963565e-01 -1.963523761028121151e-01 2.027824418667125150e-01 2.148427189691457073e+00 -3.716621665700019506e-01 2.746630147866087501e+00 -6.907362356086362842e-01 4.375697507990876645e-01 -1.217438792299367911e-01 -7.792258714522692920e-02 7.231812608529626374e-01 6.482875305079694069e-03 0.000000000000000000e+00
-2.258150234912225385e-01 -1.972990862171489501e-01 2.054538513348109219e-01 2.142787320926054839e+00 -3.777432404232881069e-01 2.734731126354411401e+00 -6.864652575894489850e-01 4.284206606112022087e-01 -1.200746098586753519e-01 -7.931930694605421328e-02 7.183502866355587768e-01 9.519269579406481468e-03 0.000000000000000000e+00
-2.249683102365036547e-01 -1.982485938136444303e-01 2.081151608051977075e-01 2.137108150495536485e+00 -3.835835726493894704e-01 2.722709170917634314e+00 -6.820301622680854381e-01 4.192152112767479344e-01 -1.182769761228714689e-01 -8.070019758315233327e-02 7.135117889880757680e-01 1.273173989353088703e-02 0.000000000000000000e+00
-2.239780253437776147e-01 -1.992809096128047019e-01 2.109855802686723403e-01 2.130915565898368946e+00 -3.896297089085214438e-01 2.709548701496513168e+00 -6.770370015402958908e-01 4.091847812156144126e-01 -1.161910551990672502e-01 -8.217863481755299793e-02 7.082649621664560691e-01 1.641243241829135405e-02 0.000000000000000000e+00
-2.229968835412750594e-01 -2.002374278927475104e-01 2.136224671558552557e-01 2.125166020062343009e+00 -3.949439578820905794e-01 2.697276946851510537e+00 -6.722524329048867875e-01 3.998781983387643679e-01 -1.141445490593957501e-01 -8.352760913346220228e-02 7.034201395113839350e-01 1.999490527339563284e-02 0.000000000000000000e+00
-2.218616103751342439e-01 -2.012778747580065697e-01 2.164641941504353018e-01 2.118906515391508982e+00 -4.004033951223706644e-01 2.683851687599646318e+00 -6.668767090865073133e-01 3.897502965817339349e-01 -1.118034973031616364e-01 -8.497229080104612420e-02 6.981732461107370558e-01 2.407712966972899021e-02 0.000000000000000000e+00
-2.207467536940507791e-01 -2.022425880552627120e-01 2.190724131034011979e-01 2.113105422519518939e+00 -4.051593002304381130e-01 2.671341941588690538e+00 -6.617335458103190682e-01 3.803642516358586301e-01 -1.095332856319233272e-01 -8.629063044204099420e-02 6.933345487261720619e-01 2.803288512320261175e-02 0.000000000000000000e+00
-2.194668620823260197e-01 -2.032924611743940346e-01 2.218806814983143305e-01 2.106802591387017642e+00 -4.099958401577419309e-01 2.657667492233622308e+00 -6.559639404667169105e-01 3.701617147892787285e-01 -1.069622699155610146e-01 -8.770265509675782833e-02 6.881008379729210978e-01 3.252204053410007872e-02 0.000000000000000000e+00
-2.181127589643188369e-01 -2.043470754512583809e-01 2.246699800181593543e-01 2.100487534355498731e+00 -4.144966581369140535e-01 2.643871571307408352e+00 -6.499884061918244083e-01 3.599298165916806624e-01 -1.042829967008869207e-01 -8.909831795552748679e-02 6.828790448655481793e-01 3.722162936360044055e-02 0.000000000000000000e+00
-2.167969445280089058e-01 -2.053250349563505162e-01 2.272267888004934067e-01 2.094654974172250661e+00 -4.183447116938809884e-01 2.631034479002943627e+00 -6.442867114560192343e-01 3.504640432606711542e-01 -1.017190383614130500e-01 -9.037219112869644688e-02 6.780725051511459212e-01 4.174841232786828671e-02 0.000000000000000000e+00
-2.153005851607119603e-01 -2.063892565878317487e-01 2.299762288513655384e-01 2.088341134363903784e+00 -4.221735525644390030e-01 2.617023402494405460e+00 -6.379071756437616481e-01 3.401925638313717526e-01 -9.884961544490700192e-02 -9.173685312790189061e-02 6.728832691880993755e-01 4.685695867107472767e-02 0.000000000000000000e+00
-2.138546516642406137e-01 -2.073756265664644383e-01 2.324944895788537691e-01 2.082525322586459282e+00 -4.253882441422049965e-01 2.604000801703594714e+00 -6.318315065118821350e-01 3.307008246797339956e-01 -9.612227217255675527e-02 -9.298263827394893932e-02 6.681124158323040740e-01 5.176013368234404222e-02 0.000000000000000000e+00
-2.123470084018804493e-01 -2.083657446965667681e-01 2.349930091137411858e-01 2.076729716645499657e+00 -4.282896386980064030e-01 2.590899318511915350e+00 -6.255751419000407099e-01 3.212039922325113928e-01 -9.332475460548339541e-02 -9.421520748308644111e-02 6.633626014491205147e-01 5.684378363054745642e-02 0.000000000000000000e+00
-2.106448095545273569e-01 -2.094422260588847395e-01 2.376766226403969617e-01 2.070483493141121123e+00 -4.310730551264545518e-01 2.576625581658322783e+00 -6.185932656282345787e-01 3.109155018617491550e-01 -9.022123982915952745e-02 -9.553579416625108955e-02 6.582436729388519980e-01 6.255377577762387398e-02 0.000000000000000000e+00
-2.090103055773758767e-01 -2.104392898671990642e-01 2.401315644612107558e-01 2.064757627885935420e+00 -4.333037920272473364e-01 2.563384058289647438e+00 -6.119585989835473194e-01 3.014231967883797547e-01 -8.729429263310795051e-02 -9.674130732318908521e-02 6.535458567759522275e-01 6.801237384017522203e-02 0.000000000000000000e+00
-2.071718016681169672e-01 -2.115227115542741843e-01 2.427661597034141416e-01 2.058608863052040938e+00 -4.353476916927725426e-01 2.548977811196912135e+00 -6.045649980072148599e-01 2.911506853841580034e-01 -8.406241349224208292e-02 -9.803280729382299330e-02 6.484891796561642607e-01 7.412870611294888890e-02 0.000000000000000000e+00
-2.054131033040608734e-01 -2.125251447980336383e-01 2.451744644128854844e-01 2.052993236267415256e+00 -4.368863463273791048e-01 2.535632655145846570e+00 -5.975510306442731734e-01 2.816831477089262736e-01 -8.102840722036930288e-02 -9.921178870840106911e-02 6.438539477788813858e-01 7.995997195816480219e-02 0.000000000000000000e+00
-2.034419222345728584e-01 -2.136131159019573622e-01 2.477570826863312869e-01 2.046986765968632049e+00 -4.381712822424117526e-01 2.521135522383973537e+00 -5.897478354922864874e-01 2.714481369418041967e-01 -7.769253163893607983e-02 -1.004748677567768173e-01 6.388703744310161303e-01 8.647715990926582719e-02 0.000000000000000000e+00
-2.015620518761199464e-01 -2.146189137828113380e-01 2.501159492328781098e-01 2.041524960755640272e+00 -4.389999858619741957e-01 2.507727174600164588e+00 -5.823551000433083713e-01 2.620252405043449473e-01 -7.457317105412641922e-02 -1.016277169031584993e-01 6.343078468514923296e-01 9.267782284243254731e-02 0.000000000000000000e+00
-1.994610539821077000e-01 -2.157095471950980503e-01 2.526434819074450111e-01 2.035710061483094968e+00 -4.395065135456164285e-01 2.493185098955433165e+00 -5.741410457141497004e-01 2.518493852029362601e-01 -7.115620221750007524e-02 -1.028625664439793974e-01 6.294087622892098333e-01 9.959424360807166143e-02 0.000000000000000000e+00
-1.974633071181212396e-01 -2.167163721017050515e-01 2.549503604761278464e-01 2.030447883572875867e+00 -4.396110157724204548e-01 2.479757553837499628e+00 -5.663712732338435085e-01 2.424906875925047500e-01 -6.797265945041952584e-02 -1.039895496382736706e-01 6.249289258615330356e-01 1.061600592162018769e-01 0.000000000000000000e+00
-1.952368573312036060e-01 -2.178064667520566711e-01 2.574204788403155475e-01 2.024874299640878839e+00 -4.393282736084973550e-01 2.465219158186153781e+00 -5.577517193392066419e-01 2.323945606762302940e-01 -6.449763370202954427e-02 -1.051965441785680244e-01 6.201241837808665336e-01 1.134681727215428176e-01 0.000000000000000000e+00
-1.931248863869542698e-01 -2.188116511470993564e-01 2.596731310921415181e-01 2.019858999763258112e+00 -4.386987156738353377e-01 2.451818723330040584e+00 -5.496082054894214641e-01 2.231192033631614613e-01 -6.127054825112598913e-02 -1.062977945788294160e-01 6.157364261478792677e-01 1.203939811300244883e-01 0.000000000000000000e+00
-1.907764933674857555e-01 -2.198986690467897298e-01 2.620832519637836255e-01 2.014579162089075837e+00 -4.376159509135271186e-01 2.437335943546128370e+00 -5.405847499259605060e-01 2.131239603179305719e-01 -5.775930351191083112e-02 -1.074768592171915504e-01 6.110368789302709214e-01 1.280901005614331623e-01 0.000000000000000000e+00
-1.883668216923833072e-01 -2.209824515035286874e-01 2.644615845685023836e-01 2.009471673687221127e+00 -4.361171137807193787e-01 2.422902347814519075e+00 -5.313552655626683219e-01 2.031886383972264232e-01 -5.423780560249946703e-02 -1.086415261409104521e-01 6.063953220453990323e-01 1.359834603610758086e-01 0.000000000000000000e+00
-1.860888185788965865e-01 -2.219795121556705497e-01 2.666280855935089233e-01 2.004922780281214401e+00 -4.343624604653433252e-01 2.409635700804599878e+00 -5.226527209105618077e-01 1.940759502924910007e-01 -5.098289011820456018e-02 -1.097036780074181206e-01 6.021650238118626541e-01 1.434445475039065887e-01 0.000000000000000000e+00
-1.837604204125556362e-01 -2.229725081395842745e-01 2.687666091834698401e-01 2.000543618646415389e+00 -4.322524018104547672e-01 2.396434661168369562e+00 -5.137765381553821564e-01 1.850234496283913177e-01 -4.772864042418190067e-02 -1.107534295301001032e-01 5.979886545904005146e-01 1.510712582994050701e-01 0.000000000000000000e+00
-1.811821640329622229e-01 -2.240429123327551952e-01 2.710512553847008732e-01 1.996003564122284857e+00 -4.295657194123454481e-01 2.382220961254689406e+00 -5.039659853317483007e-01 1.752895791993949182e-01 -4.420887356947900138e-02 -1.118765677855705770e-01 5.935275268693814832e-01 1.595189384351909101e-01 0.000000000000000000e+00
-1.787520609253315795e-01 -2.250250240776927591e-01 2.731303869380421467e-01 1.992011489508533018e+00 -4.267181853738941655e-01 2.369192760824764044e+00 -4.947333384646616650e-01 1.663758292280883844e-01 -4.096980389367010922e-02 -1.129003118757322677e-01 5.894697348954549554e-01 1.674849026640518879e-01 0.000000000000000000e+00
-1.760663606290711614e-01 -2.260816085185353153e-01 2.753501502874244888e-01 1.987913816041286807e+00 -4.232373264499593724e-01 2.355191833798857548e+00 -4.845420534736872842e-01 1.568013989246036244e-01 -3.747640233375859609e-02 -1.139952206236479193e-01 5.851410994386674336e-01 1.762944731024658762e-01 0.000000000000000000e+00
-1.735391996291354433e-01 -2.270495055703978804e-01 2.773686761816006041e-01 1.984351659019384151e+00 -4.196601885802140330e-01 2.342383965855537653e+00 -4.749611317150455037e-01 1.480440763778256286e-01 -3.427088848768455875e-02 -1.149926659980450433e-01 5.812099407745742186e-01 1.845911520044442311e-01 0.000000000000000000e+00
-1.707506954345380246e-01 -2.280891147720403578e-01 2.795220914413507063e-01 1.980742119099168086e+00 -4.153938478689065406e-01 2.328647118872265498e+00 -4.643962385126466641e-01 1.386490848751633642e-01 -3.082382593074051158e-02 -1.160587876390526130e-01 5.770231852248606241e-01 1.937551558944341223e-01 0.000000000000000000e+00
-1.681313033283643732e-01 -2.290394366370920864e-01 2.814790258967737602e-01 1.977649245079017071e+00 -4.110992297082969316e-01 2.316105229465037052e+00 -4.544762963472377404e-01 1.300655086223778401e-01 -2.766971109370519599e-02 -1.170295431459001251e-01 5.732265161958164379e-01 2.023732616952282348e-01 0.000000000000000000e+00
-1.652457949562381179e-01 -2.300579624537264500e-01 2.835654278901588166e-01 1.974567071269303753e+00 -4.060649308781894007e-01 2.302679607593721478e+00 -4.435506779751876572e-01 1.208673247242724319e-01 -2.428749650930472903e-02 -1.180665697519985707e-01 5.691890974042290718e-01 2.118790989558866356e-01 0.000000000000000000e+00
-1.625391595648682797e-01 -2.309873810045541265e-01 2.854600481870385176e-01 1.971978438646210918e+00 -4.010690889492307676e-01 2.290446317119060105e+00 -4.333020018627221082e-01 1.124743475817524957e-01 -2.120209122839344928e-02 -1.190101277262136520e-01 5.655343082822588130e-01 2.208086448014086878e-01 0.000000000000000000e+00
-1.595616824987517723e-01 -2.319816932478723781e-01 2.874784413622148982e-01 1.969460238988421708e+00 -3.952844574725089544e-01 2.277377612146981534e+00 -4.220252124114314274e-01 1.034923124956206447e-01 -1.790363306027575874e-02 -1.200173102833463901e-01 5.616550146803949151e-01 2.306472107507588354e-01 0.000000000000000000e+00
-1.567729366847945560e-01 -2.328869430288708908e-01 2.893102299018396328e-01 1.967405887209526583e+00 -3.896074688237849415e-01 2.265492297895261853e+00 -4.114591207865420097e-01 9.530643773974641075e-02 -1.490371525035594225e-02 -1.209330964808189857e-01 5.581492294214146499e-01 2.398775107071348944e-01 0.000000000000000000e+00
-1.537095578347242586e-01 -2.338531115993138787e-01 2.912605060309495508e-01 1.965479949318199360e+00 -3.830983000117091919e-01 2.252819758662130134e+00 -3.998460739581152779e-01 8.655678842585920463e-02 -1.170632404560700834e-02 -1.219099439686600478e-01 5.544345857539447753e-01 2.500348736837244012e-01 0.000000000000000000e+00
-1.508439466127581008e-01 -2.347310092899626000e-01 2.930290618751684728e-01 1.963984642897488087e+00 -3.767636731368644298e-01 2.241318346596015587e+00 -3.889748839408437298e-01 7.859404495744157226e-02 -8.807739515164447752e-03 -1.227973092438744557e-01 5.510846619977614047e-01 2.595546426058352729e-01 0.000000000000000000e+00
-1.476999709422122109e-01 -2.356661297674432776e-01 2.949106397771033006e-01 1.962675894422076794e+00 -3.695551781371646527e-01 2.229079731460790192e+00 -3.770373309335907641e-01 7.009540689867273244e-02 -5.729258453087693326e-03 -1.237428729112854953e-01 5.475429240640650175e-01 2.700201333205469179e-01 0.000000000000000000e+00
-1.447628236364464360e-01 -2.365136831341403956e-01 2.966158642993713679e-01 1.961758349571746329e+00 -3.625896229927541015e-01 2.217993445850387157e+00 -3.658742251713328342e-01 6.237142830554830847e-02 -2.947719852554042674e-03 -1.246010765725635294e-01 5.443552533972946250e-01 2.798174036282440325e-01 0.000000000000000000e+00
-1.415444439168876689e-01 -2.374141609772360551e-01 2.984289775746977735e-01 1.961082629866002236e+00 -3.547141211651352322e-01 2.206219125046239959e+00 -3.536288440315804027e-01 5.413889413513803955e-02 -3.728425526317025174e-06 -1.255147322411640509e-01 5.409921137042017492e-01 2.905759752209188806e-01 0.000000000000000000e+00
-1.385411417395271960e-01 -2.382285452057273933e-01 3.000708876034570705e-01 1.960755827024097897e+00 -3.471470127175475540e-01 2.195575208618982366e+00 -3.421878706990864050e-01 4.666882298481744851e-02 2.645850542993821719e-03 -1.263429836625570846e-01 5.379728879763788774e-01 3.006383299256197295e-01 0.000000000000000000e+00
-1.352538392707424986e-01 -2.390918599361295527e-01 3.018152757269073061e-01 1.960725300263031379e+00 -3.386357673503832544e-01 2.184294065633829440e+00 -3.296485098645027811e-01 3.872027333277209410e-02 5.438707578159673872e-03 -1.272236161336406379e-01 5.347959698225097647e-01 3.116778650132979722e-01 0.000000000000000000e+00
-1.319332813936710813e-01 -2.399344628554405667e-01 3.035243454574501065e-01 1.961031307783423827e+00 -3.298092009440889427e-01 2.173277017424670277e+00 -3.169640733295371327e-01 3.092426247394483227e-02 8.147408722879667664e-03 -1.280868548338546242e-01 5.317174554709189760e-01 3.228566501364737440e-01 0.000000000000000000e+00
-1.288397758183782715e-01 -2.406935432106387385e-01 3.050703822223253536e-01 1.961613695752381759e+00 -3.213890455219585718e-01 2.163347991667085690e+00 -3.051294182089021589e-01 2.386817139269865190e-02 1.056915426014293224e-02 -1.288678850801691922e-01 5.289652449318903438e-01 3.332967409522887281e-01 0.000000000000000000e+00
-1.257203669005996505e-01 -2.414340581266332664e-01 3.065862812418606032e-01 1.962483270353016174e+00 -3.127157237467592665e-01 2.153653443527832501e+00 -2.931779501849535730e-01 1.694961177580905226e-02 1.291246970330384158e-02 -1.296335522159453857e-01 5.262999533129389951e-01 3.438496166402685850e-01 0.000000000000000000e+00
-1.223131566477290710e-01 -2.422148692413610971e-01 3.081945244775917137e-01 1.963748497384708358e+00 -3.030430068281484424e-01 2.143420084028171857e+00 -2.801027613390459914e-01 9.613887739807251698e-03 1.535871632259588893e-02 -1.304453752623639939e-01 5.235123893104394188e-01 3.554057384003949105e-01 0.000000000000000000e+00
-1.191437879936234068e-01 -2.429151962833850098e-01 3.096480006856370260e-01 1.965212302732631144e+00 -2.938685633876056968e-01 2.134224425771678924e+00 -2.679202141562626038e-01 2.991996726197048481e-03 1.752879313684707618e-02 -1.311783188062458361e-01 5.210320209396804847e-01 3.661831185682684620e-01 0.000000000000000000e+00
-1.156854842657652066e-01 -2.436512627356653415e-01 3.111890393621873363e-01 1.967116005876281548e+00 -2.836732136076660638e-01 2.124537163825505726e+00 -2.546045085744073067e-01 -4.016093477143702246e-03 1.978116162878174045e-02 -1.319542474345972438e-01 5.184468238905133308e-01 3.779740312679988889e-01 0.000000000000000000e+00
-1.124714624141263525e-01 -2.443096188234077648e-01 3.125805615880543620e-01 1.969164271626779872e+00 -2.740338617352748862e-01 2.115851769772253199e+00 -2.422077933057110999e-01 -1.032804351443642257e-02 2.176561611505412053e-02 -1.326534270892839040e-01 5.161562390369361930e-01 3.889615348458796973e-01 0.000000000000000000e+00
-1.089675031981585385e-01 -2.449995772435143992e-01 3.140546116973639279e-01 1.971694447504694914e+00 -2.633541932861418466e-01 2.106723041762847970e+00 -2.286688316007230715e-01 -1.699229725465597682e-02 2.380972540974446439e-02 -1.333921047518878411e-01 5.137797672382039549e-01 4.009727908363005522e-01 0.000000000000000000e+00
-1.057140728255875212e-01 -2.456144824212938560e-01 3.153847326247780636e-01 1.974312467085137968e+00 -2.532870872911323623e-01 2.098556052385719184e+00 -2.160755417540653478e-01 -2.298148231072977624e-02 2.559670650118772706e-02 -1.340564635753217215e-01 5.116835265651753506e-01 4.121556372801387091e-01 0.000000000000000000e+00
-1.021703356079313590e-01 -2.462565037894139941e-01 3.167928077521294794e-01 1.977449304573594802e+00 -2.421650069414083006e-01 2.089990933175294607e+00 -2.023339800691495716e-01 -2.929045267647864548e-02 2.742123816400088288e-02 -1.347569331986614161e-01 5.095192754158088810e-01 4.243696929875691026e-01 0.000000000000000000e+00
-9.888262444664328021e-02 -2.468268020785442385e-01 3.180621688124157798e-01 1.980617794352120598e+00 -2.317077949141324034e-01 2.082347463926434550e+00 -1.895622084951861241e-01 -3.494459334206906354e-02 2.899942742598171641e-02 -1.353853643145144503e-01 5.076215734020456116e-01 4.357327355686646531e-01 0.000000000000000000e+00
-9.530437479034493953e-02 -2.474201908927515792e-01 3.194045549855052957e-01 1.984339529636023336e+00 -2.201830714336283634e-01 2.074352579950838660e+00 -1.756367721817571614e-01 -4.088299732570101902e-02 3.059133196757679585e-02 -1.360461778047471759e-01 5.056753019879020039e-01 4.481342445273230335e-01 0.000000000000000000e+00
-9.198739174295435250e-02 -2.479450440578800652e-01 3.206138364329029211e-01 1.988035136268310410e+00 -2.093737485060516157e-01 2.067235418136554426e+00 -1.627051610081185484e-01 -4.619028622644383991e-02 3.194994359768066339e-02 -1.366375493695561050e-01 5.039801333750393297e-01 4.596620036218400096e-01 0.000000000000000000e+00
-8.838017700541567212e-02 -2.484886815792962667e-01 3.218916322113678508e-01 1.992313201383622889e+00 -1.974886594934259776e-01 2.059810451828671951e+00 -1.486173384472219972e-01 -5.174794139797852383e-02 3.329936732202387617e-02 -1.372577080412730743e-01 5.022545714362361968e-01 4.722329562048547258e-01 0.000000000000000000e+00
-8.503877158500755540e-02 -2.489675715562496838e-01 3.230414578168965822e-01 1.996508980248266063e+00 -1.863652016142154366e-01 2.053220614386136234e+00 -1.355449375980806448e-01 -5.669712667826815738e-02 3.442854762421720949e-02 -1.378108465996825405e-01 5.007655647812592203e-01 4.839096858728479389e-01 0.000000000000000000e+00
-8.140758010294889269e-02 -2.494614659136194790e-01 3.242550517822428424e-01 2.001313528630475957e+00 -1.741599391924011364e-01 2.046367730471204904e+00 -1.213146608860000836e-01 -6.185972686922480007e-02 3.552337314834908000e-02 -1.383888274576353938e-01 4.992658721924083109e-01 4.966339033765966859e-01 0.000000000000000000e+00
-7.804644832968186952e-02 -2.498941989622252002e-01 3.253460582926739897e-01 2.005979316389145950e+00 -1.627602915773627146e-01 2.040304617598993175e+00 -1.081209863387192494e-01 -6.644004769378164532e-02 3.641380105881708573e-02 -1.389025595542900671e-01 4.979863564466797676e-01 5.084436246515258162e-01 0.000000000000000000e+00
-7.439641628587907729e-02 -2.503379265635347073e-01 3.264965052213106289e-01 2.011274992473941481e+00 -1.502766014725089860e-01 2.034020177943828500e+00 -9.377036803488074390e-02 -7.119870460402212553e-02 3.724577258335792784e-02 -1.394373306235563992e-01 4.967146304471397045e-01 5.213027645540007082e-01 0.000000000000000000e+00
-7.102005405263846216e-02 -2.507246293393787240e-01 3.275293408871238210e-01 2.016377858777048893e+00 -1.386383541289957222e-01 2.028481855847590332e+00 -8.047521040531106784e-02 -7.539998270405502689e-02 3.788865967050281114e-02 -1.399104495135873594e-01 4.956476349563994632e-01 5.332293320217570409e-01 0.000000000000000000e+00
-6.735582434032978683e-02 -2.511188790528853798e-01 3.286169232266864526e-01 2.022128593138742048e+00 -1.259161247487794455e-01 2.022765705457646224e+00 -6.602521874210977304e-02 -7.974141797883177452e-02 3.844712455109244864e-02 -1.404004378646483420e-01 4.946083696305096922e-01 5.462065165395496580e-01 0.000000000000000000e+00
-6.396854072773917876e-02 -2.514599850378767543e-01 3.295921739925274374e-01 2.027633109784815701e+00 -1.140765481036063456e-01 2.017749552603637753e+00 -5.264872234718420002e-02 -8.355398275063238844e-02 3.883434817358999425e-02 -1.408317534479434918e-01 4.937566907139023797e-01 5.582335184699155350e-01 0.000000000000000000e+00
-6.029477148105356898e-02 -2.518050028533576623e-01 3.306178286845055103e-01 2.033798569342632589e+00 -1.011563857859787419e-01 2.012596296248624128e+00 -3.812185271345288479e-02 -8.747062718678466631e-02 3.911264850750306721e-02 -1.412759187834982666e-01 4.929513175107487766e-01 5.713103052124771652e-01 0.000000000000000000e+00
-5.690065899165307889e-02 -2.521012479598082057e-01 3.315360654961314046e-01 2.039667394450010107e+00 -8.915219037516886047e-02 2.008098936441683691e+00 -2.468437201015909535e-02 -9.088539891551153382e-02 3.923661865624628042e-02 -1.416642076704318076e-01 4.923173520132553826e-01 5.834212965857215050e-01 0.000000000000000000e+00
-5.322159166250822054e-02 -2.523983703583506655e-01 3.324999698881800914e-01 2.046206905488207717e+00 -7.607324037354246116e-02 2.003507295421643519e+00 -1.010240198959295663e-02 -9.436506022867384436e-02 3.922530022161363483e-02 -1.420609687385831765e-01 4.917497658059322152e-01 5.965803084269393208e-01 0.000000000000000000e+00
-4.982453525647614900e-02 -2.526507671390142429e-01 3.333615942067137405e-01 2.052400903839259882e+00 -6.394064326873660775e-02 1.999525568973062217e+00 3.375457073208881775e-03 -9.737350015408186010e-02 3.907935899387737777e-02 -1.424049992171509682e-01 4.913357441249657787e-01 6.087586111967353553e-01 0.000000000000000000e+00
-4.614430882087558472e-02 -2.529008574090758632e-01 3.342645716484451968e-01 2.059270636038007751e+00 -5.074201269077960319e-02 1.995489413260121081e+00 1.798987786770222738e-02 -1.004099615275845375e-01 3.877309546851814837e-02 -1.427533406877333488e-01 4.910067105722865088e-01 6.219814057460606449e-01 0.000000000000000000e+00
-4.274796105548923919e-02 -2.531106945893797366e-01 3.350699436000166842e-01 2.065749403022131503e+00 -3.851656799942793086e-02 1.992019922627437767e+00 3.148742325655030927e-02 -1.030041301006739130e-01 3.835111759379494778e-02 -1.430519309802016636e-01 4.908144636310964315e-01 6.342104417346227097e-01 0.000000000000000000e+00
-3.907038640307569644e-02 -2.533156743269956435e-01 3.359119613454347730e-01 2.072905487762931820e+00 -2.523639688115952850e-02 1.988538132586215923e+00 4.611191438898984418e-02 -1.055863394159931440e-01 3.774178633638514135e-02 -1.433502383118041568e-01 4.907273449739371629e-01 6.474792423917790085e-01 0.000000000000000000e+00
-3.567818669506889889e-02 -2.534844930975977961e-01 3.366612905640944398e-01 2.079627361987519407e+00 -1.295309910586128765e-02 1.985577883501685070e+00 5.960829048367181221e-02 -1.077588630094957201e-01 3.703844549249502016e-02 -1.436022066404392672e-01 4.907584373796639032e-01 6.597422336842395652e-01 0.000000000000000000e+00
-3.200686902823311059e-02 -2.536457711830670259e-01 3.374429200458878286e-01 2.087023845478746864e+00 3.711774223584818344e-04 1.982644835994039179e+00 7.422026892017717647e-02 -1.098819599976421230e-01 3.612231807750787560e-02 -1.438495144371667589e-01 4.909133334865656284e-01 6.730387977957599244e-01 0.000000000000000000e+00
-2.862202404502193348e-02 -2.537753466123683355e-01 3.381363986091271423e-01 2.093946576265652837e+00 1.267805069631666726e-02 1.980190886948443918e+00 8.769463232397396724e-02 -1.116260808402918248e-01 3.513255425837980006e-02 -1.440536790242349652e-01 4.911691301092676598e-01 6.853191662143333085e-01 0.000000000000000000e+00
-2.496034066818985861e-02 -2.538953618549369962e-01 3.388573251294134669e-01 2.101537508819284028e+00 2.600936974640077892e-02 1.977806375850736265e+00 1.022713280372249817e-01 -1.132802201276104787e-01 3.390297278309017948e-02 -1.442484060341901742e-01 4.915687707203477141e-01 6.986254508638325422e-01 0.000000000000000000e+00
-2.130488532324487788e-02 -2.539944981979291305e-01 3.395469160161572741e-01 2.109210930351796520e+00 3.933032007449455136e-02 1.975704487558466838e+00 1.168209676982764761e-01 -1.146901475429688566e-01 3.251027269103334838e-02 -1.444155526821062907e-01 4.920949780622337344e-01 7.119297381425141458e-01 0.000000000000000000e+00
-1.793688165338293283e-02 -2.540683072986080759e-01 3.401554001397992799e-01 2.116356528223802158e+00 5.160872592548226834e-02 1.974016211233403206e+00 1.302218944350143348e-01 -1.157714991364603152e-01 3.107762518262502383e-02 -1.445448657977864426e-01 4.926941893075016399e-01 7.242046470808528591e-01 0.000000000000000000e+00
-1.457551438369480458e-02 -2.541255732966292147e-01 3.407369770834181577e-01 2.123551737775520643e+00 6.386233363586146794e-02 1.972568959578212766e+00 1.435896398490454640e-01 -1.166409380085871306e-01 2.950343066227922861e-02 -1.446499940818173346e-01 4.934022239728128034e-01 7.364699020602399893e-01 0.000000000000000000e+00
-1.094222770619091012e-02 -2.541696817396045249e-01 3.413364144981165804e-01 2.131390819058357700e+00 7.710025436601863902e-02 1.971273669074409929e+00 1.580282506597758818e-01 -1.173416406585221922e-01 2.763735368646091928e-02 -1.447362139221086419e-01 4.942925187252262820e-01 7.497418319316770940e-01 0.000000000000000000e+00
-7.596562897232274000e-03 -2.541942595552977302e-01 3.418616541498282757e-01 2.138657185295598673e+00 8.927828259588377335e-02 1.970328013416217994e+00 1.713115655448731178e-01 -1.177660486677399448e-01 2.576648302068007546e-02 -1.447901762236963874e-01 4.952275212944394767e-01 7.619747960828470168e-01 0.000000000000000000e+00
-3.981559303699059790e-03 -2.542040971866033616e-01 3.424000356804769440e-01 2.146549879986455522e+00 1.024173767621845421e-01 1.969574575440244946e+00 1.856478610354740377e-01 -1.179837121525834920e-01 2.357869618518004806e-02 -1.448205861943937245e-01 4.963631264727628722e-01 7.752030501124069772e-01 0.000000000000000000e+00
-6.539811622162401000e-04 -2.541985194448328489e-01 3.428684461609446954e-01 2.153844135069905796e+00 1.144880003526393963e-01 1.969130308374034799e+00 1.988261974393517040e-01 -1.179587866292560183e-01 2.140915200314719158e-02 -1.448223338938590954e-01 4.975252966829598056e-01 7.873874781527102629e-01 0.000000000000000000e+00
2.940147120533182987e-03 -2.541773305177816855e-01 3.433447962057036285e-01 2.161743668924955841e+00 1.274932521969818211e-01 1.968921244602812815e+00 2.130373077139620930e-01 -1.176861122231455392e-01 1.889579372438476845e-02 -1.447954526116060903e-01 4.989077768943336322e-01 8.005542131610892120e-01 0.000000000000000000e+00
6.247422290949477056e-03 -2.541442676363367958e-01 3.437557948752696380e-01 2.169022776434903932e+00 1.394251584635695096e-01 1.968978555007244946e+00 2.260902758095242604e-01 -1.172082162879092143e-01 1.642597812944512903e-02 -1.447439870235403270e-01 5.002971147455143042e-01 8.126739263869036112e-01 0.000000000000000000e+00
9.818502900195386768e-03 -2.540945870166719800e-01 3.441696916131758988e-01 2.176882991816893487e+00 1.522639790709594543e-01 1.969312159382186955e+00 2.401551286060188695e-01 -1.164446214243562427e-01 1.358798051380238903e-02 -1.446590987637940418e-01 5.019247722247434096e-01 8.257622313011796500e-01 0.000000000000000000e+00
1.310343335579526071e-02 -2.540368343101198079e-01 3.445224260087493828e-01 2.184104636067832672e+00 1.640264537989013505e-01 1.969872152103264273e+00 2.530626714613059547e-01 -1.155107590209847462e-01 1.081736087373830202e-02 -1.445534711370587699e-01 5.035409448217716966e-01 8.378015170620737306e-01 0.000000000000000000e+00
1.664916778069336703e-02 -2.539621860674097786e-01 3.448725146781627671e-01 2.191879669336007197e+00 1.766646360434949159e-01 1.970752271026596558e+00 2.669586631999326665e-01 -1.142503264889422748e-01 7.652327076233644831e-03 -1.444092276745173598e-01 5.054148448332923538e-01 8.507938150190526017e-01 0.000000000000000000e+00
1.990983943749440044e-02 -2.538826483835574521e-01 3.451660338029710062e-01 2.199002113774268352e+00 1.882274191284962761e-01 1.971816255947704377e+00 2.797009569095803005e-01 -1.128581590291033582e-01 4.580770232990749591e-03 -1.442485391922447013e-01 5.072572529649227446e-01 8.627369606645947098e-01 0.000000000000000000e+00
2.342839222116212955e-02 -2.537857813757571912e-01 3.454515409886154131e-01 2.206647816973829279e+00 2.006337390428689638e-01 1.973242142640809327e+00 2.934079141450818828e-01 -1.111017793230608675e-01 1.091097098605553484e-03 -1.440443746051764951e-01 5.093750652427809777e-01 8.756172061187084132e-01 0.000000000000000000e+00
2.666300926503862093e-02 -2.536874461595121644e-01 3.456846500165612346e-01 2.213630407157770819e+00 2.119670554569719201e-01 1.974812105097635273e+00 3.059655176331325110e-01 -1.092496506534516437e-01 -2.280597999489319960e-03 -1.438277763847689850e-01 5.114429099606867535e-01 8.874488984726306429e-01 0.000000000000000000e+00
3.015231886852935347e-02 -2.535720978380905377e-01 3.459038721470274469e-01 2.221102854371938662e+00 2.241081729960932023e-01 1.976788245244900599e+00 3.194614193522453127e-01 -1.069928213666912348e-01 -6.095975735191494493e-03 -1.435624256716562241e-01 5.138051005580733799e-01 9.001998474558209340e-01 0.000000000000000000e+00
3.335917715355273677e-02 -2.534580318849866676e-01 3.460752170672515282e-01 2.227906249781097969e+00 2.351826631142186486e-01 1.978866288084564218e+00 3.318152577273912884e-01 -1.046797577690381370e-01 -9.766344349538602643e-03 -1.432891686990572788e-01 5.160972500187909207e-01 9.119051728160190162e-01 0.000000000000000000e+00
3.681764174741770229e-02 -2.533270873154402358e-01 3.462269370583601069e-01 2.235164237091517236e+00 2.470285289163327569e-01 1.981392784162889331e+00 3.450810290388076074e-01 -1.019248591017840738e-01 -1.390329878686746845e-02 -1.429622490304932325e-01 5.187010559060749593e-01 9.245117784681271544e-01 0.000000000000000000e+00
3.999513179183890321e-02 -2.532004087837400053e-01 3.463350587335492503e-01 2.241750622923166070e+00 2.578154347427501492e-01 1.983980846098484685e+00 3.572125933314727608e-01 -9.915056097046447137e-02 -1.787047670470420790e-02 -1.426316175811599141e-01 5.212161785290594374e-01 9.360760894486055417e-01 0.000000000000000000e+00
4.342079252850038207e-02 -2.530577525143702933e-01 3.464171080827433968e-01 2.248753291198115178e+00 2.693333328108837854e-01 1.987062522797260034e+00 3.702268956569583769e-01 -9.589459686649040582e-02 -2.232820889533337905e-02 -1.422420137584381183e-01 5.240614332586729374e-01 9.485217070128183492e-01 0.000000000000000000e+00
4.656732781782815800e-02 -2.529216267244397964e-01 3.464602468041745320e-01 2.255086645578723292e+00 2.798041533948207871e-01 1.990162881202538259e+00 3.821180763717303419e-01 -9.265948032042463367e-02 -2.658913348140568012e-02 -1.418533919763683149e-01 5.267979644367838388e-01 9.599308888597994915e-01 0.000000000000000000e+00
4.995873853919757107e-02 -2.527702171152612087e-01 3.464711625174830556e-01 2.261796996920796943e+00 2.909653940428933439e-01 1.993799073192350724e+00 3.948632329795497831e-01 -8.890632900806798300e-02 -3.136245026120909607e-02 -1.414008709728933888e-01 5.298813390573638982e-01 9.722014701613669319e-01 0.000000000000000000e+00
5.333147122618693559e-02 -2.526160033034706154e-01 3.464439384981237158e-01 2.268340434067161127e+00 3.019277784154388300e-01 1.997726177253000834e+00 4.074597186195155762e-01 -8.489290363342653911e-02 -3.629968460610721870e-02 -1.409151103900629642e-01 5.330888502742553436e-01 9.843743134509281845e-01 0.000000000000000000e+00
5.642796610330806650e-02 -2.524716402831783668e-01 3.463847133414262869e-01 2.274225012781052158e+00 3.118647553665812033e-01 2.001608012153895721e+00 4.189521575400753650e-01 -8.095972263138054292e-02 -4.100016393009697779e-02 -1.404373725800163730e-01 5.361582432991125469e-01 9.955214402466455725e-01 0.000000000000000000e+00
5.976389145455941049e-02 -2.523139397741306911e-01 3.462830407332018190e-01 2.280423337999494926e+00 3.224250901688145987e-01 2.006091772571648058e+00 4.312515009814156253e-01 -7.645185643323067215e-02 -4.624605864533481991e-02 -1.398879291576194117e-01 5.396005454556080938e-01 1.007497276194568414e+00 0.000000000000000000e+00
6.282549608813185749e-02 -2.521681948578688437e-01 3.461538544737228773e-01 2.285974210464642997e+00 3.319764954563835246e-01 2.010488667068336621e+00 4.424606461410182101e-01 -7.206205981753377454e-02 -5.123003146736371249e-02 -1.393510275594810055e-01 5.428862204504932842e-01 1.018455518289972161e+00 0.000000000000000000e+00
6.586977170966885897e-02 -2.520229311222250690e-01 3.459902999464298801e-01 2.291355149450865270e+00 3.413332778613291651e-01 2.015132659422368633e+00 4.535280778411149849e-01 -6.745407956834294227e-02 -5.634822760833246846e-02 -1.387856218153003807e-01 5.462748266215101678e-01 1.029318685534459821e+00 0.000000000000000000e+00
6.914766811247897993e-02 -2.518670885852430374e-01 3.457735482766444712e-01 2.296985495735159866e+00 3.512425196872923649e-01 2.020443047391265345e+00 4.653532454503666593e-01 -6.221602869475297698e-02 -6.204313128335803285e-02 -1.381407623244729210e-01 5.500616752440347090e-01 1.040976207153090805e+00 0.000000000000000000e+00
7.240445311996192290e-02 -2.517133374002266666e-01 3.455153942954048429e-01 2.302402969651832443e+00 3.609097891940842295e-01 2.026041285471162468e+00 4.770045086404360313e-01 -5.672539779771502283e-02 -6.789143303717182221e-02 -1.374625217738569827e-01 5.539671344036086742e-01 1.052515950472513229e+00 0.000000000000000000e+00
7.539132936855812150e-02 -2.515744308812014052e-01 3.452393268142995297e-01 2.307208285627843747e+00 3.696105100733619864e-01 2.031465786985102717e+00 4.876000614848843839e-01 -5.143194068988381218e-02 -7.342521546624758422e-02 -1.368065102959648005e-01 5.576777167504161081e-01 1.063059671544245965e+00 0.000000000000000000e+00
7.835922776276450785e-02 -2.514390550245960143e-01 3.449265955228757452e-01 2.311821534267628486e+00 3.780917613407814848e-01 2.037135169518419442e+00 4.980395197999405443e-01 -4.592402421289554920e-02 -7.908722910181076315e-02 -1.361218282244622546e-01 5.614885671122649136e-01 1.073496932751402788e+00 0.000000000000000000e+00
8.155246560265420885e-02 -2.512973518441643517e-01 3.445455973789462445e-01 2.316597270533487407e+00 3.870248190233667174e-01 2.043552942033012521e+00 5.091685371002453442e-01 -3.971565475732442840e-02 -8.536416663307311303e-02 -1.353476223284409974e-01 5.657297177272433419e-01 1.084680611433081365e+00 0.000000000000000000e+00
8.472257012339122484e-02 -2.511612611465302014e-01 3.441202926268005502e-01 2.321138320628986840e+00 3.956876273918190634e-01 2.050254482265119194e+00 5.201078041728821599e-01 -3.325988179767414010e-02 -9.178637960179902855e-02 -1.345399521488472028e-01 5.700861832174223265e-01 1.095734061537455339e+00 0.000000000000000000e+00
8.762754362171641664e-02 -2.510417759634381296e-01 3.436874081957524418e-01 2.325117373640706031e+00 4.034363745379399013e-01 2.056692280317292898e+00 5.300323070016577098e-01 -2.708055120095788706e-02 -9.784267423674797293e-02 -1.337644729289297618e-01 5.742099550073553882e-01 1.105818054426013219e+00 0.000000000000000000e+00
9.051169177190686310e-02 -2.509287796803875703e-01 3.432153202554540927e-01 2.328889616566970133e+00 4.109423547264219323e-01 2.063369362883679337e+00 5.397879654173224351e-01 -2.069193359326423551e-02 -1.040196100690780057e-01 -1.329603647272939448e-01 5.784308655980492375e-01 1.115785534016879854e+00 0.000000000000000000e+00
9.361202057166050083e-02 -2.508146272296169488e-01 3.426588091500621380e-01 2.332739858632329799e+00 4.187930037907827696e-01 2.070871238025135952e+00 5.501622095751852459e-01 -1.353573782365279955e-02 -1.108455582590601729e-01 -1.320569039722414018e-01 5.831127027944085217e-01 1.126449230495720766e+00 0.000000000000000000e+00
9.645118587241376107e-02 -2.507173501376717129e-01 3.421029753256730754e-01 2.336074291131889691e+00 4.257761636390022808e-01 2.078040418809411705e+00 5.595571761107122066e-01 -6.715908142245432914e-03 -1.172671054375136190e-01 -1.311933323768911808e-01 5.875335502039401581e-01 1.136166972155365329e+00 0.000000000000000000e+00
9.950178019028811660e-02 -2.506215200373622110e-01 3.414544883178230461e-01 2.339447382437843448e+00 4.330498401921785145e-01 2.086068496891640756e+00 5.695357078201028767e-01 9.022544653136954640e-04 -1.243521792015604976e-01 -1.302257976304869724e-01 5.924292392358327941e-01 1.146556096725819041e+00 0.000000000000000000e+00
1.022937071606578457e-01 -2.505428534343899227e-01 3.408122030764967891e-01 2.342338821312665242e+00 4.394884694335057240e-01 2.093718322723250758e+00 5.785588304884276001e-01 8.146173889983350513e-03 -1.310090166623223418e-01 -1.293030788918017593e-01 5.970462284596486091e-01 1.156015378601671362e+00 0.000000000000000000e+00
1.052915923884212845e-01 -2.504690131870121461e-01 3.400683202207023248e-01 2.345230161307103600e+00 4.461594742447259065e-01 2.102260948213981351e+00 5.881275017060549892e-01 1.622097506275257256e-02 -1.383442944107824424e-01 -1.282715117659379844e-01 6.021529064289028454e-01 1.166118879145213949e+00 0.000000000000000000e+00
1.080337968406269861e-01 -2.504117471739071288e-01 3.393367755975655875e-01 2.347677653853880386e+00 4.520329702895198309e-01 2.110377606146434104e+00 5.967684607579534228e-01 2.388104611209350414e-02 -1.452260358256014516e-01 -1.272901119371085688e-01 6.069621093043952031e-01 1.175311312279840648e+00 0.000000000000000000e+00
1.109766279510132764e-01 -2.503622386183373405e-01 3.384949298931942963e-01 2.350090511449770325e+00 4.580827422410069794e-01 2.119416301141856529e+00 6.059193485795747458e-01 3.240068985396033635e-02 -1.527983349110784150e-01 -1.261954778276803413e-01 6.122741835727217863e-01 1.185122797209855916e+00 0.000000000000000000e+00
1.136664525285852184e-01 -2.503290178314142023e-01 3.376713551639579092e-01 2.352098388683247610e+00 4.633721942849939879e-01 2.127983091872517107e+00 6.141689561092859018e-01 4.046819334116436712e-02 -1.598939281614308872e-01 -1.251559877975735591e-01 6.172714056211736633e-01 1.194041191068313301e+00 0.000000000000000000e+00
1.165508260989004258e-01 -2.503072151238461829e-01 3.367280882148977472e-01 2.354038535807192467e+00 4.687783665762301766e-01 2.137500224540274552e+00 6.228901428890227798e-01 4.942550264105050051e-02 -1.676923296234553717e-01 -1.239986195997171692e-01 6.227854140791555526e-01 1.203551206162931653e+00 0.000000000000000000e+00
1.191854339794419793e-01 -2.503005094117724538e-01 3.358097839607910307e-01 2.355615849970988940e+00 4.734667509360148685e-01 2.146497529996712839e+00 6.307404094132766925e-01 5.789088447570696350e-02 -1.749900568005451351e-01 -1.229017883823896179e-01 6.279662610847683846e-01 1.212189036000549169e+00 0.000000000000000000e+00
1.220085745192007187e-01 -2.503083993119015749e-01 3.347626934214609773e-01 2.357097017053058963e+00 4.782147572620223386e-01 2.156468335045304219e+00 6.390263690918674966e-01 6.727241869248591633e-02 -1.830000464111762870e-01 -1.216829510976228240e-01 6.336760784618983289e-01 1.221392787569808736e+00 0.000000000000000000e+00
1.245849001924033833e-01 -2.503304930596599309e-01 3.337469872740753685e-01 2.358257632024121087e+00 4.822869250549803866e-01 2.165874005455729723e+00 6.464703703918297517e-01 7.612532791645174046e-02 -1.904872574998253132e-01 -1.205296691875639981e-01 6.390359564717916774e-01 1.229744460748297019e+00 0.000000000000000000e+00
1.273429400650303578e-01 -2.503710276317725469e-01 3.325927472989974598e-01 2.359296375200920615e+00 4.863586452853310149e-01 2.176274983341534242e+00 6.543116487474045506e-01 8.592199069052519622e-02 -1.986960520858307433e-01 -1.192500286061593390e-01 6.449377211844891100e-01 1.238634758257254109e+00 0.000000000000000000e+00
1.298577319045340628e-01 -2.504239776943558704e-01 3.314771207809276699e-01 2.360058797129754193e+00 4.898018124291922959e-01 2.186064028216924804e+00 6.613437256057588254e-01 9.515121706008682068e-02 -2.063594312805885345e-01 -1.180413363006700689e-01 6.504717033506465240e-01 1.246695481086651514e+00 0.000000000000000000e+00
1.325474889204301954e-01 -2.504986434472505352e-01 3.302135193184190243e-01 2.360678489807796154e+00 4.931875128437916977e-01 2.196865256793686605e+00 6.687375263191729369e-01 1.053479199194038013e-01 -2.147507855593191461e-01 -1.167024819969031679e-01 6.565588906542405567e-01 1.255269395058107085e+00 0.000000000000000000e+00
1.349972898937599197e-01 -2.505842363782755933e-01 3.289955403672880085e-01 2.361065737595652081e+00 4.959911743664457973e-01 2.207010798066739277e+00 6.753532845201205559e-01 1.149414334365746471e-01 -2.225760849483533477e-01 -1.154395860408523877e-01 6.622620501286452521e-01 1.263035705428996014e+00 0.000000000000000000e+00
1.376144420288978876e-01 -2.506954278621893462e-01 3.276195978158432665e-01 2.361292212644664268e+00 4.986779767825177956e-01 2.218183508535227499e+00 6.822928165305944814e-01 1.255271076178545164e-01 -2.311354846918680650e-01 -1.140425583120240616e-01 6.685302658073375426e-01 1.271287776382715728e+00 0.000000000000000000e+00
1.401926209078370178e-01 -2.508257495449350283e-01 3.261847009030129363e-01 2.361327341779969391e+00 5.010006898502523676e-01 2.229535370628559221e+00 6.889970582587600090e-01 1.363076086776305040e-01 -2.397749124261396858e-01 -1.126161442650424060e-01 6.748894284372559671e-01 1.279373133452196276e+00 0.000000000000000000e+00
1.425365889006534048e-01 -2.509637321820632483e-01 3.248070080294766515e-01 2.361196621907851512e+00 5.028182628362429796e-01 2.240166428771077189e+00 6.949744567464155587e-01 1.464298678621013539e-01 -2.478175257601245018e-01 -1.112735365686141759e-01 6.808395295237382738e-01 1.286686573279717472e+00 0.000000000000000000e+00
1.448452974517492331e-01 -2.511187764957433233e-01 3.233779368329617876e-01 2.360917014534770875e+00 5.043222419186021988e-01 2.250936156990279713e+00 7.007495881492796785e-01 1.567124160546813638e-01 -2.559211254830719984e-01 -1.099065193363197024e-01 6.868650646480970456e-01 1.293856202408374179e+00 0.000000000000000000e+00
1.473054228906942320e-01 -2.513063656161952375e-01 3.217712354487397008e-01 2.360455130300764814e+00 5.055964485749626647e-01 2.262751574596345350e+00 7.067769209073743175e-01 1.680293526594049403e-01 -2.647646845148980965e-01 -1.083983961781430361e-01 6.934764286332459893e-01 1.301460592584986475e+00 0.000000000000000000e+00
1.495377214033360436e-01 -2.514975015050568419e-01 3.202338833145134123e-01 2.359890631295885388e+00 5.064459486979870917e-01 2.273786634517574345e+00 7.121305404887061652e-01 1.786349090026979336e-01 -2.729829333227737909e-01 -1.069817942153026280e-01 6.996546960461208498e-01 1.308330482932954730e+00 0.000000000000000000e+00
1.519131279341323082e-01 -2.517241511836073031e-01 3.185093370720117889e-01 2.359139542236971199e+00 5.070126652977742232e-01 2.285871483773042279e+00 7.177030053326151071e-01 1.902924639108426741e-01 -2.819411414395276427e-01 -1.054211235598673663e-01 7.064279802255466478e-01 1.315611165879067901e+00 0.000000000000000000e+00
1.540649624810034035e-01 -2.519517373895643897e-01 3.168623133011335136e-01 2.358325610928033278e+00 5.072086285232950686e-01 2.297139955132958988e+00 7.226363115149051497e-01 2.012055654257693393e-01 -2.902568619433001373e-01 -1.039568426911361282e-01 7.127531875515665805e-01 1.322181716920511452e+00 0.000000000000000000e+00
1.563506768919886158e-01 -2.522181839434421424e-01 3.150179897418451946e-01 2.357323452186910639e+00 5.070674252262916681e-01 2.309461450031179641e+00 7.277532426543561472e-01 2.131885253296081639e-01 -2.993109438592969074e-01 -1.023454637840700704e-01 7.196828658660072708e-01 1.329137627371689501e+00 0.000000000000000000e+00
1.584178583341797619e-01 -2.524821338293952722e-01 3.132602033607191361e-01 2.356297150896987880e+00 5.066136435044628072e-01 2.320931739271908878e+00 7.322687654406400126e-01 2.243927436411941312e-01 -3.077058934054992534e-01 -1.008355846040496356e-01 7.261490209927197181e-01 1.335410303845207425e+00 0.000000000000000000e+00
1.606099144440282511e-01 -2.527874079496448823e-01 3.112957476160395087e-01 2.355085850661760460e+00 5.057735802139822212e-01 2.333454243582969045e+00 7.369366876203036210e-01 2.366809018059559955e-01 -3.168354759384000019e-01 -9.917616892882126500e-02 7.332275034330686392e-01 1.342045836017248917e+00 0.000000000000000000e+00
1.627510338557651703e-01 -2.531129900495781015e-01 3.092681767263442127e-01 2.353781562385928616e+00 5.045712082406463850e-01 2.346069331158525895e+00 7.413709839933400048e-01 2.491216258116658033e-01 -3.259963506141090317e-01 -9.749255177718679777e-02 7.403813533322666229e-01 1.348514654305051463e+00 0.000000000000000000e+00
1.646815862757849136e-01 -2.534308506095761526e-01 3.073408372364364594e-01 2.352505165836663803e+00 5.031443197224270136e-01 2.357787951585753383e+00 7.452602644492917205e-01 2.607349722457151797e-01 -3.344750565765941541e-01 -9.591779133510931754e-02 7.470496423857161394e-01 1.354340186031545157e+00 0.000000000000000000e+00
1.667221952996547907e-01 -2.537935780618223447e-01 3.051924749953951466e-01 2.351054254487131789e+00 5.012582376891598912e-01 2.370555430957820064e+00 7.492545400312198289e-01 2.734514166480322417e-01 -3.436790744619626636e-01 -9.419012383456926152e-02 7.543418435035437186e-01 1.360494484994609454e+00 0.000000000000000000e+00
1.685576256969412989e-01 -2.541452100635072653e-01 3.031534692346194992e-01 2.349661255075202071e+00 4.992049981854913554e-01 2.382401203908210086e+00 7.527398189498065717e-01 2.853106061402095883e-01 -3.521876078286567679e-01 -9.257587370695294360e-02 7.611349016540633894e-01 1.366031196900884259e+00 0.000000000000000000e+00
1.703459890280392963e-01 -2.545123464039549255e-01 3.010610059433333485e-01 2.348225701545724853e+00 4.968561512313600659e-01 2.394298533707721610e+00 7.560341492182345302e-01 2.972809160288704677e-01 -3.607030654141851755e-01 -9.094365556435701770e-02 7.679854175051015197e-01 1.371431421801292183e+00 0.000000000000000000e+00
1.722290191977545182e-01 -2.549270803492406090e-01 2.987338898984724933e-01 2.346631868572786939e+00 4.939812957357130330e-01 2.407239252196731183e+00 7.593891995595163369e-01 3.103690877850921459e-01 -3.699301196429827243e-01 -8.915585055745160747e-02 7.754701651697418763e-01 1.377128589163244321e+00 0.000000000000000000e+00
1.739163764969315074e-01 -2.553246798614262070e-01 2.965306116867737485e-01 2.345134396572813973e+00 4.910283172057718915e-01 2.419226149506222168e+00 7.622926443589480572e-01 3.225558793808628866e-01 -3.784438461738024451e-01 -8.748835385279050969e-02 7.824355298427895233e-01 1.382249182149194233e+00 0.000000000000000000e+00
1.756882295823208040e-01 -2.557706131575638309e-01 2.940843236401221028e-01 2.343493100537793694e+00 4.875100228333719699e-01 2.432250825890334589e+00 7.652312428847687364e-01 3.358666914042152118e-01 -3.876571851229859700e-01 -8.566409682846463924e-02 7.900404526516199288e-01 1.387648341785166162e+00 0.000000000000000000e+00
1.772708648694481526e-01 -2.561956560117789605e-01 2.917715159452266560e-01 2.341968596461688978e+00 4.839713000626248984e-01 2.444305071087052195e+00 7.677547877547005184e-01 3.482490588925385988e-01 -3.961470763620498214e-01 -8.396441748650564085e-02 7.971136087697885397e-01 1.392496759707710030e+00 0.000000000000000000e+00
1.789270588974721521e-01 -2.566696370989908771e-01 2.892072066699228339e-01 2.340316209917325807e+00 4.798279256988196018e-01 2.457392718550592825e+00 7.702872542142842338e-01 3.617605733935420065e-01 -4.053219326334818184e-01 -8.210696249471624575e-02 8.048318490830017602e-01 1.397605235310700023e+00 0.000000000000000000e+00
1.805221613933753744e-01 -2.571561335217540933e-01 2.865827894942424847e-01 2.338672048060567832e+00 4.753708216501228989e-01 2.470504572360074036e+00 7.726162551665857192e-01 3.753660974810252293e-01 -4.144670946587594162e-01 -8.023384478676583165e-02 8.126053499888339360e-01 1.402567769685953758e+00 0.000000000000000000e+00
1.819391293192649806e-01 -2.576155221127202077e-01 2.841071816344425405e-01 2.337169472242740298e+00 4.709820184611697158e-01 2.482626107517194480e+00 7.745874604264352259e-01 3.880033627751828251e-01 -4.228760258006845074e-01 -7.849168802542005885e-02 8.198285752344287580e-01 1.407020841344675199e+00 0.000000000000000000e+00
1.833023478915059012e-01 -2.580835837320827331e-01 2.815814034294927826e-01 2.335688131868662420e+00 4.663359393065364955e-01 2.494761551924147280e+00 7.763914191698274569e-01 4.007101032842778632e-01 -4.312479390034575921e-01 -7.673783832241315439e-02 8.270956094799551961e-01 1.411353937596288466e+00 0.000000000000000000e+00
1.847177041978882162e-01 -2.585991167445155781e-01 2.787891902075325667e-01 2.334114715409154162e+00 4.610183382706334321e-01 2.507921235425918383e+00 7.781610231351580032e-01 4.145479215978432608e-01 -4.402687314058284507e-01 -7.482561375833060580e-02 8.350158505618507920e-01 1.415915799385539797e+00 0.000000000000000000e+00
1.859670977979688000e-01 -2.590812951740091852e-01 2.761612025690446393e-01 2.332698391936914639e+00 4.558547387057876321e-01 2.520077240848244138e+00 7.796292238441185907e-01 4.273815284433669093e-01 -4.485447708093588393e-01 -7.305023406238608796e-02 8.423685720154505674e-01 1.420008545348773632e+00 0.000000000000000000e+00
1.872582163407669475e-01 -2.596088519524297755e-01 2.732604233901804180e-01 2.331209407815316936e+00 4.499916428286789838e-01 2.533253388586728327e+00 7.810458923859863178e-01 4.413431504581073472e-01 -4.574483841237662052e-01 -7.111688730190784957e-02 8.503772966245640719e-01 1.424317539992521864e+00 0.000000000000000000e+00
1.883917341733517548e-01 -2.600992643865734366e-01 2.705339174027889815e-01 2.329882885630803813e+00 4.443366530119359226e-01 2.545421188126705481e+00 7.821969106091185564e-01 4.542789228209492269e-01 -4.656029833815886754e-01 -6.932397651585005260e-02 8.578081818561578142e-01 1.428182985156717155e+00 0.000000000000000000e+00
1.895561716667571173e-01 -2.606324554572159724e-01 2.675285001458503897e-01 2.328503841888245773e+00 4.379549276920453593e-01 2.558606834114597550e+00 7.832797519083446458e-01 4.683376170574229946e-01 -4.743603225731236606e-01 -6.737386848526111249e-02 8.658974005092189286e-01 1.432253094250685477e+00 0.000000000000000000e+00
1.906546536819223314e-01 -2.611653751857331840e-01 2.644709789741613859e-01 2.327191061230627689e+00 4.313170999707240938e-01 2.571794708086049042e+00 7.841996743278853987e-01 4.824352267353256285e-01 -4.830309092921489800e-01 -6.541696523270328079e-02 8.740248355239228495e-01 1.436206423730853610e+00 0.000000000000000000e+00
1.916095425472113534e-01 -2.616554386661689158e-01 2.616034143509903265e-01 2.326042938473979582e+00 4.249683307645533148e-01 2.583969940375214325e+00 7.849086078100645514e-01 4.954764269878209615e-01 -4.909498853725269285e-01 -6.360565366798871800e-02 8.815591845638659496e-01 1.439755352199493244e+00 0.000000000000000000e+00
1.925077512521211065e-01 -2.621418259647458338e-01 2.586937580061651754e-01 2.324960068838613836e+00 4.184140697360301253e-01 2.596146493696244839e+00 7.854889771906199414e-01 5.085380337121691019e-01 -4.987811768740137985e-01 -6.179070938509971522e-02 8.891223623226092165e-01 1.443212268452470637e+00 0.000000000000000000e+00
1.934167770368513950e-01 -2.626625036944264524e-01 2.554956022904109059e-01 2.323864917906239391e+00 4.110891026713612284e-01 2.609339348718904272e+00 7.859789322521673061e-01 5.227036871559231912e-01 -5.071582832409127217e-01 -5.982169291077123197e-02 8.973462037687738313e-01 1.446858002826734380e+00 0.000000000000000000e+00
1.941971197565638130e-01 -2.631352161591203331e-01 2.525026736133277883e-01 2.322929928256224130e+00 4.041284047493629572e-01 2.621518571523541397e+00 7.863101629127459136e-01 5.357869986431554876e-01 -5.147860426560904035e-01 -5.800274140267949741e-02 9.049633771186184061e-01 1.450136886760840182e+00 0.000000000000000000e+00
1.949791172779069270e-01 -2.636363885002098173e-01 2.492178684448668191e-01 2.322002768273387918e+00 3.963798079193852075e-01 2.634714648801572245e+00 7.865452534579726596e-01 5.499607081492071670e-01 -5.229276590035989436e-01 -5.603206045266970886e-02 9.132410144188026768e-01 1.453600594074597074e+00 0.000000000000000000e+00
1.956425996225525654e-01 -2.640868132181817818e-01 2.461480759195409374e-01 2.321228963998728023e+00 3.890417929647647100e-01 2.646898471383672735e+00 7.866542433255840905e-01 5.630369955490642786e-01 -5.303227247185309245e-01 -5.421410346879755593e-02 9.209037278232877766e-01 1.456720753607733787e+00 0.000000000000000000e+00
1.962987060254628158e-01 -2.645589918251006756e-01 2.427836118064481408e-01 2.320482495954263591e+00 3.808993284745101349e-01 2.660101793079135302e+00 7.866634312313449673e-01 5.771869696319005261e-01 -5.381953617959414071e-01 -5.224734235901722784e-02 9.292263059668671721e-01 1.460023339675541099e+00 0.000000000000000000e+00
1.968906973296631335e-01 -2.650119623531972390e-01 2.393811310917508262e-01 2.319834452693856353e+00 3.725657320923696503e-01 2.673309924156533679e+00 7.865689555916743902e-01 5.913119100004899931e-01 -5.459165315863536705e-01 -5.028488391887305647e-02 9.375683917654313859e-01 1.463252156181153341e+00 0.000000000000000000e+00
1.973806857157495431e-01 -2.654106485177755159e-01 2.362083960619375533e-01 2.319325344175442449e+00 3.647096060860515188e-01 2.685508211210696938e+00 7.863968488062280660e-01 6.043199871869275874e-01 -5.529002054918956688e-01 -4.847864068260804987e-02 9.452840354965816871e-01 1.466172179158370614e+00 0.000000000000000000e+00
1.978174095325406501e-01 -2.657882793165217694e-01 2.330069172986995452e-01 2.318903663267063653e+00 3.567033568227175877e-01 2.697713618668515778e+00 7.861512387746953934e-01 6.172917122244855337e-01 -5.597390700131645858e-01 -4.667878071058081946e-02 9.530122626638827255e-01 1.469040270494331502e+00 0.000000000000000000e+00
1.982314239545537593e-01 -2.661708765121424958e-01 2.295084560791952333e-01 2.318546802865359968e+00 3.478676398263269576e-01 2.710945817705652239e+00 7.858110865244651855e-01 6.312945466570949460e-01 -5.669754113271279206e-01 -4.473771910531975510e-02 9.613963598286429102e-01 1.472095049422706969e+00 0.000000000000000000e+00
1.985603582881329543e-01 -2.664970140113171460e-01 2.262535016357200002e-01 2.318310833393728121e+00 3.395691036505197324e-01 2.723170081900531780e+00 7.854377113396359134e-01 6.441666028908566988e-01 -5.734889707212437182e-01 -4.295550257551430939e-02 9.691440946509285448e-01 1.474872992755768442e+00 0.000000000000000000e+00
1.988604336960613783e-01 -2.668181520815509633e-01 2.227020661899252185e-01 2.318157371665831690e+00 3.304317626337507363e-01 2.736425470674303639e+00 7.849787155257608173e-01 6.580442021732051394e-01 -5.803565308032583303e-01 -4.103674910557186112e-02 9.775445036773654506e-01 1.477844281583969854e+00 0.000000000000000000e+00
1.990867536348027156e-01 -2.670822119977533382e-01 2.194026860056262906e-01 2.318110379070666305e+00 3.218669761426302678e-01 2.748674616839130280e+00 7.845136610204057614e-01 6.707837661427353826e-01 -5.865122279258946358e-01 -3.927826799898174320e-02 9.853028911440117055e-01 1.480558309050869603e+00 0.000000000000000000e+00
1.992787978934765780e-01 -2.673301704080580654e-01 2.158081642579323112e-01 2.318162374177641816e+00 3.124540907153035008e-01 2.761960553894230230e+00 7.839757690592369377e-01 6.844990457566434428e-01 -5.929727238352906493e-01 -3.738873856081370572e-02 9.937098249151192775e-01 1.483475269392833473e+00 0.000000000000000000e+00
1.994177411529068633e-01 -2.675354742865468927e-01 2.121956612971014344e-01 2.318321713850245658e+00 3.029090318247615876e-01 2.775263861678650024e+00 7.834139086482575509e-01 6.981159881473003592e-01 -5.992091147389564387e-01 -3.551702733481398866e-02 1.002116292633036254e+00 1.486376383926311329e+00 0.000000000000000000e+00
1.995005762409835237e-01 -2.676842071243219490e-01 2.088475156795289722e-01 2.318563417807270266e+00 2.939856840304893026e-01 2.787561178119001060e+00 7.828842724864679692e-01 7.105885702175501750e-01 -6.047562795525098789e-01 -3.380694710044145762e-02 1.009873281940109946e+00 1.489047667657715124e+00 0.000000000000000000e+00
1.995433296096736642e-01 -2.677980667293209383e-01 2.052086305211776041e-01 2.318927302161322146e+00 2.842026652450075908e-01 2.800903088886973258e+00 7.823102946925287737e-01 7.239856686602210711e-01 -6.105291472684473142e-01 -3.197537054430707459e-02 1.018271027805456752e+00 1.491942923236794893e+00 0.000000000000000000e+00
1.995416257172544228e-01 -2.678568657371511730e-01 2.018415643827697337e-01 2.319357069272541594e+00 2.750703130828586751e-01 2.813237406409789365e+00 7.817909782799631335e-01 7.362379407292940492e-01 -6.156322299702299272e-01 -3.030567881234127667e-02 1.026015367097352859e+00 1.494624726454504504e+00 0.000000000000000000e+00
1.995025232588836239e-01 -2.678684946064908701e-01 1.984692811291315084e-01 2.319875503127318606e+00 2.658442496876753935e-01 2.825590448372519603e+00 7.812924345239002921e-01 7.483715689718041242e-01 -6.205094766115737404e-01 -2.865788325796297248e-02 1.033750185588351744e+00 1.497322774954863878e+00 0.000000000000000000e+00
1.994205381955774514e-01 -2.678249231847122935e-01 1.948131476137512919e-01 2.320536348037158358e+00 2.557481808523403011e-01 2.838994206988675106e+00 7.807879652344120736e-01 7.613728550974619980e-01 -6.255294686873459353e-01 -2.689933765294020770e-02 1.042116506152835687e+00 1.500273157968508242e+00 0.000000000000000000e+00
1.993107199011128761e-01 -2.677299275486797470e-01 1.914384178012323301e-01 2.321236360462207049e+00 2.463385969748124182e-01 2.851387003835178735e+00 7.803671192031523818e-01 7.732315119574213469e-01 -6.299093034160901938e-01 -2.530257492295055061e-02 1.049824626453906395e+00 1.503030728119230774e+00 0.000000000000000000e+00
1.991576851827975281e-01 -2.675645631834665528e-01 1.877858998164144699e-01 2.322090259085195285e+00 2.360508796531703979e-01 2.864833900460885818e+00 7.799732376779295873e-01 7.859132853312967848e-01 -6.343687000824006494e-01 -2.360356761304786485e-02 1.058156592240328209e+00 1.506064734391103555e+00 0.000000000000000000e+00
1.989877375798382031e-01 -2.673517067443212381e-01 1.844204532887142589e-01 2.322965263212056986e+00 2.264708756480922069e-01 2.877265073657189642e+00 7.796788917984486256e-01 7.974586212890083514e-01 -6.382140383803659445e-01 -2.206542979714817831e-02 1.065828227234465020e+00 1.508917246234687370e+00 0.000000000000000000e+00
1.987756633616577506e-01 -2.670528292691031758e-01 1.807844829125664909e-01 2.324004827989976540e+00 2.160043330329766142e-01 2.890751291248964794e+00 7.794490609963747874e-01 8.097808679157233458e-01 -6.420756885400081826e-01 -2.043395026563581823e-02 1.074115518493600874e+00 1.512073757916703842e+00 0.000000000000000000e+00
1.985570091788065039e-01 -2.667109802500329807e-01 1.774403912263654570e-01 2.325046659167416152e+00 2.062628228663747620e-01 2.903216642296167382e+00 7.793326142777110555e-01 8.209734681870537454e-01 -6.453484472036066233e-01 -1.896231657558245312e-02 1.081740947642824802e+00 1.515058628866464696e+00 0.000000000000000000e+00
1.982987226905141009e-01 -2.662661209841034049e-01 1.738342412046414431e-01 2.326261614518788878e+00 1.956240450810899922e-01 2.916736542345879979e+00 7.793252240056860458e-01 8.328905814329402579e-01 -6.485668108019401190e-01 -1.740752984168056697e-02 1.089972578835177952e+00 1.518380256536066009e+00 0.000000000000000000e+00
1.980435736865885643e-01 -2.657842988554197095e-01 1.705239340090668743e-01 2.327460607260363190e+00 1.857256725147613530e-01 2.929228089168526949e+00 7.794409383550500170e-01 8.436898328112661938e-01 -6.512279079421744443e-01 -1.601062382763644362e-02 1.097541748706373888e+00 1.521537034534191202e+00 0.000000000000000000e+00
1.977525488929370856e-01 -2.651822685972219928e-01 1.669611903319207502e-01 2.328840331225407567e+00 1.749178636182309177e-01 2.942770008446018437e+00 7.797146447360828736e-01 8.551598678891557670e-01 -6.537644357224204894e-01 -1.454109986050912753e-02 1.105707266924665921e+00 1.525066388768818948e+00 0.000000000000000000e+00
1.974736848244012521e-01 -2.645497307995077763e-01 1.636973398819606129e-01 2.330185421892784881e+00 1.648623709831538164e-01 2.955275696801682450e+00 7.801194452217748987e-01 8.655242250614715305e-01 -6.557740570809943437e-01 -1.322744051707059991e-02 1.113210124084718755e+00 1.528436619128314078e+00 0.000000000000000000e+00
1.971641690291282834e-01 -2.637783545594173940e-01 1.601920017508124683e-01 2.331716608024383852e+00 1.538818766431244711e-01 2.968824712488458584e+00 7.807393625445181451e-01 8.764984461234155422e-01 -6.575805458274222026e-01 -1.185315784842724297e-02 1.121298011157235042e+00 1.532221503669534801e+00 0.000000000000000000e+00
1.968747795396460498e-01 -2.629845893983939753e-01 1.569875574636210303e-01 2.333195257223074748e+00 1.436638612741116816e-01 2.981327604420497046e+00 7.814930371330106595e-01 8.863850321961712631e-01 -6.588978784606299710e-01 -1.063162307275944060e-02 1.128724369014975304e+00 1.535848729074222652e+00 0.000000000000000000e+00
1.965609542946169797e-01 -2.620333388636164051e-01 1.535535344357827903e-01 2.334864331257558323e+00 1.325024003387267335e-01 2.994862079220610873e+00 7.825232144216804908e-01 8.968196968212651665e-01 -6.599342475988342338e-01 -9.361748802414797399e-03 1.136724105455410028e+00 1.539935616083058401e+00 0.000000000000000000e+00
1.962508854306737605e-01 -2.609835531459493430e-01 1.501623774509660003e-01 2.336598039591544662e+00 1.212408451467661408e-01 3.008379092894188034e+00 7.837960722646839518e-01 9.069521592416623923e-01 -6.605483725462065747e-01 -8.150665373579606132e-03 1.144673108677078499e+00 1.544200801726874683e+00 0.000000000000000000e+00
1.959711319459979950e-01 -2.599251324206145464e-01 1.470733081426865985e-01 2.338252879833827791e+00 1.107529848462336375e-01 3.020833203716878579e+00 7.852010228977550632e-01 9.160280124995706652e-01 -6.607331293468308164e-01 -7.086875038823161992e-03 1.151963245845061490e+00 1.548306996653613599e+00 0.000000000000000000e+00
1.957008149566863697e-01 -2.587783009589380567e-01 1.440270127904901831e-01 2.339955918146888081e+00 1.001713204980960725e-01 3.033257942575994015e+00 7.868434609210342989e-01 9.248260314767564605e-01 -6.605395841146092240e-01 -6.077505256615454987e-03 1.159205446113422910e+00 1.552587628631752370e+00 0.000000000000000000e+00
1.954219299690488354e-01 -2.574337910361976234e-01 1.407785585682225782e-01 2.341851409979803567e+00 8.859605707152162779e-02 3.046675543308605238e+00 7.889080099770909849e-01 9.340324462071059042e-01 -6.598927688648562606e-01 -5.047869442690626311e-03 1.166994393353577575e+00 1.557434581815696495e+00 0.000000000000000000e+00
1.951808059965042530e-01 -2.560955760112708091e-01 1.378311421105550272e-01 2.343642610561775808e+00 7.780152558160402521e-02 3.059012304673940363e+00 7.910960631287000666e-01 9.422174720803826453e-01 -6.588789034378631504e-01 -4.159224341721900337e-03 1.174128735597790740e+00 1.562115753221783310e+00 0.000000000000000000e+00
1.949406773189784337e-01 -2.545378975250065512e-01 1.346971700076582401e-01 2.345623243366548039e+00 6.598063970643419651e-02 3.072312834774846735e+00 7.937921142582416989e-01 9.507320641385568205e-01 -6.573164934053408182e-01 -3.266297377063031009e-03 1.181794644795584048e+00 1.567425963277346623e+00 0.000000000000000000e+00
1.947411761847138434e-01 -2.529985260700285954e-01 1.318618620862778146e-01 2.347484597594714284e+00 5.494460689058655589e-02 3.084519353170579237e+00 7.965975547295585102e-01 9.582564929034393941e-01 -6.554375000982354260e-01 -2.508626746563861858e-03 1.188810343213234200e+00 1.572560005226801394e+00 0.000000000000000000e+00
1.945521522292573413e-01 -2.512182620484250117e-01 1.288562411282670184e-01 2.349531664018474242e+00 4.284445101111522547e-02 3.097652705789735172e+00 8.000002756543528326e-01 9.660316582849530764e-01 -6.529164186523119806e-01 -1.762813164625024777e-03 1.196342428566250726e+00 1.578388466430494352e+00 0.000000000000000000e+00
1.944056954568630646e-01 -2.494680604984190753e-01 1.261461331831572608e-01 2.351443679656262553e+00 3.153226553514265618e-02 3.109678734216211993e+00 8.034976719558992730e-01 9.728470869886293171e-01 -6.501268905685084754e-01 -1.146689025914916695e-03 1.203228830512977687e+00 1.584029840567609426e+00 0.000000000000000000e+00
1.942802087061187288e-01 -2.474535188709227063e-01 1.232835106275474157e-01 2.353533378931548903e+00 1.911166721794366197e-02 3.122585326800009220e+00 8.076941480435917420e-01 9.798247022026913555e-01 -6.465911447472647566e-01 -5.605998957437894215e-04 1.210614442006040070e+00 1.590440069311430005e+00 0.000000000000000000e+00
