5.646035762245649181e-04 -7.468623353469316939e-04 1.946070281006295755e-03 -1.962094146021442498e-03 2.832419623797655106e-03 -6.751127654057720306e-03 0.000000000000000000e+00
6.553984079300245735e-04 -7.516430569383114602e-04 2.082287539350302641e-03 -1.974349347203308014e-03 3.013505137599459260e-03 -7.178109735768378741e-03 0.000000000000000000e+00
6.453909269136248739e-04 -6.425671252426878866e-04 1.896602395309449074e-03 -1.682565926782508825e-03 2.731583723177610779e-03 -6.501014196218291019e-03 0.000000000000000000e+00
7.427529096873386472e-04 -6.427770510137875704e-04 2.025613189546998649e-03 -1.671760146928491508e-03 2.906141275370810462e-03 -6.908821440498869038e-03 0.000000000000000000e+00
7.254216907230104372e-04 -5.461978995337513076e-04 1.841920030461546842e-03 -1.404892162917725784e-03 2.634898608255387131e-03 -6.255484974642344653e-03 0.000000000000000000e+00
8.287261416534130731e-04 -5.426855346628567389e-04 1.964035314875739457e-03 -1.373071239451739700e-03 2.803764196287250599e-03 -6.646090623096068128e-03 0.000000000000000000e+00
8.045107751190327949e-04 -4.572010014156635549e-04 1.782680605918796068e-03 -1.130077933271245172e-03 2.541799596971650033e-03 -6.014262624618682551e-03 0.000000000000000000e+00
9.140368752223460014e-04 -4.498093902165489766e-04 1.897307737326214827e-03 -1.076498237789103030e-03 2.704186454939083717e-03 -6.385653234403099177e-03 0.000000000000000000e+00
8.824546608038608131e-04 -3.749953034907771432e-04 1.719243666757408473e-03 -8.587781152478157765e-04 2.451663205665255418e-03 -5.776121262155431424e-03 0.000000000000000000e+00
9.975841629845660918e-04 -3.644016651056514178e-04 1.826774771237577033e-03 -7.855635234594871008e-04 2.608491132065182683e-03 -6.130130135316491646e-03 0.000000000000000000e+00
9.591122547418506894e-04 -2.990345381956305282e-04 1.652136573971729749e-03 -5.919357362840216297e-04 2.364284157049034718e-03 -5.540553323511998585e-03 0.000000000000000000e+00
1.080082781995284069e-03 -2.850918745845865132e-04 1.751954365526359192e-03 -4.984167942394535089e-04 2.514775087805176668e-03 -5.874926789400714000e-03 0.000000000000000000e+00
1.034278989562376072e-03 -2.288205981937352362e-04 1.581782275749510358e-03 -3.303811591504057787e-04 2.279294698161571375e-03 -5.306841267593620515e-03 0.000000000000000000e+00
1.160389507096515338e-03 -2.120677474986565336e-04 1.674341418549579741e-03 -2.188734925967494860e-04 2.424118475580439025e-03 -5.623031726642135908e-03 0.000000000000000000e+00
1.107758706575506791e-03 -1.637966648251332202e-04 1.508450422583879069e-03 -7.481059689506963650e-05 2.196317500181343974e-03 -5.073611775183506367e-03 0.000000000000000000e+00
1.239249009527682022e-03 -1.441525561821088708e-04 1.593342895399807446e-03 5.483108263071301280e-05 2.335106495595429266e-03 -5.370061177948581843e-03 0.000000000000000000e+00
1.179374202610133926e-03 -1.035749652579798230e-04 1.432712558485343957e-03 1.736203507247680022e-04 2.115352202208597987e-03 -4.840906636335740032e-03 0.000000000000000000e+00
1.315528751086397774e-03 -8.140508878956564942e-05 1.510270184910206259e-03 3.192712858268720311e-04 2.248654146990602953e-03 -5.118281482623165957e-03 0.000000000000000000e+00
1.248966776829396608e-03 -4.764554738834192449e-05 1.354792329062493028e-03 4.142156697080068284e-04 2.036255602094527717e-03 -4.607358319795640256e-03 0.000000000000000000e+00
1.389965826536082583e-03 -2.289701310748126772e-05 1.424592801541335607e-03 5.758548171082011891e-04 2.163757386064446564e-03 -4.863917899664560451e-03 0.000000000000000000e+00
1.316349846510495025e-03 4.375957641578054336e-06 1.275080210434681449e-03 6.460436035053973569e-04 1.959045070606180161e-03 -4.372618499736802278e-03 0.000000000000000000e+00
1.461492774403272410e-03 3.142136464773237492e-05 1.337604681990650635e-03 8.213893955009154979e-04 2.081421468229649463e-03 -4.609369604474666815e-03 0.000000000000000000e+00
1.381394662160043141e-03 5.287491125061105635e-05 1.193876790011427769e-03 8.682943983995272674e-04 1.883861325528091157e-03 -4.135977515176358921e-03 0.000000000000000000e+00
1.530833499192987834e-03 8.227335532562385367e-05 1.248744334695739422e-03 1.057069015924838595e-03 2.000845631423331383e-03 -4.350964151249359091e-03 0.000000000000000000e+00
1.443930984029909159e-03 9.822506425694044196e-05 1.111441619659342406e-03 1.080121827284230562e-03 1.810720894217077159e-03 -3.896513439817228530e-03 0.000000000000000000e+00
1.596965399755262416e-03 1.297592054496088387e-04 1.159205916463346142e-03 1.279993312354399393e-03 1.923049499895856940e-03 -4.090884518769488665e-03 0.000000000000000000e+00
1.503864798982956774e-03 1.407437093624008817e-04 1.028158628438635702e-03 1.280669456130922867e-03 1.739931797184013362e-03 -3.654105197795631810e-03 0.000000000000000000e+00
1.660658990537938751e-03 1.744723697680305996e-04 1.068357516302326227e-03 1.491373756749680979e-03 1.847591718995289511e-03 -3.825609429350507185e-03 0.000000000000000000e+00
1.561059483835822159e-03 1.807213562599607748e-04 9.442846671899873812e-04 1.469131433965209510e-03 1.671743319514362724e-03 -3.408303400593171162e-03 0.000000000000000000e+00
1.720901116455259006e-03 2.165149100692431716e-04 9.774783316960911073e-04 1.688319293638329555e-03 1.775382765483612957e-03 -3.557842128580235297e-03 0.000000000000000000e+00
1.615459394091869894e-03 2.184754262480881337e-04 8.600172195863398095e-04 1.644920170616792632e-03 1.606470638798818129e-03 -3.158355185560068890e-03 0.000000000000000000e+00
1.778473626716459144e-03 2.563100092545789188e-04 8.858808448500010702e-04 1.871937909077914242e-03 1.706230153234677971e-03 -3.284073432024525729e-03 0.000000000000000000e+00
1.666958784229247148e-03 2.542155773108678574e-04 7.756978013387927362e-04 1.807171486853498266e-03 1.544457047844005615e-03 -2.904379335592954803e-03 0.000000000000000000e+00
1.832462037903298535e-03 2.940148638431727690e-04 7.947847312889111393e-04 2.039758673659797239e-03 1.641048701820579936e-03 -3.007187284943979577e-03 0.000000000000000000e+00
1.715500924260371374e-03 2.881826385356389686e-04 6.915091414968488337e-04 1.955303928833806992e-03 1.486035600455792860e-03 -2.645804523759398563e-03 0.000000000000000000e+00
1.883648640014418119e-03 3.299322482198108197e-04 7.035166760675781727e-04 2.192695952246914715e-03 1.579864418553622585e-03 -2.723872183757913845e-03 0.000000000000000000e+00
1.761052452818268055e-03 3.205553294023388844e-04 6.076879646408073210e-04 2.088682009805609141e-03 1.431684535122990098e-03 -2.382735052170570356e-03 0.000000000000000000e+00
1.931149634877976640e-03 3.642279137504034203e-04 6.132617763303371827e-04 2.328636779671988677e-03 1.523362484595391919e-03 -2.437267911626239680e-03 0.000000000000000000e+00
1.803586263429954317e-03 3.515202475217193978e-04 5.245086638615281682e-04 2.206743237056940643e-03 1.381820328901106620e-03 -2.115253246611104032e-03 0.000000000000000000e+00
1.975765637287199561e-03 3.970637798074716507e-04 5.233080907391385317e-04 2.448337123944988036e-03 1.471759693006280401e-03 -2.144176042598200382e-03 0.000000000000000000e+00
1.843075184752837603e-03 3.812265888036292516e-04 4.421236771229575258e-04 2.308974822184950426e-03 1.336717027997202933e-03 -1.843192524925596487e-03 0.000000000000000000e+00
2.016734617754409320e-03 4.286420659693201962e-04 4.348300004445027067e-04 2.550099076239931151e-03 1.425875974576218397e-03 -1.848099353866317074e-03 0.000000000000000000e+00
1.879531966691092015e-03 4.098013199857475364e-04 3.607619821497376478e-04 2.394983847456622073e-03 1.296849560722179717e-03 -1.567006351488320348e-03 0.000000000000000000e+00
2.054774027455005814e-03 4.589917032042922784e-04 3.471533650181435338e-04 2.634447229388214851e-03 1.385641621696187542e-03 -1.546101340107242095e-03 0.000000000000000000e+00
1.912993035852725288e-03 4.373480272398810875e-04 2.806407589782400347e-04 2.464287929584862979e-03 1.262715649180901067e-03 -1.287032401215526534e-03 0.000000000000000000e+00
2.089215752867620846e-03 4.883538063463199741e-04 2.612974170006499008e-04 2.700207387860587005e-03 1.351774861875210121e-03 -1.241567610056559801e-03 0.000000000000000000e+00
1.943460670545918423e-03 4.639780950478344934e-04 2.019017061325456552e-04 2.516687545477402921e-03 1.234387432479167046e-03 -1.003476539787939714e-03 0.000000000000000000e+00
2.120797374822902537e-03 5.166675238773565937e-04 1.766097803044264225e-04 2.747782849886526435e-03 1.324442367538480880e-03 -9.318904675585937269e-04 0.000000000000000000e+00
1.970990875937883580e-03 4.897135928674800631e-04 1.247922456759920085e-04 2.551747286156036409e-03 1.212323029557538234e-03 -7.171433333834631441e-04 0.000000000000000000e+00
2.148897225030449443e-03 5.441819265347702661e-04 9.418607141173374053e-05 2.776290414989723843e-03 1.303999098567487636e-03 -6.210342299080018336e-04 0.000000000000000000e+00
1.995650162623818780e-03 5.146562550890632082e-04 4.938654612759996176e-05 2.569478238402034265e-03 1.196704100594470077e-03 -4.283658794730360597e-04 0.000000000000000000e+00
2.174239118656440262e-03 5.707210801174644743e-04 1.332884069651929515e-05 2.786079338362945634e-03 1.290674411813075295e-03 -3.065990013848551854e-04 0.000000000000000000e+00
2.017500449100040338e-03 5.388389081626421273e-04 -2.411694701942579400e-05 2.569654254918063430e-03 1.187676746277510631e-03 -1.379100768021945811e-04 0.000000000000000000e+00
2.196272409869720610e-03 5.965819055747667576e-04 -6.503081630196416718e-05 2.776706863076405796e-03 1.284504151643162118e-03 8.094158485461022678e-06 0.000000000000000000e+00
2.036628734697287779e-03 5.622898653848129591e-04 -9.558306810850125679e-05 2.552296331499448456e-03 1.185387391520631439e-03 1.533811850165101021e-04 0.000000000000000000e+00
2.215691803407290883e-03 6.215042832956041430e-04 -1.414831246052683511e-04 2.748403633027862725e-03 1.285646794653150238e-03 3.244963542701206904e-04 0.000000000000000000e+00
2.053114160225369411e-03 5.849996584650907216e-04 -1.648487161040879112e-04 2.517388931646991068e-03 1.189777753811682715e-03 4.446696648594539170e-04 0.000000000000000000e+00
2.232026252424794410e-03 6.458029885589300356e-04 -2.151240213666971712e-04 2.701163059883882056e-03 1.294003965642609444e-03 6.390816702803725491e-04 0.000000000000000000e+00
2.067066896122869701e-03 6.070178360212397095e-04 -2.319170655152580363e-04 2.465129804882337794e-03 1.200803509861181340e-03 7.355613215873635369e-04 0.000000000000000000e+00
2.245944609261321667e-03 6.691761373859295148e-04 -2.866133101453449683e-04 2.635157684031774750e-03 1.309553063534529826e-03 9.537397103223099748e-04 0.000000000000000000e+00
2.078588594456566574e-03 6.282992942616139054e-04 -2.965041359321574088e-04 2.395635912207261242e-03 1.218354784817243797e-03 1.024219552134830735e-03 0.000000000000000000e+00
2.257029690790099408e-03 6.919337141572667882e-04 -3.551324365163865959e-04 2.550755864938913930e-03 1.331908392764091786e-03 1.264875742767124223e-03 0.000000000000000000e+00
2.087798711326568912e-03 6.488593120160812688e-04 -3.586257573300888346e-04 2.309271763700770919e-03 1.242143091274350297e-03 1.310355946820163098e-03 0.000000000000000000e+00
2.265925596702210443e-03 7.137221494195045146e-04 -4.212533436775967033e-04 2.448095265840777301e-03 1.360985747168363957e-03 1.573744595677162295e-03 0.000000000000000000e+00
2.094812140175796034e-03 6.686886672704894785e-04 -4.182424005213791762e-04 2.206345536457376966e-03 1.271829531851675910e-03 1.593216637497230082e-03 0.000000000000000000e+00
2.272275672925178069e-03 7.348681150549096763e-04 -4.841889923868081258e-04 2.327938402980400667e-03 1.396184315177517732e-03 1.876793278904997919e-03 0.000000000000000000e+00
2.099768350024108776e-03 6.877451382548693815e-04 -4.752011515251619578e-04 2.087369358092061589e-03 1.307071205017606985e-03 1.871249570839728094e-03 0.000000000000000000e+00
2.276683980614764569e-03 7.549888130737869574e-04 -5.445959379886400331e-04 2.190405444912890687e-03 1.437185678478059003e-03 2.175658886172548989e-03 0.000000000000000000e+00
2.102784156225119550e-03 7.060105101904801117e-04 -5.294824978833156948e-04 1.952810701276952443e-03 1.347313176176534455e-03 2.143846493229739636e-03 0.000000000000000000e+00
2.278862372162973604e-03 7.744515118907613349e-04 -6.017993829199874689e-04 2.036687083393218245e-03 1.483261486434628296e-03 2.467025638429154455e-03 0.000000000000000000e+00
2.104010522724807791e-03 7.234506989808320299e-04 -5.810131961031805847e-04 1.803392497736311384e-03 1.392066057458674067e-03 2.409689065401510177e-03 0.000000000000000000e+00
2.279368932761864641e-03 7.927920717675229767e-04 -6.563022419839303900e-04 1.866791989349358971e-03 1.533948051085420872e-03 2.751834246061957145e-03 0.000000000000000000e+00
2.103576953110475323e-03 7.400604007524735906e-04 -6.298331323401906712e-04 1.639762150976054045e-03 1.440666590516226364e-03 2.668360193247121259e-03 0.000000000000000000e+00
2.277968298646265710e-03 8.104264716725095852e-04 -7.075561039694422405e-04 1.682371632709234177e-03 1.588366947199215673e-03 3.027197239566348230e-03 0.000000000000000000e+00
2.101630756365047148e-03 7.557867745404123205e-04 -6.758811871395986604e-04 1.462725900289285619e-03 1.492453479627453561e-03 2.918688860897189485e-03 0.000000000000000000e+00
2.275183693506738214e-03 8.268523390511650639e-04 -7.560585472181080569e-04 1.483435930992982321e-03 1.645947718686091577e-03 3.293911430902074500e-03 0.000000000000000000e+00
2.098309250836899453e-03 7.706124715394224722e-04 -7.191834826808241043e-04 1.273161290502144993e-03 1.546695371909212469e-03 3.159986668304970436e-03 0.000000000000000000e+00
2.270819153813549013e-03 8.425418726911715339e-04 -8.013772242992378558e-04 1.271931262555980879e-03 1.705702918392226763e-03 3.549812832727594625e-03 0.000000000000000000e+00
2.093762193613284139e-03 7.844850656278379297e-04 -7.597048837841569036e-04 1.072055884265843417e-03 1.602654920861201759e-03 3.391262619194534977e-03 0.000000000000000000e+00
2.265358199982426754e-03 8.569398359501434470e-04 -8.439391763859493967e-04 1.047888031010302257e-03 1.766965061037240048e-03 3.795306771710249549e-03 0.000000000000000000e+00
2.088120936712496364e-03 7.974442733916231596e-04 -7.975721978941419099e-04 8.603591499634077877e-04 1.659555898002817997e-03 3.612322389373145981e-03 0.000000000000000000e+00
2.258653340638093476e-03 8.705349813189489083e-04 -8.833515640522815460e-04 8.136401146154881303e-04 1.828777109291745973e-03 4.028189349969624189e-03 0.000000000000000000e+00
2.081541639457724739e-03 8.093727551742313508e-04 -8.326918905027791418e-04 6.392692750312178873e-04 1.716612688462237912e-03 3.821841256594016301e-03 0.000000000000000000e+00
2.251126707909554322e-03 8.828019034647915930e-04 -9.200849191325077836e-04 5.691581541116264020e-04 1.890355225262485561e-03 4.249254740002816888e-03 0.000000000000000000e+00
2.074145346612245311e-03 8.203147423949674888e-04 -8.652303864948585055e-04 4.098615062479993298e-04 1.773039037638479698e-03 4.019903290587878431e-03 0.000000000000000000e+00
2.242675997948227057e-03 8.942455516118830161e-04 -9.538313006959009410e-04 3.170019399867385346e-04 1.950846178673248943e-03 4.456894068245675911e-03 0.000000000000000000e+00
2.066083586763464448e-03 8.301990835037909022e-04 -8.951121335950829039e-04 1.735008474490484787e-04 1.828075539891393930e-03 4.205198266451493083e-03 0.000000000000000000e+00
2.233677160025704378e-03 9.042818585516809726e-04 -9.849841636928036159e-04 5.720892270311139782e-05 2.009413015755967535e-03 4.651414863661607058e-03 0.000000000000000000e+00
2.057466973035350193e-03 8.390767077028349341e-04 -9.225484665669192452e-04 -6.871214858072960396e-05 1.880989838292990157e-03 4.378128798252722831e-03 0.000000000000000000e+00
2.224057848742314047e-03 9.134416009197732222e-04 -1.013268062789007828e-03 -2.073876450126022064e-04 2.065327214356038610e-03 4.831383802915922843e-03 0.000000000000000000e+00
2.048434997146764483e-03 8.468787194492732873e-04 -9.475457371793116756e-04 -3.153795988213303758e-04 1.931088030735494954e-03 4.538008726838294038e-03 0.000000000000000000e+00
2.214130721595115175e-03 9.211666663782591691e-04 -1.039104937272161688e-03 -4.768088229889499985e-04 2.117725120116098481e-03 4.997283106803918074e-03 0.000000000000000000e+00
2.039087613812608571e-03 8.536342087906989562e-04 -9.701933848922372761e-04 -5.651706591569549687e-04 1.977688640192987179e-03 4.684445900631661885e-03 0.000000000000000000e+00
2.203846694985283489e-03 9.280507114568514737e-04 -1.062343857743980324e-03 -7.481834002804887973e-04 2.166146821691583568e-03 5.148565626434509213e-03 0.000000000000000000e+00
2.029558267746433414e-03 8.592789247039434031e-04 -9.905405382548138071e-04 -8.166403919256381982e-04 2.020223437737111993e-03 4.817069026545883759e-03 0.000000000000000000e+00
2.193494466192557474e-03 9.334285308651435464e-04 -1.083271716160377762e-03 -1.021395053037998935e-03 2.209741949647625603e-03 5.284995330440800387e-03 0.000000000000000000e+00
2.019922414621462547e-03 8.638628208153531496e-04 -1.008749182318080528e-03 -1.068532056327065050e-03 2.058141178599370846e-03 4.936128712901499682e-03 0.000000000000000000e+00
2.182992426980570611e-03 9.379828887965957485e-04 -1.101830702349343438e-03 -1.293561025723199975e-03 2.248171262105636004e-03 5.406438709130378939e-03 0.000000000000000000e+00
2.010273662884469459e-03 8.673664957361548744e-04 -1.024898638050081301e-03 -1.319420948346916589e-03 2.090968308478657889e-03 5.041282509716804583e-03 0.000000000000000000e+00
2.172629914640646781e-03 9.409862277744984738e-04 -1.118239835540130178e-03 -1.564532370450066878e-03 2.280786774335297196e-03 5.512623666404037337e-03 0.000000000000000000e+00
2.000698101954245800e-03 8.697681556523173541e-04 -1.039073436816917440e-03 -1.567914991377428180e-03 2.118311997164390448e-03 5.132571579627986935e-03 0.000000000000000000e+00
2.162297534087254114e-03 9.431732038112095040e-04 -1.132532021229926134e-03 -1.831506211879663226e-03 2.307412300000422078e-03 5.603852367012329694e-03 0.000000000000000000e+00
1.991283148690167759e-03 8.710520062568116728e-04 -1.051334685141874781e-03 -1.812574149397505607e-03 2.139887065747636541e-03 5.209498463509598665e-03 0.000000000000000000e+00
2.152204149346123585e-03 9.438202352515800975e-04 -1.144920860222831127e-03 -2.094435879120837285e-03 2.327394006483629596e-03 5.679956809453434730e-03 0.000000000000000000e+00
1.982040897028879145e-03 8.712700958509733695e-04 -1.061895711133187259e-03 -2.052298149100018065e-03 2.155389165310328536e-03 5.273012546973987469e-03 0.000000000000000000e+00
2.142321464857939450e-03 9.436066210627425122e-04 -1.155378258717920659e-03 -2.350407063848258815e-03 2.341004296636750581e-03 5.741026795000658822e-03 0.000000000000000000e+00
1.973070781199806611e-03 8.703500220806903442e-04 -1.070745908072573416e-03 -2.285569397008302417e-03 2.164725959329594218e-03 5.322383041173717189e-03 0.000000000000000000e+00
2.132747806041862537e-03 9.418401014083532807e-04 -1.164143942825462963e-03 -2.599584660364584465e-03 2.347529011172966307e-03 5.787029493223849741e-03 0.000000000000000000e+00
1.964350656914262694e-03 8.683396647317098704e-04 -1.078072623676318287e-03 -2.511355124568126485e-03 2.167700756023016595e-03 5.358301240618201788e-03 0.000000000000000000e+00
2.123469424674236106e-03 9.391981281066108522e-04 -1.171207893562592472e-03 -2.839144114385128148e-03 2.347514218825175192e-03 5.818440817695558209e-03 0.000000000000000000e+00
1.955951262055818929e-03 8.651564743090700560e-04 -1.083865757897900517e-03 -2.728245877185564439e-03 2.164359682473637747e-03 5.380284240962929232e-03 0.000000000000000000e+00
2.114515384965182099e-03 9.349782695102226704e-04 -1.176796257602863438e-03 -3.069401809083771582e-03 2.340263189842595182e-03 5.835204193092691227e-03 0.000000000000000000e+00
1.947843401869861490e-03 8.608245521732893479e-04 -1.088300232182426441e-03 -2.935325194168392215e-03 2.154676181765680099e-03 5.389021162444773694e-03 0.000000000000000000e+00
2.105909087544217961e-03 9.298369655760529984e-04 -1.180856835992588616e-03 -3.287594224386403141e-03 2.326643436848740976e-03 5.837589814195354165e-03 0.000000000000000000e+00
1.940049563738721616e-03 8.553106380269348552e-04 -1.091416408824652517e-03 -3.131480095130534380e-03 2.138842678927055374e-03 5.384519470576165645e-03 0.000000000000000000e+00
2.097607552117686236e-03 9.230090120083134231e-04 -1.183558281194763140e-03 -3.494051532026531959e-03 2.305844451583993759e-03 5.825372383669424892e-03 0.000000000000000000e+00
1.932525429377746073e-03 8.485883006957295471e-04 -1.093327781457320569e-03 -3.315813250948984603e-03 2.116892250790147756e-03 5.367150738030845858e-03 0.000000000000000000e+00
2.089607830288234269e-03 9.152643024069040401e-04 -1.185000945968989194e-03 -3.686708660321613706e-03 2.279146361351624961e-03 5.799935501250574887e-03 0.000000000000000000e+00
1.925262769793378848e-03 8.405905728332829785e-04 -1.094036067203707496e-03 -3.487292551172416211e-03 2.089011515577610112e-03 5.336773818441997719e-03 0.000000000000000000e+00
2.081861651902425225e-03 9.056733074515876947e-04 -1.185128752719644130e-03 -3.865416093700169142e-03 2.245555697097501024e-03 5.759797223468421379e-03 0.000000000000000000e+00
1.918206914062955959e-03 8.312938918334511484e-04 -1.093654682969125158e-03 -3.645274042852086893e-03 2.055467548014000556e-03 5.294014186568940517e-03 0.000000000000000000e+00
2.074346277279218165e-03 8.950881827543277769e-04 -1.184149107854914895e-03 -4.028740744317360623e-03 2.206630855363211907e-03 5.707118536756317084e-03 0.000000000000000000e+00
1.911339242267134919e-03 8.206031678803238361e-04 -1.092175230081149362e-03 -3.788879682783630187e-03 2.016488292307716534e-03 5.238735313294995422e-03 0.000000000000000000e+00
2.066920674288097448e-03 8.825327869230181754e-04 -1.181979896806184538e-03 -4.176598515944540679e-03 2.161175038843499152e-03 5.640398720242023600e-03 0.000000000000000000e+00
1.904555323252607457e-03 8.085094875486809052e-04 -1.089701441579160601e-03 -3.917792575050427217e-03 1.972392024808922173e-03 5.171657707880195076e-03 0.000000000000000000e+00
2.059652102792478012e-03 8.688212042034515470e-04 -1.178757877806912990e-03 -4.307693477040075436e-03 2.111083729343654625e-03 5.561579561421003959e-03 0.000000000000000000e+00
1.897822267707863220e-03 7.948838443004868637e-04 -1.086188359331524689e-03 -4.031159007582552078e-03 1.923381625007714035e-03 5.092541936825512039e-03 0.000000000000000000e+00
2.052295935762546431e-03 8.529535405905064316e-04 -1.174353459121452170e-03 -4.422033062442487505e-03 2.054962305275687129e-03 5.468972709316233249e-03 0.000000000000000000e+00
1.891039471327515820e-03 7.796452385607777202e-04 -1.081682119488919236e-03 -4.128689936269580585e-03 1.869705611075467289e-03 5.001914436180365797e-03 0.000000000000000000e+00
2.044933989365782523e-03 8.357896271249665165e-04 -1.168977680107735617e-03 -4.518892222134418546e-03 1.994887939932521448e-03 5.365168075142978665e-03 0.000000000000000000e+00
1.884131885691572861e-03 7.626996015997200562e-04 -1.076153689708120309e-03 -4.209927050056627706e-03 1.811654282982910757e-03 4.899770864477792642e-03 0.000000000000000000e+00
2.037298467325518447e-03 8.162434261065887320e-04 -1.162407331769144125e-03 -4.598134613606141841e-03 1.929344874016969413e-03 5.248009350402149664e-03 0.000000000000000000e+00
1.876982124974141408e-03 7.439742309738317516e-04 -1.069633998172808687e-03 -4.274822434622294054e-03 1.749498383418757186e-03 4.786660803361098004e-03 0.000000000000000000e+00
2.029446282700714255e-03 7.951752738439010759e-04 -1.154831953841861658e-03 -4.659329919189048042e-03 1.860307065291610940e-03 5.120096775463212069e-03 0.000000000000000000e+00
1.869552919507341815e-03 7.233178059119771408e-04 -1.062049224445665851e-03 -4.322894527549969723e-03 1.683561865061911078e-03 4.662555991552741474e-03 0.000000000000000000e+00
2.021110108361492963e-03 7.714685951879518555e-04 -1.145989382144108060e-03 -4.702393031559282122e-03 1.786317824181260505e-03 4.979189256038241140e-03 0.000000000000000000e+00
1.861639015377114514e-03 7.006428500937467163e-04 -1.053408958605450696e-03 -4.354281011102578702e-03 1.613741846177241257e-03 4.527780068419806625e-03 0.000000000000000000e+00
2.012353395184129923e-03 7.460016764832544389e-04 -1.136066722534301299e-03 -4.727202603259428315e-03 1.709376202927437305e-03 4.828135036734959584e-03 0.000000000000000000e+00
1.853223915812260425e-03 6.758242116616242079e-04 -1.043641301254616405e-03 -4.368828988527972967e-03 1.540549326248363826e-03 4.382598501055934292e-03 0.000000000000000000e+00
2.002828338450751700e-03 7.176367156134233483e-04 -1.124783471036755467e-03 -4.733754502159293054e-03 1.627649899720751137e-03 4.664426036198321412e-03 0.000000000000000000e+00
1.844174980259336016e-03 6.487179177859792034e-04 -1.032662693583513702e-03 -4.366506455793839336e-03 1.464060302200476116e-03 4.226989256724378308e-03 0.000000000000000000e+00
1.992643835489332771e-03 6.872653918444104892e-04 -1.112336246646916660e-03 -4.722363221908665309e-03 1.543325777843662650e-03 4.491315726452560497e-03 0.000000000000000000e+00
1.834324132833742294e-03 6.192313217065203990e-04 -1.020454488623229183e-03 -4.347522865512765122e-03 1.384134663830138834e-03 4.061354151371654453e-03 0.000000000000000000e+00
1.981437092330645688e-03 6.537028500517294560e-04 -1.098322955644770449e-03 -4.692707321866329551e-03 1.454488518425112176e-03 4.305757283261657520e-03 0.000000000000000000e+00
1.823549606275870483e-03 5.872369595296966782e-04 -1.006944679183885416e-03 -4.312030678674361184e-03 1.300870689426414373e-03 3.885983279259486167e-03 0.000000000000000000e+00
1.969334392813409940e-03 6.178857738436960290e-04 -1.082982935090043286e-03 -4.645480324898088043e-03 1.363167889208316552e-03 4.111105791672953202e-03 0.000000000000000000e+00
1.811763776565736284e-03 5.525879454990334505e-04 -9.920208108744610342e-04 -4.260228657956055542e-03 1.214376472530975803e-03 3.700915799834669784e-03 0.000000000000000000e+00
1.955885157063214086e-03 5.786238063339443904e-04 -1.065922439667493782e-03 -4.580441029768067551e-03 1.267197113835827338e-03 3.904604059352667633e-03 0.000000000000000000e+00
1.798856502581991368e-03 5.151805070273129949e-04 -9.755498579657739811e-04 -4.192200892771502652e-03 1.124640267458509868e-03 3.506062376833485317e-03 0.000000000000000000e+00
1.941275551797516652e-03 5.368767121773365680e-04 -1.047371371722033428e-03 -4.498598174992096688e-03 1.168683096422373779e-03 3.689571731810836752e-03 0.000000000000000000e+00
1.784599244756684966e-03 4.749653187456903680e-04 -9.575479963137567552e-04 -4.108696365173969411e-03 1.031381730986158374e-03 3.302292588075683710e-03 0.000000000000000000e+00
1.925006280165231232e-03 4.914158741780028095e-04 -1.026834677710516952e-03 -4.399332252490673056e-03 1.065140818409471279e-03 3.462840690664492627e-03 0.000000000000000000e+00
1.768963399903095146e-03 4.317786299907755421e-04 -9.378154871126642700e-04 -4.009648619255123947e-03 9.346100461380402180e-04 3.089255693521364421e-03 0.000000000000000000e+00
1.907299827645814183e-03 4.433126335044446087e-04 -1.004619911809542798e-03 -4.284262391007764847e-03 9.588436383864973322e-04 3.228196806628336191e-03 0.000000000000000000e+00
1.751719938820950340e-03 3.855849885025519619e-04 -9.163125093590018810e-04 -3.895729280706028419e-03 8.339710498126429172e-04 2.867476413778158317e-03 0.000000000000000000e+00
1.887620699018321968e-03 3.912981084437106016e-04 -9.801898955105747824e-04 -4.152552210040738601e-03 8.470608663913026248e-04 2.982222808737944320e-03 0.000000000000000000e+00
1.732751369617951953e-03 3.363238846072202914e-04 -8.929249508403958036e-04 -3.767348172472040346e-03 7.292620330359156355e-04 2.637143074286862898e-03 0.000000000000000000e+00
1.866180921558019401e-03 3.365495140785768058e-04 -9.539127308976075303e-04 -4.006300008231100662e-03 7.319491813624345866e-04 2.729183955980651888e-03 0.000000000000000000e+00
1.711934651708935107e-03 2.839199881553289284e-04 -8.675171560614952648e-04 -3.624889284446375370e-03 6.202404829696028798e-04 2.398378186903915577e-03 0.000000000000000000e+00
1.842454549599331637e-03 2.777455130757444657e-04 -9.251228778465736546e-04 -3.844019774231099973e-03 6.106542514290325130e-04 2.465043123328403141e-03 0.000000000000000000e+00
1.689085626290554032e-03 2.284055550278996094e-04 -8.400380039487176376e-04 -3.469117045325376125e-03 5.065540115656297360e-04 2.151730775504345772e-03 0.000000000000000000e+00
1.816677425906770837e-03 2.162033480744562919e-04 -8.943010676449592022e-04 -3.668541784263013028e-03 4.854517569357064133e-04 2.194626874106875292e-03 0.000000000000000000e+00
1.664072837702618157e-03 1.697206693050401505e-04 -8.103656754772092796e-04 -3.300286010041730833e-03 3.876787599463860090e-04 1.897368791079712125e-03 0.000000000000000000e+00
1.788206788217755472e-03 1.506505837500504708e-04 -8.608132175989963164e-04 -3.478524001190308468e-03 3.531230676458996243e-04 1.914121327915463411e-03 0.000000000000000000e+00
1.636739097485323535e-03 1.079341209018480630e-04 -7.783924147622689471e-04 -3.119164001653906837e-03 2.634157559180394514e-04 1.635682866201415564e-03 0.000000000000000000e+00
1.757380576470513045e-03 8.240516558366550726e-05 -8.250750854310595628e-04 -3.276532767478634867e-03 2.159975563436056234e-04 1.628048225621014922e-03 0.000000000000000000e+00
1.606934977662122233e-03 4.313761987784214824e-05 -7.440843305658445539e-04 -2.926454785495025135e-03 1.332899043915425352e-04 1.367258375561508643e-03 0.000000000000000000e+00
1.723539665547613176e-03 1.026350985733337495e-05 -7.864570244155849599e-04 -3.061107723620892784e-03 7.083766613202868712e-05 1.332712485397680169e-03 0.000000000000000000e+00
1.574496132882380328e-03 -2.460569585738259235e-05 -7.073276046091897529e-04 -2.722683124462221826e-03 -3.217653952169996501e-06 1.092467171107669444e-03 0.000000000000000000e+00
1.687048125007972743e-03 -6.435780105501498483e-05 -7.454445787385133304e-04 -2.835330346709241667e-03 -7.988328028440960793e-05 1.032959080195183788e-03 0.000000000000000000e+00
1.539271204853726038e-03 -9.516030750048032338e-05 -6.680907178331085827e-04 -2.508685407862643046e-03 -1.465381528347187157e-04 8.120259265091966938e-04 0.000000000000000000e+00
1.647163545116736572e-03 -1.425518990098573191e-04 -7.014209533583726230e-04 -2.597655746845006774e-03 -2.397526101827196499e-04 7.252412260914109510e-04 0.000000000000000000e+00
1.501076645828852696e-03 -1.683535630405963435e-04 -6.263205624279788442e-04 -2.285211653058283332e-03 -2.971371631912411715e-04 5.266040820923745258e-04 0.000000000000000000e+00
1.604362170583462088e-03 -2.228768603220743216e-04 -6.548960804435843830e-04 -2.351145526882092440e-03 -4.060912057242127560e-04 4.144690807110773534e-04 0.000000000000000000e+00
1.459872726092187323e-03 -2.439829502682289153e-04 -5.819267324112947781e-04 -2.052761529887092706e-03 -4.552566755284814803e-04 2.365895571607712355e-04 0.000000000000000000e+00
1.557797041237457547e-03 -3.063278064410202006e-04 -6.052674261481094664e-04 -2.094406212085786478e-03 -5.825592160930703756e-04 9.733129194322565070e-05 0.000000000000000000e+00
1.415433115360298366e-03 -3.217842826833683390e-04 -5.349572998430418558e-04 -1.812464026223814528e-03 -6.215030158709389241e-04 -5.678084272964234458e-05 0.000000000000000000e+00
1.508056230022869482e-03 -3.913641844752735466e-04 -5.531377323993724726e-04 -1.830670684666912962e-03 -7.663519478291469511e-04 -2.209865598890026206e-04 0.000000000000000000e+00
1.367664615341379619e-03 -4.014855325990829282e-04 -4.853720115902682153e-04 -1.564900411908709543e-03 -7.961962952491852263e-04 -3.528896071749443308e-04 0.000000000000000000e+00
1.454308018304734107e-03 -4.789270837617098930e-04 -4.977938245639274006e-04 -1.558078769777537786e-03 -9.609924028595173695e-04 -5.440098270435012040e-04 0.000000000000000000e+00
1.316509798561377176e-03 -4.827451095073820309e-04 -4.331731535442417957e-04 -1.310835844011037921e-03 -9.795045018332615427e-04 -6.507449931612008243e-04 0.000000000000000000e+00
1.397151298961313293e-03 -5.673502901322180492e-04 -4.400310092043113741e-04 -1.280471642407299271e-03 -1.163663222271349440e-03 -8.660382496183949286e-04 0.000000000000000000e+00
1.261806788325686712e-03 -5.651871600808877627e-04 -3.784046352207914854e-04 -1.051290266616433655e-03 -1.171748600905520021e-03 -9.491253007172240075e-04 0.000000000000000000e+00
1.335782899703125137e-03 -6.574677876139412014e-04 -3.791223457680070741e-04 -9.957644939317944477e-04 -1.377724479706188276e-03 -1.190395765068519296e-03 0.000000000000000000e+00
1.203526198147203408e-03 -6.484275307136466715e-04 -3.210913561286221629e-04 -7.867086983841531378e-04 -1.373245619524343653e-03 -1.247139634071414704e-03 0.000000000000000000e+00
1.270896931715781442e-03 -7.475692663421740214e-04 -3.158852149820062793e-04 -7.077850453649503493e-04 -1.600093249241929527e-03 -1.511440911090566885e-03 0.000000000000000000e+00
1.141654179472817443e-03 -7.319772825688797280e-04 -2.613280784152377523e-04 -5.183011752771804481e-04 -1.583766507753825437e-03 -1.543437874613085015e-03 0.000000000000000000e+00
1.201700363055224763e-03 -8.383574687198525055e-04 -2.496391358788596637e-04 -4.141140810176580089e-04 -1.834006802582610618e-03 -1.832073756237173612e-03 0.000000000000000000e+00
1.076166105336284762e-03 -8.153745461941530603e-04 -1.991584339728069697e-04 -2.463082428452167960e-04 -1.803541985010426174e-03 -1.836964407057939397e-03 0.000000000000000000e+00
1.129006324115805482e-03 -9.280700768923288990e-04 -1.812721507806064336e-04 -1.190965448572001151e-04 -2.076004086236427071e-03 -2.146674919917712643e-03 0.000000000000000000e+00
1.007073160028737480e-03 -8.980614067946313117e-04 -1.347391325106223059e-04 2.802500298137999835e-05 -2.032208707936966618e-03 -2.126124703602849664e-03 0.000000000000000000e+00
1.052039648089281298e-03 -1.017314795667273453e-03 -1.101149675750284773e-04 1.802956532932498135e-04 -2.329352407946405634e-03 -2.458073038777097707e-03 0.000000000000000000e+00
9.344909927343492129e-04 -9.794623542398739335e-04 -6.818351586693194299e-05 3.044353504062513593e-04 -2.269498437607264663e-03 -2.409620097142628481e-03 0.000000000000000000e+00
9.717452597175491036e-04 -1.104314685398261053e-03 -3.711352241865528701e-05 4.796948018643831801e-04 -2.590133298805419315e-03 -2.760589852962791468e-03 0.000000000000000000e+00
8.585000501070139123e-04 -1.058988605270677619e-03 3.367596203146527856e-07 5.821891081723151729e-04 -2.514987969364668174e-03 -2.685990840401553115e-03 0.000000000000000000e+00
8.874425773512106819e-04 -1.189462737058971653e-03 3.834417401636647238e-05 7.820911804534702583e-04 -2.861129643648929743e-03 -3.056693588015413354e-03 0.000000000000000000e+00
7.793190661418147869e-04 -1.136028453725235199e-03 7.070359637449674661e-05 8.611500511888081633e-04 -2.767996188141275127e-03 -2.954035874359162150e-03 0.000000000000000000e+00
8.002056285296432758e-04 -1.271067036127476735e-03 1.152567691121847426e-04 1.083644244006087831e-03 -3.138248079195271600e-03 -3.340898879159448498e-03 0.000000000000000000e+00
6.971025111022488563e-04 -1.209914356342628450e-03 1.426532490729770508e-04 1.140595288355861214e-03 -3.027918142100016752e-03 -3.212060747081357803e-03 0.000000000000000000e+00
7.094665681107170663e-04 -1.349382625494305321e-03 1.942412446019059491e-04 1.387767433773667847e-03 -3.423771527581553897e-03 -3.615574733532467278e-03 0.000000000000000000e+00
6.121915997977789292e-04 -1.279988822036975948e-03 2.160096000996675203e-04 1.420593218474763830e-03 -3.293640613000636819e-03 -3.458805464072289837e-03 0.000000000000000000e+00
6.163685063258483865e-04 -1.422724578461542766e-03 2.741316961537981767e-04 1.690281420236416920e-03 -3.713510676562226109e-03 -3.875129187954406973e-03 0.000000000000000000e+00
5.249588901389545814e-04 -1.345606927532438934e-03 2.905519394724026538e-04 1.701155488021299789e-03 -3.563973624328475864e-03 -3.692954469752374180e-03 0.000000000000000000e+00
5.205212712769413663e-04 -1.491282168140900533e-03 3.556313280074774319e-04 1.995672199138986969e-03 -4.009263620837089093e-03 -4.122211987446222636e-03 0.000000000000000000e+00
4.357902877447639156e-04 -1.406004034601809893e-03 3.659716324419942657e-04 1.982357955189861798e-03 -3.837619149046567202e-03 -3.912840613139456636e-03 0.000000000000000000e+00
4.233035960645725737e-04 -1.553439911382681338e-03 4.374844755510171046e-04 2.299657970866064716e-03 -4.306043276575799439e-03 -4.351339201493553688e-03 0.000000000000000000e+00
3.451566286728491306e-04 -1.460557178467325468e-03 4.420028005698711793e-04 2.264511969616300746e-03 -4.113217475358421638e-03 -4.117323900361791189e-03 0.000000000000000000e+00
3.243348453355332506e-04 -1.609277525516150664e-03 5.202851780674311311e-04 2.607465464657288123e-03 -4.605843203212334203e-03 -4.564825333813748998e-03 0.000000000000000000e+00
2.536844327487575157e-04 -1.508554918934312816e-03 5.183708809061993161e-04 2.548487768292417854e-03 -4.388850922515619146e-03 -4.305041271938536696e-03 0.000000000000000000e+00
2.251768887552296761e-04 -1.657318357792203489e-03 6.028013488340588921e-04 2.914953257816321752e-03 -4.903149233510095684e-03 -4.757772711500019014e-03 0.000000000000000000e+00
1.619401665771957877e-04 -1.549397937542884574e-03 5.947310001320760264e-04 2.835002217441484618e-03 -4.662944046737393933e-03 -4.474933911597256397e-03 0.000000000000000000e+00
1.257751952513097571e-04 -1.697515235248303611e-03 6.856321366534579020e-04 3.228326214367527314e-03 -5.198984512087001519e-03 -4.932435052596773062e-03 0.000000000000000000e+00
7.064422082270205294e-05 -1.582372396171705109e-03 6.707309284405410521e-04 3.124965353700659421e-03 -4.933350321664420335e-03 -4.625560262872197015e-03 0.000000000000000000e+00
2.765160691417523076e-05 -1.728652071037617421e-03 7.674481493597645754e-04 3.543729904598613700e-03 -5.488302531115429872e-03 -5.084238540679741902e-03 0.000000000000000000e+00
-1.937320250819385414e-05 -1.606951412495893905e-03 7.460932358278604681e-04 3.420028078681802697e-03 -5.197884410317765713e-03 -4.756262932498200868e-03 0.000000000000000000e+00
-6.905759745734485477e-05 -1.750535038584355441e-03 8.487419461343931326e-04 3.867849570974968287e-03 -5.771440137337879861e-03 -5.214884594600510681e-03 0.000000000000000000e+00
-1.073264176807420256e-04 -1.622478333498711400e-03 8.203294311764919300e-04 3.721378275048259354e-03 -5.454271428614099193e-03 -4.865401204270591862e-03 0.000000000000000000e+00
-1.626558747547801609e-04 -1.762245434571263480e-03 9.282968608675667976e-04 4.197480958602284318e-03 -6.043248942667389656e-03 -5.320934834833090932e-03 0.000000000000000000e+00
-1.922637660321246944e-04 -1.628530371201919458e-03 8.932126867366024792e-04 4.031319944060030025e-03 -5.700155699986275692e-03 -4.952645736392868869e-03 0.000000000000000000e+00
-2.528326794778712472e-04 -1.763446387431089057e-03 1.006478549063660743e-03 4.539945127093325539e-03 -6.303495271282599788e-03 -5.403307989100936126e-03 0.000000000000000000e+00
-2.732452747838398643e-04 -1.624531767489778566e-03 9.642096707871833372e-04 4.351627174690619881e-03 -5.932981998779229826e-03 -5.016425442957661573e-03 0.000000000000000000e+00
-3.378503773262542254e-04 -1.753568463390253740e-03 1.082101405525365267e-03 4.892250767957406765e-03 -6.547143768103946826e-03 -5.459269080662521034e-03 0.000000000000000000e+00
-3.492396532916164364e-04 -1.610158721865651010e-03 1.033030954195157669e-03 4.684718539732735110e-03 -6.150165236058935392e-03 -5.056270708069465769e-03 0.000000000000000000e+00
-4.171670839751562276e-04 -1.732136561369945760e-03 1.155424308174515802e-03 5.262477023683764799e-03 -6.773334845759482192e-03 -5.489143973478771699e-03 0.000000000000000000e+00
-4.191850014717835027e-04 -1.584965909021518460e-03 1.099194818248439010e-03 5.033340629161386914e-03 -6.349139919078261585e-03 -5.070884678485709784e-03 0.000000000000000000e+00
-4.891204361819334601e-04 -1.698976349916114792e-03 1.225361886546358359e-03 5.648075909512328963e-03 -6.977405439453576719e-03 -5.490829150736509234e-03 0.000000000000000000e+00
-4.820069008345528871e-04 -1.548741422306654236e-03 1.162339199158368697e-03 5.400011317238551101e-03 -6.527121562183157977e-03 -5.059571834636678034e-03 0.000000000000000000e+00
-5.529401558399538175e-04 -1.653475257096637119e-03 1.292072126966845036e-03 6.057781555510288740e-03 -7.158073266801956436e-03 -5.464002676690560278e-03 0.000000000000000000e+00
-5.365655017376957936e-04 -1.501137491771109556e-03 1.221996549447490477e-03 5.787800559174272053e-03 -6.681278696464953981e-03 -5.020971912215843602e-03 0.000000000000000000e+00
-6.070794253157096865e-04 -1.595854956436382199e-03 1.354542302508005003e-03 6.488940340483750902e-03 -7.310951500949514070e-03 -5.407144208037450994e-03 0.000000000000000000e+00
-5.817730209008997733e-04 -1.442044263502584300e-03 1.277785015994958862e-03 6.199618498932579769e-03 -6.808997632774094200e-03 -4.954242533373953705e-03 0.000000000000000000e+00
-6.505393287475624842e-04 -1.525341945373182018e-03 1.412831293481450756e-03 6.951286976086379354e-03 -7.433950740188155493e-03 -5.319006279623561539e-03 0.000000000000000000e+00
-6.164958390696972934e-04 -1.371265595266790704e-03 1.329245833396025533e-03 6.638964022025461986e-03 -6.907510108438597030e-03 -4.857967316395095381e-03 0.000000000000000000e+00
-6.820431829198392304e-04 -1.442530210780890165e-03 1.465967982195823249e-03 7.441559126123209467e-03 -7.523533534441462223e-03 -5.198386152365008783e-03 0.000000000000000000e+00
-6.396543524821995952e-04 -1.288764346197734945e-03 1.376031764001639512e-03 7.108879076918483975e-03 -6.973824949383811145e-03 -4.731092932160230191e-03 0.000000000000000000e+00
-7.003894463831483730e-04 -1.346496470500557763e-03 1.514026889055594682e-03 7.970564922949563424e-03 -7.576932835168470604e-03 -5.043434854230754993e-03 0.000000000000000000e+00
-6.502017463174414313e-04 -1.194423055348781126e-03 1.417672191378269164e-03 7.612913999503589935e-03 -7.005444394645898853e-03 -4.571907662562990637e-03 0.000000000000000000e+00
-7.046423056969453036e-04 -1.238163378325329855e-03 1.556036548756939419e-03 8.534200213969000970e-03 -7.591177044968588916e-03 -4.853030116668932692e-03 0.000000000000000000e+00
0.000000000000000000e+00 0.000000000000000000e+00 0.000000000000000000e+00 0.000000000000000000e+00 0.000000000000000000e+00 0.000000000000000000e+00 0.000000000000000000e+00
