7.488860248844320111e-04 -1.352059962244744895e-03 2.688916847183281389e-03 -2.304844672335271127e-03 3.200150364147003046e-03 -9.226148910803866343e-03 0.000000000000000000e+00
8.760946058587182339e-04 -1.390194493303131829e-03 2.889351576313037295e-03 -2.331604056400315983e-03 3.530668938396264167e-03 -9.976522393619013940e-03 0.000000000000000000e+00
8.674222314905555287e-04 -1.217042509989552102e-03 2.643664794196032286e-03 -1.999446690084560885e-03 3.317308358368631360e-03 -9.188900913335240617e-03 0.000000000000000000e+00
1.002339139825586534e-03 -1.249185834537036577e-03 2.836739277077393595e-03 -1.999654933381833644e-03 3.655730353568031887e-03 -9.929813152113942110e-03 0.000000000000000000e+00
9.824315522545534751e-04 -1.091080603470018229e-03 2.591563752766146145e-03 -1.691094655882352527e-03 3.430551115385593874e-03 -9.139626452618232477e-03 0.000000000000000000e+00
1.125277859147927328e-03 -1.117190722150274151e-03 2.776733954581861452e-03 -1.663737448303059807e-03 3.775474330206307627e-03 -9.869806068621755912e-03 0.000000000000000000e+00
1.093914777532928317e-03 -9.736686361797586287e-04 2.533553793862608483e-03 -1.380123729074256289e-03 3.537700459369297334e-03 -9.079219471917143736e-03 0.000000000000000000e+00
1.243891088532178557e-03 -9.946268499102517424e-04 2.711244837910992134e-03 -1.325960490653699253e-03 3.887387185240953613e-03 -9.799006694328538103e-03 0.000000000000000000e+00
1.201865548139530171e-03 -8.642720697064065760e-04 2.470441631972075669e-03 -1.066883849250466199e-03 3.636938462484806678e-03 -9.008632489029722024e-03 0.000000000000000000e+00
1.359164083445746352e-03 -8.800259487913297818e-04 2.640223272860453552e-03 -9.851640896814117809e-04 3.990024712820616770e-03 -9.717271873068922261e-03 0.000000000000000000e+00
1.306268839029400830e-03 -7.623451426509997297e-04 2.403021830306217854e-03 -7.518695652404261409e-04 3.726706177257899100e-03 -8.928900757947833000e-03 0.000000000000000000e+00
1.470059057790851220e-03 -7.736107261862024131e-04 2.565310109222701529e-03 -6.435922083412037864e-04 4.081434001659278721e-03 -9.626298922224441057e-03 0.000000000000000000e+00
1.407079086284013236e-03 -6.673515809717533998e-04 2.331922298943661653e-03 -4.356825170788169999e-04 3.805740204684493477e-03 -8.840586137639050435e-03 0.000000000000000000e+00
1.577596611554904493e-03 -6.740767794167212834e-04 2.486287128442399297e-03 -3.001377136895300168e-04 4.160979170748646538e-03 -9.525880811992681885e-03 0.000000000000000000e+00
1.504278071122439053e-03 -5.787711886366952996e-04 2.257716617734273346e-03 -1.188943470831205218e-04 3.872996424979291419e-03 -8.744102581256241180e-03 0.000000000000000000e+00
1.680655199879615980e-03 -5.815344375457165427e-04 2.404777489196679996e-03 4.243361160582992397e-05 4.227117422614945497e-03 -9.417998327270860059e-03 0.000000000000000000e+00
1.597822401011472770e-03 -4.961085016600974562e-04 2.180997351363705983e-03 1.976089829112126495e-04 3.927827364967662049e-03 -8.640255207659208736e-03 0.000000000000000000e+00
1.780283428243975563e-03 -4.948705041240564206e-04 2.320162201520259426e-03 3.854110968841695239e-04 4.279637607932151866e-03 -9.300646593467964962e-03 0.000000000000000000e+00
1.687692482883515477e-03 -4.188965035991087937e-04 2.102234063052210722e-03 5.130280404275211481e-04 3.969713222959025956e-03 -8.529178348430699330e-03 0.000000000000000000e+00
1.875381438105533372e-03 -4.140793414077470480e-04 2.234167368739131687e-03 7.257777343241400558e-04 4.317750781009710437e-03 -9.177174456529435531e-03 0.000000000000000000e+00
1.773853399695005106e-03 -3.466439773886498266e-04 2.021790655243577151e-03 8.266207752019028021e-04 3.998257067482136051e-03 -8.410865293092095740e-03 0.000000000000000000e+00
1.966961109740400504e-03 -3.382746916336665244e-04 2.146057291994907246e-03 1.064434132077352047e-03 4.341603056061238419e-03 -9.044641780527218344e-03 0.000000000000000000e+00
1.856300841808794511e-03 -2.789764113451109750e-04 1.940097203745161369e-03 1.137355260316219585e-03 4.013520116314950315e-03 -8.285571976456518328e-03 0.000000000000000000e+00
2.053989435149214393e-03 -2.673200281729237737e-04 2.057228003611716316e-03 1.398762147261756184e-03 4.350727170429280477e-03 -8.905486241992166541e-03 0.000000000000000000e+00
1.934998729722567368e-03 -2.154651595150380849e-04 1.857491244814518661e-03 1.444276497615248900e-03 4.015491662839654197e-03 -8.153185294025311336e-03 0.000000000000000000e+00
2.137495462451358130e-03 -2.005709050235116031e-04 1.967100185282677494e-03 1.729301838265584479e-03 4.345980908595059589e-03 -8.757592473679798317e-03 0.000000000000000000e+00
2.009961268277335456e-03 -1.557533500964880524e-04 1.774252718588081867e-03 1.746520895189007661e-03 4.004506937525853516e-03 -8.013643445758278361e-03 0.000000000000000000e+00
2.216449025311387211e-03 -1.378140496501867318e-04 1.876904723009525933e-03 2.053381334071957554e-03 4.327103315988622967e-03 -8.602758713047942152e-03 0.000000000000000000e+00
2.081217420717623723e-03 -9.948557050032391658e-05 1.690657295972453067e-03 2.043024778361157701e-03 3.981066344075578911e-03 -7.866595475293225448e-03 0.000000000000000000e+00
2.291865497205516911e-03 -7.859006804811219382e-05 1.785980150414978596e-03 2.371517836809999835e-03 4.295176927847865755e-03 -8.438560671863770679e-03 0.000000000000000000e+00
2.148767526053099730e-03 -4.636622081738428491e-05 1.606848455094539441e-03 2.332902928206870286e-03 3.945568459959858387e-03 -7.711296118758204088e-03 0.000000000000000000e+00
2.362814033500665323e-03 -2.262390141244408071e-05 1.695511731601317962e-03 2.681114478940038737e-03 4.250551043876171775e-03 -8.266979036850585771e-03 0.000000000000000000e+00
2.212654598211821755e-03 3.917540607578651191e-06 1.523181340314594401e-03 2.615125607470680791e-03 3.898976678153864839e-03 -7.548320728990809414e-03 0.000000000000000000e+00
2.430300059859877293e-03 3.037115654191957503e-05 1.604743280927828364e-03 2.982597154632671277e-03 4.194447596496786446e-03 -8.085005398481115435e-03 0.000000000000000000e+00
2.272939143598565193e-03 5.158903095381361936e-05 1.439735149484533405e-03 2.888724952516241729e-03 3.842047714684326820e-03 -7.376522151255615611e-03 0.000000000000000000e+00
2.493427959668503835e-03 8.072810830034304885e-05 1.514845923347885037e-03 3.273548066267117918e-03 4.127451448037611215e-03 -7.894992842643056008e-03 0.000000000000000000e+00
2.329669024125374799e-03 9.690213285429294388e-05 1.356745718847002236e-03 3.152708291858985490e-03 3.775779879873653044e-03 -7.195899713448250523e-03 0.000000000000000000e+00
2.553220215354479183e-03 1.286011817275833913e-04 1.424975852666154896e-03 3.554356430771399289e-03 4.051119988776274994e-03 -7.693637170925304858e-03 0.000000000000000000e+00
2.382929691099308633e-03 1.400635734999378101e-04 1.274315118107244293e-03 3.406231548710891843e-03 3.701271797844629674e-03 -7.005962690909361967e-03 0.000000000000000000e+00
2.608849380022648656e-03 1.743255386841280341e-04 1.336263986791430547e-03 3.822707291077698244e-03 3.966277932529127526e-03 -7.483347889949865106e-03 0.000000000000000000e+00
2.432798278990316865e-03 1.812836750632595972e-04 1.192573350299347412e-03 3.648417246403745651e-03 3.619610468772016532e-03 -6.806257536360105220e-03 0.000000000000000000e+00
2.661301264637594421e-03 2.179512542443418077e-04 1.247919423628285340e-03 4.078837936259738228e-03 3.874561558657063642e-03 -7.260910611309734364e-03 0.000000000000000000e+00
2.479387217812864530e-03 2.207164249590776173e-04 1.111674197176004686e-03 3.878411196516218240e-03 3.532137273299262858e-03 -6.596675297583454167e-03 0.000000000000000000e+00
2.709821630410669258e-03 2.598297016613848598e-04 1.160934518874279231e-03 4.320832917381167704e-03 3.777020017813992325e-03 -7.028830474979486098e-03 0.000000000000000000e+00
2.522801041160954716e-03 2.585480992357003238e-04 1.031664620092936913e-03 4.095453421213868239e-03 3.440059619904012322e-03 -6.376692930397220849e-03 0.000000000000000000e+00
2.755400144506467419e-03 2.999336772708249832e-04 1.074596637526237242e-03 4.548866326028466744e-03 3.675495113809823522e-03 -6.784244598637467760e-03 0.000000000000000000e+00
2.563156179794155720e-03 2.948961464239174823e-04 9.526255933945126930e-04 4.298776562765560527e-03 3.344725877808318870e-03 -6.146017564651717890e-03 0.000000000000000000e+00
2.797315893070410897e-03 3.386546647998200932e-04 9.897825772836599256e-04 4.761270052431321176e-03 3.570985380459301695e-03 -6.529553767254503427e-03 0.000000000000000000e+00
2.600587920916296036e-03 3.299214339889111614e-04 8.747093150937024220e-04 4.487752370097908283e-03 3.247555773546739744e-03 -5.904932920226535487e-03 0.000000000000000000e+00
2.836532121515189520e-03 3.758611088436891734e-04 9.057055793137702704e-04 4.958143892466182479e-03 3.465269914267654627e-03 -6.261463031176583982e-03 0.000000000000000000e+00
2.635228001166202427e-03 3.637396167870399211e-04 7.979002693496162202e-04 4.661762670657765284e-03 3.149865903128823419e-03 -5.652959718803751699e-03 0.000000000000000000e+00
2.872409236767986540e-03 4.119620481863317529e-04 8.233694482196463049e-04 5.138164721362414866e-03 3.359657907547219935e-03 -5.983659961497522772e-03 0.000000000000000000e+00
2.667220262489854166e-03 3.964791497417241573e-04 7.222621349474156460e-04 4.820275006928831374e-03 3.053031167726594219e-03 -5.390201866543931075e-03 0.000000000000000000e+00
2.905868282242603240e-03 4.467876848810448109e-04 7.419077823445363595e-04 5.301419662812278943e-03 3.255806977246145095e-03 -5.692590192388102821e-03 0.000000000000000000e+00
2.696696690174547884e-03 4.282344559362050163e-04 6.478989542883228925e-04 4.962811276870482402e-03 2.958393357144650793e-03 -5.117118162877520859e-03 0.000000000000000000e+00
2.936324237429274731e-03 4.807957746617019801e-04 6.622341980464518940e-04 5.446886917820137342e-03 3.154949581495536393e-03 -5.391886550476066020e-03 0.000000000000000000e+00
2.723809626341368306e-03 4.591233382114090489e-04 5.747902890097522643e-04 5.088974142421598401e-03 2.867212498133486775e-03 -4.833627469639889540e-03 0.000000000000000000e+00
2.964650963887233148e-03 5.137394662832472925e-04 5.835531692291451300e-04 5.574615891412726398e-03 3.058669658269064229e-03 -5.078560799797404712e-03 0.000000000000000000e+00
2.748702984174331010e-03 4.892388923615764718e-04 5.030470611280812854e-04 5.198408340372218106e-03 2.780817646171662716e-03 -4.540491519966938228e-03 0.000000000000000000e+00
2.990306943213786456e-03 5.461058440676680448e-04 5.066994650190781435e-04 5.683941582735663189e-03 2.968063992624614400e-03 -4.756400701068752568e-03 0.000000000000000000e+00
2.771520205201521980e-03 5.187080900126983529e-04 4.326033895739600510e-04 5.290862311429833653e-03 2.700327983965244982e-03 -4.237738534518253886e-03 0.000000000000000000e+00
3.014117092539535248e-03 5.775963375871384642e-04 4.309417004515481153e-04 5.774806248951769305e-03 2.884575868943528576e-03 -4.422686531044384139e-03 0.000000000000000000e+00
2.792393301469709224e-03 5.476094204069914539e-04 3.635097653437169285e-04 5.366085039150370051e-03 2.626840195528501454e-03 -3.926042796276618674e-03 0.000000000000000000e+00
3.035578434934294023e-03 6.087588291751044878e-04 3.570521542881066601e-04 5.846985540955529359e-03 2.809133468355984320e-03 -4.081554086062144648e-03 0.000000000000000000e+00
2.811465094806304271e-03 5.760572444185596552e-04 2.958153658118578555e-04 5.423992070554106704e-03 2.561402633276976815e-03 -3.606360271803055184e-03 0.000000000000000000e+00
3.055459299662940248e-03 6.392641615405869615e-04 2.842447208331599917e-04 5.900194869556507626e-03 2.742995759799971012e-03 -3.730041283130258734e-03 0.000000000000000000e+00
2.828847305273361062e-03 6.041460722266966954e-04 2.294854605439655693e-04 5.464450893196470815e-03 2.504851832383359067e-03 -3.279187917039738664e-03 0.000000000000000000e+00
3.073280681838940626e-03 6.696531874362809944e-04 2.133153778522967059e-04 5.934621274589879647e-03 2.686827332564867277e-03 -3.372757302838369498e-03 0.000000000000000000e+00
2.844662879430460284e-03 6.319725053347546861e-04 1.645639582261715361e-04 5.487425341183183036e-03 2.457973167491189770e-03 -2.945549107364442420e-03 0.000000000000000000e+00
3.089745932819766821e-03 6.995823205239171116e-04 1.435742069056389347e-04 5.949925634094910265e-03 2.641625207711051360e-03 -3.007422275443261128e-03 0.000000000000000000e+00
2.859006993194548180e-03 6.596533597166831520e-04 1.010027845395611301e-04 5.492911615606388409e-03 2.421430355649345501e-03 -2.606262710451723308e-03 0.000000000000000000e+00
3.104399734450691978e-03 7.296283728003838398e-04 7.563794027820591737e-05 5.946541459388221540e-03 2.607792901302197208e-03 -2.637993554081674574e-03 0.000000000000000000e+00
2.871975392443784636e-03 6.872609874628010651e-04 3.882246055236793225e-05 5.480923875373910903e-03 2.395714783821834004e-03 -2.262309416797503303e-03 0.000000000000000000e+00
3.117859486701341290e-03 7.594179328279104801e-04 8.894518509494631076e-06 5.923973400781434862e-03 2.586013522388519448e-03 -2.262656086954972778e-03 0.000000000000000000e+00
2.883634939140494041e-03 7.148972777212270202e-04 -2.194430506374800416e-05 5.451566706498489623e-03 2.381177627214015047e-03 -1.914919329645048407e-03 0.000000000000000000e+00
3.129691568248549327e-03 7.895517738877311231e-04 -5.605952761578159027e-05 5.883075186567943149e-03 2.576375503395844646e-03 -1.885709214611619444e-03 0.000000000000000000e+00
2.894057830648267410e-03 7.426540533658210208e-04 -8.135917933038694372e-05 5.404978386781777999e-03 2.378070781027474823e-03 -1.565057987925833061e-03 0.000000000000000000e+00
3.140434629198451261e-03 8.195974310806763974e-04 -1.198358110072184068e-04 5.823043037175068548e-03 2.579265636757366309e-03 -1.504975430120847335e-03 0.000000000000000000e+00
2.903267378073819821e-03 7.706235711106290687e-04 -1.393969758154978145e-04 5.341268213800987041e-03 2.386409184466753430e-03 -1.213936586709873922e-03 0.000000000000000000e+00
3.149664375787897264e-03 8.501704895885198177e-04 -1.818665788131945682e-04 5.745028386973771717e-03 2.594457033958441627e-03 -1.124886123013979500e-03 0.000000000000000000e+00
2.911305733624983128e-03 7.988763356499006818e-04 -1.960875638745696037e-04 5.260615926679257370e-03 2.406150604191026332e-03 -8.625444605736554138e-04 0.000000000000000000e+00
3.157826101430102894e-03 8.808265897136680067e-04 -2.426551579721714091e-04 5.648298209417035309e-03 2.621901504056722843e-03 -7.440926987425378059e-04 0.000000000000000000e+00
2.918153984923420319e-03 8.274849917406235100e-04 -2.514469712535105650e-04 5.163169527059530139e-03 2.436988467278133896e-03 -5.120903054991465808e-04 0.000000000000000000e+00
3.164528609371781986e-03 9.121700958603651266e-04 -3.018031919996833068e-04 5.534031905335190515e-03 2.661237687008544128e-03 -3.658605878653631294e-04 0.000000000000000000e+00
2.923820895908785245e-03 8.565072868100820358e-04 -3.054890545062804996e-04 5.049166062968346580e-03 2.478604648411319999e-03 -1.635366261956150424e-04 0.000000000000000000e+00
3.170089156705385713e-03 9.437103941737912116e-04 -3.597365186847056862e-04 5.401334700878557271e-03 2.711901074469835748e-03 1.070345040377063128e-05 0.000000000000000000e+00
2.928274112607834323e-03 8.859833337988565205e-04 -3.582136093593368820e-04 4.918848157395849796e-03 2.530448998312451181e-03 1.819152385951205986e-04 0.000000000000000000e+00
3.174146161721347337e-03 9.760462367944811035e-04 -4.160052456596563530e-04 5.251823803680721880e-03 2.773269907778264098e-03 3.820890184145220303e-04 0.000000000000000000e+00
2.931446670073147021e-03 9.159499277317517674e-04 -4.096314893406449720e-04 4.772484228817930330e-03 2.591769098168938967e-03 5.231592324070888367e-04 0.000000000000000000e+00
3.176949799087461224e-03 1.008656507254623858e-03 -4.711673398650750855e-04 5.084243314893654997e-03 2.844615187163945791e-03 7.499412964770968415e-04 0.000000000000000000e+00
2.933281940387333364e-03 9.464145202926488309e-04 -4.597362134951543666e-04 4.610362898355369055e-03 2.661787814956628750e-03 8.592232666546628650e-04 0.000000000000000000e+00
3.178127342956249546e-03 1.042070072749479159e-03 -5.246450697266036300e-04 4.900637717804023907e-03 2.924851166660413782e-03 1.110286924569159339e-03 0.000000000000000000e+00
2.933716779069825420e-03 9.773894562314922041e-04 -5.085977788773510255e-04 4.432790221011728704e-03 2.739668946729167942e-03 1.189407465473912850e-03 0.000000000000000000e+00
3.177829847925875417e-03 1.075741551379127969e-03 -5.769753392949050763e-04 4.699573559298286796e-03 3.012909341896907733e-03 1.464811470767823920e-03 0.000000000000000000e+00
2.932625112318926197e-03 1.008842274814514273e-03 -5.562057063653869093e-04 4.240050739072742658e-03 2.824264354960526191e-03 1.512754117746428761e-03 0.000000000000000000e+00
3.175743181699830497e-03 1.110173953781712353e-03 -6.277164349640096397e-04 4.483308595052193368e-03 3.107726686229828061e-03 1.810321340431020332e-03 0.000000000000000000e+00
2.929919564696806256e-03 1.040702095481405021e-03 -6.025136466001057567e-04 4.032667884669827174e-03 2.914387608265123220e-03 1.828240095164357371e-03 0.000000000000000000e+00
3.171927559235010463e-03 1.144756601849095112e-03 -6.773452075454766685e-04 4.250214863851020652e-03 3.207906038650953917e-03 2.148454915878783567e-03 0.000000000000000000e+00
2.925458374385014881e-03 1.072909774430252927e-03 -6.475679824087532399e-04 3.810930158189229644e-03 3.008806688475029745e-03 2.135396161175862062e-03 0.000000000000000000e+00
3.166079954247585926e-03 1.179961911986326939e-03 -7.253617304867898685e-04 4.003075807895051241e-03 3.312072808491883791e-03 2.475700927706991905e-03 0.000000000000000000e+00
2.919149343169058497e-03 1.105371405172972388e-03 -6.913352359237123768e-04 3.575469115351559424e-03 3.106222834125205168e-03 2.433315496166432723e-03 0.000000000000000000e+00
3.158184992989365725e-03 1.215071044039395254e-03 -7.722583859515186333e-04 3.739954387893540400e-03 3.418605679097908023e-03 2.794210329049473529e-03 0.000000000000000000e+00
2.910824336671932744e-03 1.137959936813259798e-03 -7.339018594616775193e-04 3.326515645248662167e-03 3.205277418890872809e-03 2.722012380586669167e-03 0.000000000000000000e+00
3.148033368076966210e-03 1.250549263655253984e-03 -8.175759793101478046e-04 3.463992787051672906e-03 3.526320688330919495e-03 3.100829751367051301e-03 0.000000000000000000e+00
2.900385289656901011e-03 1.170531724562384746e-03 -7.751891990719905756e-04 3.064922028515937313e-03 3.304488484524803482e-03 3.000439193362680612e-03 0.000000000000000000e+00
3.135481498507855513e-03 1.285571164249654785e-03 -8.616775080966532219e-04 3.173279280676233327e-03 3.632983265505540516e-03 3.397232659914539710e-03 0.000000000000000000e+00
2.887647158481401743e-03 1.202898519919115561e-03 -8.152271983048464676e-04 2.791110103538940734e-03 3.402291330334872299e-03 3.268434546430221133e-03 0.000000000000000000e+00
3.120418626087459457e-03 1.320597784247368178e-03 -9.042883312713467792e-04 2.870969798458133937e-03 3.737854399634699121e-03 3.681486639370401548e-03 0.000000000000000000e+00
2.872521655465851143e-03 1.234862310269924102e-03 -8.539903035732487879e-04 2.505849781844204927e-03 3.497316160352870185e-03 3.525679785789215259e-03 0.000000000000000000e+00
3.102659347637842790e-03 1.354722701740251889e-03 -9.456396596605465277e-04 2.555413875620082820e-03 3.838321918608222916e-03 3.954427610866062537e-03 0.000000000000000000e+00
2.854847973610991074e-03 1.266148759014429359e-03 -8.914490934836538649e-04 2.209854144306078183e-03 3.587849866689918343e-03 3.771829864881670602e-03 0.000000000000000000e+00
3.082120251476416772e-03 1.388364340661751850e-03 -9.854787677966436732e-04 2.229916431402578780e-03 3.933733758660018509e-03 4.214710336841065441e-03 0.000000000000000000e+00
2.834519937952251212e-03 1.296555300342727701e-03 -9.276198225106890849e-04 1.903937143136857912e-03 3.672509072660368190e-03 4.006655567519334937e-03 0.000000000000000000e+00
3.058583864050334888e-03 1.420518634680789649e-03 -1.024023598232171040e-03 1.892761873623527435e-03 4.021354505526986145e-03 4.463253024782343203e-03 0.000000000000000000e+00
2.811440602956793988e-03 1.325771333823722031e-03 -9.624918683240335504e-04 1.588916019271024993e-03 3.749819377268259757e-03 4.230130897856287930e-03 0.000000000000000000e+00
3.032069880825188912e-03 1.451599026743966014e-03 -1.061037461740244048e-03 1.547609351545631284e-03 4.100804337107799569e-03 4.698897310741134703e-03 0.000000000000000000e+00
2.785484842216939816e-03 1.353509014638931696e-03 -9.960163896868545752e-04 1.265801478380623735e-03 3.818182078699106086e-03 4.441945930764745754e-03 0.000000000000000000e+00
3.002325914298997755e-03 1.480491671004391385e-03 -1.096671334731985636e-03 1.192829694786290418e-03 4.169112589579526684e-03 4.922391611789311838e-03 0.000000000000000000e+00
2.756593180460065184e-03 1.379418587523328910e-03 -1.028195739508908080e-03 9.355180667265372563e-04 3.876254869214168508e-03 4.642169299210241462e-03 0.000000000000000000e+00
2.969459054964262990e-03 1.507658305621384365e-03 -1.130756597944981845e-03 8.322485727028094971e-04 4.226353391155956984e-03 5.132816269134199416e-03 0.000000000000000000e+00
2.724701391897066394e-03 1.403184406078228363e-03 -1.058999469215754496e-03 5.991366405755371716e-04 3.922728220918436648e-03 4.830757866292945124e-03 0.000000000000000000e+00
2.933171619729113555e-03 1.531884156449003775e-03 -1.163411024308391717e-03 4.642696738192952921e-04 4.269302980598688180e-03 5.330870251627262135e-03 0.000000000000000000e+00
2.689732917052323202e-03 1.424448861526150800e-03 -1.088429308139376994e-03 2.576825642295332841e-04 3.956238788239474502e-03 5.007703884311709430e-03 0.000000000000000000e+00
2.893716986763883448e-03 1.553621722422682261e-03 -1.194445554083767291e-03 9.307948358117101861e-05 4.298478747794653998e-03 5.515789117615632620e-03 0.000000000000000000e+00
2.651685383326857215e-03 1.442826489978454862e-03 -1.116390839675102109e-03 -8.738156160870147460e-05 3.975438852825696756e-03 5.172610894390361480e-03 0.000000000000000000e+00
2.850718509194161143e-03 1.571613307877028909e-03 -1.224010990690610479e-03 -2.831404672019033342e-04 4.310641151039629193e-03 5.688258005235313775e-03 0.000000000000000000e+00
2.610554086567490328e-03 1.457975072135353489e-03 -1.142903534986555725e-03 -4.349719447018784990e-04 3.979391874155968623e-03 5.325692088112843336e-03 0.000000000000000000e+00
2.804602586295890099e-03 1.586355795437366378e-03 -1.251902895183981679e-03 -6.597610732859138238e-04 4.306829467357164987e-03 5.847548149953807339e-03 0.000000000000000000e+00
2.566314381827250468e-03 1.469510703581922151e-03 -1.167940206656586932e-03 -7.838537077953233734e-04 3.966941264541556933e-03 5.466864573822949325e-03 0.000000000000000000e+00
2.754921372377400202e-03 1.596501259830906960e-03 -1.278230442478961448e-03 -1.038522452487811165e-03 4.283475663164892921e-03 5.994028124752581732e-03 0.000000000000000000e+00
2.519062269210586846e-03 1.477067551979238669e-03 -1.191472485264216674e-03 -1.132553001920832969e-03 3.937327404887724924e-03 5.596050479282466128e-03 0.000000000000000000e+00
2.702202869480391234e-03 1.602617911139858631e-03 -1.302800593520003769e-03 -1.414622617799565774e-03 4.242157725760087317e-03 6.126989418920425479e-03 0.000000000000000000e+00
2.468767738819377389e-03 1.480255119343909520e-03 -1.213401896821592052e-03 -1.479539574814836556e-03 3.889347915108309905e-03 5.712791584185028526e-03 0.000000000000000000e+00
2.646022816886889339e-03 1.603333327278355647e-03 -1.325763086809345070e-03 -1.789945953934335421e-03 4.179627800808383142e-03 6.247043317883171909e-03 0.000000000000000000e+00
2.415564856230956181e-03 1.478757280038600630e-03 -1.233764584370494743e-03 -1.823469042820491381e-03 3.822697166747435205e-03 5.817173648594353708e-03 0.000000000000000000e+00
2.586963565636313245e-03 1.599283074476598454e-03 -1.346912185484883118e-03 -2.159462775631837417e-03 4.097685720444221857e-03 6.353234380386263425e-03 0.000000000000000000e+00
2.359514136529544670e-03 1.472222591052119167e-03 -1.252501422486895777e-03 -2.162838403572564516e-03 3.736679242402285439e-03 5.908987782182073545e-03 0.000000000000000000e+00
2.524570400525782965e-03 1.589033500738662452e-03 -1.366331596017344996e-03 -2.524808283746793336e-03 3.992906078390756619e-03 6.445737040390753236e-03 0.000000000000000000e+00
2.300706521003392790e-03 1.460297936096033311e-03 -1.269531630321174553e-03 -2.495908211145092537e-03 3.630657742853315995e-03 5.987634540246977721e-03 0.000000000000000000e+00
2.459577792965100818e-03 1.573401447604511061e-03 -1.383920556424306225e-03 -2.881154208041358800e-03 3.868186847816534879e-03 6.524283857026746958e-03 0.000000000000000000e+00
2.239247158501600499e-03 1.442716452521697335e-03 -1.284894397967306645e-03 -2.821453241002025436e-03 3.504530593989141352e-03 6.053255966254500464e-03 0.000000000000000000e+00
2.391426219229358940e-03 1.550864083811664962e-03 -1.399616647306201056e-03 -3.229709369362510074e-03 3.719483876187368310e-03 6.587895770706841958e-03 0.000000000000000000e+00
2.175246212636816612e-03 1.419198798725512800e-03 -1.298526739309996403e-03 -3.137803375016900986e-03 3.358016838550526018e-03 6.105455860396125090e-03 0.000000000000000000e+00
2.320945472970070700e-03 1.522363879254889918e-03 -1.413386029379543052e-03 -3.565891070834936727e-03 3.550501427842966962e-03 6.636846441199439894e-03 0.000000000000000000e+00
2.108857677927622465e-03 1.389489108792912875e-03 -1.310351101661583195e-03 -3.443110664658632913e-03 3.190910145471903547e-03 6.143549002506798473e-03 0.000000000000000000e+00
2.247552390558626989e-03 1.486421875994708985e-03 -1.425218319470511474e-03 -3.890959300176355384e-03 3.357345609234396733e-03 6.670219980358105261e-03 0.000000000000000000e+00
2.040146083471333638e-03 1.353391171950879546e-03 -1.320351800023600308e-03 -3.736189647899124111e-03 3.003377903508575031e-03 6.167334027537885177e-03 0.000000000000000000e+00
2.172141848145930920e-03 1.444115275796159503e-03 -1.435077727007377790e-03 -4.200461553339529530e-03 3.144291406662169663e-03 6.688447381517415025e-03 0.000000000000000000e+00
1.969281853099386081e-03 1.310716532763350761e-03 -1.328476289573748970e-03 -4.015255168929421359e-03 2.795494043261292916e-03 6.176334751535117462e-03 0.000000000000000000e+00
2.094003741310440647e-03 1.393907662138732517e-03 -1.442829499728293108e-03 -4.495392625160299360e-03 2.907028949518775107e-03 6.689879232656403829e-03 0.000000000000000000e+00
1.896340361930121121e-03 1.261354618387888760e-03 -1.334745474793452846e-03 -4.279204972382544270e-03 2.567652952071952654e-03 6.170545516986036816e-03 0.000000000000000000e+00
2.014161362481919904e-03 1.337131004670616408e-03 -1.448547896049701134e-03 -4.771573433759890293e-03 2.650650478116300945e-03 6.675343193955685095e-03 0.000000000000000000e+00
1.821460136394364993e-03 1.205175041693290483e-03 -1.338967042566419074e-03 -4.526097723656086202e-03 2.320057252607643505e-03 6.148859131519746057e-03 0.000000000000000000e+00
1.931788427107811179e-03 1.272202181578613311e-03 -1.452080807585437450e-03 -5.030302901465333321e-03 2.370871915758243631e-03 6.643378322371162881e-03 0.000000000000000000e+00
1.744677432000574235e-03 1.142139871814745744e-03 -1.341270763782542730e-03 -4.755287740023206311e-03 2.053280051635297809e-03 6.111867467278431221e-03 0.000000000000000000e+00
1.847912709290189248e-03 1.200604458979459555e-03 -1.453461886647910983e-03 -5.267474127183646715e-03 2.073015217428864077e-03 6.594695835824726515e-03 0.000000000000000000e+00
1.666188501993737248e-03 1.072310116059821405e-03 -1.341498706251720296e-03 -4.965015122602167708e-03 1.768173278198226228e-03 6.058715621956256570e-03 0.000000000000000000e+00
1.761639687152705136e-03 1.120817047322669735e-03 -1.452567162377765841e-03 -5.484631852937127405e-03 1.752914269809835446e-03 6.528150631105233970e-03 0.000000000000000000e+00
1.585957790222414232e-03 9.956502462233618456e-04 -1.339626335633004039e-03 -5.154470178729830820e-03 1.465075669586202167e-03 5.989347392086674660e-03 0.000000000000000000e+00
1.674066421504527558e-03 1.034530587955190262e-03 -1.449423726249815525e-03 -5.677944800679846082e-03 1.416498561935597422e-03 6.444628022947318513e-03 0.000000000000000000e+00
1.504020430227126504e-03 9.122703076376303954e-04 -1.335640297883328165e-03 -5.322913400730655553e-03 1.144851189461171259e-03 5.904034409626168767e-03 0.000000000000000000e+00
1.584191344976504379e-03 9.402098218888599312e-04 -1.443838311859596546e-03 -5.848842081221050648e-03 1.059327799912690438e-03 6.342729794213575190e-03 0.000000000000000000e+00
1.420427861199224928e-03 8.222877667733718976e-04 -1.329459541065197703e-03 -5.469376327371655577e-03 8.082676533902599658e-04 5.802451454665957797e-03 0.000000000000000000e+00
1.493046591146185431e-03 8.397370619527555480e-04 -1.435995654239796693e-03 -5.994925782203175402e-03 6.879658001692767755e-04 6.224625863337163167e-03 0.000000000000000000e+00
1.335225490716795971e-03 7.260029463400929917e-04 -1.321037589130963363e-03 -5.593184564258280034e-03 4.565507820455394494e-04 5.685019652722500538e-03 0.000000000000000000e+00
1.399530946767924000e-03 7.315849356856196639e-04 -1.425584810765906374e-03 -6.117219670072948645e-03 2.974865558300621160e-04 6.088458256449325035e-03 0.000000000000000000e+00
1.248330995538560195e-03 6.235298028230140677e-04 -1.310292833107712385e-03 -5.693953291240561043e-03 9.034745453906367629e-05 5.551930697624829492e-03 0.000000000000000000e+00
1.304742464508734656e-03 6.178104826795871585e-04 -1.412787962771833161e-03 -6.213639677266513672e-03 -1.051627772143959305e-04 5.936717458705276229e-03 0.000000000000000000e+00
1.159728950087313137e-03 5.152544990399410274e-04 -1.297255908063343899e-03 -5.771838384917238329e-03 -2.890075277326431546e-04 5.403989060333014294e-03 0.000000000000000000e+00
1.207486163809390334e-03 4.970077722849519652e-04 -1.397277500426258312e-03 -6.285697262785383543e-03 -5.245316326734084100e-04 5.768009456183609274e-03 0.000000000000000000e+00
1.069313283625361599e-03 4.014490020757821576e-04 -1.281818945824741984e-03 -5.826498453868289573e-03 -6.807586915860142085e-04 5.241793793306692706e-03 0.000000000000000000e+00
1.108837362571002405e-03 3.713914961733233433e-04 -1.379314928641101057e-03 -6.332022429604400315e-03 -9.535890990766127118e-04 5.585411138286033861e-03 0.000000000000000000e+00
9.770079559047184503e-04 2.825424282157651401e-04 -1.263947653331598531e-03 -5.858202130981204903e-03 -1.083668545491800472e-03 5.066138662649599667e-03 0.000000000000000000e+00
1.007461780757334946e-03 2.394637465184534797e-04 -1.358477227740267912e-03 -6.354067678434383026e-03 -1.397403246722994652e-03 5.387485046721485205e-03 0.000000000000000000e+00
8.827302819063298500e-04 1.589981173096555178e-04 -1.243578733823719196e-03 -5.867180242031366788e-03 -1.496522437853364806e-03 4.878073298408391878e-03 0.000000000000000000e+00
9.044898996159456139e-04 1.037577732130867680e-04 -1.335154517467990187e-03 -6.351680973456730328e-03 -1.848033916677316313e-03 5.178262589640825198e-03 0.000000000000000000e+00
7.863115874994219823e-04 3.121343515868901797e-05 -1.220626822926007549e-03 -5.853764320654875064e-03 -1.918537146113674652e-03 4.678607470785411948e-03 0.000000000000000000e+00
7.985144786882836243e-04 -3.717852160292633990e-05 -1.308817139987039635e-03 -6.325719473569968443e-03 -2.310993432360408661e-03 4.956137865451015756e-03 0.000000000000000000e+00
6.876468593668416673e-04 -1.001782994053679321e-04 -1.195097711330084245e-03 -5.819027753651617729e-03 -2.347993931501868303e-03 4.469393710164526468e-03 0.000000000000000000e+00
6.906728112208715409e-04 -1.807463622619243093e-04 -1.279857647474652582e-03 -6.276620467037474782e-03 -2.778302317718583936e-03 4.725356541881886585e-03 0.000000000000000000e+00
5.865383963322701177e-04 -2.346667721544459795e-04 -1.166937291417674549e-03 -5.763497122184269017e-03 -2.784175750072392930e-03 4.251774833034627221e-03 0.000000000000000000e+00
5.794505030539132129e-04 -3.283614037233872907e-04 -1.247736816357175593e-03 -6.205393942574133348e-03 -3.255539333862245144e-03 4.484778861498339708e-03 0.000000000000000000e+00
4.829111551641340760e-04 -3.715707657826472499e-04 -1.136022402325603808e-03 -5.687696758752025517e-03 -3.225570652503062519e-03 4.026983903151037936e-03 0.000000000000000000e+00
4.660812489934440528e-04 -4.772179121161346238e-04 -1.212957643556944465e-03 -6.113150956232438205e-03 -3.734267986222672420e-03 4.239147029994727589e-03 0.000000000000000000e+00
3.765596440347684926e-04 -5.102535919627726457e-04 -1.102402539636365697e-03 -5.593103430098445017e-03 -3.670942128680021455e-03 3.797048276133141442e-03 0.000000000000000000e+00
3.489601592117641538e-04 -6.286745115419156704e-04 -1.174873775661916531e-03 -6.000495347204370944e-03 -4.220356230041577561e-03 3.987133205587856111e-03 0.000000000000000000e+00
2.673519792489309488e-04 -6.500400385072713227e-04 -1.065962415566862331e-03 -5.480184746998517653e-03 -4.119252343912194192e-03 3.563449956432096499e-03 0.000000000000000000e+00
2.294466286608676242e-04 -7.798655531730536161e-04 -1.133988054637491416e-03 -5.868720008275651878e-03 -4.705121836181991313e-03 3.733367945901511220e-03 0.000000000000000000e+00
1.551547337430014828e-04 -7.901748341021808120e-04 -1.026674123273368933e-03 -5.349954828140823793e-03 -4.569123774539107785e-03 3.327886848807359854e-03 0.000000000000000000e+00
1.058824772254829405e-04 -9.320441698291992427e-04 -1.089702595765768001e-03 -5.718405994772801648e-03 -5.194514113939785460e-03 3.476987149777732711e-03 0.000000000000000000e+00
3.988148555911230630e-05 -9.298907670829414940e-04 -9.844920429916415028e-04 -5.203236692507218208e-03 -5.019125099787746791e-03 3.091972521501729076e-03 0.000000000000000000e+00
-2.032397229828619700e-05 -1.082361768134199043e-03 -1.042562342093794614e-03 -5.551019640223309182e-03 -5.679965731618441538e-03 3.222631470310766133e-03 0.000000000000000000e+00
-7.856175903170337094e-05 -1.068384636377150976e-03 -9.393664337063734049e-04 -5.040887505002089597e-03 -5.468070021377613443e-03 2.857464529011810583e-03 0.000000000000000000e+00
-1.507249105400232381e-04 -1.231884170391828182e-03 -9.918831792087856591e-04 -5.366462133273408597e-03 -6.166767624394609015e-03 2.969176554887376085e-03 0.000000000000000000e+00
-2.002219449057096590e-04 -1.204852613061246913e-03 -8.912553362717956507e-04 -4.863409088051717788e-03 -5.914606621726825608e-03 2.625846390448938195e-03 0.000000000000000000e+00
-2.838826336251099036e-04 -1.377801712731219208e-03 -9.382973720007403706e-04 -5.166645395662250451e-03 -6.646824018159414038e-03 2.721193494729101658e-03 0.000000000000000000e+00
-3.250790558302352196e-04 -1.338473376287674377e-03 -8.401185639405894801e-04 -4.671401141235875798e-03 -6.357109115016079670e-03 2.398697964827389839e-03 0.000000000000000000e+00
-4.212739444680591028e-04 -1.521111718448042716e-03 -8.810705041775723778e-04 -4.950661971292902308e-03 -7.125224916783245988e-03 2.477490011085548005e-03 0.000000000000000000e+00
-4.530781550060036800e-04 -1.468300314047793487e-03 -7.859051034281583359e-04 -4.465199164324751280e-03 -6.794136638382131110e-03 2.177429170142408665e-03 0.000000000000000000e+00
-5.612567778395249896e-04 -1.659023409633392232e-03 -8.208746833843205692e-04 -4.720146960045745743e-03 -7.593597291803089178e-03 2.242190390551623835e-03 0.000000000000000000e+00
-5.842084358222421336e-04 -1.593657761258748806e-03 -7.286366441154323859e-04 -4.245129284371707001e-03 -7.224515961250954632e-03 1.963457192490247749e-03 0.000000000000000000e+00
-7.052328650087313910e-04 -1.792392778324380931e-03 -7.568857096865444500e-04 -4.473528199703480368e-03 -8.056867198765527149e-03 2.013934183873189454e-03 0.000000000000000000e+00
-7.181914969263125670e-04 -1.713542941788048779e-03 -6.682256039442502349e-04 -4.011093627663164796e-03 -7.646152929601690573e-03 1.757876443835737490e-03 0.000000000000000000e+00
-8.515165544577540935e-04 -1.918593527304501833e-03 -6.899752166113493068e-04 -4.212903385056421257e-03 -8.506970724699858266e-03 1.796954897004487961e-03 0.000000000000000000e+00
-8.548354233587351914e-04 -1.827149756382095980e-03 -6.046668948400946153e-04 -3.762766420797980516e-03 -8.057664849166368271e-03 1.561753827204359624e-03 0.000000000000000000e+00
-1.001237619890515962e-03 -2.038319384803533030e-03 -6.191866214546315472e-04 -3.935398772382470156e-03 -8.947958357513385863e-03 1.589446541406802638e-03 0.000000000000000000e+00
-9.938101906770691052e-04 -1.933661327127828011e-03 -5.378958428251950918e-04 -3.499677894090780228e-03 -8.457164080945211992e-03 1.375957907375768841e-03 0.000000000000000000e+00
-1.152600386966406987e-03 -2.149137143480028822e-03 -5.454127379731221748e-04 -3.643059456431174681e-03 -9.372283926277535926e-03 1.394998784014056525e-03 0.000000000000000000e+00
-1.134818026462203200e-03 -2.032251053388473006e-03 -4.680132746926884968e-04 -3.221490072454535891e-03 -8.843131315702468243e-03 1.201758234512295687e-03 0.000000000000000000e+00
-1.306556500143052357e-03 -2.251688476981594800e-03 -4.676628086101169979e-04 -3.332124945763403900e-03 -9.783431313349577607e-03 1.211879904055690460e-03 0.000000000000000000e+00
-1.277258106892997791e-03 -2.122102920513457835e-03 -3.948787108788848199e-04 -2.926817820899429989e-03 -9.213221101631585697e-03 1.039396688670590763e-03 0.000000000000000000e+00
-1.461135098077548378e-03 -2.343669450542207322e-03 -3.869838950165266356e-04 -3.004748516682198556e-03 -1.017390294548903285e-02 1.043385668003216082e-03 0.000000000000000000e+00
-1.420692836305359474e-03 -2.202515087808887273e-03 -3.185544371394621876e-04 -2.615023994137821717e-03 -9.565880473902943493e-03 8.897005757479981014e-04 0.000000000000000000e+00
-1.617111012711502926e-03 -2.425667794725860915e-03 -3.022971040368277462e-04 -2.656017948137190388e-03 -1.054673174970677252e-02 8.878385769617302969e-04 0.000000000000000000e+00
-1.564398206472583652e-03 -2.272741512033660261e-03 -2.390002383565459354e-04 -2.284439645678482123e-03 -9.898724371229850050e-03 7.531401296438922088e-04 0.000000000000000000e+00
-1.772324603693975487e-03 -2.495680197322269755e-03 -2.146408356191176203e-04 -2.287920029868217853e-03 -1.089467992909565197e-02 7.476547659484023001e-04 0.000000000000000000e+00
-1.707710594472278132e-03 -2.332172276554828061e-03 -1.562342547040546092e-04 -1.933543233596068944e-03 -1.020987602973688624e-02 6.301307504554820582e-04 0.000000000000000000e+00
-1.927326230458603629e-03 -2.554191314779491462e-03 -1.229685625747378719e-04 -1.895124756016386414e-03 -1.121992542945093874e-02 6.214903271943850172e-04 0.000000000000000000e+00
-1.849731160382089845e-03 -2.380147330866111410e-03 -7.024981071725167059e-05 -1.560531940743459245e-03 -1.049670138192793090e-02 5.210481028832258943e-04 0.000000000000000000e+00
-2.079852487752081869e-03 -2.599537555700304203e-03 -2.836346063186945265e-05 -1.479367463567804464e-03 -1.151576266350717859e-02 5.113455238043851381e-04 0.000000000000000000e+00
-1.989630394812841319e-03 -2.416199681650216258e-03 1.893448682985243714e-05 -1.163463618182980497e-03 -1.075715805445831563e-02 4.261403997158907941e-04 0.000000000000000000e+00
-2.230147920417757668e-03 -2.632139662884447340e-03 7.028512703423361874e-05 -1.034041983668743114e-03 -1.178344333057079751e-02 4.159806247108210897e-04 0.000000000000000000e+00
-2.126400632438685268e-03 -2.439849288142392769e-03 1.113150408115215484e-04 -7.400495023253128579e-04 -1.098868671059083368e-02 3.457204235828292838e-04 0.000000000000000000e+00
-2.375906637636177043e-03 -2.650721309243597723e-03 1.717753301476443450e-04 -5.615931478697433477e-04 -1.201672379249174583e-02 3.370067794958853113e-04 0.000000000000000000e+00
-2.258992252201635909e-03 -2.450763426112279042e-03 2.068925300773571951e-04 -2.880788655028609924e-04 -1.118875111543449208e-02 2.797543487738085588e-04 0.000000000000000000e+00
-2.517063272120506623e-03 -2.655613337438689214e-03 2.772970281109399249e-04 -5.391281600441999444e-05 -1.221590755332346845e-02 2.734927857397373430e-04 0.000000000000000000e+00
-2.386213616153209927e-03 -2.448573312181789863e-03 3.055868526246757755e-04 1.951378015601079596e-04 -1.135439918121194935e-02 2.288122524354285758e-04 0.000000000000000000e+00
-2.651300825416619267e-03 -2.646004776387822499e-03 3.856472404898531048e-04 4.860381807931801745e-04 -1.237526213541872977e-02 2.263477024275761806e-04 0.000000000000000000e+00
-2.506939958411003033e-03 -2.433162419719636649e-03 4.074141115882057296e-04 7.122557485468306027e-04 -1.148319939921682575e-02 1.926863140417900411e-04 0.000000000000000000e+00
-2.778247384038423640e-03 -2.622155485371535644e-03 4.979563029095523952e-04 1.067448282157101858e-03 -1.249395836078548427e-02 1.952649777536841214e-04 0.000000000000000000e+00
-2.619854133349197589e-03 -2.404365695416132986e-03 5.123297299856333087e-04 1.266136802827944052e-03 -1.157193785611321246e-02 1.717018713061069235e-04 0.000000000000000000e+00
-2.895623758179699525e-03 -2.583666319878052953e-03 6.129607497105116209e-04 1.686770948212235055e-03 -1.256681697174366619e-02 1.807435873062424037e-04 0.000000000000000000e+00
-2.723678837336762637e-03 -2.362204843697202072e-03 6.203002512006061675e-04 1.859681066537000049e-03 -1.161763832361728532e-02 1.657732440931702911e-04 0.000000000000000000e+00
-3.002771009016663717e-03 -2.530770783422287007e-03 7.318676949153307687e-04 2.354399294588027658e-03 -1.259185010461560950e-02 1.827239827867366273e-04 0.000000000000000000e+00
-2.817009088703914532e-03 -2.306705070846459815e-03 7.312811430158494552e-04 2.496138660696978206e-03 -1.161690223549660672e-02 1.752182961005654960e-04 0.000000000000000000e+00
-3.097516027432467567e-03 -2.463499480745867665e-03 8.533185343498894682e-04 3.066080100781576334e-03 -1.256450064452785398e-02 2.011718176857524298e-04 0.000000000000000000e+00
-2.898514575848887276e-03 -2.238069641315343361e-03 8.451605277618734480e-04 3.178151882436530684e-03 -1.156638475940630073e-02 1.999573048538927367e-04 0.000000000000000000e+00
-3.178904444425117992e-03 -2.382061311691552330e-03 9.786571796251419819e-04 3.833610508205076428e-03 -1.248131624276593854e-02 2.362800350350635625e-04 0.000000000000000000e+00
0.000000000000000000e+00 0.000000000000000000e+00 0.000000000000000000e+00 0.000000000000000000e+00 0.000000000000000000e+00 0.000000000000000000e+00 0.000000000000000000e+00
