-1.477969735913196303e-01 -3.012968090720825609e-01 1.517716498546788639e-01 1.573936619972727158e+00 3.383824022477277538e-03 1.567444579467426546e+00 -4.979861567095980601e-01 8.525427794859348207e-01 2.451788657520739267e-01 -5.510148205981740821e-01 -1.163026017013250479e+00 2.439962724252674187e-01 0.000000000000000000e+00
-1.470480875664351983e-01 -3.026488690343273058e-01 1.544605667018621453e-01 1.571631775300391887e+00 6.583974386624280584e-03 1.558218430556622680e+00 -4.936684069237661787e-01 8.481770595109680011e-01 2.394063309312726151e-01 -5.497055773167774939e-01 -1.163070758119563841e+00 2.459594715570897761e-01 0.000000000000000000e+00
-1.461719929605764801e-01 -3.040390635276304376e-01 1.573499182781751826e-01 1.569300171243991571e+00 1.011464332502054475e-02 1.548241908163003666e+00 -4.889229201773540034e-01 8.433403594972205264e-01 2.336087623962246340e-01 -5.481594458564184036e-01 -1.163373692693560280e+00 2.479425944628172451e-01 0.000000000000000000e+00
-1.453045707290859245e-01 -3.052561060376199897e-01 1.599935830723712149e-01 1.567300724553907010e+00 1.343195168338917611e-02 1.539053007249668426e+00 -4.844752414198399415e-01 8.387820263964136380e-01 2.286634054100018520e-01 -5.466142465024407260e-01 -1.163876231191258270e+00 2.496442378860802003e-01 0.000000000000000000e+00
-1.443022315892603380e-01 -3.065052918721570263e-01 1.628303223494486085e-01 1.565301069620525176e+00 1.708768203695720800e-02 1.529123194097554483e+00 -4.795789531767020164e-01 8.337475200927005892e-01 2.237328289678290894e-01 -5.448115194710525522e-01 -1.164651344226525831e+00 2.513511909867665040e-01 0.000000000000000000e+00
-1.433198000370057845e-01 -3.075963724756270445e-01 1.654218861022147546e-01 1.563609974964642824e+00 2.051823315234280187e-02 1.519983567644936251e+00 -4.749822705561979608e-01 8.290154823097932724e-01 2.195661802843458243e-01 -5.430271349616722087e-01 -1.165570800592875766e+00 2.528028634522118678e-01 0.000000000000000000e+00
-1.421945221778578572e-01 -3.087135631977773187e-01 1.681986200567966161e-01 1.561946237516339764e+00 2.429370748254910950e-02 1.510113761576314495e+00 -4.699142417122635362e-01 8.238022778969360527e-01 2.154558574579177321e-01 -5.409630186692926390e-01 -1.166776946250572600e+00 2.542442827474604150e-01 0.000000000000000000e+00
-1.411006074003249289e-01 -3.096872318339570773e-01 1.707321738506592246e-01 1.560566113787265508e+00 2.783140794191840683e-02 1.501034542104397351e+00 -4.651508119180069456e-01 8.189149112434497280e-01 2.120206459678242172e-01 -5.389367525539058290e-01 -1.168073639385332152e+00 2.554570696631257576e-01 0.000000000000000000e+00
-1.398567163117927503e-01 -3.106818586838673291e-01 1.734434186885702167e-01 1.559240153296611808e+00 3.171879512715936045e-02 1.491235535410068813e+00 -4.598936320576496595e-01 8.135437813779506921e-01 2.086753161645213961e-01 -5.366101151570716876e-01 -1.169666476033308644e+00 2.566462709583869906e-01 0.000000000000000000e+00
-1.386548507636532201e-01 -3.115461307535737356e-01 1.759138603205422924e-01 1.558173269447361342e+00 3.535573358964416713e-02 1.482226902921039091e+00 -4.549470433594228758e-01 8.085191953492981698e-01 2.059254691809599969e-01 -5.343397370382655387e-01 -1.171302322732889811e+00 2.576307251000916065e-01 0.000000000000000000e+00
-1.372956866802074738e-01 -3.124261567023650654e-01 1.785540835934027459e-01 1.557188105357679930e+00 3.934575830246478390e-02 1.472509631047970169e+00 -4.494824698291756682e-01 8.030085158426789604e-01 2.033003912944688629e-01 -5.317467169533962590e-01 -1.173243767167557516e+00 2.585772957752898171e-01 0.000000000000000000e+00
-1.359894178411780730e-01 -3.131885018450160652e-01 1.809571054237089638e-01 1.556436235792439504e+00 4.307246447972268300e-02 1.463580730290022336e+00 -4.443375754982787917e-01 7.978642207230275396e-01 2.011911677111262176e-01 -5.292303626184077237e-01 -1.175182282125026179e+00 2.593434539313919651e-01 0.000000000000000000e+00
-1.345193587833872217e-01 -3.139621125712022676e-01 1.835224155329316653e-01 1.555792643584098300e+00 4.715389848138196172e-02 1.453954431367797895e+00 -4.386512272282552805e-01 7.922336989673547381e-01 1.992342769421360238e-01 -5.263709265559894934e-01 -1.177431321665598052e+00 2.600594947247302224e-01 0.000000000000000000e+00
-1.331122796971032085e-01 -3.146294641521740210e-01 1.858543378318753270e-01 1.555356961067019483e+00 5.095963868606645519e-02 1.445113845230158844e+00 -4.332942454060472182e-01 7.869869387247623305e-01 1.977221340751891265e-01 -5.236072644242734109e-01 -1.179637484312619611e+00 2.606168776961270139e-01 0.000000000000000000e+00
-1.315346830855483040e-01 -3.153035409315907422e-01 1.883406249603177263e-01 1.555056823353329953e+00 5.512061785681510173e-02 1.435587964418166163e+00 -4.273703764563022145e-01 7.812542181622577075e-01 1.963910861623674453e-01 -5.204784496175938191e-01 -1.182159098390761276e+00 2.611110272363911800e-01 0.000000000000000000e+00
-1.300304050144258650e-01 -3.158823121202274375e-01 1.905983415780519996e-01 1.554937929006246833e+00 5.899361428179439315e-02 1.426843861836909921e+00 -4.217886904171187501e-01 7.759217707115920737e-01 1.954338129085382292e-01 -5.174664810037415963e-01 -1.184599219739546294e+00 2.614687064155456486e-01 0.000000000000000000e+00
-1.283497498145462490e-01 -3.164638465577731541e-01 1.930031190672486796e-01 1.554980362617852663e+00 6.322073170440933865e-02 1.417425863509639061e+00 -4.156158824844786159e-01 7.701053603118317437e-01 1.946794725297733564e-01 -5.140692195591819447e-01 -1.187356124099996357e+00 2.617518337289347352e-01 0.000000000000000000e+00
-1.267519274135347762e-01 -3.169599550594332515e-01 1.951841164186123856e-01 1.555177971600763875e+00 6.714855906937700070e-02 1.408785608301979853e+00 -4.097981737936868818e-01 7.647036040937968959e-01 1.942359230502206380e-01 -5.108084451204889520e-01 -1.189998246217464084e+00 2.619183478760919170e-01 0.000000000000000000e+00
-1.249716439852908006e-01 -3.174548255635573080e-01 1.975042786201326450e-01 1.555563382697648045e+00 7.142819667730915256e-02 1.399484961708511888e+00 -4.033631443622147650e-01 7.588206146667845209e-01 1.940182096311067195e-01 -5.071406730882045411e-01 -1.192957550820760160e+00 2.619982260640374983e-01 0.000000000000000000e+00
-1.232839515024072852e-01 -3.178737220671564168e-01 1.996065126831848557e-01 1.556076410738075566e+00 7.539790990026817852e-02 1.390955783360081188e+00 -3.972992264286452913e-01 7.533654620688935433e-01 1.940484365094790054e-01 -5.036309929561300081e-01 -1.195770914196319756e+00 2.619816811757653685e-01 0.000000000000000000e+00
-1.214085700643017518e-01 -3.182878014085641638e-01 2.018406800519239874e-01 1.556802188472399706e+00 7.971566068127788895e-02 1.381778608903551753e+00 -3.905932869352848891e-01 7.474332707407419507e-01 1.943212773631577406e-01 -4.996944746803429482e-01 -1.198899329528835933e+00 2.618680474210030029e-01 0.000000000000000000e+00
-1.196347166646067467e-01 -3.186344453859528136e-01 2.038624707071675646e-01 1.557628809247601609e+00 8.371391774876002501e-02 1.373367743610459657e+00 -3.842742048797721521e-01 7.419402346763445122e-01 1.947867979217035028e-01 -4.959361218814822836e-01 -1.201854639390496748e+00 2.616760834406787750e-01 0.000000000000000000e+00
-1.176677555548663462e-01 -3.189727200775864802e-01 2.060085279991624718e-01 1.558693243379678961e+00 8.805552080482126343e-02 1.364323101829932439e+00 -3.772865695221085391e-01 7.359751533087305342e-01 1.955119766865320852e-01 -4.917297588082429893e-01 -1.205121805415805936e+00 2.613757953830155301e-01 0.000000000000000000e+00
-1.158114547130575517e-01 -3.192516964889315911e-01 2.079486252029076332e-01 1.559830598639995181e+00 9.206904092113621374e-02 1.356037529853475920e+00 -3.707044337299232328e-01 7.304594137960400690e-01 1.963751071958268479e-01 -4.877234324223823081e-01 -1.208191098572122257e+00 2.610156194903390792e-01 0.000000000000000000e+00
-1.137574652779083373e-01 -3.195190165171045149e-01 2.100058532065193495e-01 1.561229360787256937e+00 9.641976809156549422e-02 1.347132043611483754e+00 -3.634289772374493799e-01 7.244778208296676070e-01 1.975100132943639064e-01 -4.832497545547263518e-01 -1.211566788411852169e+00 2.605373656928313131e-01 0.000000000000000000e+00
-1.118224665481857699e-01 -3.197344816766195530e-01 2.118633444513338682e-01 1.562673637284872186e+00 1.004352597544051484e-01 1.338978858317458442e+00 -3.565771298058663108e-01 7.189540252546797738e-01 1.987344016055279106e-01 -4.789965198463017049e-01 -1.214723433251923002e+00 2.600157356590688251e-01 0.000000000000000000e+00
-1.096849710857344118e-01 -3.199350525816430646e-01 2.138304446366165457e-01 1.564402939123137770e+00 1.047812406630002080e-01 1.330221265843778644e+00 -3.490053300630938660e-01 7.129715001819258990e-01 2.002426828888945742e-01 -4.742552608681199766e-01 -1.218180216346846034e+00 2.593655581684396472e-01 0.000000000000000000e+00
-1.076750098174570763e-01 -3.200908059317395526e-01 2.156046973552046275e-01 1.566149460018326778e+00 1.087857476005260615e-01 1.322207622398020366e+00 -3.418781450643101905e-01 7.074540296145269691e-01 2.017930421174838340e-01 -4.697565159967035942e-01 -1.221399045998370347e+00 2.586888489354504661e-01 0.000000000000000000e+00
-1.054585607921456891e-01 -3.202286199813897394e-01 2.174816020782141535e-01 1.568202841352398735e+00 1.131128509165146845e-01 1.313604863684972424e+00 -3.340063735142539403e-01 7.014858190326320742e-01 2.036350174854373307e-01 -4.647510381488724196e-01 -1.224909758105367175e+00 2.578744209845906799e-01 0.000000000000000000e+00
-1.033773433714280654e-01 -3.203281055518900633e-01 2.191722593741866065e-01 1.570245866130759893e+00 1.170939172605902634e-01 1.305738268209679198e+00 -3.265992902849029211e-01 6.959884553314632516e-01 2.054773923275541314e-01 -4.600086140377138144e-01 -1.228166804118534072e+00 2.570485414410434433e-01 0.000000000000000000e+00
-1.010854778742225485e-01 -3.204066956199381755e-01 2.209582395246015851e-01 1.572617383967569893e+00 1.213890941884381292e-01 1.297299707537815427e+00 -3.184213217885148439e-01 6.900495395215593408e-01 2.076185738439777495e-01 -4.547393833734239554e-01 -1.231706411523358469e+00 2.560751061283490504e-01 0.000000000000000000e+00
-9.893671034816944876e-02 -3.204530618407555598e-01 2.225650879796961246e-01 1.574950286895776763e+00 1.253346626483979875e-01 1.289588411419057223e+00 -3.107308116401521492e-01 6.845858648081800668e-01 2.097200742601592616e-01 -4.497553439723678825e-01 -1.234978637554738690e+00 2.551056156230193106e-01 0.000000000000000000e+00
-9.657389631466878344e-02 -3.204756857421680039e-01 2.242605997112974425e-01 1.577631401374716802e+00 1.295852136922741593e-01 1.281321432382206638e+00 -3.022453146168871951e-01 6.786903585240443570e-01 2.121237103020101600e-01 -4.442265216808225503e-01 -1.238523171807579759e+00 2.539799140749996464e-01 0.000000000000000000e+00
-9.436124171645696168e-02 -3.204717682015604252e-01 2.257837810516120369e-01 1.580246526982187483e+00 1.334841903704280242e-01 1.273773111653215828e+00 -2.942689474150181339e-01 6.732733557087686727e-01 2.144525115172302154e-01 -4.390033637033909919e-01 -1.241789538884562116e+00 2.528719724824994297e-01 0.000000000000000000e+00
-9.193094165659708439e-02 -3.204413970450185056e-01 2.273885243325398653e-01 1.583229124136820154e+00 1.376786379669248106e-01 1.265688106254734713e+00 -2.854718272547002722e-01 6.674355734412604768e-01 2.170861115192095347e-01 -4.332161814965942992e-01 -1.245316229958099319e+00 2.515984654939803500e-01 0.000000000000000000e+00
-8.965800251299851920e-02 -3.203898080140646920e-01 2.288282594820243987e-01 1.586117849089336396e+00 1.415206856816091374e-01 1.258311584103479097e+00 -2.772080550369411811e-01 6.620779591182935908e-01 2.196114540228772949e-01 -4.277567012619318820e-01 -1.248556231740289846e+00 2.503568665042718022e-01 0.000000000000000000e+00
-8.716457455333001536e-02 -3.203090799057643490e-01 2.303431054053722837e-01 1.589391397155603514e+00 1.456481371296467486e-01 1.250416591260836041e+00 -2.681001772669246996e-01 6.563108837777269500e-01 2.224410626810864322e-01 -4.217159195403323846e-01 -1.252044040661911994e+00 2.489414463191651217e-01 0.000000000000000000e+00
-8.483490552920464056e-02 -3.202121777729100560e-01 2.316998511242192860e-01 1.592544105447462499e+00 1.494239170095204017e-01 1.243220691547387791e+00 -2.595485006905712821e-01 6.510248419090559624e-01 2.251332522270474978e-01 -4.160232462627198591e-01 -1.255238635547516690e+00 2.475706007928036578e-01 0.000000000000000000e+00
-8.228168531385016138e-02 -3.200835765911824726e-01 2.331248269768854409e-01 1.596098461878233898e+00 1.534750369982966767e-01 1.235527054376462486e+00 -2.501278679400386062e-01 6.453421221960176091e-01 2.281285095050598066e-01 -4.097308623971351871e-01 -1.258667322292939206e+00 2.460170124813922665e-01 0.000000000000000000e+00
-7.989875562275085275e-02 -3.199435130176825348e-01 2.343991420949926852e-01 1.599504693426944790e+00 1.571763087961413063e-01 1.228521091685553124e+00 -2.412886864792542774e-01 6.401395704275205656e-01 2.309589171115957740e-01 -4.038084248964760592e-01 -1.261798667102654203e+00 2.445209983837970669e-01 0.000000000000000000e+00
-7.728990624272820409e-02 -3.197691874789984068e-01 2.357354060817841157e-01 1.603327400718022488e+00 1.611425867286704339e-01 1.221037743795603259e+00 -2.315581450016204468e-01 6.345531905669159478e-01 2.340885308666025288e-01 -3.972698317881134811e-01 -1.265149855860355554e+00 2.428343019521522206e-01 0.000000000000000000e+00
-7.485710796373788722e-02 -3.195879038039351472e-01 2.369279794320834631e-01 1.606975817964426234e+00 1.647621971974424504e-01 1.214231486259243153e+00 -2.224328068817071347e-01 6.294455139122528964e-01 2.370297259744860163e-01 -3.911213252004203111e-01 -1.268201172679313871e+00 2.412168643536062307e-01 0.000000000000000000e+00
-7.219580669910029280e-02 -3.193699525496908054e-01 2.381758988557117485e-01 1.611054655900685972e+00 1.686367587560995140e-01 1.206970575647933419e+00 -2.123923899664857950e-01 6.239682570773141812e-01 2.402652003828231742e-01 -3.843392192998836832e-01 -1.271456753953881247e+00 2.394001057922245934e-01 0.000000000000000000e+00
-6.971641948128742827e-02 -3.191492361247317278e-01 2.392875730528877531e-01 1.614933067097202191e+00 1.721688960293987769e-01 1.200373900350349965e+00 -2.029830922953427264e-01 6.189665076550091571e-01 2.432905513811531861e-01 -3.779686716563050997e-01 -1.274412463289705588e+00 2.376646735126312637e-01 0.000000000000000000e+00
-6.700659785087675901e-02 -3.188894064230703429e-01 2.404485075717620324e-01 1.619253900014583358e+00 1.759459160472127692e-01 1.193345069875370479e+00 -1.926375436982255829e-01 6.136094925432874492e-01 2.466031243030484266e-01 -3.709490117865333336e-01 -1.277556724430707780e+00 2.357221804582843028e-01 0.000000000000000000e+00
-6.448379680971580430e-02 -3.186308583238346426e-01 2.414801721918549693e-01 1.623349353435797227e+00 1.793859756671167816e-01 1.186968376944973258e+00 -1.829473657558632615e-01 6.087242564186734484e-01 2.496873311614691282e-01 -3.643606841448135958e-01 -1.280402312055457292e+00 2.338718327776540540e-01 0.000000000000000000e+00
-6.172839666520933688e-02 -3.183309246465638176e-01 2.425547688293812065e-01 1.627898219761825693e+00 1.830614707809266051e-01 1.180184132346335790e+00 -1.722985996238837192e-01 6.034994672550741956e-01 2.530503709860212336e-01 -3.571068658361966075e-01 -1.283419540412462645e+00 2.318060353648363769e-01 0.000000000000000000e+00
-5.916524048541518116e-02 -3.180360285001399001e-01 2.435073944227757192e-01 1.632196996324591254e+00 1.864061966587349239e-01 1.174038114781684072e+00 -1.623314529281531526e-01 5.987410641773750486e-01 2.561689326225038421e-01 -3.503053188597023970e-01 -1.286141424204578110e+00 2.298435686023138080e-01 0.000000000000000000e+00
-5.636792459234477026e-02 -3.176973738353400800e-01 2.444971770000593791e-01 1.636958266377022575e+00 1.899771820391942256e-01 1.167508561014429569e+00 -1.513860106507388115e-01 5.936585543950133603e-01 2.595563403710303696e-01 -3.428238002778836724e-01 -1.289018437130190708e+00 2.276580787432539166e-01 0.000000000000000000e+00
-5.376733667142847423e-02 -3.173674524013511689e-01 2.453718863151530816e-01 1.641446018747120483e+00 1.932247378127409654e-01 1.161603628094203033e+00 -1.411466223125749098e-01 5.890367049022080526e-01 2.626858209679825418e-01 -3.358138609460907253e-01 -1.291604366548657623e+00 2.255860062571177771e-01 0.000000000000000000e+00
-5.093080454991328471e-02 -3.169915912925074797e-01 2.462775918944668518e-01 1.646404162639586666e+00 1.966900077270086200e-01 1.155342165063026449e+00 -1.299082239928734395e-01 5.841077929357166854e-01 2.660729624003996818e-01 -3.281085702536780668e-01 -1.294327182447154723e+00 2.232826382303082502e-01 0.000000000000000000e+00
-4.829557654874708228e-02 -3.166278516757204398e-01 2.470754921638164681e-01 1.651065925310244431e+00 1.998398736301374434e-01 1.149689205344222698e+00 -1.194020951044028750e-01 5.796319512496750370e-01 2.691909914046644037e-01 -3.208952985726575835e-01 -1.296765705899285859e+00 2.211031904179714680e-01 0.000000000000000000e+00
-4.542316731197909574e-02 -3.162158896275341080e-01 2.478988616120361144e-01 1.656204090031606846e+00 2.031995315376846634e-01 1.143705545382725175e+00 -1.078788966732526361e-01 5.748656918467601740e-01 2.725538980711617043e-01 -3.129732265675125302e-01 -1.299323672126306839e+00 2.186849402796386121e-01 0.000000000000000000e+00
-4.275594704948924157e-02 -3.158194104777923839e-01 2.486211237469835300e-01 1.661024365038535677e+00 2.062525627054112576e-01 1.138315343516181244e+00 -9.711227734065869255e-02 5.705448461361611878e-01 2.756391701940186234e-01 -3.055619155699310086e-01 -1.301604403283850520e+00 2.164000645776483489e-01 0.000000000000000000e+00
-3.985007876724663833e-02 -3.153726227929113390e-01 2.493630315293280664e-01 1.666325784701347956e+00 2.095083696826574027e-01 1.132622753323793141e+00 -8.530972995591598607e-02 5.659518253621560469e-01 2.789550720672764328e-01 -2.974275896259065965e-01 -1.303985668772545070e+00 2.138682139740668009e-01 0.000000000000000000e+00
-3.715338207707209045e-02 -3.149443883369751340e-01 2.500109304836163893e-01 1.671288595978218439e+00 2.124667630398020535e-01 1.127505635160915620e+00 -7.428963594419533967e-02 5.617946309005422689e-01 2.819869478102770000e-01 -2.898237653710259987e-01 -1.306099286571686502e+00 2.114796247923747263e-01 0.000000000000000000e+00
-3.421705783964281572e-02 -3.144635925623134320e-01 2.506731646816628412e-01 1.676735482896038576e+00 2.156217126212975899e-01 1.122113748610439554e+00 -6.221738940362245285e-02 5.573828049492034475e-01 2.852345396015740775e-01 -2.814846090496608833e-01 -1.308295329206565771e+00 2.088365705685255869e-01 0.000000000000000000e+00
-3.149324821330144741e-02 -3.140044692241020230e-01 2.512479549706725934e-01 1.681824457038460174e+00 2.184889251194310766e-01 1.117280121140799665e+00 -5.095149810685510594e-02 5.533974842464406407e-01 2.881935778887609878e-01 -2.736939640443112332e-01 -1.310233311531816547e+00 2.063457160009744829e-01 0.000000000000000000e+00
-2.852859724941421427e-02 -3.134907297578187757e-01 2.518315081399017386e-01 1.687399072929872901e+00 2.215475947777001409e-01 1.112201560341002260e+00 -3.861663059328677289e-02 5.491767068138013741e-01 2.913518206254861465e-01 -2.651550373516765036e-01 -1.312234277616847411e+00 2.035922404604279534e-01 0.000000000000000000e+00
-2.577989426523988326e-02 -3.130014908654571992e-01 2.523345552010298198e-01 1.692597481270245119e+00 2.243284124238718036e-01 1.107661068821035322e+00 -2.711333929128488529e-02 5.453710829055917753e-01 2.942192461711745644e-01 -2.571835637083104698e-01 -1.313989167617155118e+00 2.010003522190219605e-01 0.000000000000000000e+00
-2.278958732202609680e-02 -3.124553850213895312e-01 2.528412546660488980e-01 1.698281422852980782e+00 2.272964764164964180e-01 1.102904668119966569e+00 -1.452686651283941442e-02 5.413484113685407273e-01 2.972690982515331370e-01 -2.484526397458378666e-01 -1.315788665565721827e+00 1.981383195745410331e-01 0.000000000000000000e+00
-2.001806711682457482e-02 -3.119366769313768328e-01 2.532738580556228580e-01 1.703572285164410616e+00 2.299968044004616630e-01 1.098666929585448315e+00 -2.795196143646973014e-03 5.377298745269091240e-01 3.000274673505829437e-01 -2.403064627349626448e-01 -1.317353805338361328e+00 1.954463963446889663e-01 0.000000000000000000e+00
-1.700395002428503957e-02 -3.113590805937896944e-01 2.537047997560744061e-01 1.709347091413362385e+00 2.328813802694051915e-01 1.094244243054403931e+00 1.003427291936276507e-02 5.339143969226662900e-01 3.029494876986178475e-01 -2.313891008514276648e-01 -1.318943712509138555e+00 1.924761394914099311e-01 0.000000000000000000e+00
-1.421155672281533035e-02 -3.108114711733827029e-01 2.540683095214181231e-01 1.714713176452512755e+00 2.355082204649336930e-01 1.090318200258127312e+00 2.198464655055090700e-02 5.304900045245015683e-01 3.055820224361611714e-01 -2.230745454806321582e-01 -1.320313243099711764e+00 1.896849802214387593e-01 0.000000000000000000e+00
-1.117597828788103632e-02 -3.102027123442075984e-01 2.544253616757062297e-01 1.720560161993468284e+00 2.383173539332896773e-01 1.086236646172065168e+00 3.504485719592134729e-02 5.268877795445466861e-01 3.083594331370047570e-01 -2.139788350278459539e-01 -1.321689298434955750e+00 1.866079139636908080e-01 0.000000000000000000e+00
-8.364513193074732053e-03 -3.096266550997890388e-01 2.547211770415180876e-01 1.725984154064022391e+00 2.408787565665666541e-01 1.082630285900262113e+00 4.720368560024622989e-02 5.236641229135466924e-01 3.108502877045558055e-01 -2.055024260418008841e-01 -1.322858426153500577e+00 1.837181178648457924e-01 0.000000000000000000e+00
-5.309053893411791805e-03 -3.089873909382484518e-01 2.550054217623512476e-01 1.731884348933578899e+00 2.436217523263666251e-01 1.078900244617131854e+00 6.048459947917318030e-02 5.202834729362864064e-01 3.134656450530681759e-01 -1.962344090664865925e-01 -1.324014238066594906e+00 1.805341090445743146e-01 0.000000000000000000e+00
-2.480206588138430743e-03 -3.083832448660217551e-01 2.552349072228952132e-01 1.737348799826775370e+00 2.461266041587499842e-01 1.075621056700092115e+00 7.284102611400355975e-02 5.172668105010127526e-01 3.157999057485225691e-01 -1.876028043679171531e-01 -1.324978835013421730e+00 1.775461088805326826e-01 0.000000000000000000e+00
5.930740937005100997e-04 -3.077135916785854741e-01 2.554482226007475099e-01 1.743283421101365249e+00 2.488134314913148515e-01 1.072248299397253746e+00 8.632927124498236682e-02 5.141128954010592000e-01 3.182384292006534832e-01 -1.781708531827516095e-01 -1.325911873501330884e+00 1.742561894726601113e-01 0.000000000000000000e+00
3.437736973130970600e-03 -3.070816191732507194e-01 2.556127865589736814e-01 1.748770846442548432e+00 2.512714046588060413e-01 1.069302750289889303e+00 9.887192774141494167e-02 5.113090195368830138e-01 3.204019812702341152e-01 -1.693908604771943438e-01 -1.326668610725076913e+00 1.711702182700171604e-01 0.000000000000000000e+00
6.527482905950737421e-03 -3.063820368527268023e-01 2.557563607658793203e-01 1.754720772076643343e+00 2.539130298665170926e-01 1.066295328014446042e+00 1.125561315943531399e-01 5.083893627443154539e-01 3.226476918594434196e-01 -1.598014332478210897e-01 -1.327374348413947969e+00 1.677738889318390880e-01 0.000000000000000000e+00
9.386489899145285601e-03 -3.057223834930101192e-01 2.558573635504188815e-01 1.760213683692249731e+00 2.563344602221664381e-01 1.063689065303994319e+00 1.252730836617529930e-01 5.058037329314711839e-01 3.246274858138080699e-01 -1.508800433331373703e-01 -1.327920829069632269e+00 1.645900299143789325e-01 0.000000000000000000e+00
1.249088963359597758e-02 -3.049927551202097353e-01 2.559330014906970874e-01 1.766160225151637952e+00 2.589422531234686353e-01 1.061051071749912644e+00 1.391389067786562017e-01 5.031225622145202303e-01 3.266678666829725408e-01 -1.411417287540718823e-01 -1.328398333853083368e+00 1.610879730809247345e-01 0.000000000000000000e+00
1.536286502603976221e-02 -3.043054941327469343e-01 2.559718239512494553e-01 1.771641149027011863e+00 2.613379679072904693e-01 1.058788762333115141e+00 1.520177623955760449e-01 5.007602384590790212e-01 3.284515188230530125e-01 -1.320860322966641298e-01 -1.328732693727942893e+00 1.578061430248632602e-01 0.000000000000000000e+00
1.848072451274110350e-02 -3.035460761999190238e-01 2.559807184697589499e-01 1.777565122427793298e+00 2.639239814296789888e-01 1.056526106246160168e+00 1.660525714060231972e-01 4.983242782994972142e-01 3.302723220603402954e-01 -1.222056880077133367e-01 -1.328979036128775215e+00 1.541975264582922944e-01 0.000000000000000000e+00
2.136435945188159755e-02 -3.028311789221977968e-01 2.559587741646952019e-01 1.783016689134291788e+00 2.663051590568930038e-01 1.054611186916515120e+00 1.790804225635545532e-01 4.961898545543396155e-01 3.318482476353947774e-01 -1.130229254767951830e-01 -1.329100209958373746e+00 1.508175256265477659e-01 0.000000000000000000e+00
2.449405102013014687e-02 -3.020416271483100656e-01 2.559027146370794203e-01 1.788899764320859731e+00 2.688815345602888485e-01 1.052725477701903500e+00 1.932690291269537897e-01 4.940024339034893575e-01 3.334389537544988347e-01 -1.030092982976643506e-01 -1.329116322082968704e+00 1.471027321562666801e-01 0.000000000000000000e+00
2.738810885077841428e-02 -3.012989730949442446e-01 2.558213554577490334e-01 1.794304742707641509e+00 2.712596053413163233e-01 1.051160419713977667e+00 2.064325849867815199e-01 4.921002378053866422e-01 3.347965001201667068e-01 -9.370681003099032291e-02 -1.329024043551197520e+00 1.436242276537028628e-01 0.000000000000000000e+00
3.052854347997686554e-02 -3.004793756638635682e-01 2.557015196467418150e-01 1.800127785744816578e+00 2.738388709780736896e-01 1.049655444283856820e+00 2.207612238892484591e-01 4.901672821966935323e-01 3.361444591059103981e-01 -8.356710714137943752e-02 -1.328808194344846649e+00 1.398021587257620157e-01 0.000000000000000000e+00
3.343181085805068536e-02 -2.997087520927529392e-01 2.555621226709263172e-01 1.805469053958617565e+00 2.762252801625404430e-01 1.048441507697146946e+00 2.340467025927313871e-01 4.885011420397127324e-01 3.372737725661585362e-01 -7.415234999000175353e-02 -1.328502862925869055e+00 1.362247011439449706e-01 0.000000000000000000e+00
3.658147523383858263e-02 -2.988585816031644193e-01 2.553802560921131226e-01 1.811214082345591336e+00 2.788197371964988847e-01 1.047316621574132967e+00 2.484994448019960389e-01 4.868250816076712950e-01 3.383703291449986494e-01 -6.389545552885977919e-02 -1.328057316075498706e+00 1.322954649492636414e-01 0.000000000000000000e+00
3.949278096746356576e-02 -2.980597052675145187e-01 2.551841685282385530e-01 1.816474698272270594e+00 2.812258878006899110e-01 1.046454077113559311e+00 2.618927482401134932e-01 4.853984595012294512e-01 3.392623549521207593e-01 -5.437596124523632474e-02 -1.327539863875696335e+00 1.286185050112184924e-01 0.000000000000000000e+00
4.265060706889366865e-02 -2.971788786778008506e-01 2.549415133702663816e-01 1.822122996481687629e+00 2.838477893047466338e-01 1.045709984414816773e+00 2.764547799226123037e-01 4.839844208309382889e-01 3.400963238474790096e-01 -4.400939032026432440e-02 -1.326864752539361314e+00 1.245808032587652908e-01 0.000000000000000000e+00
4.556876105381708897e-02 -2.963513936860602271e-01 2.546900663990128710e-01 1.827286166008747159e+00 2.862847777720247677e-01 1.045197894109317627e+00 2.899413439331530173e-01 4.828004459893163736e-01 3.407428062020958492e-01 -3.439279468658305861e-02 -1.326136910613442632e+00 1.208036834965979522e-01 0.000000000000000000e+00
4.873328966318887095e-02 -2.954392235901998620e-01 2.543882632070131877e-01 1.832820197914082350e+00 2.889460154590333119e-01 1.044832033521452264e+00 3.045961867796410094e-01 4.816499603984021327e-01 3.413075295112470986e-01 -2.392550425754101651e-02 -1.325235563742505285e+00 1.166574329625887918e-01 0.000000000000000000e+00
5.165711055909765620e-02 -2.945827163033897800e-01 2.540827741525069072e-01 1.837869363977050696e+00 2.914246201074446319e-01 1.044668496895256649e+00 3.181611975290413730e-01 4.807112959826900789e-01 3.417010115623062561e-01 -1.421950027234144230e-02 -1.324299462619342505e+00 1.127794376517562980e-01 0.000000000000000000e+00
5.482719971580304191e-02 -2.936390059092159888e-01 2.537230376338222015e-01 1.843270698677929254e+00 2.941365211819144676e-01 1.044679200345660419e+00 3.328930390205463441e-01 4.798287243974377891e-01 3.419869019053263237e-01 -3.659269682444840372e-03 -1.323173344952402353e+00 1.085231486304564369e-01 0.000000000000000000e+00
5.775547382841087624e-02 -2.927530225754171322e-01 2.533648240244628647e-01 1.848189546835325103e+00 2.966669701802269188e-01 1.044861115584255540e+00 3.465213331353496629e-01 4.791377006735894617e-01 3.421205925920480784e-01 6.128363831206213620e-03 -1.322031780951139934e+00 1.045434871450101472e-01 0.000000000000000000e+00
6.092961999013222357e-02 -2.917769763386226511e-01 2.529488187788032083e-01 1.853441370639005825e+00 2.994402400880051829e-01 1.045243204602670062e+00 3.613131956199223116e-01 4.785236090157308220e-01 3.421225899628657086e-01 1.677254485283240920e-02 -1.320685553020104930e+00 1.001769432545810135e-01 0.000000000000000000e+00
6.386106666020537059e-02 -2.908610264108908994e-01 2.525391872894625633e-01 1.858213854867823756e+00 3.020320091861741219e-01 1.045766363835077151e+00 3.749892934762925623e-01 4.780821567755366153e-01 3.419904971727978360e-01 2.663400150398964605e-02 -1.319341988250160025e+00 9.609475838954507909e-02 0.000000000000000000e+00
6.703801645929283182e-02 -2.898523699036362755e-01 2.520680199495974882e-01 1.863298098182717411e+00 3.048766243733380676e-01 1.046516305131554248e+00 3.898246320656607589e-01 4.777401736020567835e-01 3.417008784042518954e-01 3.735412995021028526e-02 -1.317778313216119823e+00 9.161633676619738986e-02 0.000000000000000000e+00
6.997129839968016518e-02 -2.889059553833436267e-01 2.516082837361023339e-01 1.867908461081072780e+00 3.075384121882946964e-01 1.047375528398208910e+00 4.035327877236528638e-01 4.775497908736297537e-01 3.412976758152135304e-01 4.728153312786061852e-02 -1.316236609261072887e+00 8.743073802708233033e-02 0.000000000000000000e+00
7.314942574263641473e-02 -2.878638853105941475e-01 2.510836386663757303e-01 1.872809098798876803e+00 3.104632633549551102e-01 1.048485815322778070e+00 4.183941920021901351e-01 4.774796498684197865e-01 3.407127124817779240e-01 5.806862967252374164e-02 -1.314461212920371658e+00 8.284013074281505740e-02 0.000000000000000000e+00
7.608314252170624015e-02 -2.868864958543626553e-01 2.505750408874983792e-01 1.877241889019888532e+00 3.132029323016842781e-01 1.049675222788251983e+00 4.321185263638044893e-01 4.775415017847369215e-01 3.400340058779711683e-01 6.805409392312698758e-02 -1.312725763996021477e+00 7.855020266799614403e-02 0.000000000000000000e+00
7.926097236963211556e-02 -2.858107543029835274e-01 2.499980655482034742e-01 1.881941462579186819e+00 3.162158416435811858e-01 1.051140034259019806e+00 4.469886857844254657e-01 4.777458993984004532e-01 3.391474395510838402e-01 7.889997558766441432e-02 -1.310742507932239453e+00 7.384570363523594583e-02 0.000000000000000000e+00
8.219359748195104176e-02 -2.848019120281690131e-01 2.494418598418380872e-01 1.886181513318259562e+00 3.190401059985417120e-01 1.052652788376766235e+00 4.607129868565261743e-01 4.780607516182750483e-01 3.381895005069821547e-01 8.893557384578841540e-02 -1.308818240886602702e+00 6.945048915119642063e-02 0.000000000000000000e+00
8.536934066365087226e-02 -2.836917380743873007e-01 2.488141434068740776e-01 1.890664821913311755e+00 3.221478326847715401e-01 1.054463109717197256e+00 4.755742912665225641e-01 4.785386558758898401e-01 3.369993338158259188e-01 9.983132320173757068e-02 -1.306633783002465465e+00 6.463176963599624736e-02 0.000000000000000000e+00
8.829926022834767851e-02 -2.826510359789058957e-01 2.482116297602739718e-01 1.894697489797981582e+00 3.250622202930366633e-01 1.056291349812361613e+00 4.892822138979193158e-01 4.791069078734854769e-01 3.357588333800669567e-01 1.099091325631393196e-01 -1.304526024157722119e+00 6.013031583040857886e-02 0.000000000000000000e+00
9.147118778758268898e-02 -2.815062793770568006e-01 2.475342845527284952e-01 1.898947704661832603e+00 3.282701263316876172e-01 1.058439804728240397e+00 5.041167868284740505e-01 4.798601829878143543e-01 3.342604057927338612e-01 1.208464272320937255e-01 -1.302145158143191317e+00 5.519562397211386778e-02 0.000000000000000000e+00
9.439664616196770386e-02 -2.804333696026265477e-01 2.468867165703197419e-01 1.902758634820021832e+00 3.312789330201626470e-01 1.060575200889416259e+00 5.177917528413811254e-01 4.806818014736174427e-01 3.327349471203364661e-01 1.309584998253950083e-01 -1.299859633295685324e+00 5.058697793265051063e-02 0.000000000000000000e+00
9.756272611621528978e-02 -2.792534076906402207e-01 2.461613548398329521e-01 1.906761710627916884e+00 3.345910058286545308e-01 1.063050901817123250e+00 5.325818176922179070e-01 4.817085499423838790e-01 3.309277260046088465e-01 1.419285264086221632e-01 -1.297290215475976893e+00 4.553600580326021274e-02 0.000000000000000000e+00
1.004818754593843483e-01 -2.781480362854672483e-01 2.454700196039092397e-01 1.910337179743268443e+00 3.376972286627797359e-01 1.065484217313289683e+00 5.462072489088494187e-01 4.827831354422308374e-01 3.291154448828097490e-01 1.520669310072016167e-01 -1.294833183054269643e+00 4.081922293997202605e-02 0.000000000000000000e+00
1.036400604523737140e-01 -2.769329652414278531e-01 2.446977612179577211e-01 1.914077134131161984e+00 3.411158343418776440e-01 1.068278427642339157e+00 5.609343632894194798e-01 4.840844225298707726e-01 3.269961012873248141e-01 1.630612922248893815e-01 -1.292080806067672727e+00 3.565024364596679207e-02 0.000000000000000000e+00
1.065508847890456467e-01 -2.757950053046145933e-01 2.439638593584960435e-01 1.917403649776410646e+00 3.443211117607685168e-01 1.071000440022925826e+00 5.744934485053944107e-01 4.854112093849482501e-01 3.248960656097428235e-01 1.732181225692608351e-01 -1.289458657658380858e+00 3.082441057782367086e-02 0.000000000000000000e+00
1.096989181571226130e-01 -2.745444560409593393e-01 2.431462833791858957e-01 1.920867642563462319e+00 3.478474324490994363e-01 1.074101269774292877e+00 5.891399023944486890e-01 4.869843386408580499e-01 3.224655316408819861e-01 1.842281132135959731e-01 -1.286531843620383864e+00 2.553718068963511598e-02 0.000000000000000000e+00
1.125993034467795140e-01 -2.733739243163969546e-01 2.423710941801139052e-01 1.923932564591978256e+00 3.511519209336242398e-01 1.077101708967655558e+00 6.026158969844130908e-01 4.885621950077027598e-01 3.200772087752989936e-01 1.943954963337868880e-01 -1.283751636600395596e+00 2.060142356690436785e-02 0.000000000000000000e+00
1.157347849452873695e-01 -2.720883531521472998e-01 2.415094166720172519e-01 1.927105843872654489e+00 3.547849041991297803e-01 1.080498941627570098e+00 6.171627486486984671e-01 4.904072995899369514e-01 3.173333539041900409e-01 2.054126775130652172e-01 -1.280656910255668857e+00 1.519428172974309453e-02 0.000000000000000000e+00
1.186224321037687712e-01 -2.708854546322281842e-01 2.406941894737124055e-01 1.929896953976193430e+00 3.581871955294646526e-01 1.083767376174000319e+00 6.305386749607031494e-01 4.922346941509220808e-01 3.146570101667152120e-01 2.155827570838598217e-01 -1.277725968317982241e+00 1.014777039517867664e-02 0.000000000000000000e+00
1.217428507298562307e-01 -2.695648568479808160e-01 2.397899011424410587e-01 1.932767923774651564e+00 3.619250499290993517e-01 1.087448862813370720e+00 6.449683475370250330e-01 4.943483119500634015e-01 3.116023643963943268e-01 2.265986399721067746e-01 -1.274472251256177913e+00 4.620592813665884424e-03 0.000000000000000000e+00
1.246153723853220818e-01 -2.683299945377108919e-01 2.389359108388678099e-01 1.935273773556495769e+00 3.654223660894522219e-01 1.090974542599159935e+00 6.582273610771752770e-01 4.964232806238850215e-01 3.086387987353538254e-01 2.367636262473165887e-01 -1.271398031251844918e+00 -5.374390417314129373e-04 0.000000000000000000e+00
1.277180317329599246e-01 -2.669752718359706400e-01 2.379902711792072634e-01 1.937829187432115852e+00 3.692606880080604448e-01 1.094928970210025998e+00 6.725207463847122646e-01 4.988047791391748143e-01 3.052725631174939558e-01 2.477697553080711323e-01 -1.267992913482069550e+00 -6.186189276820510015e-03 0.000000000000000000e+00
1.305728797065709157e-01 -2.657091230769562107e-01 2.370988220857236095e-01 1.940039041576421930e+00 3.728485378747503631e-01 1.098700800074907669e+00 6.856458029220315886e-01 5.011250582389062957e-01 3.020229739553792481e-01 2.579219084757781166e-01 -1.264783138578251531e+00 -1.145643527127600432e-02 0.000000000000000000e+00
1.336549999580473325e-01 -2.643207587362944588e-01 2.361133433179269658e-01 1.942268958007824509e+00 3.767822716334103816e-01 1.102915510411748734e+00 6.997854572556437835e-01 5.037701098335729544e-01 2.983490100735604056e-01 2.689100279096609536e-01 -1.261236074322375167e+00 -1.722671784842099915e-02 0.000000000000000000e+00
1.364895198959995837e-01 -2.630242034359517311e-01 2.351857234954162768e-01 1.944172895150961367e+00 3.804547807060707498e-01 1.106922165979268069e+00 7.127597122962372467e-01 5.063330029086107187e-01 2.948155279392432604e-01 2.790416747369743877e-01 -1.257899000318451366e+00 -2.260978824633878143e-02 0.000000000000000000e+00
1.395481037600499186e-01 -2.616036848012709415e-01 2.341616998971841057e-01 1.946065657024584894e+00 3.844761352115977360e-01 1.111385419004050412e+00 7.267263277380215936e-01 5.092401095545412426e-01 2.908343684256837758e-01 2.900033622970382141e-01 -1.254218112217798220e+00 -2.850296426452062284e-02 0.000000000000000000e+00
1.423595443630067126e-01 -2.602779134674472195e-01 2.331992080288600722e-01 1.947654573043855919e+00 3.882259545888659957e-01 1.115615549901906700e+00 7.395329367879945881e-01 5.120426205486589000e-01 2.870195233221997100e-01 3.001068961300944471e-01 -1.250761994913147879e+00 -3.399937089217269087e-02 0.000000000000000000e+00
1.453916142438319015e-01 -2.588263144407032534e-01 2.321381705671198281e-01 1.949202182395401550e+00 3.923267589259737953e-01 1.120314447212647835e+00 7.533094025279472028e-01 5.152066889502684433e-01 2.827362281829708390e-01 3.110341789778258148e-01 -1.246957136663751742e+00 -4.001518547855267838e-02 0.000000000000000000e+00
1.481770990860488413e-01 -2.574728054260643217e-01 2.311421541774329735e-01 1.950467983873782174e+00 3.961449410046729014e-01 1.124756393143412581e+00 7.659315876724323013e-01 5.182453224645351408e-01 2.786432159036280609e-01 3.211021263208159171e-01 -1.243390631331917628e+00 -4.562533405188635288e-02 0.000000000000000000e+00
1.511794250003478390e-01 -2.559923137550599304e-01 2.300454828427009879e-01 1.951660813568568464e+00 4.003140535942524281e-01 1.129678784755201892e+00 7.794985292136230592e-01 5.216639890663562484e-01 2.740593830353836857e-01 3.319866987225651433e-01 -1.239470325049266464e+00 -5.176492321111697548e-02 0.000000000000000000e+00
1.539360181808079042e-01 -2.546128951675366014e-01 2.290172871031920798e-01 1.952596331635295002e+00 4.041903084634665966e-01 1.134320954054412134e+00 7.919195791167797926e-01 5.249350166752461133e-01 2.696917988476537076e-01 3.420116360139504041e-01 -1.235802086963791346e+00 -5.748909669099807468e-02 0.000000000000000000e+00
1.569054772357721672e-01 -2.531052368619152171e-01 2.278865305052470980e-01 1.953428580207997811e+00 4.084166618546225536e-01 1.139453770323546333e+00 8.052603517023955160e-01 5.286024225228805884e-01 2.648138198370100227e-01 3.528457748025562446e-01 -1.231776718976136609e+00 -6.375193611323971832e-02 0.000000000000000000e+00
1.596301786276692336e-01 -2.517020524558369887e-01 2.268275310360313435e-01 1.954027716848573348e+00 4.123393900755409902e-01 1.144284528189839278e+00 8.174637547654656222e-01 5.321016164581628960e-01 2.601759247986372703e-01 3.628204116388526468e-01 -1.228015536568617616e+00 -6.959029678604716773e-02 0.000000000000000000e+00
1.625633502473983472e-01 -2.501701682993879849e-01 2.256641200117229518e-01 1.954491986522392644e+00 4.166086930561396784e-01 1.149615398441466541e+00 8.305590504776031446e-01 5.360145324687890511e-01 2.550067291227935407e-01 3.735959941729903866e-01 -1.223894161623665600e+00 -7.597723951508651707e-02 0.000000000000000000e+00
1.652530831644506704e-01 -2.487457194378618341e-01 2.245756907035835748e-01 1.954749669086622177e+00 4.205649318443791529e-01 1.154623102325778250e+00 8.425283616808553200e-01 5.397373320670972863e-01 2.501034500817937989e-01 3.835131400192546836e-01 -1.220049089641809248e+00 -8.192979570319872118e-02 0.000000000000000000e+00
1.681468001512145538e-01 -2.471920977154391519e-01 2.233812451494998075e-01 1.954842748570203348e+00 4.248634105921738069e-01 1.160138891443393883e+00 8.553620683949199055e-01 5.438891669170171639e-01 2.446502282756932711e-01 3.942228426059266044e-01 -1.215842094067810963e+00 -8.844001782357352459e-02 0.000000000000000000e+00
1.707984855345414110e-01 -2.457492712254606970e-01 2.222648543098247054e-01 1.954755367008594646e+00 4.288388494449995036e-01 1.165311502337784244e+00 8.670810424557047202e-01 5.478306786198481326e-01 2.394866252381386840e-01 4.040754733747837779e-01 -1.211922320417377907e+00 -9.450662388536837377e-02 0.000000000000000000e+00
1.736492040437355722e-01 -2.441776579175836681e-01 2.210408433191340949e-01 1.954472226541392743e+00 4.331494905960391328e-01 1.170999760343019558e+00 8.796339854118476742e-01 5.522173044093721117e-01 2.337537715175794784e-01 4.147112732412059355e-01 -1.207639158436203397e+00 -1.011406330621613947e-01 0.000000000000000000e+00
1.762597581303030625e-01 -2.427196828454483146e-01 2.198979397841475392e-01 1.954037254596690865e+00 4.371288824701951015e-01 1.176325452431132401e+00 8.910866433636244199e-01 5.563722018945456149e-01 2.283357034378676875e-01 4.244924647138217377e-01 -1.203653871022954291e+00 -1.073209727472594494e-01 0.000000000000000000e+00
1.790643607165989526e-01 -2.411333270500109482e-01 2.186460368889635575e-01 1.953377493523404951e+00 4.414357119375522664e-01 1.182173000581086209e+00 9.033434428065506561e-01 5.609862949306759772e-01 2.223313404441749075e-01 4.350474376411600508e-01 -1.199304928962855010e+00 -1.140775872027370019e-01 0.000000000000000000e+00
1.816306750984262031e-01 -2.396638163464290261e-01 2.174780966823069706e-01 1.952593639815609627e+00 4.454026532020938234e-01 1.187639865154909158e+00 9.145139388408334291e-01 5.653488856913621019e-01 2.166651989089223296e-01 4.447504320462683514e-01 -1.195263448850605092e+00 -1.203711861355690749e-01 0.000000000000000000e+00
1.843855964708036033e-01 -2.380673150865981191e-01 2.161998662398280091e-01 1.951555117363121816e+00 4.496861288652587163e-01 1.193633893279661740e+00 9.264556863268033071e-01 5.701854525470549939e-01 2.103947861223309790e-01 4.552168548673614645e-01 -1.190858447249559582e+00 -1.272505223830288634e-01 0.000000000000000000e+00
1.869046587400141901e-01 -2.365902475346188805e-01 2.150083937545637924e-01 1.950422564361200983e+00 4.536234562701464412e-01 1.199229943758944206e+00 9.373285741092698409e-01 5.747497777603145508e-01 2.044872290342627519e-01 4.648350608812644169e-01 -1.186769962344069951e+00 -1.336566981285656208e-01 0.000000000000000000e+00
1.896068616094945813e-01 -2.349876296234790218e-01 2.137055931610437887e-01 1.949007941743401418e+00 4.578656139959065285e-01 1.205356933177864631e+00 9.489405556732605218e-01 5.798007290837587924e-01 1.979598212024784587e-01 4.752064088514417750e-01 -1.182319420688384026e+00 -1.406571665937319804e-01 0.000000000000000000e+00
1.920756293483139587e-01 -2.335073745041351123e-01 2.124921912642221966e-01 1.947528402168586581e+00 4.617549619110148384e-01 1.211069724762049660e+00 9.595004554486153969e-01 5.845602640049212262e-01 1.918180390965378290e-01 4.847334348875230736e-01 -1.178193385211524280e+00 -1.471750536246191343e-01 0.000000000000000000e+00
1.947216521652008481e-01 -2.319040411768567567e-01 2.111664281774128515e-01 1.945738456214652246e+00 4.659345897118232216e-01 1.217316768079932832e+00 9.707642952791055713e-01 5.898197408417186205e-01 1.850402941222859532e-01 4.950022511557323757e-01 -1.173706890881122344e+00 -1.542963297347342000e-01 0.000000000000000000e+00
1.971372170214318043e-01 -2.304252838968181560e-01 2.099326635930423568e-01 1.943914987171831754e+00 4.697572868785706568e-01 1.223133941728527185e+00 9.809963599242718102e-01 5.947677609890313910e-01 1.786720101656340542e-01 5.044318054959168185e-01 -1.169552625896707720e+00 -1.609248045298869445e-01 0.000000000000000000e+00
1.997241805870681175e-01 -2.288260008223415576e-01 2.085857514075574737e-01 1.941755524396199917e+00 4.738549725990148787e-01 1.229487176108913449e+00 9.918981430045655800e-01 6.002269749075848093e-01 1.716539149030027467e-01 5.145920313706781046e-01 -1.165040698377895589e+00 -1.681648576246195514e-01 0.000000000000000000e+00
2.020836947235976622e-01 -2.273537782312894384e-01 2.073332499850705779e-01 1.939592685992627352e+00 4.775916518414171641e-01 1.235396163891095522e+00 1.001787791712575038e+00 6.053562897461046699e-01 1.650672517369644599e-01 5.239180886129993775e-01 -1.160867391791686742e+00 -1.749026218930063714e-01 0.000000000000000000e+00
2.046082651241234451e-01 -2.257647447305507760e-01 2.059669183890532329e-01 1.937067877708880559e+00 4.815845579198079207e-01 1.241841900931486276e+00 1.012309608284341689e+00 6.110085162646615720e-01 1.578163961950600491e-01 5.339626334279102826e-01 -1.156339751622442957e+00 -1.822606197345158774e-01 0.000000000000000000e+00
2.069089716451268379e-01 -2.243044467944547427e-01 2.046973867587320584e-01 1.934571969497735466e+00 4.852152156626612367e-01 1.247829535471733253e+00 1.021842526564334941e+00 6.163116023643091523e-01 1.510197427770689771e-01 5.431793013284565985e-01 -1.152156724498255569e+00 -1.891061088689964254e-01 0.000000000000000000e+00
2.093685494380919387e-01 -2.227310453468502316e-01 2.033134662023077521e-01 1.931690815289694108e+00 4.890834025104777716e-01 1.254353819328760000e+00 1.031971593454342084e+00 6.221473206819725377e-01 1.435470459163610268e-01 5.531026723137689727e-01 -1.147623358532668281e+00 -1.965795048094904074e-01 0.000000000000000000e+00
2.116077965965935392e-01 -2.212883288943285343e-01 2.020285718043404455e-01 1.928869362048692082e+00 4.925879331044669129e-01 1.260407075295014501e+00 1.041133932868650636e+00 6.276163217175318998e-01 1.365494569941234637e-01 5.622042916552237868e-01 -1.143439665618208201e+00 -2.035309211763288717e-01 0.000000000000000000e+00
2.139992228158228982e-01 -2.197374648105168693e-01 2.006289551570342444e-01 1.925639652679329572e+00 4.963074169806542812e-01 1.266994971065721343e+00 1.050852939529813179e+00 6.336278752461678154e-01 1.288634409301001593e-01 5.719997310396714996e-01 -1.138910560710364894e+00 -2.111183503457486621e-01 0.000000000000000000e+00
2.161744690284597148e-01 -2.183182660117913565e-01 1.993304284177242480e-01 1.922501849304312671e+00 4.996654338192048073e-01 1.273100426926117468e+00 1.059631251114932393e+00 6.392544688392327590e-01 1.216743707254857032e-01 5.809809089208274324e-01 -1.134735123595284279e+00 -2.181736299951002045e-01 0.000000000000000000e+00
2.184954145014297855e-01 -2.167959021325364666e-01 1.979170423883447050e-01 1.918935958233477734e+00 5.032159352470477742e-01 1.279737273367316908e+00 1.068928346480399139e+00 6.454316044086443327e-01 1.137866202088892997e-01 5.906433899878529292e-01 -1.130219867125109356e+00 -2.258720131134354658e-01 0.000000000000000000e+00
2.206042721793574080e-01 -2.154064130237435537e-01 1.966066912866831218e-01 1.915492847568819101e+00 5.064068453925196778e-01 1.285880822369823706e+00 1.077309647326014641e+00 6.512072684437264503e-01 1.064155229437675487e-01 5.994989998236116557e-01 -1.126061607399059694e+00 -2.330288091345894541e-01 0.000000000000000000e+00
2.228518245699160349e-01 -2.139199911477488447e-01 1.951814729672126103e-01 1.911601888268642746e+00 5.097641910017540745e-01 1.292551042350181811e+00 1.086168452955081465e+00 6.575415305174525660e-01 9.833562535452178288e-02 6.090222641446533247e-01 -1.121569919904532142e+00 -2.408361321862657611e-01 0.000000000000000000e+00
2.248919706533873686e-01 -2.125665999757979652e-01 1.938611211671890100e-01 1.907865698620743622e+00 5.127675689052626495e-01 1.298718376377719697e+00 1.094140159625042852e+00 6.634571436678183831e-01 9.079288735714508007e-02 6.177472459289435891e-01 -1.117437625999110562e+00 -2.480918479971593871e-01 0.000000000000000000e+00
2.270641125015332995e-01 -2.111224847000018057e-01 1.924260434401816322e-01 1.903665237067404092e+00 5.159118603119248192e-01 1.305406823759237112e+00 1.102550022873349578e+00 6.699376132853899213e-01 8.253309323626401017e-02 6.271268992882026438e-01 -1.112978429069881869e+00 -2.560044491356778806e-01 0.000000000000000000e+00
2.290333943546326856e-01 -2.098117681672384549e-01 1.910975671506078832e-01 1.899649981898474671e+00 5.187073543551861121e-01 1.311583158510772229e+00 1.110100084563724332e+00 6.759839210662513809e-01 7.482896767682833961e-02 6.357165924891170494e-01 -1.108880623100577001e+00 -2.633561552591120458e-01 0.000000000000000000e+00
2.311273980959431262e-01 -2.084178605050997224e-01 1.896547376508795901e-01 1.895154589273314372e+00 5.216143833047048872e-01 1.318273037743428633e+00 1.118045359359866708e+00 6.826010774267712300e-01 6.639979651061866939e-02 6.449467759321952931e-01 -1.104463437537544168e+00 -2.713713546786258313e-01 0.000000000000000000e+00
2.330237384578732474e-01 -2.071565058867118336e-01 1.883199921760861373e-01 1.890875384300931827e+00 5.241820362567768399e-01 1.324443583260414670e+00 1.125162257898939977e+00 6.887683593001494575e-01 5.854533550764795535e-02 6.533967863339350535e-01 -1.100408375303735031e+00 -2.788158220317788483e-01 0.000000000000000000e+00
2.350378998203551673e-01 -2.058193748820412172e-01 1.868714442800364361e-01 1.886103810867171937e+00 5.268326867348931408e-01 1.331118926454370355e+00 1.132633756337157127e+00 6.955107508109303893e-01 4.995957046934140777e-02 6.624738380143337935e-01 -1.096041789801413868e+00 -2.869293420297869823e-01 0.000000000000000000e+00
2.368593599567495322e-01 -2.046141998403479267e-01 1.855324772374700171e-01 1.881577713143515851e+00 5.291527439875007843e-01 1.337267785585890101e+00 1.139306439606405208e+00 7.017888201856559149e-01 4.196569298330499187e-02 6.707799045591547049e-01 -1.092037660523452525e+00 -2.944630585689712587e-01 0.000000000000000000e+00
2.387911483838573434e-01 -2.033419976587693134e-01 1.840803964298845796e-01 1.876547410242050518e+00 5.315236159032590280e-01 1.343911163908261264e+00 1.146289514300702139e+00 7.086460605184463635e-01 3.323478566558946135e-02 6.796984315756666728e-01 -1.087730596671494743e+00 -3.026714869703271416e-01 0.000000000000000000e+00
2.405358258158579177e-01 -2.021998577869545677e-01 1.827391256661020369e-01 1.871792122502027311e+00 5.335768959548943258e-01 1.350023031375539695e+00 1.152507462813818995e+00 7.150245310662679543e-01 2.511320960528373725e-02 6.878567592590153490e-01 -1.083785123516542326e+00 -3.102905578224484651e-01 0.000000000000000000e+00
2.423837385251481069e-01 -2.009992533279751081e-01 1.812856637794541259e-01 1.866524648374843665e+00 5.356499111723231898e-01 1.356617727211364421e+00 1.158994124280925186e+00 7.219844362590810416e-01 1.625047581360883342e-02 6.966136989763865861e-01 -1.079545637377245182e+00 -3.185889344896217223e-01 0.000000000000000000e+00
2.440499270271418442e-01 -1.999269432119152867e-01 1.799441650732024056e-01 1.861559633252241497e+00 5.374180844505214161e-01 1.362676442833320678e+00 1.164747750657986636e+00 7.284525221775837167e-01 8.012785929775834148e-03 7.046206925307916258e-01 -1.075666343775381284e+00 -3.262891318864495904e-01 0.000000000000000000e+00
2.458115667142945493e-01 -1.988061261645926170e-01 1.784915979108246398e-01 1.856075001399304369e+00 5.391709987203312515e-01 1.369204593464425912e+00 1.170724549934397007e+00 7.355037737957865751e-01 -9.693906367889137954e-04 7.132113178380875551e-01 -1.071502757727151423e+00 -3.346732623407234208e-01 0.000000000000000000e+00
2.473975245045169635e-01 -1.978104759183692551e-01 1.771519715751916357e-01 1.850920531220574539e+00 5.406360743899174537e-01 1.375193940856512587e+00 1.176004533111588257e+00 7.420502898083919385e-01 -9.311076961189490575e-03 7.210636483121861673e-01 -1.067696967371373651e+00 -3.424500256188910408e-01 0.000000000000000000e+00
2.490715909260214911e-01 -1.967759453304140649e-01 1.757025478489418202e-01 1.845242586419894693e+00 5.420525729518530511e-01 1.381638568879459905e+00 1.181465078610686614e+00 7.491800380997248876e-01 -1.839898102303050287e-02 7.294856289434525909e-01 -1.063616538528181499e+00 -3.509142506429490105e-01 0.000000000000000000e+00
2.505756113562486176e-01 -1.958636750227764345e-01 1.743669075510584920e-01 1.839919673019164037e+00 5.431974241413142224e-01 1.387542603289086074e+00 1.186262763314464452e+00 7.557933994556914614e-01 -2.683214693087543345e-02 7.371803668600459547e-01 -1.059891042479269574e+00 -3.587626529544398202e-01 0.000000000000000000e+00
2.521598027012251220e-01 -1.949234652008875746e-01 1.729230692391988955e-01 1.834070830937942986e+00 5.442567519412269128e-01 1.393885333083299649e+00 1.191194937653291097e+00 7.629894604581672901e-01 -3.601286215670551627e-02 7.454295749155934736e-01 -1.055901560587303667e+00 -3.673018792526971388e-01 0.000000000000000000e+00
2.535802305624243469e-01 -1.941011774341142027e-01 1.715936096981336978e-01 1.828601454610571331e+00 5.450650195946171728e-01 1.399687784537965607e+00 1.195502334400385225e+00 7.696578826696711673e-01 -4.452499079087113287e-02 7.529639905345640871e-01 -1.052263016747982949e+00 -3.752166275648444738e-01 0.000000000000000000e+00
2.550732771535705323e-01 -1.932614403721614471e-01 1.701576140438939011e-01 1.822606528828368155e+00 5.457529853947864495e-01 1.405912410401302770e+00 1.199901210730923706e+00 7.769067408407579478e-01 -5.378400295274987641e-02 7.610387615387114169e-01 -1.048370673656777718e+00 -3.838244635506850022e-01 0.000000000000000000e+00
2.564085026442873283e-01 -1.925354374258213541e-01 1.688365764547629377e-01 1.817013344264109875e+00 5.462095361768319890e-01 1.411597430054025271e+00 1.203711395302500042e+00 7.836179067877575566e-01 -6.236217798194942930e-02 7.684106577521598869e-01 -1.044825207297555014e+00 -3.917998320671452483e-01 0.000000000000000000e+00
2.578080335910552523e-01 -1.918038524901357345e-01 1.674109916439970314e-01 1.810896124594036927e+00 5.465070227326620511e-01 1.417685888310474596e+00 1.207566187822335158e+00 7.909064460590864432e-01 -7.168577180026236562e-02 7.763075961745172782e-01 -1.041037193542053707e+00 -4.004702856281162626e-01 0.000000000000000000e+00
2.590563645865938125e-01 -1.911803226873127204e-01 1.661006988108893190e-01 1.805202171302796366e+00 5.465973701872011148e-01 1.423237819008099425e+00 1.210872502315668564e+00 7.976477057264038661e-01 -8.031694373515474439e-02 7.835149090325987942e-01 -1.037590530459273186e+00 -4.085001490783822797e-01 0.000000000000000000e+00
2.603611070511025471e-01 -1.905625122046331332e-01 1.646879108481174858e-01 1.798988531625529852e+00 5.464922074099867189e-01 1.429174536466804701e+00 1.214179882073437966e+00 8.049618779232249333e-01 -8.969060498196101960e-02 7.912332159248391950e-01 -1.033912172361655779e+00 -4.172260296795405332e-01 0.000000000000000000e+00
2.615208360011898603e-01 -1.900472577055931922e-01 1.633906549400541419e-01 1.793216693240612614e+00 5.462031998822540757e-01 1.434578525527137716e+00 1.216976733850239079e+00 8.117203815586008231e-01 -9.836132485904114375e-02 7.982742809518724725e-01 -1.030569638877497196e+00 -4.253039298979688909e-01 0.000000000000000000e+00
2.627283221649992506e-01 -1.895502499333082402e-01 1.619933774396278836e-01 1.786930995977827230e+00 5.456786682495806673e-01 1.440346534983321325e+00 1.219727646098236473e+00 8.190460053481090075e-01 -1.077705393064001260e-01 8.058112265738783808e-01 -1.027007128287298343e+00 -4.340782800309666012e-01 0.000000000000000000e+00
2.637976354486246122e-01 -1.891488009312324581e-01 1.607115584938031416e-01 1.781104497523958941e+00 5.449979095579946531e-01 1.445588328776628018e+00 1.222009975152434480e+00 8.258083705670653529e-01 -1.164672250041083323e-01 8.126848453473728418e-01 -1.023773518091724011e+00 -4.421972595092094060e-01 0.000000000000000000e+00
2.649064728111956146e-01 -1.887774094350591347e-01 1.593322435651620406e-01 1.774772475094354540e+00 5.440443204589180404e-01 1.451173739914914051e+00 1.224202955152060124e+00 8.331307985632654400e-01 -1.258970789499151977e-01 8.200404962781717710e-01 -1.020331182645714874e+00 -4.510120231117490386e-01 0.000000000000000000e+00
2.658834807671003331e-01 -1.884948670068433696e-01 1.580682959118304420e-01 1.768914272963373335e+00 5.429606519134262399e-01 1.456239878577563651e+00 1.225966633583965182e+00 8.398833766652158417e-01 -1.346058820305835457e-01 8.267457366917460027e-01 -1.017210956533550759e+00 -4.591646915777813920e-01 0.000000000000000000e+00
2.668909425478576680e-01 -1.882554032603249161e-01 1.567098186840901741e-01 1.762560205284938952e+00 5.415632486667032452e-01 1.461627363624285136e+00 1.227593958168058164e+00 8.471875620079489799e-01 -1.440414617727343582e-01 8.339180955605201007e-01 -1.013893989395857176e+00 -4.680118791665926481e-01 0.000000000000000000e+00
2.677736728297639979e-01 -1.880964051430152606e-01 1.554662399502664549e-01 1.756693025042907585e+00 5.400667262288498804e-01 1.466505436922693528e+00 1.228835790184362065e+00 8.539163048181431792e-01 -1.527484006406392147e-01 8.404544915609833966e-01 -1.010891008950683734e+00 -4.761904135847124242e-01 0.000000000000000000e+00
2.686781627293799435e-01 -1.879926473698021738e-01 1.541310854327984647e-01 1.750341344069450855e+00 5.382186923121725641e-01 1.471683699512334353e+00 1.229897991985140271e+00 8.611870009101685319e-01 -1.621742598448112638e-01 8.474443573160599374e-01 -1.007702472756559109e+00 -4.850611368596573492e-01 0.000000000000000000e+00
2.694644743168793655e-01 -1.879614339346434848e-01 1.529104586098724572e-01 1.744487579748795980e+00 5.363001551660588895e-01 1.476362306983119765e+00 1.230615314424752915e+00 8.678775273587201466e-01 -1.708653529042303276e-01 8.538118423243847843e-01 -1.004820133508766311e+00 -4.932572481409716048e-01 0.000000000000000000e+00
2.702629887955676491e-01 -1.879986124562464112e-01 1.516016414698854176e-01 1.738161860275226012e+00 5.339891617336984808e-01 1.481318444848570781e+00 1.231106667645872621e+00 8.750987552334971165e-01 -1.802660452361009025e-01 8.606182162803548419e-01 -1.001764222736927668e+00 -5.021423857753165576e-01 0.000000000000000000e+00
2.709506356549344908e-01 -1.880987907556517791e-01 1.504065437585553333e-01 1.732342832521574394e+00 5.316411678021966125e-01 1.485787838558735308e+00 1.231298015770194931e+00 8.817362847763561273e-01 -1.889267782590933198e-01 8.668169900336232248e-01 -9.990051878476055025e-01 -5.103473520672553443e-01 0.000000000000000000e+00
2.716413084661553623e-01 -1.882795371179137034e-01 1.491266861110806807e-01 1.726066212054536919e+00 5.288628654844780286e-01 1.490513195100617194e+00 1.231220917256637071e+00 8.888921986253990326e-01 -1.982868573843403759e-01 8.734415366661680835e-01 -9.960838332898431791e-01 -5.192371169439943257e-01 0.000000000000000000e+00
2.722278468624876324e-01 -1.885142038900681494e-01 1.479597488196630062e-01 1.720302714932352650e+00 5.260786897344056356e-01 1.494764969933651821e+00 1.230885492117341551e+00 8.954616844024065880e-01 -2.069027161429646267e-01 8.794723981127071655e-01 -9.934503664459182204e-01 -5.274416837617695863e-01 0.000000000000000000e+00
2.728072973655415456e-01 -1.888425652937915367e-01 1.467120120033058306e-01 1.714097320989778517e+00 5.228231504005433905e-01 1.499249748795150161e+00 1.230235947127471308e+00 9.025353065737660163e-01 -2.162062030950473446e-01 8.859149842637723538e-01 -9.906664310004040797e-01 -5.363257894211921339e-01 0.000000000000000000e+00
2.732902085207056797e-01 -1.892141360595741839e-01 1.455759896009802268e-01 1.708409624231026491e+00 5.195975797480403280e-01 1.503276732698301199e+00 1.229374148198721706e+00 9.090212356715723363e-01 -2.247626733613630190e-01 8.917790652470449775e-01 -9.881601966775577228e-01 -5.445202029373115149e-01 0.000000000000000000e+00
2.737562897696991238e-01 -1.896913539716903185e-01 1.443630319574232823e-01 1.702296473274794053e+00 5.158633117618176556e-01 1.507515879728295927e+00 1.228156684106391783e+00 9.159962543035714555e-01 -2.339939886479047715e-01 8.980422874986933035e-01 -9.855141463974822491e-01 -5.533878968665164599e-01 0.000000000000000000e+00
2.741328494137338923e-01 -1.902016075636530912e-01 1.432606294177869166e-01 1.696703369844695608e+00 5.121923696331376341e-01 1.511312928004429068e+00 1.226769709810678677e+00 9.223829140717451081e-01 -2.424761567198070455e-01 9.037410527572993235e-01 -9.831360767020960179e-01 -5.615619372002965681e-01 0.000000000000000000e+00
2.744818095729456564e-01 -1.908302820751950069e-01 1.420857556421250001e-01 1.690702874497491237e+00 5.079720134030960565e-01 1.515300061210016924e+00 1.224982462403126471e+00 9.292412862479988434e-01 -2.516186555839945438e-01 9.098257766368852417e-01 -9.806295760631406067e-01 -5.704017012275693910e-01 0.000000000000000000e+00
2.747491615521945874e-01 -1.914803221137022782e-01 1.410197932265581378e-01 1.685222689750492719e+00 5.038527610591838624e-01 1.518863511166449021e+00 1.223072443269321630e+00 9.355124979829173570e-01 -2.600117409174336203e-01 9.153613566996966489e-01 -9.783799373113233333e-01 -5.785446491556228699e-01 0.000000000000000000e+00
2.749786081808554550e-01 -1.922601876668753318e-01 1.398858051719206463e-01 1.679353969742217068e+00 4.991476392230018710e-01 1.522596879112350532e+00 1.220722070449272278e+00 9.422373126305036983e-01 -2.690499770249445977e-01 9.212709777376096865e-01 -9.760120542071066829e-01 -5.873447320826534757e-01 0.000000000000000000e+00
2.751337629145984565e-01 -1.930503625009775126e-01 1.388591310486472774e-01 1.674004014914076244e+00 4.945785154484627633e-01 1.525924765961157892e+00 1.218292202270683910e+00 9.483765647334089222e-01 -2.773389327597617360e-01 9.266458360286348173e-01 -9.738905135037223548e-01 -5.954452691703475686e-01 0.000000000000000000e+00
2.752396453918239394e-01 -1.939824066708067118e-01 1.377694284528815094e-01 1.668285608919303442e+00 4.893840013345229778e-01 1.529401753110935624e+00 1.215379103512300718e+00 9.549489134085882291e-01 -2.862558618796195997e-01 9.323823515956928265e-01 -9.716614476713261173e-01 -6.041929544029308596e-01 0.000000000000000000e+00
2.752795268773830517e-01 -1.949122974378896533e-01 1.367849364098898679e-01 1.663082372226796224e+00 4.843648762347352310e-01 1.532493725632437354e+00 1.212433647346673027e+00 9.609394279646125137e-01 -2.944256411556556152e-01 9.375992844340762522e-01 -9.696669397519385170e-01 -6.122391630043872990e-01 0.000000000000000000e+00
2.752592029050847655e-01 -1.959946592060238524e-01 1.357423740677960733e-01 1.657531352586572915e+00 4.786849105031167895e-01 1.535716357102748120e+00 1.208966477923498983e+00 9.673418669622446675e-01 -3.032058169535378767e-01 9.431671553251049778e-01 -9.675741611883269533e-01 -6.209216673692907751e-01 0.000000000000000000e+00
2.751806411460530621e-01 -1.970630438424010034e-01 1.348030076340896999e-01 1.652490465081570825e+00 4.732168404817391760e-01 1.538573821631759930e+00 1.205510760093011946e+00 9.731664000033297679e-01 -3.112412397525794461e-01 9.482296913992911414e-01 -9.657048884192003246e-01 -6.289012969434951694e-01 0.000000000000000000e+00
2.750299162355130389e-01 -1.982949280127928315e-01 1.338111244548809142e-01 1.647124002948297417e+00 4.670500728573445670e-01 1.541542998186647306e+00 1.201492449482246094e+00 9.793790221942665353e-01 -3.198672185233462084e-01 9.536317805124623348e-01 -9.637469323857740244e-01 -6.375043725288871421e-01 0.000000000000000000e+00
2.748296942906073292e-01 -1.994997806258540785e-01 1.329198691186091186e-01 1.642260593860245699e+00 4.611354662356177414e-01 1.544168844577096245e+00 1.197532861573516128e+00 9.850200634362451524e-01 -3.277531048271797864e-01 9.585438479850589832e-01 -9.620004313429000309e-01 -6.454044401655255614e-01 0.000000000000000000e+00
2.745458116569822193e-01 -2.008775823385852977e-01 1.319815717466083782e-01 1.637093948464583448e+00 4.544886422174583274e-01 1.546890038071825346e+00 1.192974328735627587e+00 9.910248259041013474e-01 -3.362093070784537563e-01 9.637856813796347177e-01 -9.601733030980238448e-01 -6.539143716917918958e-01 0.000000000000000000e+00
2.742207326011519841e-01 -2.022160557148729720e-01 1.311414531826677887e-01 1.632422547323347573e+00 4.481315331024422477e-01 1.549288736036652736e+00 1.188518327599706881e+00 9.964645321676700584e-01 -3.439304768688660197e-01 9.685515413083859437e-01 -9.585461116719855568e-01 -6.617212952693046768e-01 0.000000000000000000e+00
2.737994586566839250e-01 -2.037371674333210148e-01 1.302603826784902163e-01 1.627471885352054670e+00 4.410063081856590017e-01 1.551766226047738284e+00 1.183424898856876073e+00 1.002240595676915591e+00 -3.521991925793985789e-01 9.736371803050284379e-01 -9.568466154223514986e-01 -6.701225032440686347e-01 0.000000000000000000e+00
2.733463805016779213e-01 -2.052054677473688082e-01 1.294744775750620580e-01 1.623006686187729919e+00 4.342121715472768706e-01 1.553943655217880693e+00 1.178481406083416339e+00 1.007460591150552531e+00 -3.597401995220670390e-01 9.782618926960056083e-01 -9.553347388715134336e-01 -6.778222345877057409e-01 0.000000000000000000e+00
2.727851237238383963e-01 -2.068644911570022005e-01 1.286536028916777374e-01 1.618286539227684173e+00 4.266185742554737814e-01 1.556185845608432317e+00 1.172866397241093317e+00 1.012989513310639023e+00 -3.678062486736444203e-01 9.831977954603584591e-01 -9.537570822417505978e-01 -6.860997387298355399e-01 0.000000000000000000e+00
2.722009152880161542e-01 -2.084581489182609493e-01 1.279249662475623051e-01 1.614041409943312466e+00 4.193940582942228268e-01 1.558149302800922564e+00 1.167444867051964374e+00 1.017971355603795702e+00 -3.751517795923009491e-01 9.876866866357415509e-01 -9.523555271390691246e-01 -6.936774972955470631e-01 0.000000000000000000e+00
2.714956824230074228e-01 -2.102505416965853302e-01 1.271680805378757606e-01 1.609567881743608986e+00 4.113371910954572996e-01 1.560163236984795754e+00 1.161316400751474243e+00 1.023231165335729331e+00 -3.829971858475655910e-01 9.924781794899849574e-01 -9.508947832811606160e-01 -7.018143199530934018e-01 0.000000000000000000e+00
2.707774909260811103e-01 -2.119640846383733790e-01 1.264998549339315104e-01 1.605556788115945821e+00 4.036910381658556091e-01 1.561921113428631491e+00 1.155428018423254377e+00 1.027955879425638930e+00 -3.901319275659422825e-01 9.968371749831992368e-01 -9.495976906722376487e-01 -7.092548591436385053e-01 0.000000000000000000e+00
2.699259743716233562e-01 -2.138826781656778808e-01 1.258098797173201611e-01 1.601343884730889400e+00 3.951840674411557508e-01 1.563718068325635979e+00 1.148801674156973762e+00 1.032927668285680722e+00 -3.977413777486256130e-01 1.001491847936439861e+00 -9.482462695770768057e-01 -7.172348881920064256e-01 0.000000000000000000e+00
2.690711389482646210e-01 -2.157098279220599768e-01 1.252052128224800664e-01 1.597581118310091419e+00 3.871264025919893825e-01 1.565279822152840339e+00 1.142458690230677698e+00 1.037376012833467254e+00 -4.046500170904547833e-01 1.005727472492156327e+00 -9.470470481382141648e-01 -7.245222290408447341e-01 0.000000000000000000e+00
2.680699013283741050e-01 -2.177481473068635098e-01 1.245860262010254349e-01 1.593645719537708949e+00 3.781784442344759967e-01 1.566869268694247141e+00 1.135345520117130302e+00 1.042036877636242087e+00 -4.120054017051446582e-01 1.010251783710037321e+00 -9.457979590079397259e-01 -7.323268223524037612e-01 0.000000000000000000e+00
2.670760911376970359e-01 -2.196818086339913378e-01 1.240481303582002398e-01 1.590146041643618169e+00 3.697212801535307847e-01 1.568245226601622910e+00 1.128561383556262454e+00 1.046189211828866483e+00 -4.186727586522123179e-01 1.014370961547090388e+00 -9.446889521510034582e-01 -7.394443866817494992e-01 0.000000000000000000e+00
2.659234907507306289e-01 -2.218309457774713667e-01 1.235027176202271176e-01 1.586502982187186994e+00 3.603489962272532487e-01 1.569640225385636967e+00 1.120979497090861532e+00 1.050519644919389872e+00 -4.257590308387497746e-01 1.018773632882181923e+00 -9.435328739218001859e-01 -7.470563668674684576e-01 0.000000000000000000e+00
2.647886727242684257e-01 -2.238631968308598397e-01 1.230347043455344291e-01 1.583281492114732458e+00 3.515058649115507805e-01 1.570841983620149263e+00 1.113768855281417558e+00 1.054356061627703456e+00 -4.321695258986795185e-01 1.022784087167732281e+00 -9.425056261103292865e-01 -7.539869107092633804e-01 0.000000000000000000e+00
2.634821162241253734e-01 -2.261148853078414345e-01 1.225670415369243121e-01 1.579949367168969054e+00 3.417224335982012029e-01 1.572053863524204953e+00 1.105732100901830828e+00 1.058332161135191685e+00 -4.389685761616519688e-01 1.027072841787195934e+00 -9.414333708764361930e-01 -7.613861043238850934e-01 0.000000000000000000e+00
2.622048581172323756e-01 -2.282369882283548923e-01 1.221721628260454273e-01 1.577022549348069624e+00 3.325092124965696172e-01 1.573093260212875544e+00 1.098111132547432867e+00 1.061832353755882918e+00 -4.451071624742846122e-01 1.030982628583541283e+00 -9.404783613095337724e-01 -7.681116513407713065e-01 0.000000000000000000e+00
2.607437230191548272e-01 -2.305806576788970996e-01 1.217851789310289007e-01 1.574017800831387426e+00 3.223353095510805844e-01 1.574136645880878760e+00 1.089640349489190640e+00 1.065434279130215156e+00 -4.516042102696418148e-01 1.035167320183409956e+00 -9.394786772153451704e-01 -7.752796159937467291e-01 0.000000000000000000e+00
2.593230301828494677e-01 -2.327831727667059869e-01 1.214666244938894385e-01 1.571402776837249604e+00 3.127694290771776409e-01 1.575026346456626758e+00 1.081626298557896826e+00 1.068577608164835713e+00 -4.574555080796820494e-01 1.038985161343120245e+00 -9.385855861437871761e-01 -7.817817237951751874e-01 0.000000000000000000e+00
2.577059191701379648e-01 -2.352088405614318478e-01 1.211643273898526108e-01 1.568746758889112414e+00 3.022226973274708683e-01 1.575914185033588488e+00 1.072738397893920892e+00 1.071780392270792248e+00 -4.636321775959029168e-01 1.043074977829155037e+00 -9.376470215966159483e-01 -7.886964884075113869e-01 0.000000000000000000e+00
2.561415209636653811e-01 -2.374815820734655081e-01 1.209253271514960648e-01 1.566462319243433932e+00 2.923239729562410183e-01 1.576667325163232380e+00 1.064350039671416503e+00 1.074545885325757677e+00 -4.691811400431920021e-01 1.046810194416045725e+00 -9.368043308486876386e-01 -7.949559156546063265e-01 0.000000000000000000e+00
2.543691963599714057e-01 -2.399772622707877778e-01 1.207106863158769472e-01 1.564174399213565714e+00 2.814292930271453663e-01 1.577414979929180783e+00 1.055068523798326829e+00 1.077329154980999570e+00 -4.750231833684441796e-01 1.050816121327742936e+00 -9.359136366221106895e-01 -8.015977728342368325e-01 0.000000000000000000e+00
2.526614857654991275e-01 -2.423094345473426059e-01 1.205544520611728926e-01 1.562240855979969645e+00 2.712194169974084801e-01 1.578045110679636265e+00 1.046325831992787503e+00 1.079695506767589297e+00 -4.802546970137959725e-01 1.054478633616874328e+00 -9.351089624987432014e-01 -8.075945458188226178e-01 0.000000000000000000e+00
2.507341595350405239e-01 -2.448636258621220974e-01 1.204314834985981547e-01 1.560345731223953258e+00 2.599994915679575413e-01 1.578666601006830650e+00 1.036670874355841487e+00 1.082033362730515424e+00 -4.857436051785037900e-01 1.058411123861512593e+00 -9.342523567341192159e-01 -8.139399265901000602e-01 0.000000000000000000e+00
2.488844283746584340e-01 -2.472437731929882088e-01 1.203612336878809030e-01 1.558785199283209799e+00 2.495027901860296105e-01 1.579187649109713876e+00 1.027595487151123921e+00 1.083978935064872751e+00 -4.906427563198134667e-01 1.062011451339190726e+00 -9.334721171137532192e-01 -8.196534058137286971e-01 0.000000000000000000e+00
2.468045758869063522e-01 -2.498433107486885130e-01 1.203328702272490336e-01 1.557305831819641995e+00 2.379870275225224319e-01 1.579698994633518261e+00 1.017593319887058811e+00 1.085850471520925842e+00 -4.957646143072811373e-01 1.065882755457784326e+00 -9.326342200557869999e-01 -8.256813377830686251e-01 0.000000000000000000e+00
2.448149454920935109e-01 -2.522595104303387292e-01 1.203518047140788860e-01 1.556142368201459014e+00 2.272298694680641162e-01 1.580125135033234152e+00 1.008208073889510503e+00 1.087353293324057724e+00 -5.003164892424445398e-01 1.069432016821560305e+00 -9.318639007104816407e-01 -8.310901513779923588e-01 0.000000000000000000e+00
2.425847975716757532e-01 -2.548916500932231766e-01 1.204220898411131196e-01 1.555108326217790271e+00 2.154464261374933187e-01 1.580541115657944973e+00 9.978822659739736700e-01 1.088731612346228284e+00 -5.050529212411505320e-01 1.073254119039014798e+00 -9.310284004974964667e-01 -8.367751347779570636e-01 0.000000000000000000e+00
2.404583969392370679e-01 -2.573314993813655693e-01 1.205334048819246412e-01 1.554368276715464958e+00 2.044577394269024850e-01 1.580886836081527802e+00 9.882115291075689312e-01 1.089769313064977707e+00 -5.092427394261176410e-01 1.076764165355739156e+00 -9.302522887768202020e-01 -8.418571785071280456e-01 0.000000000000000000e+00
2.380824903016008909e-01 -2.599822206906091671e-01 1.207051802120722855e-01 1.553806683567595215e+00 1.924410156344107392e-01 1.581223842861023687e+00 9.775911089964419709e-01 1.090633175943572120e+00 -5.135802964725570963e-01 1.080550448056532220e+00 -9.294016085456215936e-01 -8.471770425216432754e-01 0.000000000000000000e+00
2.358234980493992550e-01 -2.624329841167214461e-01 1.209120727421496427e-01 1.553518604702092354e+00 1.812522645189762471e-01 1.581503597209797496e+00 9.676606473447273427e-01 1.091183118708673572e+00 -5.173934771003598776e-01 1.084033529867219459e+00 -9.286029931137341764e-01 -8.519095463577411875e-01 0.000000000000000000e+00
2.333064347772787483e-01 -2.650885974541601353e-01 1.211893697702605827e-01 1.553464691886087934e+00 1.690363569656527787e-01 1.581777089995537233e+00 9.567727792811291376e-01 1.091504562252246124e+00 -5.213137833830108203e-01 1.087797641751937494e+00 -9.277182244205826045e-01 -8.568367938485512703e-01 0.000000000000000000e+00
2.309202211611255384e-01 -2.675371707663419252e-01 1.214949566228852584e-01 1.553659829687648042e+00 1.576819577844408293e-01 1.582005902247972662e+00 9.466100899823592929e-01 1.091543777299297302e+00 -5.247358122257081980e-01 1.091266941703983751e+00 -9.268789957820713354e-01 -8.611961222369020064e-01 0.000000000000000000e+00
2.282689203357089192e-01 -2.701831755427297477e-01 1.218806038633751115e-01 1.554145867868441222e+00 1.453066956490220996e-01 1.582232249950400238e+00 9.354866653203436355e-01 1.091300963586909312e+00 -5.282259514132843226e-01 1.095023397000567833e+00 -9.259402980768456359e-01 -8.657073173864144877e-01 0.000000000000000000e+00
2.257619803772979161e-01 -2.726163379624493843e-01 1.222880179749633173e-01 1.554858123616988053e+00 1.338234962498052738e-01 1.582424936264442028e+00 9.251205105142920049e-01 1.090806148256372676e+00 -5.312425139800169838e-01 1.098492563794559285e+00 -9.250414812089439165e-01 -8.696691024030436257e-01 0.000000000000000000e+00
2.229837329932594925e-01 -2.752384934478209200e-01 1.227859742778728697e-01 1.555925571899145154e+00 1.213295378890197895e-01 1.582620201242195712e+00 9.137923553434764701e-01 1.089970248569223976e+00 -5.342843099980782995e-01 1.102256609100250140e+00 -9.240271497287599889e-01 -8.737347507021857584e-01 0.000000000000000000e+00
2.203638788599102949e-01 -2.776428591432370530e-01 1.232983040078585030e-01 1.557191708701973099e+00 1.097576000329065771e-01 1.582791903113501819e+00 9.032532282246241717e-01 1.088917700727397575e+00 -5.368812249560419581e-01 1.105740090385101126e+00 -9.230483714491285463e-01 -8.772738920538194485e-01 0.000000000000000000e+00
2.174682551017305954e-01 -2.802265254631151059e-01 1.239112647575690146e-01 1.558878479650185334e+00 9.719078306116291088e-02 1.582972646700808061e+00 8.917552965343160665e-01 1.087466477670385956e+00 -5.394622941055193799e-01 1.109527571508384547e+00 -9.219361687988842924e-01 -8.808692261044536176e-01 0.000000000000000000e+00
2.147445762643938327e-01 -2.825887303068123080e-01 1.245315650087696208e-01 1.560738160716722334e+00 8.557314473754562556e-02 1.583138419944901232e+00 8.810751550357439621e-01 1.085832228867458893e+00 -5.416255798589906245e-01 1.113040280986199004e+00 -9.208559906607480805e-01 -8.839597579704633334e-01 0.000000000000000000e+00
2.117418052553771690e-01 -2.851195010902345950e-01 1.252634327036849515e-01 1.563092560011310361e+00 7.298129463293001606e-02 1.583321143927687968e+00 8.694420679201144697e-01 1.083735788457348637e+00 -5.437278792234991887e-01 1.116868108999997222e+00 -9.196213491793874262e-01 -8.870532858926993836e-01 0.000000000000000000e+00
2.089247961666732545e-01 -2.874262061610810548e-01 1.259947138467008010e-01 1.565588698672007339e+00 6.136439239743340934e-02 1.583496362223788534e+00 8.586546010296121079e-01 1.081495404190319309e+00 -5.454437539138372593e-01 1.120425959058288568e+00 -9.184168679973718774e-01 -8.896685100831572823e-01 0.000000000000000000e+00
2.058272801392407869e-01 -2.898897056418269225e-01 1.268480323810506905e-01 1.568654778772788916e+00 4.879989175290555536e-02 1.583697534041474286e+00 8.469244416922491192e-01 1.078731176136871861e+00 -5.470555655845805720e-01 1.124311244772605134e+00 -9.170352200238386375e-01 -8.922339997402577438e-01 0.000000000000000000e+00
2.029287655633918996e-01 -2.921277752831422658e-01 1.276931929088125639e-01 1.571832930655225447e+00 3.723350699349925463e-02 1.583897491346328179e+00 8.360648031362057919e-01 1.075860155323711931e+00 -5.483104470902258054e-01 1.127930480694022908e+00 -9.156824007691056755e-01 -8.943464856959357778e-01 0.000000000000000000e+00
1.997498611189667816e-01 -2.945098365948338182e-01 1.286718500884377059e-01 1.575666541163430523e+00 2.475219075073331609e-02 1.584133771381363243e+00 8.242760542548610569e-01 1.072396980642172704e+00 -5.494139944669274023e-01 1.131891799657461117e+00 -9.141260494280634141e-01 -8.963502481001114353e-01 0.000000000000000000e+00
