-1.867298875444789452e-03 -1.477456732433962694e-03 1.812027632859591897e-03 -2.548263210032875037e-03 -1.070519954045190403e-02 -6.783820143765773025e-03 0.000000000000000000e+00
-1.685251907139473371e-03 -1.303316113506924889e-03 1.701272147598270612e-03 -2.309426826165417168e-03 -9.860672324113473053e-03 -6.286951873789359269e-03 0.000000000000000000e+00
-1.783564768690987234e-03 -1.349829735863755653e-03 1.873286857493591806e-03 -2.461283077646481132e-03 -1.066034267052673457e-02 -6.837162841461186247e-03 0.000000000000000000e+00
-1.607139041060551277e-03 -1.191929601491420465e-03 1.756413553882424372e-03 -2.239744740159199665e-03 -9.820277063842919318e-03 -6.335006211286575706e-03 0.000000000000000000e+00
-1.697943761736625534e-03 -1.236035116275568946e-03 1.931519146412499777e-03 -2.396864400092457714e-03 -1.061708712770492724e-02 -6.888952225367450666e-03 0.000000000000000000e+00
-1.526726334378086802e-03 -1.092741693054649632e-03 1.808803687958687734e-03 -2.189468239687020201e-03 -9.780109898048117145e-03 -6.383607974629779136e-03 0.000000000000000000e+00
-1.609177514440812695e-03 -1.134897601995865646e-03 1.986766667655306962e-03 -2.352136819406158708e-03 -1.057238714589647799e-02 -6.943032319760344961e-03 0.000000000000000000e+00
-1.443566979503374537e-03 -1.005640333834212363e-03 1.858424810208397782e-03 -2.157853949618093736e-03 -9.737656476523692817e-03 -6.435703590251140582e-03 0.000000000000000000e+00
-1.517688602029415579e-03 -1.047159865594254891e-03 2.039012648182389476e-03 -2.328042328401558336e-03 -1.052439082454226238e-02 -7.002489611497075828e-03 0.000000000000000000e+00
-1.357384366082708960e-03 -9.303200776286935092e-04 1.905255814528314384e-03 -2.144007605842546127e-03 -9.690641083154538649e-03 -6.494113577207194510e-03 0.000000000000000000e+00
-1.422399438268356908e-03 -9.717448106454362744e-04 2.088277951330166915e-03 -2.322168653642986413e-03 -1.047013290710818723e-02 -7.070558699730611352e-03 0.000000000000000000e+00
-1.268023451018396308e-03 -8.666068809485838464e-04 1.949336281529184811e-03 -2.147475676371968234e-03 -9.637180215052332244e-03 -6.561784526195157952e-03 0.000000000000000000e+00
-1.324030385169649993e-03 -9.089302133615806412e-04 2.134498795201153487e-03 -2.335318467986624569e-03 -1.040784265870886571e-02 -7.149590857593146609e-03 0.000000000000000000e+00
-1.175358028909861963e-03 -8.140356874885845695e-04 1.990594275597556972e-03 -2.167531098503872045e-03 -9.574887429792511284e-03 -6.640759478235391811e-03 0.000000000000000000e+00
-1.221668947497644986e-03 -8.578202949993951609e-04 2.177703569249372917e-03 -2.365513956303910703e-03 -1.033492327244811548e-02 -7.242607842921078287e-03 0.000000000000000000e+00
-1.079412308935351339e-03 -7.722737642208710174e-04 2.029032799983343516e-03 -2.203724966967968157e-03 -9.502087738824993579e-03 -6.733535868816531433e-03 0.000000000000000000e+00
-1.116152153517013801e-03 -8.182562731750275820e-04 2.217741396511263563e-03 -2.413550094501282217e-03 -1.024944924503579102e-02 -7.350946537686642301e-03 0.000000000000000000e+00
-9.802294598092176070e-04 -7.407979398664499282e-04 2.064628861734862930e-03 -2.255487292455615744e-03 -9.416832202163050169e-03 -6.841926035571432863e-03 0.000000000000000000e+00
-1.006749340041135365e-03 -7.895349739263646249e-04 2.254753098297451741e-03 -2.477658505549928947e-03 -1.014942463564594277e-02 -7.477709620614003683e-03 0.000000000000000000e+00
-8.778637291395052777e-04 -7.191438218810408678e-04 2.097285511031971028e-03 -2.322480289142614396e-03 -9.317096462263751988e-03 -6.967446691550360782e-03 0.000000000000000000e+00
-8.944375548752547811e-04 -7.711227837486345216e-04 2.288559998691874764e-03 -2.558427002259833216e-03 -1.003312146076895672e-02 -7.623434120132888125e-03 0.000000000000000000e+00
-7.724912073854561800e-04 -7.067081784135620381e-04 2.127055187006843262e-03 -2.404082756430003798e-03 -9.201401599803205045e-03 -7.111662396432016919e-03 0.000000000000000000e+00
-7.784658076010753103e-04 -7.624362404706208629e-04 2.319203876621989124e-03 -2.654283395570278259e-03 -9.898168187081779479e-03 -7.790410844831896497e-03 0.000000000000000000e+00
-6.642382231996091235e-04 -7.029170773066584221e-04 2.153850305702031953e-03 -2.499825990480264437e-03 -9.067881944753164447e-03 -7.275539404372644015e-03 0.000000000000000000e+00
-6.599735427720854197e-04 -7.626957811990575653e-04 2.346604180958722363e-03 -2.765595638843709736e-03 -9.743456971460950911e-03 -7.978704689413085305e-03 0.000000000000000000e+00
-5.533041857933018726e-04 -7.071133139284757618e-04 2.177645105516712309e-03 -2.609039618166164587e-03 -8.914954895290705394e-03 -7.459838773034910275e-03 0.000000000000000000e+00
-5.381550605393081721e-04 -7.714110927734274537e-04 2.370755287921327836e-03 -2.890829771515335267e-03 -9.566380974084687239e-03 -8.189924221532862703e-03 0.000000000000000000e+00
-4.398718229028375504e-04 -7.186695989133962126e-04 2.198415386682556205e-03 -2.731073367862713042e-03 -8.740995220352765216e-03 -7.664985832800397247e-03 0.000000000000000000e+00
-4.143068642679381686e-04 -7.875145903149805005e-04 2.391679527258105953e-03 -3.029697576233836287e-03 -9.366415023923657657e-03 -8.423377685972788242e-03 0.000000000000000000e+00
-3.241877965165507192e-04 -7.368591970334237296e-04 2.216182026266499960e-03 -2.864933167267658121e-03 -8.544675736581464065e-03 -7.891129905616800500e-03 0.000000000000000000e+00
-2.875262291763824862e-04 -8.106963227837438168e-04 2.409241108186216396e-03 -3.180751078097010520e-03 -9.140458450344279839e-03 -8.679767502448143546e-03 0.000000000000000000e+00
-2.064153329754403465e-04 -7.610474384801557690e-04 2.230906585169084577e-03 -3.009797648906520351e-03 -8.324344187813359497e-03 -8.137861480182806417e-03 0.000000000000000000e+00
-1.591801943550130716e-04 -8.396337460801206465e-04 2.423531209606533121e-03 -3.343041159031834297e-03 -8.888541966566521069e-03 -8.957492006959277830e-03 0.000000000000000000e+00
-8.679578415565769589e-05 -7.904188243144372183e-04 2.242569654330256457e-03 -3.164092486185765551e-03 -8.078614382660553872e-03 -8.404217766062593853e-03 0.000000000000000000e+00
-2.843181742437361770e-05 -8.741749589370184648e-04 2.434539437052879451e-03 -3.514666303765956457e-03 -8.607803772419764243e-03 -9.256764246087012538e-03 0.000000000000000000e+00
3.446237028598142516e-05 -8.242936501979547526e-04 2.251166358968131886e-03 -3.326366797640645245e-03 -7.806164214335886697e-03 -8.689058442383768011e-03 0.000000000000000000e+00
1.034353228368256605e-04 -9.128399620521865376e-04 2.442261497787562297e-03 -3.694179289739807359e-03 -8.298263797580585077e-03 -9.574472091129937468e-03 0.000000000000000000e+00
1.570926719754450751e-04 -8.619369748173455470e-04 2.256790437910605185e-03 -3.494741662938949389e-03 -7.506062472490970805e-03 -8.990830232777469178e-03 0.000000000000000000e+00
2.372656496182345975e-04 -9.555370312929190035e-04 2.446629651049109233e-03 -3.878889510506411398e-03 -7.956949082727149403e-03 -9.909740586207416158e-03 0.000000000000000000e+00
2.809337542105938557e-04 -9.026052401643058776e-04 2.259366690902403496e-03 -3.667005852729943172e-03 -7.176925766671615747e-03 -9.307028919954163371e-03 0.000000000000000000e+00
3.716774778600162588e-04 -1.000727246937394010e-03 2.447859227187154652e-03 -4.066591918418183127e-03 -7.584917661906942499e-03 -1.025872572438846220e-02 0.000000000000000000e+00
4.057035752687010444e-04 -9.455504107167000960e-04 2.258979282496076380e-03 -3.840421023689088997e-03 -6.818072017070520019e-03 -9.634974766283388448e-03 0.000000000000000000e+00
5.075707846259880363e-04 -1.048435840634659444e-03 2.445807074782258006e-03 -4.253932720923891964e-03 -7.179099863638960244e-03 -1.061939033892134177e-02 0.000000000000000000e+00
5.312274026977314989e-04 -9.901052625723716361e-04 2.255655555101016008e-03 -4.012200052041947629e-03 -6.428634995758741866e-03 -9.971358884806491574e-03 0.000000000000000000e+00
6.435528287740410747e-04 -1.097001601478214683e-03 2.440659305724013350e-03 -4.437652389648327755e-03 -6.741136791970081532e-03 -1.098643347589600694e-02 0.000000000000000000e+00
6.572327136747935228e-04 -1.035497613571745301e-03 2.249452344826513572e-03 -4.178704519948617246e-03 -6.008305459856533304e-03 -1.031228556076113634e-02 0.000000000000000000e+00
7.805343274250031715e-04 -1.146627691404750182e-03 2.432355391533191913e-03 -4.613737055652933350e-03 -6.268220387405154526e-03 -1.135686651884482146e-02 0.000000000000000000e+00
7.835314754955913230e-04 -1.081098238936845091e-03 2.240402020174919739e-03 -4.336373287574524227e-03 -5.556743596588642475e-03 -1.065342567328508849e-02 0.000000000000000000e+00
9.171084061430356815e-04 -1.195611365630455669e-03 2.421105334931922259e-03 -4.778094618006711869e-03 -5.762945504362182447e-03 -1.172435191639253915e-02 0.000000000000000000e+00
9.098451781111571712e-04 -1.126204844675210426e-03 2.228586172749985606e-03 -4.480892750474474440e-03 -5.074226251916780228e-03 -1.098997602049944788e-02 0.000000000000000000e+00
1.054163888754927614e-03 -1.244242689150770742e-03 2.406803970638554668e-03 -4.925886104044430169e-03 -5.222915024194918487e-03 -1.208483610471455805e-02 0.000000000000000000e+00
1.035956880520022549e-03 -1.170257719147027586e-03 2.214127891019213035e-03 -4.608128416759171841e-03 -4.561261171711628037e-03 -1.131697392080033282e-02 0.000000000000000000e+00
1.190298391268856948e-03 -1.290859617879891452e-03 2.389744935161586259e-03 -5.052483353765957474e-03 -4.651729298804418988e-03 -1.243118407281240678e-02 0.000000000000000000e+00
1.161619823397047613e-03 -1.212623325062833768e-03 2.197062403543309506e-03 -4.713435237032825853e-03 -4.018767908556597490e-03 -1.162886793277140285e-02 0.000000000000000000e+00
1.326379133966132384e-03 -1.335853991448476830e-03 2.369797135791856801e-03 -5.152531991932995936e-03 -4.047605887068428387e-03 -1.275865659756414416e-02 0.000000000000000000e+00
1.286586750767565457e-03 -1.252739464234542410e-03 2.177470633946576584e-03 -4.792007440744150415e-03 -3.447940183674003123e-03 -1.191983910220395515e-02 0.000000000000000000e+00
1.460994352096595117e-03 -1.377639510694861347e-03 2.347332328273749047e-03 -5.221530543073171771e-03 -3.415520146346828767e-03 -1.306020432501986406e-02 0.000000000000000000e+00
1.410611922015442277e-03 -1.290120361875785049e-03 2.155467083183509880e-03 -4.839433647541468986e-03 -2.850682611214239159e-03 -1.218447629272789712e-02 0.000000000000000000e+00
1.594987617167753502e-03 -1.416720118038977683e-03 2.322167002101444000e-03 -5.253995805604816383e-03 -2.754222733063027562e-03 -1.333053709589959723e-02 0.000000000000000000e+00
1.533397645059886294e-03 -1.324266450194233613e-03 2.131147495898155775e-03 -4.851086676023186328e-03 -2.229248215421364421e-03 -1.241710351928482226e-02 0.000000000000000000e+00
1.726989560058067585e-03 -1.451569384927686723e-03 2.294686606203244494e-03 -5.246009635611059707e-03 -2.069856011085224878e-03 -1.356309719129233926e-02 0.000000000000000000e+00
1.654711783310169881e-03 -1.354809971111814448e-03 2.104614515513331119e-03 -4.823231722811627264e-03 -1.586329341992431807e-03 -1.261270966025707096e-02 0.000000000000000000e+00
1.857749297663163768e-03 -1.482781820524831096e-03 2.264730413327364911e-03 -5.192597123022224537e-03 -1.362126168010124871e-03 -1.375306183075863942e-02 0.000000000000000000e+00
1.774267890250119661e-03 -1.381383603424019002e-03 2.076029250155375649e-03 -4.752383151674699491e-03 -9.251656612851988370e-04 -1.276681333895846038e-02 0.000000000000000000e+00
1.985940591228196883e-03 -1.508997721475530129e-03 2.232726420516778498e-03 -5.091445859300769428e-03 -6.382524786374688119e-04 -1.389540474571981932e-02 0.000000000000000000e+00
1.891785194973072404e-03 -1.403623456027652816e-03 2.045422767917692841e-03 -4.635473507551779448e-03 -2.491747575525948832e-04 -1.287481838477066987e-02 0.000000000000000000e+00
2.112295079648218721e-03 -1.530920340135383251e-03 2.198463292274327463e-03 -4.938912532996830862e-03 1.014337250873076357e-04 -1.398637543749492451e-02 0.000000000000000000e+00
2.006982657904610168e-03 -1.421278128268643748e-03 2.012890995064853250e-03 -4.470676834518627629e-03 4.377405285751478914e-04 -1.293359798943960470e-02 0.000000000000000000e+00
2.235475455259872124e-03 -1.547270365559072491e-03 2.162402821972386757e-03 -4.734456301719092153e-03 8.487705810291679143e-04 -1.402283088492106700e-02 0.000000000000000000e+00
2.119592909225642696e-03 -1.434206355730271998e-03 1.978669376778152689e-03 -4.257264675612049132e-03 1.131295823369793396e-03 -1.294137123875138684e-02 0.000000000000000000e+00
2.356203653302829659e-03 -1.558859691734498787e-03 2.124268110579585755e-03 -4.476347902831356862e-03 1.603065110843626684e-03 -1.400249453041713110e-02 0.000000000000000000e+00
2.229314389193270962e-03 -1.442212565917699862e-03 1.942792344439836505e-03 -3.995088324770357247e-03 1.827199421312375449e-03 -1.289645775345249490e-02 0.000000000000000000e+00
2.473167040912299663e-03 -1.564558317175224200e-03 2.084594643036508099e-03 -4.166519297244875020e-03 2.355553720897685110e-03 -1.392499850884476587e-02 0.000000000000000000e+00
2.335905042003011411e-03 -1.445206523570691237e-03 1.905338658548139108e-03 -3.685266140078802266e-03 2.521120554035860550e-03 -1.279848855361098714e-02 0.000000000000000000e+00
2.587042932932159811e-03 -1.565310092935479069e-03 2.043110843134410270e-03 -3.805458676881201541e-03 3.105320998728178239e-03 -1.379011536449725739e-02 0.000000000000000000e+00
2.439065701105219697e-03 -1.443134086932917892e-03 1.866386885107207405e-03 -3.329774237704086204e-03 3.208573809741377403e-03 -1.264800087821305041e-02 0.000000000000000000e+00
2.696616554679009958e-03 -1.560120938273817925e-03 2.000349385389343926e-03 -3.397565864182716666e-03 3.843706798349888487e-03 -1.360002035426255418e-02 0.000000000000000000e+00
2.538553554626565845e-03 -1.436048667358386099e-03 1.826115261748861851e-03 -2.932063548099606010e-03 3.885156097453990043e-03 -1.244712242711498718e-02 0.000000000000000000e+00
2.802484161689239306e-03 -1.549951614424838198e-03 1.955907262620959486e-03 -2.944725338759113242e-03 4.569935183126094813e-03 -1.335555390708265122e-02 0.000000000000000000e+00
2.634088773153242524e-03 -1.423994275173007251e-03 1.784611105394962038e-03 -2.495934488982776145e-03 4.546618240133692979e-03 -1.219826955527958390e-02 0.000000000000000000e+00
2.903571565921803099e-03 -1.534033992332956009e-03 1.910400660247280058e-03 -2.453892552668257565e-03 5.275908985133970219e-03 -1.306165020681016031e-02 0.000000000000000000e+00
2.725458718396328583e-03 -1.407080315882491828e-03 1.741896302675405295e-03 -2.026123773774202164e-03 5.189146151321377687e-03 -1.190450488711913835e-02 0.000000000000000000e+00
3.000386771245561190e-03 -1.513352436145670721e-03 1.863360267668867642e-03 -1.928191338680385059e-03 5.961094323213789181e-03 -1.272002925970650011e-02 0.000000000000000000e+00
2.812439348143513929e-03 -1.385497806002000676e-03 1.698113617651209051e-03 -1.527993732905130742e-03 5.809074654184342990e-03 -1.156993655617410965e-02 0.000000000000000000e+00
3.091970769293628241e-03 -1.487293185040178267e-03 1.815479424747745707e-03 -1.376017919481498097e-03 6.618231177286659772e-03 -1.233755680547199418e-02 0.000000000000000000e+00
2.894818224360995451e-03 -1.359411329821841319e-03 1.653222849197333311e-03 -1.007033118220590495e-03 6.403193635011295015e-03 -1.119829528795346363e-02 0.000000000000000000e+00
3.178815756915032154e-03 -1.456927616777209389e-03 1.766258946681475983e-03 -8.013425860040612747e-04 7.247406322912652854e-03 -1.191657524328393336e-02 0.000000000000000000e+00
2.972422664032442485e-03 -1.329103945845455659e-03 1.607412332661317667e-03 -4.694356081387240920e-04 6.968552627662383259e-03 -1.079455509951809944e-02 0.000000000000000000e+00
3.260085866497008933e-03 -1.421725272441443089e-03 1.716269229199707258e-03 -2.129064290974369555e-04 7.842558447399117227e-03 -1.146424840295434677e-02 0.000000000000000000e+00
3.045089909438414288e-03 -1.294846401114879697e-03 1.560687398350246724e-03 7.890731178417098590e-05 7.502743674152601017e-03 -1.036309276826585801e-02 0.000000000000000000e+00
3.336220435156522779e-03 -1.382789155590591346e-03 1.664997155277569973e-03 3.851816767959093113e-04 8.404254795522980714e-03 -1.098275261303927053e-02 0.000000000000000000e+00
3.112702485197849089e-03 -1.256960520535810311e-03 1.513055001837293467e-03 6.320998152551382532e-04 8.003779014137180070e-03 -9.908171684310129734e-03 0.000000000000000000e+00
3.406537469443582378e-03 -1.339726312832800748e-03 1.613107612454645068e-03 9.841136738462097355e-04 8.927651108147305337e-03 -1.047996002867224163e-02 0.000000000000000000e+00
3.175141177954449168e-03 -1.215784040998924009e-03 1.464590884762806411e-03 1.184373666250237989e-03 8.469974225382870259e-03 -9.434277143002933741e-03 0.000000000000000000e+00
3.471461373324075117e-03 -1.293664241997394271e-03 1.559979372895148320e-03 1.580292087965950998e-03 9.413914795334488161e-03 -9.956958734059551119e-03 0.000000000000000000e+00
3.232322571888629481e-03 -1.171680314485834540e-03 1.415294192575911048e-03 1.730311969200926114e-03 8.900047505930430702e-03 -8.945269293902047281e-03 0.000000000000000000e+00
3.530456275068871719e-03 -1.244282793326223491e-03 1.506265544894358488e-03 2.165583212864419238e-03 9.859414047679759818e-03 -9.421355686108245919e-03 0.000000000000000000e+00
3.284223017926982124e-03 -1.125040830304624428e-03 1.365162874102876511e-03 2.264866366655127194e-03 9.293225817689432233e-03 -8.444726808774394300e-03 0.000000000000000000e+00
3.583890067938161339e-03 -1.192714577222198091e-03 1.451356346249155216e-03 2.737123042990674548e-03 1.026556026265224020e-02 -8.873283974303536326e-03 0.000000000000000000e+00
3.330805502925193728e-03 -1.076256023554100771e-03 1.314187218406592805e-03 2.783330965409724911e-03 9.648866079530193929e-03 -7.935839385833531878e-03 0.000000000000000000e+00
3.631410708099538920e-03 -1.138704410898638830e-03 1.395874660511886578e-03 3.287832661127865208e-03 1.062997196668780120e-02 -8.319729973568890102e-03 0.000000000000000000e+00
3.372097875295812508e-03 -1.025736784446118488e-03 1.262381039005278094e-03 3.281562882093247424e-03 9.966767892272354601e-03 -7.421455371691365599e-03 0.000000000000000000e+00
3.673343945168217051e-03 -1.083367069411367289e-03 1.339105498057047150e-03 3.815641544979264665e-03 1.095423685717022977e-02 -7.759429547192109311e-03 0.000000000000000000e+00
3.408124802826192901e-03 -9.738906614401576789e-04 1.209708642715134896e-03 3.755755075856015424e-03 1.024685480523235270e-02 -6.903891039140575003e-03 0.000000000000000000e+00
3.709503621851559241e-03 -1.026479093143684018e-03 1.281693343002932028e-03 4.314595041185143032e-03 1.123699309551673409e-02 -7.198708335969250527e-03 0.000000000000000000e+00
3.438966663125583856e-03 -9.211268500687319616e-04 1.156131866936083163e-03 4.202791292139629320e-03 1.048940766903871946e-02 -6.385050134279701695e-03 0.000000000000000000e+00
3.740170531795330988e-03 -9.691483285320656726e-04 1.223002241610537943e-03 4.783232901908185397e-03 1.147976359239732957e-02 -6.635630305670048301e-03 0.000000000000000000e+00
3.464701136342798748e-03 -8.678408638581602830e-04 1.101595842856017970e-03 4.619703536986818904e-03 1.069474330826825081e-02 -5.866380623810840689e-03 0.000000000000000000e+00
3.765325450348924741e-03 -9.111380130935597954e-04 1.163509555472286294e-03 5.217137333655585962e-03 1.168218014192490273e-02 -6.075223386345030008e-03 0.000000000000000000e+00
3.485463868717494917e-03 -8.144329416692186463e-04 1.046081350348226913e-03 5.004056237519982631e-03 1.086349122192542538e-02 -5.349173017310526745e-03 0.000000000000000000e+00
3.785181427569575541e-03 -8.535232783256629929e-04 1.102574303996572969e-03 5.615455922945322698e-03 1.184550770789893903e-02 -5.514740375855531340e-03 0.000000000000000000e+00
3.501383278760150652e-03 -7.612714113577889741e-04 9.894395581413473195e-04 5.353786974488627948e-03 1.099627717254980652e-02 -4.833886859948233194e-03 0.000000000000000000e+00
3.799873605106918184e-03 -7.960574177237056404e-04 1.040815813251660948e-03 5.974640757347771114e-03 1.197015417629554435e-02 -4.959102973364881706e-03 0.000000000000000000e+00
3.512625200545793636e-03 -7.087235429900085038e-04 9.316785966631546678e-04 5.667379004392181230e-03 1.109390207771498993e-02 -4.321346355818267426e-03 0.000000000000000000e+00
3.809562589213028039e-03 -7.397607595399646740e-04 9.773785948228308484e-04 6.294365005295787796e-03 1.205712625047405950e-02 -4.404154792462033896e-03 0.000000000000000000e+00
3.519350121089670491e-03 -6.571227038991156455e-04 8.726608724869966416e-04 5.943320673130969567e-03 1.115713294577247439e-02 -3.811517403883968313e-03 0.000000000000000000e+00
3.814518320188475808e-03 -6.843441285367402038e-04 9.129280366025893656e-04 6.572289522051910637e-03 1.210751757986283650e-02 -3.854562893203627993e-03 0.000000000000000000e+00
3.521758701955285398e-03 -6.067853603139439223e-04 8.123138703907684111e-04 6.180746632857392342e-03 1.118692995234926713e-02 -3.304519014722728798e-03 0.000000000000000000e+00
3.814816152359068457e-03 -6.307824606942014078e-04 8.466377503999478193e-04 6.808398832744977369e-03 1.212184074871069939e-02 -3.305753467762517772e-03 0.000000000000000000e+00
3.520033274136025181e-03 -5.580043698099057536e-04 7.505657101102847228e-04 6.378711215361931863e-03 1.118415047023146869e-02 -2.800260767378937032e-03 0.000000000000000000e+00
3.810853555437469786e-03 -5.787190745021320026e-04 7.791123482550066370e-04 7.001160838314923751e-03 1.210184039189599048e-02 -2.761899324047245585e-03 0.000000000000000000e+00
3.514384481963984952e-03 -5.110361011994024594e-04 6.872907885230317149e-04 6.536813532193264109e-03 1.114977351218193746e-02 -2.298334834049065023e-03 0.000000000000000000e+00
3.802614338036101882e-03 -5.290830311274197228e-04 7.095015214305666618e-04 7.150974401231913191e-03 1.204752778743456432e-02 -2.218084569434619624e-03 0.000000000000000000e+00
3.505003601606025004e-03 -4.661130017491466049e-04 6.223772989515374832e-04 6.654794994245705197e-03 1.108468265938666875e-02 -1.798296454260217558e-03 0.000000000000000000e+00
3.790599210138832081e-03 -4.814388014256487658e-04 6.384516359297931487e-04 7.256991830381309683e-03 1.196116883971765077e-02 -1.678418844121676301e-03 0.000000000000000000e+00
3.492095959690483947e-03 -4.234345940197781211e-04 5.557280045538348645e-04 6.732692460183820060e-03 1.098985681085595800e-02 -1.299721325118685655e-03 0.000000000000000000e+00
3.774688804928143238e-03 -4.366649787620469070e-04 5.650667476923554311e-04 7.319588024971679374e-03 1.184222719993677231e-02 -1.137693691562358111e-03 0.000000000000000000e+00
3.475849373282402857e-03 -3.831716110461180769e-04 4.872306770969392353e-04 6.770617240828613603e-03 1.086614594255985722e-02 -8.020452148753687283e-04 0.000000000000000000e+00
3.755468024557079981e-03 -3.942423274492234953e-04 4.900635689581989141e-04 7.339229364870192285e-03 1.169349811219211333e-02 -6.002288589734838808e-04 0.000000000000000000e+00
3.456453500886736557e-03 -3.454615021254991980e-04 4.167569406547944055e-04 6.768886791007844295e-03 1.071449852702066607e-02 -3.047333526757789457e-04 0.000000000000000000e+00
3.732696441700504922e-03 -3.549954507356956057e-04 4.124062254064475574e-04 7.316033504287666744e-03 1.151380379052868719e-02 -6.025580511215267165e-05 0.000000000000000000e+00
3.434074793551918255e-03 -3.104155311268730344e-04 3.442710890427247428e-04 6.728177728449580286e-03 1.053573019698195168e-02 1.924848994518946199e-04 0.000000000000000000e+00
3.707031362836425356e-03 -3.183195084449641499e-04 3.329177536615102184e-04 7.251278429326823982e-03 1.130644349111831204e-02 4.774799910700622263e-04 0.000000000000000000e+00
3.408871527138467375e-03 -2.781028328749934886e-04 2.696051770219587418e-04 6.649279132714625007e-03 1.033070433060467863e-02 6.902965025499252505e-04 0.000000000000000000e+00
3.678107994579660721e-03 -2.850029705449008688e-04 2.505603058436944863e-04 7.145286560128916165e-03 1.106969370025323585e-02 1.018559761291726318e-03 0.000000000000000000e+00
3.380971017654582633e-03 -2.485742399037649264e-04 1.926353981834827422e-04 6.533155865381168326e-03 1.010015646615114449e-02 1.189138040554649223e-03 0.000000000000000000e+00
3.646628692951705414e-03 -2.543410893484643331e-04 1.662097539671392177e-04 7.000022659151117210e-03 1.080724734512017449e-02 1.558085883242465997e-03 0.000000000000000000e+00
3.350501578552090437e-03 -2.218435691113129771e-04 1.133186348410974986e-04 6.381011874950548446e-03 9.844929496387599954e-03 1.689117397737582849e-03 0.000000000000000000e+00
3.612103315807954629e-03 -2.270917929864113560e-04 7.873040937383946059e-05 6.815924222537628197e-03 1.051683800016345316e-02 2.101721089239561024e-03 0.000000000000000000e+00
3.317556551859245084e-03 -1.979047165452385570e-04 3.157961340799486649e-05 6.194186902548803886e-03 9.565742514423547505e-03 2.190354634336699746e-03 0.000000000000000000e+00
3.575263234740250207e-03 -2.024550950587289400e-04 -1.093220850412190970e-05 6.595889443374858274e-03 1.020256051627033145e-02 2.644216015669442754e-03 0.000000000000000000e+00
3.282184259301827028e-03 -1.767158123803791447e-04 -5.264211458361200968e-05 5.974557905652044809e-03 9.263277373047884566e-03 2.692852896023723019e-03 0.000000000000000000e+00
3.535504766644624597e-03 -1.811678668046656782e-04 -1.038555459879630938e-04 6.340234032086833338e-03 9.861727222849836494e-03 3.190700130654811062e-03 0.000000000000000000e+00
3.244465203519009133e-03 -1.582146542399298639e-04 -1.394899582083386491e-04 5.723485649446580226e-03 8.938305697478554634e-03 3.196731261184471151e-03 0.000000000000000000e+00
3.493552601390344237e-03 -1.623426114546466792e-04 -1.990700216352170315e-04 6.052929918733962467e-03 9.498709968853269459e-03 3.735745360617048760e-03 0.000000000000000000e+00
3.204415727419446247e-03 -1.423156657751611931e-04 -2.288942246569392047e-04 5.443610295109646557e-03 8.591569504388552048e-03 3.701302431081465727e-03 0.000000000000000000e+00
3.448693758345916516e-03 -1.466922903384237920e-04 -2.976398533847124384e-04 5.734213097793094960e-03 9.110487672444822493e-03 4.284049680347568057e-03 0.000000000000000000e+00
3.162013759319334816e-03 -1.289041222161668721e-04 -3.210032061030099193e-04 5.136912465523391091e-03 8.223632800187896663e-03 4.206555078592355557e-03 0.000000000000000000e+00
3.401694471287630694e-03 -1.332475120193743479e-04 -3.985291397228807320e-04 5.388929693053157166e-03 8.701859394031341566e-03 4.829846322300657135e-03 0.000000000000000000e+00
3.117264166963742977e-03 -1.178526104138044595e-04 -4.156937181042930085e-04 4.805992121517554949e-03 7.835406098493979954e-03 4.711289726234024755e-03 0.000000000000000000e+00
3.351697636054522256e-03 -1.227040162020132108e-04 -5.028170469199566561e-04 5.017935845176069165e-03 8.269421873749571716e-03 5.377502199293893170e-03 0.000000000000000000e+00
3.070094421321070688e-03 -1.090045672146322531e-04 -5.130067152197548275e-04 4.453379633416076899e-03 7.427512554403215006e-03 5.214920714600612683e-03 0.000000000000000000e+00
3.299500494298820974e-03 -1.140221627547455263e-04 -6.094069290669690275e-04 4.626249810830707077e-03 7.818356671758674992e-03 5.920958004414611509e-03 0.000000000000000000e+00
3.020460228931820534e-03 -1.021836616234561568e-04 -6.128776790985668299e-04 4.082574578561093404e-03 7.000835464733956570e-03 5.716320543522002140e-03 0.000000000000000000e+00
3.244140311678272992e-03 -1.078740347651985232e-04 -7.192771996723523742e-04 4.214996075773580486e-03 7.345133797699521239e-03 6.463822636962213153e-03 0.000000000000000000e+00
2.968280850342619459e-03 -9.719514962980291273e-05 -7.153208535931598888e-04 3.696324573743137165e-03 6.556159173438658172e-03 6.214573893262187454e-03 0.000000000000000000e+00
3.186433716916500791e-03 -1.031585905147403004e-04 -8.312196416266903753e-04 3.790251016186907407e-03 6.855317805870786430e-03 6.999689560091226781e-03 0.000000000000000000e+00
2.913472178813228397e-03 -9.382748181513411723e-05 -8.201238315798664580e-04 3.297870912204903249e-03 6.094552874216674354e-03 6.707904806051434576e-03 0.000000000000000000e+00
3.125341125243458196e-03 -1.005167417025276677e-04 -9.463074755446387876e-04 3.353053609214562414e-03 6.345196372065764479e-03 7.532241220215674105e-03 0.000000000000000000e+00
2.855924169026052839e-03 -9.184524200323007648e-05 -9.272249931890907959e-04 2.891170967014300430e-03 5.616958841711205963e-03 7.195025221971462770e-03 0.000000000000000000e+00
3.061721521276081215e-03 -9.879453885597300200e-05 -1.063203510571208987e-03 2.909842909134319200e-03 5.820855125012069919e-03 8.054651799535683665e-03 0.000000000000000000e+00
2.795533281656312208e-03 -9.100181005561314151e-05 -1.036380875671927271e-03 2.479587175074904337e-03 5.124581017478924139e-03 7.674036003704642894e-03 0.000000000000000000e+00
2.994451736424194599e-03 -9.861011678924391788e-05 -1.182856020948475084e-03 2.462286007511416130e-03 5.278592481876565046e-03 8.570000119043186260e-03 0.000000000000000000e+00
2.732194967986698031e-03 -9.101363891067526524e-05 -1.147511349857022189e-03 2.066738341700791182e-03 4.618568343838003187e-03 8.143715580229304862e-03 0.000000000000000000e+00
2.924456743621101085e-03 -9.874845199631110404e-05 -1.303878857334295205e-03 2.016574255244485414e-03 4.724893634278970467e-03 9.071647118345183003e-03 0.000000000000000000e+00
2.665823231521868841e-03 -9.160154363402339683e-05 -1.260288398157505263e-03 1.656576426305900185e-03 4.100443547271570566e-03 8.601899415896951950e-03 0.000000000000000000e+00
2.850598267593623669e-03 -9.978645177094458418e-05 -1.427178774722037691e-03 1.574440784378072777e-03 4.156284474468030510e-03 9.562484204715282488e-03 0.000000000000000000e+00
2.596294381861458112e-03 -9.244351780884896286e-05 -1.374478731567096990e-03 1.252667474432644923e-03 3.571553755583600775e-03 9.047108371885492772e-03 0.000000000000000000e+00
2.773832157219130456e-03 -1.004943209432784812e-04 -1.551227631372775750e-03 1.142538070515008997e-03 3.579565017167496421e-03 1.003578965298057568e-02 0.000000000000000000e+00
2.523579516331836414e-03 -9.321582296356600850e-05 -1.489800447874944922e-03 8.587470002630048782e-04 3.033700932473237799e-03 9.477664657197681919e-03 0.000000000000000000e+00
2.693011078363075073e-03 -1.013672305110735472e-04 -1.676918639145430490e-03 7.218564928970216954e-04 2.991381154546335353e-03 1.049478599125963640e-02 0.000000000000000000e+00
2.447584178044123759e-03 -9.357601906107015921e-05 -1.605877769228880592e-03 4.782460370065244604e-04 2.488544326186836741e-03 9.891932841291861678e-03 0.000000000000000000e+00
2.609210737148828785e-03 -1.011647281137784127e-04 -1.802589364222728641e-03 3.190177762948387397e-04 2.399072246597189206e-03 1.093287289003219698e-02 0.000000000000000000e+00
2.368339718562900709e-03 -9.313583944253744917e-05 -1.722288132249782944e-03 1.146470760589046733e-04 1.938229927452628232e-03 1.028836521426734762e-02 0.000000000000000000e+00
2.521293132018903593e-03 -1.003126343673277354e-04 -1.929088686594304658e-03 -6.520413804356195442e-05 1.799472391401213400e-03 1.135353673174721578e-02 0.000000000000000000e+00
2.285803530392871430e-03 -9.153028251029926565e-05 -1.838698133052873995e-03 -2.291405010357294714e-04 1.384530209751044794e-03 1.066601159623159489e-02 0.000000000000000000e+00
2.430415178806821785e-03 -9.756886010758858419e-05 -2.054630292686210336e-03 -4.250790561135531220e-04 1.200093239352550967e-03 1.175070048215509644e-02 0.000000000000000000e+00
2.200049483074201229e-03 -8.835502459458854929e-05 -1.954534959897058499e-03 -5.501531400002868111e-04 8.298429208219992859e-04 1.102344424807499834e-02 0.000000000000000000e+00
2.335521064694007221e-03 -9.328910663725098473e-05 -2.180025745344038590e-03 -7.602481633406377171e-04 5.981232551794946062e-04 1.212821321848522871e-02 0.000000000000000000e+00
2.111197800868963581e-03 -8.315505485251284412e-05 -2.069424910921213723e-03 -8.460575196305164525e-04 2.762865687744309184e-04 1.136050093486451473e-02 0.000000000000000000e+00
2.237869156377247926e-03 -8.624187018912987668e-05 -2.303371342726734383e-03 -1.065674292962004444e-03 1.154570427708279112e-06 1.248065917696816740e-02 0.000000000000000000e+00
2.019314468687777309e-03 -7.555496628419700045e-05 -2.182780861232136438e-03 -1.115004584562484524e-03 -2.739953924311144817e-04 1.167640336946673685e-02 0.000000000000000000e+00
2.136553755668652022e-03 -7.666429494734838812e-05 -2.425392029638095970e-03 -1.341966540977956868e-03 -5.931832878576237533e-04 1.281231169998919839e-02 0.000000000000000000e+00
1.924665964747662716e-03 -6.506665671679456864e-05 -2.294027777759111153e-03 -1.354905211334411774e-03 -8.184410937484010162e-04 1.197102537228555974e-02 0.000000000000000000e+00
2.032859986604240721e-03 -6.342962722005740517e-05 -2.544229873610748260e-03 -1.585137150584614574e-03 -1.177827029523736968e-03 1.311886949002705194e-02 0.000000000000000000e+00
1.827479939143505927e-03 -5.126675120303847422e-05 -2.402568837122476264e-03 -1.564611209927679880e-03 -1.354794166626316354e-03 1.224441892577576851e-02 0.000000000000000000e+00
1.926047509905798316e-03 -4.663662583509475823e-05 -2.660437438622098583e-03 -1.796250325730941455e-03 -1.754754413578307748e-03 1.340489743021144875e-02 0.000000000000000000e+00
1.728054817887375583e-03 -3.370008888059494723e-05 -2.507820683875117140e-03 -1.743398757926950537e-03 -1.880857334501051525e-03 1.249711901123395918e-02 0.000000000000000000e+00
1.817595555725026735e-03 -2.522192255111077586e-05 -2.772134456036634553e-03 -1.972808678745163746e-03 -2.316967934218538971e-03 1.366676793097143516e-02 0.000000000000000000e+00
1.626789957821644927e-03 -1.190892065394688615e-05 -2.609143345572051409e-03 -1.890903191017923035e-03 -2.394386955561600416e-03 1.272981260891281607e-02 0.000000000000000000e+00
1.706771225537057068e-03 7.301762940392642065e-07 -2.879776109141252149e-03 -2.116000740586265749e-03 -2.866735611126713934e-03 1.390931275088602703e-02 0.000000000000000000e+00
1.524124312083457999e-03 1.456429378143830888e-05 -2.705868370540098766e-03 -2.007229131002041811e-03 -2.893233818629603604e-03 1.294333426588822888e-02 0.000000000000000000e+00
1.595259232139489836e-03 3.222574071110040350e-05 -2.981525385486738511e-03 -2.224657628692394695e-03 -3.397399058485461865e-03 1.412972899891329348e-02 0.000000000000000000e+00
1.420537349867329047e-03 4.613521079260829438e-05 -2.797338433422558168e-03 -2.092636308989259675e-03 -3.375593945314392386e-03 1.313882494634244225e-02 0.000000000000000000e+00
1.482507177040348623e-03 6.927132777240219141e-05 -3.077752262139354933e-03 -2.300849882433730897e-03 -3.911258125556482668e-03 1.433307125174376750e-02 0.000000000000000000e+00
1.316625582133190697e-03 8.324750988253359907e-05 -2.882891207735049921e-03 -2.147767188263038918e-03 -3.839630610270372557e-03 1.331743650496752807e-02 0.000000000000000000e+00
1.370230744541539591e-03 1.126918422698630629e-04 -3.166689546530487842e-03 -2.344350330598654608e-03 -4.402547111681087699e-03 1.451698069146445391e-02 0.000000000000000000e+00
1.212946366088735184e-03 1.262466758734093197e-04 -2.961827088131918639e-03 -2.173387029849038754e-03 -4.283950357466537184e-03 1.348028169439841051e-02 0.000000000000000000e+00
1.258086038657291184e-03 1.625853266568610955e-04 -3.248583701880608521e-03 -2.357318545098241458e-03 -4.873520114907492484e-03 1.468627159386315384e-02 0.000000000000000000e+00
1.110224756655148193e-03 1.755593238869646022e-04 -3.033472757136584930e-03 -2.171416006733650761e-03 -4.707223256745329820e-03 1.362869456705739779e-02 0.000000000000000000e+00
1.147848374713406061e-03 2.195751511269716794e-04 -3.321795759096912715e-03 -2.340297129074464522e-03 -5.319449447613422421e-03 1.483889134131466392e-02 0.000000000000000000e+00
1.009146122673193480e-03 2.314622544916100644e-04 -3.097191105564334190e-03 -2.142803875185173013e-03 -5.108545688755405934e-03 1.376373555281595884e-02 0.000000000000000000e+00
1.039314862146506480e-03 2.838397472813003475e-04 -3.386451938177770238e-03 -2.295906236872813366e-03 -5.742874125793218099e-03 1.497925870531657822e-02 0.000000000000000000e+00
9.104903644429895859e-04 2.942968122277012100e-04 -3.152356087504748494e-03 -2.089484667309626786e-03 -5.487356210226224107e-03 1.388660394558671740e-02 0.000000000000000000e+00
9.342443557027180212e-04 3.557299814420100681e-04 -3.441124104331838574e-03 -2.225039980420451258e-03 -6.140231838307474987e-03 1.510522855254281538e-02 0.000000000000000000e+00
8.150064497065290237e-04 3.642778522330303304e-04 -3.198279335834219861e-03 -2.013003001891888744e-03 -5.843322560018293643e-03 1.399787767390892057e-02 0.000000000000000000e+00
8.326696023774615707e-04 4.355418462835825011e-04 -3.485826218492721340e-03 -2.130517942845688850e-03 -6.514169069213426866e-03 1.522055665472299424e-02 0.000000000000000000e+00
7.235067209609702399e-04 4.416279933808220370e-04 -3.234442195423375965e-03 -1.915381846861574644e-03 -6.176665719032303770e-03 1.409832395574861508e-02 0.000000000000000000e+00
7.361927924433298021e-04 5.233345630378249957e-04 -3.519330252373192858e-03 -2.013881123590799405e-03 -6.862642650307115844e-03 1.532291607336455641e-02 0.000000000000000000e+00
6.367515851332106180e-04 5.264635868910683136e-04 -3.260266832584485241e-03 -1.798253636663194044e-03 -6.487911261418233266e-03 1.418811334896430409e-02 0.000000000000000000e+00
6.450211555762142002e-04 6.194822026842627949e-04 -3.541568085729224213e-03 -1.877446366593371607e-03 -7.188573698860167838e-03 1.541508360283483370e-02 0.000000000000000000e+00
5.555870315870070630e-04 6.189501440351241612e-04 -3.275202429846829633e-03 -1.663708340540193120e-03 -6.777890951907394879e-03 1.426721383605222826e-02 0.000000000000000000e+00
5.605242419325084935e-04 7.237019419694679101e-04 -3.551607507603776748e-03 -1.722922130353410353e-03 -7.491383077002033986e-03 1.549425510946944584e-02 0.000000000000000000e+00
4.807445677732780087e-04 7.191172785774302412e-04 -3.278837532000783428e-03 -1.513550560188203775e-03 -7.048077744784553289e-03 1.433528895104041467e-02 0.000000000000000000e+00
4.830349462480454381e-04 8.365207963695886484e-04 -3.549274807462782233e-03 -1.552652826420697352e-03 -7.774456409697982906e-03 1.556223755648922236e-02 0.000000000000000000e+00
4.129208381567495145e-04 8.269747497269275271e-04 -3.270671918788825572e-03 -1.349692114227085682e-03 -7.300177662680429336e-03 1.439132977651125245e-02 0.000000000000000000e+00
4.136902134891373706e-04 9.573483194588172651e-04 -3.533902693066526268e-03 -1.368192377181554065e-03 -8.038425273010574301e-03 1.561553446660557398e-02 0.000000000000000000e+00
3.527384053917392848e-04 9.424874656684401053e-04 -3.250413767284937583e-03 -1.173683156489246926e-03 -7.536552377219063459e-03 1.443426774861755746e-02 0.000000000000000000e+00
3.528546141474131481e-04 1.086829068653594188e-03 -3.505282502117956778e-03 -1.171733479425896007e-03 -8.287242913407766309e-03 1.565477274381033013e-02 0.000000000000000000e+00
3.007714306947351091e-04 1.065619216622570864e-03 -3.217754279545431695e-03 -9.871054051400207641e-04 -7.759863718083348516e-03 1.446244281844766277e-02 0.000000000000000000e+00
3.012198747149308353e-04 1.224069163580254749e-03 -3.463030555973328761e-03 -9.648273351312575130e-04 -8.522954363813894929e-03 1.567583828877561203e-02 0.000000000000000000e+00
2.574823378886370584e-04 1.196267924249427850e-03 -3.172414940312007214e-03 -7.918725628970335606e-04 -7.973055015679353374e-03 1.447361538703129114e-02 0.000000000000000000e+00
2.591678014879361669e-04 1.369911055911110509e-03 -3.406926499210205517e-03 -7.490545341690690861e-04 -8.750022420859426830e-03 1.567813821096164517e-02 0.000000000000000000e+00
2.232025964205297530e-04 1.334359838794763053e-03 -3.114190313179221459e-03 -5.891394785075831919e-04 -8.179573542587359469e-03 1.446518195743706769e-02 0.000000000000000000e+00
2.268885514898066891e-04 1.523180150509895192e-03 -3.336946065715218346e-03 -5.258624136441625296e-04 -8.971687891498270062e-03 1.565696522179882422e-02 0.000000000000000000e+00
1.980328145742282775e-04 1.479767888306005030e-03 -3.043030485283593212e-03 -3.802438689923803850e-04 -8.383404838325336783e-03 1.443428939331559135e-02 0.000000000000000000e+00
2.047213544244808059e-04 1.685003527591655281e-03 -3.252713009453456205e-03 -2.967861108404967752e-04 -9.192735764560033829e-03 1.561019793850348947e-02 0.000000000000000000e+00
1.820499603581993142e-04 1.632445044063235429e-03 -2.958860263607115959e-03 -1.664660245914717507e-04 -8.588499148171280240e-03 1.437728812181626736e-02 0.000000000000000000e+00
1.921634614181488843e-04 1.853913697669240523e-03 -3.154596572505774521e-03 -6.274169901931969662e-05 -9.417262902571721384e-03 1.553244694909938772e-02 0.000000000000000000e+00
1.750346747380338019e-04 1.792311404250512830e-03 -2.861700021389329551e-03 5.118615189170228064e-05 -8.799228006547643588e-03 1.429026892162976736e-02 0.000000000000000000e+00
1.894159631447844827e-04 2.031415692469396017e-03 -3.042164306081840408e-03 1.745035131479610868e-04 -9.650609735043502724e-03 1.542035785789064306e-02 0.000000000000000000e+00
1.765507040439873165e-04 1.959350819261296284e-03 -2.751627713113213858e-03 2.719160314366142472e-04 -9.020116015268975218e-03 1.416868379926183863e-02 0.000000000000000000e+00
1.952509284864900607e-04 2.215827856525853790e-03 -2.916173498549168297e-03 4.147928737117112519e-04 -9.897194351926152933e-03 1.526788116599142597e-02 0.000000000000000000e+00
1.859633228993573528e-04 2.133614549509332825e-03 -2.628808215200700849e-03 4.941638663655822938e-04 -9.255781460649981085e-03 1.400771813551404676e-02 0.000000000000000000e+00
2.096127631687760839e-04 2.409032376587350033e-03 -2.776080409674475113e-03 6.563039926010816316e-04 -1.016227112514966890e-02 1.506973930727673050e-02 0.000000000000000000e+00
2.023526619444604435e-04 2.315215270683179671e-03 -2.493473665625273172e-03 7.173340566808406038e-04 -9.510797298136530742e-03 1.380178252912278580e-02 0.000000000000000000e+00
2.303693561213349117e-04 2.609223601246407620e-03 -2.623040874866353067e-03 8.981914365344678686e-04 -1.045059221751376555e-02 1.481984662550361875e-02 0.000000000000000000e+00
0.000000000000000000e+00 0.000000000000000000e+00 0.000000000000000000e+00 0.000000000000000000e+00 0.000000000000000000e+00 0.000000000000000000e+00 0.000000000000000000e+00
