-2.105691568137098568e-01 -1.471695632004092757e-01 1.018153614750596098e-01 2.352785457639557265e+00 -1.403592868635117341e-02 3.132767169259337514e+00 -7.852198647624675232e-01 6.975094532090347910e-01 -1.322219533807977854e-02 -4.823208398053174459e-03 8.703502058518313156e-01 -8.974485518582683017e-05 0.000000000000000000e+00
-2.124364556891546463e-01 -1.486470199328432384e-01 1.036273891079192017e-01 2.350237194429524390e+00 -2.474112822680307744e-02 3.125983349115571741e+00 -7.851977605254197856e-01 6.967088404063297435e-01 -2.280065367271344456e-02 -8.470027282253244846e-03 8.683762042728373487e-01 -1.837317339261046434e-04 0.000000000000000000e+00
-2.141217075962941196e-01 -1.499503360463501633e-01 1.053286612555174723e-01 2.347927767603358973e+00 -3.460180055091655049e-02 3.119696397241782382e+00 -7.852542861195567214e-01 6.957179447437384923e-01 -3.123302063223110103e-02 -1.180540924261726243e-02 8.664000721649713910e-01 -2.785806615265586355e-04 0.000000000000000000e+00
-2.159052723649851069e-01 -1.513001657822139190e-01 1.072019481130110641e-01 2.345466484525712492e+00 -4.526214322144328506e-02 3.112859234400321196e+00 -7.853860460144883593e-01 6.943765770816927585e-01 -3.993410054573809376e-02 -1.538619681609422994e-02 8.640967707171891554e-01 -3.804801228100407177e-04 0.000000000000000000e+00
-2.175124114060456582e-01 -1.524920953837053395e-01 1.089583616668934885e-01 2.343226739785553292e+00 -5.508242028528620438e-02 3.106524228189034620e+00 -7.855615483303245439e-01 6.928969913590721230e-01 -4.757604129372050572e-02 -1.866249457110996657e-02 8.618256935185968359e-01 -4.654550198158996619e-04 0.000000000000000000e+00
-2.192103551677822837e-01 -1.537281304999809084e-01 1.108898808133059882e-01 2.340829875385460834e+00 -6.569950741299113162e-02 3.099635275963667169e+00 -7.857981701931782137e-01 6.910375057069514382e-01 -5.544168757326950470e-02 -2.218121696732317655e-02 8.592124666989565673e-01 -5.387452650297453079e-04 0.000000000000000000e+00
-2.207370815021603705e-01 -1.548208721930355580e-01 1.126986845012646760e-01 2.338640407145773814e+00 -7.547961731103924876e-02 3.093251667989037390e+00 -7.860493062839726264e-01 6.890872062616592020e-01 -6.232689109750588763e-02 -2.540161330658247119e-02 8.566622236390966094e-01 -5.810821792623182235e-04 0.000000000000000000e+00
-2.223462590166011832e-01 -1.559557697950314237e-01 1.146854511689199829e-01 2.336288270326367655e+00 -8.605200445693572675e-02 3.086308635669277045e+00 -7.863453832181622749e-01 6.867261142182221612e-01 -6.938826272785103555e-02 -2.886123433254193793e-02 8.537543180448390334e-01 -5.909540154797942929e-04 0.000000000000000000e+00
-2.237898259961045577e-01 -1.569614101288656360e-01 1.165438759791283807e-01 2.334130416376749562e+00 -9.578966093345941957e-02 3.079872932079025905e+00 -7.866308740870187055e-01 6.843233437037253841e-01 -7.555001854196730093e-02 -3.202870034513590619e-02 8.509406883531703825e-01 -5.596673342321926157e-04 0.000000000000000000e+00
-2.253075145981339733e-01 -1.580085699944598909e-01 1.185828886273107702e-01 2.331802374048348003e+00 -1.063140517580016819e-01 3.072870442467528829e+00 -7.869427968296941467e-01 6.814834152962921943e-01 -8.184772872973233859e-02 -3.543267586847493461e-02 8.477566795328989047e-01 -4.740979723375006471e-04 0.000000000000000000e+00
-2.266648989642166823e-01 -1.589388900720885844e-01 1.204881444418390846e-01 2.329658366442505457e+00 -1.160046928411562206e-01 3.066376328890321634e+00 -7.872238269037248326e-01 6.786464163660580473e-01 -8.731852739902756788e-02 -3.854996418106152595e-02 8.446951095437438273e-01 -3.401420423131065068e-04 0.000000000000000000e+00
-2.280872984024850392e-01 -1.599106348827340207e-01 1.225764223931692515e-01 2.327336197788862471e+00 -1.264748257482644078e-01 3.059305770190591023e+00 -7.875105161950718413e-01 6.753445626675506075e-01 -9.288306933869350246e-02 -4.190082836600488025e-02 8.412499777785901189e-01 -1.279169066653074204e-04 0.000000000000000000e+00
-2.293553218535034355e-01 -1.607772417636826046e-01 1.245257586746984363e-01 2.325188722112490503e+00 -1.361120059633167401e-01 3.052743985664395865e+00 -7.877502006931790257e-01 6.720917777121278025e-01 -9.769540142846677711e-02 -4.497049602934949375e-02 8.379557140891893408e-01 1.360368578462477825e-04 0.000000000000000000e+00
-2.306793522386730855e-01 -1.616861719770441852e-01 1.266602574698995898e-01 2.322853403644503878e+00 -1.465198486220256058e-01 3.045594394806802718e+00 -7.879733070135003237e-01 6.683508353288935000e-01 -1.025659235880582720e-01 -4.827121788439370231e-02 8.342675022955385877e-01 5.026484766282224206e-04 0.000000000000000000e+00
-2.318547102675829474e-01 -1.625002076645327698e-01 1.286508517454971467e-01 2.320685872546000006e+00 -1.560947360518181171e-01 3.038953635328567326e+00 -7.881370914205402256e-01 6.647007067388308599e-01 -1.067513475572265946e-01 -5.129560348682855875e-02 8.307557249241055430e-01 9.220731691914688111e-04 0.000000000000000000e+00
-2.330763792150805924e-01 -1.633580279595321649e-01 1.308285553147465197e-01 2.318320358589696095e+00 -1.664296593242662325e-01 3.031711027485646248e+00 -7.882597965677656804e-01 6.605381193760098135e-01 -1.109579436570611310e-01 -5.454831354084568179e-02 8.268391470669805843e-01 1.470800802026901461e-03 0.000000000000000000e+00
-2.341557915240159438e-01 -1.641303017237530359e-01 1.328575881147298632e-01 2.316116633622728127e+00 -1.759317470630912261e-01 3.024977491616829717e+00 -7.883151237394121491e-01 6.565092892789379242e-01 -1.145478848064880317e-01 -5.752956841718886993e-02 8.231246365575652923e-01 2.069514004961965897e-03 0.000000000000000000e+00
-2.352719436775329576e-01 -1.649485579969280635e-01 1.350753295112411267e-01 2.313703083528226845e+00 -1.861811963081270171e-01 3.017626545079143074e+00 -7.883039384628337531e-01 6.519478269638501189e-01 -1.181278391018272256e-01 -6.073677170607926640e-02 8.189971363421059136e-01 2.824001455757813028e-03 0.000000000000000000e+00
-2.362521731373421752e-01 -1.656893559367945135e-01 1.371399583729759897e-01 2.311447596235771229e+00 -1.955980285102900673e-01 3.010784619043571642e+00 -7.882204483626598090e-01 6.475588709083723860e-01 -1.211530569421026549e-01 -6.367684329287789935e-02 8.150945400807038110e-01 3.624049116954217425e-03 0.000000000000000000e+00
-2.372589224773833105e-01 -1.664788909107208781e-01 1.393947114712734414e-01 2.308969937730221300e+00 -2.057474531459360101e-01 3.003306909422957638e+00 -7.880426823598969399e-01 6.426163102412942862e-01 -1.241360636791002392e-01 -6.684027919372852178e-02 8.107705651558239079e-01 4.608652801395812966e-03 0.000000000000000000e+00
-2.381367862065228158e-01 -1.671980347326019190e-01 1.414919969823054124e-01 2.306647457441078686e+00 -2.150645496081997621e-01 2.996339462731407277e+00 -7.877918125852114706e-01 6.378861366711500169e-01 -1.266269182466515097e-01 -6.974093183520478634e-02 8.066943973703759596e-01 5.630486905713199403e-03 0.000000000000000000e+00
-2.390312237613980706e-01 -1.679691575163505535e-01 1.437805569809972872e-01 2.304089030438818853e+00 -2.250976710689687188e-01 2.988716028611274389e+00 -7.874187702955186552e-01 6.325850479423200667e-01 -1.290487969419698011e-01 -7.286267262023884972e-02 8.021906590719156682e-01 6.864967140992308571e-03 0.000000000000000000e+00
-2.398037149687835268e-01 -1.686758656947641155e-01 1.459076121680041305e-01 2.301684947682388849e+00 -2.342990726687719238e-01 2.981604366214842372e+00 -7.869741555515299414e-01 6.275322989851399580e-01 -1.310351156410052287e-01 -7.572548756828996475e-02 7.979551676742535626e-01 8.127352831217054402e-03 0.000000000000000000e+00
-2.405821807763846021e-01 -1.694383019352347364e-01 1.482268160446261196e-01 2.299030664286818570e+00 -2.441972408558537033e-01 2.973813955370010476e+00 -7.863770748351340822e-01 6.218909248480251062e-01 -1.329247615924711301e-01 -7.880688978518775312e-02 7.932859139140450155e-01 9.632805546222523302e-03 0.000000000000000000e+00
-2.412464189995842112e-01 -1.701412190125413948e-01 1.503806663503281515e-01 2.296530838296338306e+00 -2.532651228006068678e-01 2.966538415965637832e+00 -7.857141474607861609e-01 6.165344423685215069e-01 -1.344358391949820319e-01 -8.163326936057521688e-02 7.889051470789192333e-01 1.115297534714258104e-02 0.000000000000000000e+00
-2.419063925423562966e-01 -1.709039147937404524e-01 1.527272705312868739e-01 2.293765242657494596e+00 -2.630085797720678187e-01 2.958559711276224746e+00 -7.848687935517677516e-01 6.105752865343330171e-01 -1.358278734967663937e-01 -8.467599748501798695e-02 7.840864899815569444e-01 1.294547937695576280e-02 0.000000000000000000e+00
-2.424596967281495985e-01 -1.716110281076689281e-01 1.549049156368035862e-01 2.291156203039328432e+00 -2.719235346673585241e-01 2.951099872503189836e+00 -7.839649832568220678e-01 6.049339123972180543e-01 -1.368924721425255342e-01 -8.746715675498915876e-02 7.795742295676084677e-01 1.473906219506988455e-02 0.000000000000000000e+00
-2.429978517886889067e-01 -1.723824392004423556e-01 1.572756709247249141e-01 2.288265373267813096e+00 -2.814899156414432113e-01 2.942909948281656973e+00 -7.828463224409344390e-01 5.986754172565046384e-01 -1.378148579860745127e-01 -9.047221779476413706e-02 7.746200841497885570e-01 1.683656995021089522e-02 0.000000000000000000e+00
-2.434377236115917442e-01 -1.731011087993557518e-01 1.594740863114074703e-01 2.285534299899950383e+00 -2.902309108617959765e-01 2.935244962448856576e+00 -7.816807899898612355e-01 5.927680599055180632e-01 -1.384613403406913523e-01 -9.322921370137664254e-02 7.699899788576041182e-01 1.891772527208043786e-02 0.000000000000000000e+00
-2.438520304758596824e-01 -1.738886233896707323e-01 1.618657658386655762e-01 2.282504602323716547e+00 -2.995973258857196342e-01 2.926821584762883788e+00 -7.802690482960101814e-01 5.862323962743546391e-01 -1.389473672396308590e-01 -9.619788098037999891e-02 7.649158580326761436e-01 2.133282955137560596e-02 0.000000000000000000e+00
-2.441762182723762331e-01 -1.746254825867041560e-01 1.640819478649320762e-01 2.279639669156448889e+00 -3.081420016223010983e-01 2.918930454857266987e+00 -7.788229518240971094e-01 5.800778309951815093e-01 -1.392035633364963054e-01 -9.892159569574490718e-02 7.601812236677059076e-01 2.371419698920543967e-02 0.000000000000000000e+00
-2.444637445015526156e-01 -1.754361789094878998e-01 1.664911889731182926e-01 2.276458918078351878e+00 -3.172824600726453781e-01 2.910250687354818844e+00 -7.770966242264805146e-01 5.732838407382803148e-01 -1.392803955339452227e-01 -1.018545266818707690e-01 7.550007761362566017e-01 2.646182605892142409e-02 0.000000000000000000e+00
-2.446701598345280559e-01 -1.761972263479680556e-01 1.687220955582873771e-01 2.273449120429445358e+00 -3.256068042604587376e-01 2.902112825874636037e+00 -7.753525866076148576e-01 5.669009759746602706e-01 -1.391737359322873235e-01 -1.045457008976662661e-01 7.501748619249239969e-01 2.915463770266841018e-02 0.000000000000000000e+00
-2.448293400288830690e-01 -1.770368600940481763e-01 1.711456267678939103e-01 2.270106079270413524e+00 -3.344953462270252587e-01 2.893155333867676759e+00 -7.732959604558012900e-01 5.598704970129601000e-01 -1.388729318871630980e-01 -1.074438110525393619e-01 7.449028016519758655e-01 3.224409806245828042e-02 0.000000000000000000e+00
-2.449161358130387267e-01 -1.778272789183626135e-01 1.733881964222241667e-01 2.266941986784227758e+00 -3.425739606096858125e-01 2.884751116101614166e+00 -7.712386019346877397e-01 5.532780747610642758e-01 -1.384300481978828490e-01 -1.101030190128754888e-01 7.399985905045950441e-01 3.525814727091226841e-02 0.000000000000000000e+00
-2.449445676304631003e-01 -1.787014538772996319e-01 1.758227358592770462e-01 2.263427320480461802e+00 -3.511817643821055768e-01 2.875494351855527153e+00 -7.688338340493733325e-01 5.460301154068455398e-01 -1.377785058371949756e-01 -1.129666329092536420e-01 7.346483664536530567e-01 3.870145643519500023e-02 0.000000000000000000e+00
-2.449101052601771189e-01 -1.795257475274975867e-01 1.780739022182451781e-01 2.260100953682821157e+00 -3.589879285964414635e-01 2.866805293413143385e+00 -7.664493061883437264e-01 5.392469442418728054e-01 -1.370256301970294022e-01 -1.155942824106723638e-01 7.296785749644288943e-01 4.204519666422239232e-02 0.000000000000000000e+00
-2.448066699373402932e-01 -1.804385874895497732e-01 1.805161637160327404e-01 2.256406774393081349e+00 -3.672861923940220485e-01 2.857230821322013448e+00 -7.636843457655962952e-01 5.318030428104514318e-01 -1.360533100830416675e-01 -1.184239909374224381e-01 7.242643018892706008e-01 4.584857769145145312e-02 0.000000000000000000e+00
-2.446495772653648482e-01 -1.813005244643671188e-01 1.827729541539433455e-01 2.252912032730142400e+00 -3.747922548665130194e-01 2.848239991089235978e+00 -7.609605311816903805e-01 5.248477981495460742e-01 -1.350164083126192960e-01 -1.210203649407895210e-01 7.192414469153266543e-01 4.952909544626538096e-02 0.000000000000000000e+00
-2.444123116157466136e-01 -1.822560614956600378e-01 1.852195838049924548e-01 2.249033143219635988e+00 -3.827492039492401688e-01 2.838330250503028562e+00 -7.578209305725960299e-01 5.172270961112570564e-01 -1.337490099498503948e-01 -1.238161764202899279e-01 7.137761743052932761e-01 5.370178201528276463e-02 0.000000000000000000e+00
-2.441313778615360197e-01 -1.831586667358243437e-01 1.874789504958948583e-01 2.245366137366906045e+00 -3.899261297159117845e-01 2.829023221583074399e+00 -7.547471766214537414e-01 5.101184200820494397e-01 -1.324531157634178946e-01 -1.263814164060383105e-01 7.087125063876438258e-01 5.772489879957857367e-02 0.000000000000000000e+00
-2.437597003836760035e-01 -1.841593939827617377e-01 1.899268097230820129e-01 2.241299545448487862e+00 -3.975110473778187270e-01 2.818764495858685937e+00 -7.512245468685787575e-01 5.023420562780452903e-01 -1.309195344496958402e-01 -1.291436054767764463e-01 7.032098163642948041e-01 6.227020737817928059e-02 0.000000000000000000e+00
-2.433539968084073024e-01 -1.851049443934784378e-01 1.921857890055780893e-01 2.237459124424798773e+00 -4.043291193948892470e-01 2.809129521092402548e+00 -7.477919319605483839e-01 4.950985244291387644e-01 -1.293894152453907154e-01 -1.316777031225277450e-01 6.981173863068725893e-01 6.664046721056691991e-02 0.000000000000000000e+00
-2.428464260237813144e-01 -1.861533802341130972e-01 1.946315960803603473e-01 2.233205191703874881e+00 -4.115082192585282073e-01 2.798510130753481207e+00 -7.438750212082870794e-01 4.871856736192680670e-01 -1.276145515369073724e-01 -1.344059951460162272e-01 6.925899288853858415e-01 7.156497247769208481e-02 0.000000000000000000e+00
-2.423151986210835829e-01 -1.871434854966854688e-01 1.968872516354613633e-01 2.229192991651832934e+00 -4.179368542542869491e-01 2.788538771868674715e+00 -7.400758887552345566e-01 4.798257949202387462e-01 -1.258744420806496844e-01 -1.369088089713374756e-01 6.874806543340689080e-01 7.628569182596654785e-02 0.000000000000000000e+00
-2.416716457923095418e-01 -1.882404870981636835e-01 1.993279109411853767e-01 2.224755339262184606e+00 -4.246779910462570307e-01 2.777552338392778708e+00 -7.357597701555704806e-01 4.717971964714904876e-01 -1.238854602205239352e-01 -1.396031956251978789e-01 6.819412126876768232e-01 8.159000963761824099e-02 0.000000000000000000e+00
-2.410144130786347483e-01 -1.892759847117354288e-01 2.015773632860118902e-01 2.220576634742235989e+00 -4.306862965061135640e-01 2.767240052832017572e+00 -7.315881946240702094e-01 4.643392801548325566e-01 -1.219589294879606101e-01 -1.420744676363585035e-01 6.768266783932068709e-01 8.666333151421919123e-02 0.000000000000000000e+00
-2.402338787512097451e-01 -1.904226124031401790e-01 2.040097186775450822e-01 2.215962897686583055e+00 -4.369545168935187185e-01 2.755883186313172750e+00 -7.268646123776238976e-01 4.562141088270552647e-01 -1.197800642421125161e-01 -1.447343829988592401e-01 6.712877693790328948e-01 9.235148574035696722e-02 0.000000000000000000e+00
-2.394503472757141538e-01 -1.915037106420770241e-01 2.062501206977200019e-01 2.211626524399008531e+00 -4.425112604901073610e-01 2.745229760639887662e+00 -7.223158666567414121e-01 4.486764308357495401e-01 -1.176901485766728150e-01 -1.471737386888309351e-01 6.661793603550700826e-01 9.777839218593636916e-02 0.000000000000000000e+00
-2.385332388695711181e-01 -1.926993220077074798e-01 2.086712260326519242e-01 2.206848429781001819e+00 -4.482742059944695434e-01 2.733505408723495123e+00 -7.171830231297771086e-01 4.404749266532278495e-01 -1.153470994496210711e-01 -1.497989164438629228e-01 6.606531013560739130e-01 1.038484936466619463e-01 0.000000000000000000e+00
-2.376233936914599609e-01 -1.938255268523826902e-01 2.108998122054019098e-01 2.202367537030527345e+00 -4.533484322463863236e-01 2.722515432702995675e+00 -7.122539780052311587e-01 4.328755964826867531e-01 -1.131163025625161467e-01 -1.522058315028060882e-01 6.555619363001694566e-01 1.096288515031653005e-01 0.000000000000000000e+00
-2.365692298027050333e-01 -1.950697695415334609e-01 2.133066161760404644e-01 2.197441650926482914e+00 -4.585713472705812421e-01 2.710430596598281117e+00 -7.067066134545961775e-01 4.246168676262420116e-01 -1.106322390557445967e-01 -1.547954727020423304e-01 6.500603115412565414e-01 1.160825230622679338e-01 0.000000000000000000e+00
-2.355332729221850108e-01 -1.962400272606804885e-01 2.155207440670596775e-01 2.192833522509723743e+00 -4.631326084422928702e-01 2.699113622677480784e+00 -7.013952715555693551e-01 4.169738949033372499e-01 -1.082827983420766582e-01 -1.571693312739548820e-01 6.449973759929068517e-01 1.222151172624479087e-01 0.000000000000000000e+00
-2.343429745309161538e-01 -1.975308868785603800e-01 2.179104890022212637e-01 2.187781039155957785e+00 -4.677843377410972892e-01 2.686682438604668377e+00 -6.954345178247268722e-01 4.086776820545496847e-01 -1.056820883795599464e-01 -1.597229032851773811e-01 6.395320368038462933e-01 1.290481228293187121e-01 0.000000000000000000e+00
-2.331813547075191062e-01 -1.987435102036232137e-01 2.201075514057645732e-01 2.183067603918924959e+00 -4.718031056496538866e-01 2.675053570671896974e+00 -6.897402799399738882e-01 4.010088433795575003e-01 -1.032353091280495683e-01 -1.620630229350299989e-01 6.345078502493572969e-01 1.355307146533839269e-01 0.000000000000000000e+00
-2.318549755735529738e-01 -2.000793641950716906e-01 2.224773485415564300e-01 2.177915071926991963e+00 -4.758507115367223150e-01 2.662294914074332830e+00 -6.833636736049153448e-01 3.926941215611938762e-01 -1.005401901048892377e-01 -1.645794604938026762e-01 6.290904479599180865e-01 1.427424050825072122e-01 0.000000000000000000e+00
-2.305683888227854084e-01 -2.013321036593062330e-01 2.246548191755030066e-01 2.173123064486247813e+00 -4.792986517203963182e-01 2.650375074972128875e+00 -6.772872055247088907e-01 3.850170936658497411e-01 -9.801697813009391247e-02 -1.668849756942410723e-01 6.241155964646227794e-01 1.495717155133655107e-01 0.000000000000000000e+00
-2.291073944706888132e-01 -2.027097431700010943e-01 2.270021515037767557e-01 2.167901533943174641e+00 -4.827141718667431469e-01 2.637314870647109011e+00 -6.704986081690151867e-01 3.767029710587312952e-01 -9.525035323166508583e-02 -1.693635630760210176e-01 6.187569168772198980e-01 1.571557158628818507e-01 0.000000000000000000e+00
-2.276967825486733710e-01 -2.039998635318768794e-01 2.291576185869602655e-01 2.163062100295633172e+00 -4.855648544779573861e-01 2.625130394354381114e+00 -6.640417075270907965e-01 3.690351643586615715e-01 -9.267094855786872643e-02 -1.716335750101773139e-01 6.138415204532605696e-01 1.643275420994379787e-01 0.000000000000000000e+00
-2.261017949315056175e-01 -2.054165836499158571e-01 2.314797855890617095e-01 2.157808104490028356e+00 -4.883190772110204136e-01 2.611799857258481516e+00 -6.568412523088162924e-01 3.607405494065280549e-01 -8.985425623094656089e-02 -1.740730305686898904e-01 6.085529485815540651e-01 1.722810394054460070e-01 0.000000000000000000e+00
-2.245683972864457312e-01 -2.067408501001100907e-01 2.336109330849598653e-01 2.152957017814005169e+00 -4.905483254264417781e-01 2.599382753739196694e+00 -6.500070483194548832e-01 3.530992744488181678e-01 -8.723849940827066440e-02 -1.763064906168848311e-01 6.037070606620458246e-01 1.797902049283311432e-01 0.000000000000000000e+00
-2.228414077263876636e-01 -2.081924194850377774e-01 2.359056196911631098e-01 2.147711008178394110e+00 -4.926181814375270029e-01 2.585819656547904355e+00 -6.424010602461885933e-01 3.448425429631910011e-01 -8.439291178352092970e-02 -1.787059155352621609e-01 5.984987165181778757e-01 1.881048934571811493e-01 0.000000000000000000e+00
-2.211866959430774937e-01 -2.095472294561495918e-01 2.380102342066764409e-01 2.142887776455582483e+00 -4.942045107795194347e-01 2.573206946887647284e+00 -6.351936142300527166e-01 3.372448772683311891e-01 -8.175997757181407977e-02 -1.809017417883029555e-01 5.937319910620723062e-01 1.959453395749153060e-01 0.000000000000000000e+00
-2.193289466454143299e-01 -2.110300112766744229e-01 2.402749646200038058e-01 2.137695179332560258e+00 -4.955666369475295596e-01 2.559453885056888645e+00 -6.271848230419118098e-01 3.290446713768409581e-01 -7.890600098963052034e-02 -1.832596213936750484e-01 5.886149267645668370e-01 2.046163757023747309e-01 0.000000000000000000e+00
-2.175546787551642103e-01 -2.124113948800984419e-01 2.423509938701591815e-01 2.132942796180885558e+00 -4.964918026088147585e-01 2.546687071717930184e+00 -6.196093281631269711e-01 3.215074261492122942e-01 -7.627466467457799659e-02 -1.854165987843142960e-01 5.839367514147063565e-01 2.127811781961237159e-01 0.000000000000000000e+00
-2.155687381639360134e-01 -2.139203926015739721e-01 2.445837202906759600e-01 2.127851350321584789e+00 -4.971300550874522273e-01 2.532791666972210365e+00 -6.112063225546272571e-01 3.133814891626217070e-01 -7.343213968508188749e-02 -1.877318678122451012e-01 5.789204211854331872e-01 2.217984585548070653e-01 0.000000000000000000e+00
-2.136769529689629410e-01 -2.153240160576016249e-01 2.466291430585936528e-01 2.123215876814033010e+00 -4.973792298450048222e-01 2.519916848587439695e+00 -6.032691038207823597e-01 3.059212758695236123e-01 -7.082037760404102933e-02 -1.898487479837218106e-01 5.743401835846603243e-01 2.302799109021665125e-01 0.000000000000000000e+00
-2.115646578893147223e-01 -2.168549363977370081e-01 2.488276063508679803e-01 2.118276964281036179e+00 -4.972777961199175145e-01 2.505930473149944770e+00 -5.944768106399401786e-01 2.978879503098404435e-01 -6.800874528318989753e-02 -1.921197086690164535e-01 5.694351069099251594e-01 2.396367276550781245e-01 0.000000000000000000e+00
-2.095576752314101121e-01 -2.182762145260056519e-01 2.508404973459328335e-01 2.113806287446517551e+00 -4.968400555913423666e-01 2.492996875160505166e+00 -5.861851917440330517e-01 2.905211473919768750e-01 -6.543386798324668518e-02 -1.941951433960288353e-01 5.649617286478917366e-01 2.484262578062892968e-01 0.000000000000000000e+00
-2.073221997761502400e-01 -2.198234848915647244e-01 2.530029001679052203e-01 2.109071831144798459e+00 -4.959912850103131987e-01 2.478974044275584099e+00 -5.770143967932633844e-01 2.825974442006641274e-01 -6.267150414256228430e-02 -1.964205806714399150e-01 5.601767605383192183e-01 2.581109263341465065e-01 0.000000000000000000e+00
-2.052026068669245973e-01 -2.212576912472949964e-01 2.549815695446833730e-01 2.104814566469186410e+00 -4.948599891869434053e-01 2.466032673036832712e+00 -5.683765003766185764e-01 2.753401138483596577e-01 -6.015068901274767121e-02 -1.984531551496588331e-01 5.558189634675952950e-01 2.671992964491781697e-01 0.000000000000000000e+00
-2.028464032136217676e-01 -2.228165509390294952e-01 2.571058376552629587e-01 2.100338218566355053e+00 -4.932569240760997786e-01 2.452030178506415581e+00 -5.588342610328101978e-01 2.675439927180184863e-01 -5.745583630569628397e-02 -2.006312048024233574e-01 5.511642572248411920e-01 2.772033445707631216e-01 0.000000000000000000e+00
-2.006170888244284967e-01 -2.242587635049471950e-01 2.590486299997027952e-01 2.096343130241584696e+00 -4.914297246547874032e-01 2.439133720752963086e+00 -5.498592750011886965e-01 2.604119973845158698e-01 -5.500546178671461561e-02 -2.026194376484924398e-01 5.469304968818876622e-01 2.865805345060138398e-01 0.000000000000000000e+00
-1.981439217835161970e-01 -2.258233218221224192e-01 2.611332246427393033e-01 2.092176610944339821e+00 -4.890741709338897181e-01 2.425208722244118320e+00 -5.399583078585465934e-01 2.527596536635253188e-01 -5.239503128621891825e-02 -2.047487680980652758e-01 5.424142750158177373e-01 2.968908627977147607e-01 0.000000000000000000e+00
-1.958080167415131856e-01 -2.272685283456931105e-01 2.630385633012874425e-01 2.088491344804261018e+00 -4.865530503798538575e-01 2.412410233690507333e+00 -5.306561857765224044e-01 2.457684729726606343e-01 -5.003067687044637779e-02 -2.066911113496009422e-01 5.383127739105002529e-01 3.065462199088243023e-01 0.000000000000000000e+00
-1.932209738085810258e-01 -2.288338384386285895e-01 2.650816741444218527e-01 2.084685886127379817e+00 -4.834477293811256793e-01 2.398620118326010076e+00 -5.204055122932393918e-01 2.382775168137289401e-01 -4.752211228164626711e-02 -2.087697085804077757e-01 5.339446903800659783e-01 3.171527250032556422e-01 0.000000000000000000e+00
-1.907819081074758061e-01 -2.302769725255615074e-01 2.669480610295290601e-01 2.081356111889675731e+00 -4.802391555713843019e-01 2.385972117447797025e+00 -5.107871398317682665e-01 2.314424472970133262e-01 -4.525882482924270533e-02 -2.106645643407560053e-01 5.299834712851684282e-01 3.270749641451047296e-01 0.000000000000000000e+00
-1.880852915527967961e-01 -2.318370934638353253e-01 2.689484104149184041e-01 2.077958546025493014e+00 -4.763954487730344134e-01 2.372372097093534471e+00 -5.002010744987033242e-01 2.241281752316515719e-01 -4.286757248646044793e-02 -2.126910135484677000e-01 5.257710495204491741e-01 3.379632982618936965e-01 0.000000000000000000e+00
-1.855467379981702303e-01 -2.332731421311937114e-01 2.707745256766672659e-01 2.075026482477393408e+00 -4.725102926755804233e-01 2.359924974666419484e+00 -4.902780031190135390e-01 2.174641139464326689e-01 -4.071999938342041325e-02 -2.145367339867039758e-01 5.219578023136193234e-01 3.481404684990906384e-01 0.000000000000000000e+00
-1.827442538364809910e-01 -2.348230937456185496e-01 2.727304329392882254e-01 2.072081757138634295e+00 -4.679403574924543285e-01 2.346569420759336833e+00 -4.793675314756633554e-01 2.103436534294014504e-01 -3.846217141125141126e-02 -2.165088713529348674e-01 5.179102967994032580e-01 3.592991467560361918e-01 0.000000000000000000e+00
-1.801101650633277484e-01 -2.362470880207915569e-01 2.745150440446831874e-01 2.069585822649651519e+00 -4.633937392523206356e-01 2.334371151204057249e+00 -4.691521781663374191e-01 2.038652311169178999e-01 -3.644442741135289765e-02 -2.183037587038642036e-01 5.142525116212066649e-01 3.697187645209712437e-01 0.000000000000000000e+00
-1.772065934974059453e-01 -2.377811220131245129e-01 2.764254447049304675e-01 2.067131930096983261e+00 -4.581178302671866653e-01 2.321309500997247088e+00 -4.579329462841060794e-01 1.969529965076172173e-01 -3.433400540551945213e-02 -2.202200695557443577e-01 5.103767799973006891e-01 3.811323405837511169e-01 0.000000000000000000e+00
-1.744811347790096168e-01 -2.391882023290070047e-01 2.781673410076058728e-01 2.065105806323209059e+00 -4.529286841158652877e-01 2.309404996110127950e+00 -4.474383605344853243e-01 1.906744444349440792e-01 -3.245927315615837472e-02 -2.219624094094150846e-01 5.068816473826807112e-01 3.917813896765964254e-01 0.000000000000000000e+00
-1.714807480077640556e-01 -2.407015547651526755e-01 2.800307012752747404e-01 2.063177614984528674e+00 -4.469675897926514985e-01 2.296684966850421450e+00 -4.359230850075780928e-01 1.839870305559165586e-01 -3.051117081876530968e-02 -2.238206467047746950e-01 5.031864780806821758e-01 4.034370137929508271e-01 0.000000000000000000e+00
-1.686683086596205416e-01 -2.420870525711546761e-01 2.817288148929259495e-01 2.061649621251623543e+00 -4.411585151384671555e-01 2.285115030294247340e+00 -4.251629488077627861e-01 1.779222970292631545e-01 -2.879236665122819616e-02 -2.255086414274509454e-01 4.998609222484729497e-01 4.143019786711744090e-01 0.000000000000000000e+00
-1.655763378903269134e-01 -2.435743457561948544e-01 2.835442943176736952e-01 2.060273603332142045e+00 -4.345402839611804957e-01 2.272777473488775346e+00 -4.133685739986152630e-01 1.714731528440136543e-01 -2.701923399745331800e-02 -2.273072405591495815e-01 4.963525736969434110e-01 4.261833056899130834e-01 0.000000000000000000e+00
-1.626815196659659180e-01 -2.449337570860166957e-01 2.851975171668710285e-01 2.059266570213921455e+00 -4.281370903261692007e-01 2.261579178200821882e+00 -4.023572684184918424e-01 1.656357866954258073e-01 -2.546820897859136679e-02 -2.289390925170956548e-01 4.932032858393838315e-01 4.372502380473054506e-01 0.000000000000000000e+00
-1.595027039090508858e-01 -2.463906847027939051e-01 2.869637761135525045e-01 2.058465227627917393e+00 -4.208896840032565478e-01 2.249662602957537949e+00 -3.902979423703950568e-01 1.594409078152516090e-01 -2.388402760415764270e-02 -2.306756899296658891e-01 4.898899805481889969e-01 4.493432530831917293e-01 0.000000000000000000e+00
-1.565302812450184433e-01 -2.477197886486393608e-01 2.885711884462138221e-01 2.057995792019778669e+00 -4.139211313755941646e-01 2.238868047858019850e+00 -3.790503478225544232e-01 1.538440750473683283e-01 -2.251249964276702542e-02 -2.322495848443890953e-01 4.869233855414089041e-01 4.605977385603529650e-01 0.000000000000000000e+00
-1.532701953785214344e-01 -2.491415139210808039e-01 2.902874576754135294e-01 2.057782885590681232e+00 -4.060785729281950474e-01 2.227403799455065503e+00 -3.667440801623799707e-01 1.479159450398791764e-01 -2.112818850814357496e-02 -2.339225826411768794e-01 4.838107494383515061e-01 4.728853973824104218e-01 0.000000000000000000e+00
-1.502251054690830201e-01 -2.504363603221956835e-01 2.918481450737637761e-01 2.057861792902465403e+00 -3.985758292540424463e-01 2.217040706686799645e+00 -3.552756429811445571e-01 1.425724121811760836e-01 -1.994707656469363322e-02 -2.354366562999141987e-01 4.810329725528579847e-01 4.843126554352905622e-01 0.000000000000000000e+00
-1.468888850339264973e-01 -2.518191494777862749e-01 2.935131422290413461e-01 2.058246974579261312e+00 -3.901715744585194656e-01 2.206057954073760374e+00 -3.427379799117558634e-01 1.369263442226399674e-01 -1.877528568505848483e-02 -2.370436409911816089e-01 4.781287620946130246e-01 4.967799111833602899e-01 0.000000000000000000e+00
-1.437761825487286482e-01 -2.530761099983220852e-01 2.950261972308786396e-01 2.058879074394516451e+00 -3.821677954443822856e-01 2.196149782389450245e+00 -3.310645791951251637e-01 1.318485365840779133e-01 -1.779484292974586879e-02 -2.384960291811699384e-01 4.755457288638315072e-01 5.083648283727730810e-01 0.000000000000000000e+00
-1.403696450792850658e-01 -2.544158363111548860e-01 2.966393048433332846e-01 2.059863188068362660e+00 -3.732401443362349802e-01 2.185669822360778003e+00 -3.183143958707481680e-01 1.264959489776685264e-01 -1.684515968502364736e-02 -2.400353695807493637e-01 4.728548708984154358e-01 5.209940376046332533e-01 0.000000000000000000e+00
-1.371945039013306167e-01 -2.556316203521538100e-01 2.981038957280960910e-01 2.061047561734612898e+00 -3.647701701108521100e-01 2.176235545217775069e+00 -3.064524100594262501e-01 1.216958091722608742e-01 -1.607510665582734255e-02 -2.414241747997120657e-01 4.704721739606351760e-01 5.327211675962563175e-01 0.000000000000000000e+00
-1.337230425280065416e-01 -2.569252845941512042e-01 2.996638751009912394e-01 2.062627853822578849e+00 -3.553562553155176218e-01 2.166278586483715518e+00 -2.935063512368739636e-01 1.166512993697032124e-01 -1.535898263870505431e-02 -2.428934074835951418e-01 4.680019588915321771e-01 5.454964179243936284e-01 0.000000000000000000e+00
-1.304907199561179121e-01 -2.580969649086370388e-01 3.010791692935671504e-01 2.064358165791779776e+00 -3.464562078095871911e-01 2.157333317189813471e+00 -2.814725915352419006e-01 1.121403871810565667e-01 -1.480837408333135485e-02 -2.442167655187691688e-01 4.658249245689332629e-01 5.573500480677954227e-01 0.000000000000000000e+00
-1.269602636810490404e-01 -2.593412477019632623e-01 3.025854348384615089e-01 2.066523749004644195e+00 -3.365967937619074313e-01 2.147911961503705225e+00 -2.683501815142558811e-01 1.074142832539530940e-01 -1.433379877707885441e-02 -2.456142759455450519e-01 4.635795801643737835e-01 5.702532965758246863e-01 0.000000000000000000e+00
-1.236760406631220582e-01 -2.604662885322678867e-01 3.039505977125643854e-01 2.068788615371299322e+00 -3.273035679442179990e-01 2.139467234694930831e+00 -2.561617254428038559e-01 1.032036924124833249e-01 -1.401102365296136298e-02 -2.468702726498968325e-01 4.616133017525410609e-01 5.822174811939784256e-01 0.000000000000000000e+00
-1.200921505951838969e-01 -2.616590031094900848e-01 3.054019540588135406e-01 2.071525738414289997e+00 -3.170380076815657588e-01 2.130593950720627294e+00 -2.428806575998763984e-01 9.880979286423201280e-02 -1.378838338583099343e-02 -2.481935641060436237e-01 4.595996523628185226e-01 5.952320831250866862e-01 0.000000000000000000e+00
-1.167613450922587032e-01 -2.627352591330441856e-01 3.067161412772201334e-01 2.074309069379699721e+00 -3.073891416020355649e-01 2.122658111334793762e+00 -2.305549821532580645e-01 9.491018433667783305e-02 -1.370116486013062129e-02 -2.493803186220533707e-01 4.578488902622004364e-01 6.072906102248565308e-01 0.000000000000000000e+00
-1.131299343841591643e-01 -2.638739635439428244e-01 3.081120159377320200e-01 2.077596902040827587e+00 -2.967591696353477637e-01 2.114338381361224872e+00 -2.171352301965646936e-01 9.085769371779629788e-02 -1.373698437679227169e-02 -2.506278098556737333e-01 4.560704978652727615e-01 6.203983562150902076e-01 0.000000000000000000e+00
-1.097578365088633517e-01 -2.648997003283889429e-01 3.093743969767372981e-01 2.080878464922920834e+00 -2.867924017430754091e-01 2.106916925989533507e+00 -2.046900121065154121e-01 8.727922912819204015e-02 -1.389251298445293159e-02 -2.517434246810647536e-01 4.545398127392361043e-01 6.325349139347993255e-01 0.000000000000000000e+00
-1.060844925636951347e-01 -2.659830673978003102e-01 3.107135024747943453e-01 2.084694106467900099e+00 -2.758381648859051793e-01 2.099157496442341397e+00 -1.911501016503890649e-01 8.358107209234554025e-02 -1.419571387455831335e-02 -2.529125856891231150e-01 4.530029024741513699e-01 6.457185600161003958e-01 0.000000000000000000e+00
-1.026763677608689418e-01 -2.669569580592404678e-01 3.119232111175094802e-01 2.088449861543756114e+00 -2.655913100806728266e-01 2.092253605403200822e+00 -1.786033172542668968e-01 8.033347197867000966e-02 -1.460051436025056049e-02 -2.539551966111323611e-01 4.516965220909266443e-01 6.579166367569903029e-01 0.000000000000000000e+00
-9.896686413901738255e-02 -2.679834371523841519e-01 3.132049044605124122e-01 2.092764456584941257e+00 -2.543543169851560926e-01 2.085054897067231572e+00 -1.649634883229921245e-01 7.699767962102081753e-02 -1.517602347181656874e-02 -2.550445127207588425e-01 4.504040234348839489e-01 6.711578736968643044e-01 0.000000000000000000e+00
-9.552789747589179870e-02 -2.689045640024528838e-01 3.143610363274484953e-01 2.096967247877080887e+00 -2.438649093161173731e-01 2.078669846932951870e+00 -1.523332471162095469e-01 7.409014853379160270e-02 -1.583595478993826688e-02 -2.560122555266231559e-01 4.493259092465926030e-01 6.834010244392038080e-01 0.000000000000000000e+00
-9.178772694409646771e-02 -2.698737123309849495e-01 3.155840385690590333e-01 2.101750480778989072e+00 -2.323851457237200435e-01 2.072034216627281822e+00 -1.386126578248781382e-01 7.112869675686667170e-02 -1.669176160623497829e-02 -2.570192133795389799e-01 4.482835147064219705e-01 6.966820756373743873e-01 0.000000000000000000e+00
-8.832302580775366896e-02 -2.707415531948431098e-01 3.166856344119150513e-01 2.106370184315975891e+00 -2.216904024154517927e-01 2.066167836003470981e+00 -1.259172856846863531e-01 6.856994822627535124e-02 -1.761201692091218796e-02 -2.579102571460090143e-01 4.474373618490765092e-01 7.089536556243505316e-01 0.000000000000000000e+00
-8.455770035740474422e-02 -2.716526912079366696e-01 3.178491439673873376e-01 2.111587321649631477e+00 -2.100082222735268900e-01 2.060092612617125951e+00 -1.121362343142317253e-01 6.598966554155720476e-02 -1.875131723524781080e-02 -2.588333920036145486e-01 4.466473684012181589e-01 7.222564115854054334e-01 0.000000000000000000e+00
-8.107223648868724930e-02 -2.724671241496058882e-01 3.188952253177355645e-01 2.116591377887151459e+00 -1.991447310516014646e-01 2.054743439599815424e+00 -9.939408208501698816e-02 6.378787630438818856e-02 -1.993655707838781765e-02 -2.596459224521976972e-01 4.460365724052084979e-01 7.345397760602051518e-01 0.000000000000000000e+00
-7.728705506111767376e-02 -2.733206474279315512e-01 3.199977996217321374e-01 2.122206833810096782e+00 -1.872992233437025256e-01 2.049228699223959893e+00 -8.557222609323530960e-02 6.159972744542741713e-02 -2.136587563543312918e-02 -2.604827708904847161e-01 4.455040400557335190e-01 7.478463270258132178e-01 0.000000000000000000e+00
-7.378567178235752311e-02 -2.740819188392893402e-01 3.209872391798734848e-01 2.127560620784585410e+00 -1.763029461711527190e-01 2.044394812364011660e+00 -7.280176113268169158e-02 5.976256657338226835e-02 -2.281982843256180615e-02 -2.612149903874451673e-01 4.451317301353404088e-01 7.601247646525962631e-01 0.000000000000000000e+00
-6.998579817725060492e-02 -2.748779762570130458e-01 3.220280549931251457e-01 2.133535261541933181e+00 -1.643327919948571747e-01 2.039435709390646778e+00 -5.895929893196551891e-02 5.797212753371119853e-02 -2.454129576118924128e-02 -2.619641708915980693e-01 4.448583566494437869e-01 7.734171342853997100e-01 0.000000000000000000e+00
-6.647317297670481129e-02 -2.755866998000030543e-01 3.229597335897883004e-01 2.139202640546325362e+00 -1.532388899171421848e-01 2.035114363034828511e+00 -4.617896363062179432e-02 5.650669401557067290e-02 -2.626729046366960141e-02 -2.626143483822273028e-01 4.447273291238119097e-01 7.856742000444350005e-01 0.000000000000000000e+00
-6.266361038749178325e-02 -2.763264605595430190e-01 3.239371121846111312e-01 2.145497005551621150e+00 -1.411817636666681253e-01 2.030710208242366477e+00 -3.233581691428168148e-02 5.512384761954702839e-02 -2.828583341189494504e-02 -2.632734474625083032e-01 4.447175752963195006e-01 7.989342788490213509e-01 0.000000000000000000e+00
-5.914426026640211276e-02 -2.769835832634421346e-01 3.248097730570981279e-01 2.151440326224752120e+00 -1.300246307208956509e-01 2.026898690838482509e+00 -1.956408695221027727e-02 5.403671613425225367e-02 -3.028640002276250520e-02 -2.638398685368545382e-01 4.448304267475116092e-01 8.111533945625228892e-01 0.000000000000000000e+00
-5.532974194621363695e-02 -2.776679273919788749e-01 3.257227010937007172e-01 2.158012615746804030e+00 -1.179171131410328144e-01 2.023044127945278881e+00 -5.740150885975619545e-03 5.306573592318777205e-02 -3.260255122280431017e-02 -2.644076045469889724e-01 4.450852912638322278e-01 8.243636722547246221e-01 0.000000000000000000e+00
-5.180798324425835155e-02 -2.782747127522928188e-01 3.265350149640914856e-01 2.164193362379661423e+00 -1.067301831886835473e-01 2.019739608930556152e+00 7.004628093923648095e-03 5.236287777724542986e-02 -3.487955395482211784e-02 -2.648886213741277196e-01 4.454442520892611945e-01 8.365285926400430894e-01 0.000000000000000000e+00
-4.799316709189928309e-02 -2.789054952129870202e-01 3.273816527144914335e-01 2.171001761212406400e+00 -9.460834243997284787e-02 2.016433855462793634e+00 2.078931998478246793e-02 5.181249808727772521e-02 -3.749704183220647913e-02 -2.653626640481618337e-01 4.459676631120026991e-01 8.496710928825024212e-01 0.000000000000000000e+00
-4.447313381776325791e-02 -2.794634995827969259e-01 3.281322184246017182e-01 2.177380472427768332e+00 -8.342419196974137918e-02 2.013633594695414697e+00 3.348885123358290999e-02 5.149933114903042231e-02 -4.005181226591969512e-02 -2.657566454419253987e-01 4.465746973929726193e-01 8.617655060779609855e-01 0.000000000000000000e+00
-4.066228026232578813e-02 -2.800422186572990579e-01 3.289113307728567248e-01 2.184381633266083256e+00 -7.132235157784538870e-02 2.010871695371367451e+00 4.721488752158137930e-02 5.137248561854779183e-02 -4.296957155621039526e-02 -2.661358462916390555e-01 4.473669878172711889e-01 8.748231846397012124e-01 0.000000000000000000e+00
-3.714789578036180318e-02 -2.805532547584984604e-01 3.295986215613797565e-01 2.190918446798276520e+00 -6.017257806566345124e-02 2.008573360537318386e+00 5.985108339011377399e-02 5.145381190033607860e-02 -4.580264232383668421e-02 -2.664412609344007365e-01 4.482237600294632918e-01 8.868311116787594983e-01 0.000000000000000000e+00
-3.334528144232570129e-02 -2.810823377896258801e-01 3.303081230828103232e-01 2.198069421199508433e+00 -4.812505027822888692e-02 2.006355275967883767e+00 7.349851065287367480e-02 5.175801979822879789e-02 -4.902293671396074082e-02 -2.667233562728673624e-01 4.492882255171680161e-01 8.997863251175589605e-01 0.000000000000000000e+00
-2.984027784071967629e-02 -2.815484507913750267e-01 3.309305003817618607e-01 2.204724216193754138e+00 -3.704036761884221818e-02 2.004556979513623549e+00 8.605342601269901082e-02 5.223804626233716913e-02 -5.213417465744552004e-02 -2.669386894917570863e-01 4.503961338201545872e-01 9.116919867707581338e-01 0.000000000000000000e+00
-2.604967863058084421e-02 -2.820298895928006755e-01 3.315689520176916538e-01 2.211981208024135448e+00 -2.507919877912456741e-02 2.002878560669501873e+00 9.960349809285970468e-02 5.297486387336723668e-02 -5.565447414436697215e-02 -2.671227139230815673e-01 4.517324414761290652e-01 9.245283566459128188e-01 0.000000000000000000e+00
-2.255758267089036026e-02 -2.824533241868204536e-01 3.321246800222454887e-01 2.218713900484319268e+00 -1.408934196826860941e-02 2.001578839344383187e+00 1.120594603734317851e-01 5.385716498132127328e-02 -5.904308031538385571e-02 -2.672465176242566631e-01 4.530925511343461554e-01 9.363163065789307238e-01 0.000000000000000000e+00
-1.878289386596221702e-02 -2.828899891655825005e-01 3.326897467699378441e-01 2.226033488509290947e+00 -2.247114768331837098e-03 2.000441145652820829e+00 1.254925031684402947e-01 5.503281328334755362e-02 -6.286418384742931131e-02 -2.673303406195668974e-01 4.547033974091942432e-01 9.490163891853004019e-01 0.000000000000000000e+00
-1.530704449267981417e-02 -2.832731607766286186e-01 3.331769774470347834e-01 2.232804105750119561e+00 8.619031174228020120e-03 1.999639100437945460e+00 1.378320936317543322e-01 5.632033931829238255e-02 -6.652869350737855569e-02 -2.673612499329686143e-01 4.563165406604824947e-01 9.606714473799232712e-01 0.000000000000000000e+00
-1.155157646812273418e-02 -2.836674031040778421e-01 3.336670410159929823e-01 2.240143335114989753e+00 2.031252928642013345e-02 1.999038871578971976e+00 1.511301973832798740e-01 5.793495979174777960e-02 -7.064673950096800326e-02 -2.673440392544239597e-01 4.582008935792816207e-01 9.732199295412402584e-01 0.000000000000000000e+00
-8.095122967235997627e-03 -2.840128646062033413e-01 3.340837979566477767e-01 2.246912221905997598e+00 3.102702781344079952e-02 1.998734138226296198e+00 1.633363468312241384e-01 5.963000773012357147e-02 -7.458488896292259085e-02 -2.672807558890209489e-01 4.600675031873182053e-01 9.847271822953638232e-01 0.000000000000000000e+00
-4.362426525535492705e-03 -2.843678600569390369e-01 3.344962041820542242e-01 2.254228255410285264e+00 4.254083160396948671e-02 1.998673882421184045e+00 1.764802951675261411e-01 6.168844816042988455e-02 -7.899894531167439560e-02 -2.671605308105606813e-01 4.622274932789406376e-01 9.971071529387061094e-01 0.000000000000000000e+00
-9.283517319835745589e-04 -2.846782755880659099e-01 3.348404752710969490e-01 2.260956433138734845e+00 5.307656180095143839e-02 1.998866367320635939e+00 1.885362756195035350e-01 6.379266167197192305e-02 -8.320807141454467093e-02 -2.670018563438624204e-01 4.643477689808072073e-01 1.008452152603416474e+00 0.000000000000000000e+00
2.778679630852850906e-03 -2.849965950965108741e-01 3.351733930247584592e-01 2.268207711568061669e+00 6.438300529206975042e-02 1.999343847311706002e+00 2.015091824347952087e-01 6.629361544571932274e-02 -8.791281179627885578e-02 -2.667779677199708099e-01 4.667816984800578495e-01 1.020649230658897455e+00 0.000000000000000000e+00
6.187551157991318281e-03 -2.852746979293858676e-01 3.354429982017804179e-01 2.274856990700776294e+00 7.471370962267442906e-02 2.000034143814255927e+00 2.133986986738858338e-01 6.880795992632277036e-02 -9.238931927259308452e-02 -2.665227536637571060e-01 4.691555404072136337e-01 1.031817929059444694e+00 0.000000000000000000e+00
9.865659152570979001e-03 -2.855597008999307684e-01 3.356935585076241124e-01 2.282002277260905210e+00 8.578340332292766490e-02 2.001052703575547653e+00 2.261820050643206792e-01 7.175483089627951450e-02 -9.738234684232804916e-02 -2.661933872159416015e-01 4.718648074736648268e-01 1.043816002402469412e+00 0.000000000000000000e+00
1.324663017022556163e-02 -2.858082751398345334e-01 3.358861939058075952e-01 2.288535433126286378e+00 9.588355978907880939e-02 2.002241841616102302e+00 2.378891613477681355e-01 7.467958930681019292e-02 -1.021218414762872229e-01 -2.658405849505333651e-01 4.744917828624325984e-01 1.054794817417293862e+00 0.000000000000000000e+00
1.689325886317726705e-02 -2.860626162291829977e-01 3.360524036597747344e-01 2.295535455785437495e+00 1.066908071341989839e-01 2.003799927499344768e+00 2.504671713076714878e-01 7.806957699264249761e-02 -1.073964983312984955e-01 -2.654052912703598888e-01 4.774740905196442342e-01 1.066580570242412485e+00 0.000000000000000000e+00
2.024376044172935749e-02 -2.862844597982943107e-01 3.361657222946158319e-01 2.301916467660388044e+00 1.165357366305865838e-01 2.005489044897082351e+00 2.619766211696941682e-01 8.140432905299087307e-02 -1.123940532748866072e-01 -2.649539520446187457e-01 4.803534670007242879e-01 1.077356385803145411e+00 0.000000000000000000e+00
2.385586375753731211e-02 -2.865115515912807220e-01 3.362444527039896713e-01 2.308732391882925672e+00 1.270525746307500370e-01 2.007590765986321912e+00 2.743316413225738715e-01 8.523933095697541762e-02 -1.179462115154839008e-01 -2.644111165906765093e-01 4.836095476179960162e-01 1.088914638092143949e+00 0.000000000000000000e+00
2.717342030939655720e-02 -2.867094563078259606e-01 3.362760323173976662e-01 2.314926578785474476e+00 1.366183171451735845e-01 2.009781120620658612e+00 2.856285542848514547e-01 8.898295314605661477e-02 -1.231962341304115860e-01 -2.638603915220049112e-01 4.867402932164659468e-01 1.099474804183607768e+00 0.000000000000000000e+00
3.074868354413680741e-02 -2.869119114028846895e-01 3.362651001088935443e-01 2.321522468228849334e+00 1.468208776614439159e-01 2.012425336636328055e+00 2.977462368503346335e-01 9.325862498666520617e-02 -1.290176379572156584e-01 -2.632097646229417665e-01 4.902671840270851344e-01 1.110793638290608065e+00 0.000000000000000000e+00
3.403086780343863443e-02 -2.870886272152650687e-01 3.362124579943099323e-01 2.327497026134501379e+00 1.560841550344918005e-01 2.015118189532351778e+00 3.088162984220078622e-01 9.740926141409457506e-02 -1.345138698149213052e-01 -2.625588880525263624e-01 4.936480004519134823e-01 1.121126237266924841e+00 0.000000000000000000e+00
3.756637257008325903e-02 -2.872697950820697343e-01 3.361086024483219692e-01 2.333837260166588212e+00 1.659458822573416370e-01 2.018308889663006589e+00 3.206800485775519460e-01 1.021259194417066529e-01 -1.405989265896434581e-01 -2.617990881935268188e-01 4.974457347453937195e-01 1.132191405280094987e+00 0.000000000000000000e+00
4.081083777360226816e-02 -2.874280097363096642e-01 3.359691124901136305e-01 2.339560745816034792e+00 1.748841879548201916e-01 2.021505620924191060e+00 3.315096599923046394e-01 1.066809735254213715e-01 -1.463340439971290152e-01 -2.610474109758519345e-01 5.010749242313855545e-01 1.142284785811495285e+00 0.000000000000000000e+00
4.430439037499261240e-02 -2.875903523477643109e-01 3.357700424684784135e-01 2.345613675734768755e+00 1.843828979236734611e-01 2.025241366284808109e+00 3.431065946961364688e-01 1.118327088513683398e-01 -1.526730331817900410e-01 -2.601784215121590860e-01 5.051399067402552179e-01 1.153085901402584268e+00 0.000000000000000000e+00
4.750880610241205865e-02 -2.877326680135394721e-01 3.355411482438214743e-01 2.351057286029878401e+00 1.929744674280620131e-01 2.028942668715889575e+00 3.536828063331681204e-01 1.167888599623842089e-01 -1.586394461299491798e-01 -2.593254110150066682e-01 5.090155052061067220e-01 1.162929477423735092e+00 0.000000000000000000e+00
5.095749986075797516e-02 -2.878793603038778959e-01 3.352435083904367619e-01 2.356791499127671496e+00 2.020849551005068356e-01 2.033226718396237143e+00 3.649975791195060326e-01 1.223743160389858115e-01 -1.652251771896060539e-01 -2.583460668136436933e-01 5.133470701400933978e-01 1.173453357945346776e+00 0.000000000000000000e+00
5.411951362007730998e-02 -2.880082644260940627e-01 3.349225051843337519e-01 2.361928411593194888e+00 2.103085879006947323e-01 2.037433273474829498e+00 3.753080738587750154e-01 1.277274445999916075e-01 -1.714140972468412016e-01 -2.573912902733366814e-01 5.174668471883914211e-01 1.183037009444105836e+00 0.000000000000000000e+00
5.752120809136494067e-02 -2.881415119381134371e-01 3.345239760446108712e-01 2.367317341286248045e+00 2.190104472947260739e-01 2.042263119797130155e+00 3.863295660300679613e-01 1.337391063195467744e-01 -1.782353849049156391e-01 -2.563018742951692630e-01 5.220607334897507945e-01 1.193274866464643091e+00 0.000000000000000000e+00
6.063847225832868365e-02 -2.882593645485272416e-01 3.341082823265065782e-01 2.372123333407765600e+00 2.268458533932200538e-01 2.046974409523364180e+00 3.963628589893734011e-01 1.394843520615531018e-01 -1.846377573235207237e-01 -2.552450487508417520e-01 5.264220259594054596e-01 1.202589139219140568e+00 0.000000000000000000e+00
6.399016989438320591e-02 -2.883820685647292548e-01 3.336054652795866216e-01 2.377141269252941669e+00 2.351152752669696255e-01 2.052351911722658073e+00 4.070771555289256494e-01 1.459191234992945896e-01 -1.916856799903607911e-01 -2.540446122447317934e-01 5.312768687580791127e-01 1.212529521145915945e+00 0.000000000000000000e+00
6.706026431570427659e-02 -2.884910731319438870e-01 3.330924585643668667e-01 2.381594648886357746e+00 2.425427878213728405e-01 2.057566832437258686e+00 4.168224609058526764e-01 1.520508022378498358e-01 -1.982915179162478836e-01 -2.528855379593020203e-01 5.358768137509184459e-01 1.221565493566500127e+00 0.000000000000000000e+00
7.035976481000309757e-02 -2.886050952946986325e-01 3.324830516352998977e-01 2.386220898697188453e+00 2.503611444931315155e-01 2.063487790441673297e+00 4.272203073288762809e-01 1.588995537446657447e-01 -2.055532924186214139e-01 -2.515746634917377933e-01 5.409876861988894836e-01 1.231201209864570378e+00 0.000000000000000000e+00
7.338022503893491810e-02 -2.887072789563220887e-01 3.318701739562013309e-01 2.390303473275749546e+00 2.573619799578654721e-01 2.069204110985195300e+00 4.366677381378778477e-01 1.654111989917480541e-01 -2.123519432074301161e-01 -2.503133071756921679e-01 5.458230546320919085e-01 1.239951291942134937e+00 0.000000000000000000e+00
7.662436535061319109e-02 -2.888151529910872872e-01 3.311508967565289785e-01 2.394518469351523127e+00 2.647071137555649933e-01 2.075667933622157513e+00 4.467368839033584171e-01 1.726689953972433134e-01 -2.198170500590312937e-01 -2.488913123116443804e-01 5.511878262004883400e-01 1.249272222599357551e+00 0.000000000000000000e+00
7.959264620095581055e-02 -2.889123481407170901e-01 3.304355759029358186e-01 2.398214793925266264e+00 2.712632729290036515e-01 2.081882507515419700e+00 4.558774186862420419e-01 1.795533167493685578e-01 -2.267967958019654340e-01 -2.475277904782806349e-01 5.562550560960957124e-01 1.257729356957013156e+00 0.000000000000000000e+00
8.277907991787231134e-02 -2.890155067312318304e-01 3.296043562613091282e-01 2.402005044941453171e+00 2.781185907348744379e-01 2.088882197075510927e+00 4.656106066802090937e-01 1.872093556063715858e-01 -2.344512534070712917e-01 -2.459955241003467241e-01 5.618682007256556865e-01 1.266730308809263184e+00 0.000000000000000000e+00
8.569255209668553974e-02 -2.891093342130469646e-01 3.287842324297292618e-01 2.405302915853658074e+00 2.842131436090911123e-01 2.095590101881562362e+00 4.744361560851635962e-01 1.944582637117286683e-01 -2.416001098792255330e-01 -2.445300364867465381e-01 5.671634305000875509e-01 1.274887970702339279e+00 0.000000000000000000e+00
8.881789322192899794e-02 -2.892098509547494922e-01 3.278379249541846230e-01 2.408655969462872637e+00 2.905583399811568768e-01 2.103122343101778036e+00 4.838230332688794877e-01 2.025057206699460710e-01 -2.494314013807124031e-01 -2.428871823445471201e-01 5.730221185821529062e-01 1.283560687950236812e+00 0.000000000000000000e+00
9.167381739095505078e-02 -2.893016961967527223e-01 3.269106999609955322e-01 2.411547140429886937e+00 2.961752988228680827e-01 2.110317368323749498e+00 4.923264400504753224e-01 2.101102440046128117e-01 -2.567363190927454131e-01 -2.413201117801172246e-01 5.785411204671785379e-01 1.291413817372662365e+00 0.000000000000000000e+00
9.473553891223113199e-02 -2.894004907356086953e-01 3.258474964504243232e-01 2.414456983339021257e+00 3.019961539478801527e-01 2.118372020123285182e+00 5.013619464178689089e-01 2.185366022069212266e-01 -2.647288649982366682e-01 -2.395678017171155028e-01 5.846390935731874405e-01 1.299754971064845277e+00 0.000000000000000000e+00
9.753107219388744420e-02 -2.894914925456643084e-01 3.248111155747523959e-01 2.416936570514096161e+00 3.071207349653590768e-01 2.126046056126989825e+00 5.095370520160851235e-01 2.264869536538915706e-01 -2.721763949866431442e-01 -2.378996808340739788e-01 5.903773401949540256e-01 1.307299040642767141e+00 0.000000000000000000e+00
1.005255239303116388e-01 -2.895901026624535524e-01 3.236282595538039208e-01 2.419398856521607577e+00 3.123993274472356418e-01 2.134616056246033011e+00 5.182128651887498716e-01 2.352834246686937303e-01 -2.803160805423614566e-01 -2.360379148502700086e-01 5.967110030574349633e-01 1.315302505508727737e+00 0.000000000000000000e+00
1.032577188982983368e-01 -2.896811163013642276e-01 3.224807482039468987e-01 2.421465594863308368e+00 3.170178957910736450e-01 2.142759771826262316e+00 5.260545763080017867e-01 2.435689182940937447e-01 -2.878915754211461842e-01 -2.342694094388892700e-01 6.026637007259800782e-01 1.322534053132728982e+00 0.000000000000000000e+00
1.061821756419194379e-01 -2.897798647533605387e-01 3.211768693466126035e-01 2.423482169118552854e+00 3.217427894253526155e-01 2.151831418944607499e+00 5.343679998353340066e-01 2.527212209200441206e-01 -2.961613563961147388e-01 -2.322996689176393681e-01 6.092261957051260390e-01 1.330198497591922324e+00 0.000000000000000000e+00
1.088479988734413068e-01 -2.898714662969945621e-01 3.199165809484550982e-01 2.425138745544858754e+00 3.258432329726241861e-01 2.160433318360504451e+00 5.418723217339865839e-01 2.613303385521592026e-01 -3.038497693051189774e-01 -2.304316278605169355e-01 6.153880846772968871e-01 1.337115126417021793e+00 0.000000000000000000e+00
1.116985971410349304e-01 -2.899712527487655067e-01 3.184894021737330605e-01 2.426713186329236827e+00 3.299995174470922166e-01 2.169995802565219734e+00 5.498173967930471973e-01 2.708276536973293624e-01 -3.122336667327976212e-01 -2.283542290522006246e-01 6.221750175573093067e-01 1.344436422569758482e+00 0.000000000000000000e+00
1.142948915228963885e-01 -2.900636962665743557e-01 3.171149234421659635e-01 2.427965853803669471e+00 3.335710712026758173e-01 2.179042910937105226e+00 5.569813999939011717e-01 2.797478951237929445e-01 -3.200190187054807733e-01 -2.263876676795020526e-01 6.285407049318985084e-01 1.351036667857356433e+00 0.000000000000000000e+00
1.170687236801155190e-01 -2.901641905875176342e-01 3.155636958107931878e-01 2.429108391874184480e+00 3.371506362198433138e-01 2.189078700590085802e+00 5.645578602685812353e-01 2.895741938873719334e-01 -3.284986567743475305e-01 -2.242044581521255298e-01 6.355444857036706141e-01 1.358016014126127047e+00 0.000000000000000000e+00
1.195923031964473554e-01 -2.902574064104812002e-01 3.140738953629182428e-01 2.429967138874447485e+00 3.401843371523165516e-01 2.198556365247283484e+00 5.713798802959555445e-01 2.987922599474904795e-01 -3.363641698958419468e-01 -2.221405249520709557e-01 6.421080459472526814e-01 1.364299609560114535e+00 0.000000000000000000e+00
1.222853142748104305e-01 -2.903587736409922737e-01 3.123969767237728123e-01 2.430688995367344507e+00 3.431757183068628869e-01 2.209051151238543120e+00 5.785842636768377956e-01 3.089345427744073502e-01 -3.449215722685390340e-01 -2.198522370749339816e-01 6.493236146047133284e-01 1.370935008574101666e+00 0.000000000000000000e+00
1.247328984528545542e-01 -2.904523496600533439e-01 3.107910989545439318e-01 2.431167241404351032e+00 3.456642626330497237e-01 2.218943084079834982e+00 5.850637346090006297e-01 3.184361689115920990e-01 -3.528498028337048176e-01 -2.176922802728252226e-01 6.560789224467811209e-01 1.376902619944751160e+00 0.000000000000000000e+00
1.273421091900033830e-01 -2.905535143881671223e-01 3.089885095903212031e-01 2.431486259180645870e+00 3.480633348796469129e-01 2.229875956969867179e+00 5.918984712305800366e-01 3.288766259120569635e-01 -3.614652621181657643e-01 -2.153010778643135170e-01 6.634980231905510673e-01 1.383197666971425877e+00 0.000000000000000000e+00
1.297104489085662837e-01 -2.906466502276096597e-01 3.072662214580714202e-01 2.431600906256704775e+00 3.500015648070995411e-01 2.240164322184134527e+00 5.980362585948856280e-01 3.386465988185807796e-01 -3.694381006315905491e-01 -2.130466121330205631e-01 6.704385538864338079e-01 1.388851291649555009e+00 0.000000000000000000e+00
1.322317420405851873e-01 -2.907469628619769875e-01 3.053371327714771155e-01 2.431535702118661213e+00 3.518010371985007545e-01 2.251517858915881742e+00 6.045006160878622081e-01 3.493700166848666133e-01 -3.780916431196394978e-01 -2.105536270365973850e-01 6.780552611830876764e-01 1.394806652479190223e+00 0.000000000000000000e+00
1.345175455709780588e-01 -2.908384931444872867e-01 3.034984346384242415e-01 2.431306561617625484e+00 3.531855674082517993e-01 2.262183870512113337e+00 6.102987172551281869e-01 3.593922242361345387e-01 -3.860899148214744780e-01 -2.082063834308287842e-01 6.851741570929785752e-01 1.400149353100052840e+00 0.000000000000000000e+00
1.369479607497848805e-01 -2.909360620045948753e-01 3.014438043457380312e-01 2.430881482561511930e+00 3.543856606476043503e-01 2.273934570994268434e+00 6.163978887836276677e-01 3.703789288656882950e-01 -3.947605015405000195e-01 -2.056141789390433239e-01 6.929796825109190150e-01 1.405771019845101000e+00 0.000000000000000000e+00
1.391480102328590818e-01 -2.910244170291894639e-01 2.994892693858409727e-01 2.430331329421511644e+00 3.552155035684263495e-01 2.284958015242343432e+00 6.218596992842440052e-01 3.806362602516965565e-01 -4.027646321967330856e-01 -2.031760383163190020e-01 7.002696865208474231e-01 1.410807057466440861e+00 0.000000000000000000e+00
1.414835312975530890e-01 -2.911177061358267149e-01 2.973092436404969341e-01 2.429571081258171006e+00 3.558136268236058442e-01 2.297086228460828661e+00 6.275958819561656687e-01 3.918688079393783386e-01 -4.114302920677419539e-01 -2.004861623915548952e-01 7.082571724202675334e-01 1.416098359078264757e+00 0.000000000000000000e+00
1.435947290984220526e-01 -2.912008611906792277e-01 2.952398187295757204e-01 2.428725023738540489e+00 3.560899133923802751e-01 2.308446729395693175e+00 6.327263286381488161e-01 4.023431869542281047e-01 -4.194195090218706401e-01 -1.979591887017195795e-01 7.157108276791813717e-01 1.420833459496425588e+00 0.000000000000000000e+00
1.458325982547993005e-01 -2.912871030608683576e-01 2.929364473868489860e-01 2.427659349445578485e+00 3.560910679628079833e-01 2.320927388572661343e+00 6.381076450948174328e-01 4.138000060952080617e-01 -4.280578714917060434e-01 -1.951746041106895424e-01 7.238708864172387347e-01 1.425803184406622570e+00 0.000000000000000000e+00
1.478519127234870778e-01 -2.913626580271525546e-01 2.907536665256168495e-01 2.426544344861016000e+00 3.558170725703768689e-01 2.332603791942128080e+00 6.429127866496473498e-01 4.244724244266189217e-01 -4.360108694550097752e-01 -1.925611109749403027e-01 7.314803365999220652e-01 1.430243872366275149e+00 0.000000000000000000e+00
1.499884664791557298e-01 -2.914393223220999030e-01 2.883282744959787536e-01 2.425202378320038044e+00 3.552238892825192451e-01 2.345416103642117278e+00 6.479447629503247708e-01 4.361336411812624103e-01 -4.445979660738612615e-01 -1.896838150884618546e-01 7.398051784304280343e-01 1.434898145845352246e+00 0.000000000000000000e+00
1.519131324439033925e-01 -2.915043889788166975e-01 2.860342467182196424e-01 2.423847473108703632e+00 3.544054481887708441e-01 2.357387129014402838e+00 6.524323891241901041e-01 4.469840252525177915e-01 -4.524926408092921903e-01 -1.869862659308069719e-01 7.475622343165290173e-01 1.439052810303930396e+00 0.000000000000000000e+00
1.539459924305076333e-01 -2.915678186060367549e-01 2.834900168446088942e-01 2.422262335958119017e+00 3.532276211592471071e-01 2.370505998504429890e+00 6.571260773874002536e-01 4.588262703822594823e-01 -4.610045697063762660e-01 -1.840196376345132334e-01 7.560418723853957745e-01 1.443403083944574616e+00 0.000000000000000000e+00
1.557734723696511392e-01 -2.916190853572397934e-01 2.810874480074864179e-01 2.420697724748191337e+00 3.518728269926207908e-01 2.382750417430205658e+00 6.613053760860616581e-01 4.698335812207478090e-01 -4.688180846075868935e-01 -1.812407289055564252e-01 7.639379452803990445e-01 1.447281312282002741e+00 0.000000000000000000e+00
1.576995198795569375e-01 -2.916657219830748882e-01 2.784270105688643193e-01 2.418901474422460396e+00 3.501180725790424830e-01 2.396155314860417107e+00 6.656696979014562476e-01 4.818344841724309657e-01 -4.772288799622752542e-01 -1.781872316234555942e-01 7.725638574721384044e-01 1.451336907148029765e+00 0.000000000000000000e+00
1.594275746974443131e-01 -2.916994220719554831e-01 2.759191898849892022e-01 2.417158075664533445e+00 3.482372152445414315e-01 2.408652433871651066e+00 6.695513883483011908e-01 4.929766508306180905e-01 -4.849374663165368915e-01 -1.753298761556391638e-01 7.805900257863920277e-01 1.454949618324776761e+00 0.000000000000000000e+00
1.612451702531693398e-01 -2.917246439945065939e-01 2.731470554289525676e-01 2.415185266985788282e+00 3.459202473103228925e-01 2.422319201802622501e+00 6.736008579438211852e-01 5.051108782843733991e-01 -4.932218280984734804e-01 -1.721933048922847098e-01 7.893514928776164119e-01 1.458724782328018499e+00 0.000000000000000000e+00
1.628719602109909848e-01 -2.917365529151605408e-01 2.705379120833805162e-01 2.413294363794770359e+00 3.435258603547612921e-01 2.435049014411535317e+00 6.771973238379186411e-01 5.163648311293166371e-01 -5.008009848237571227e-01 -1.692606318998894632e-01 7.974985021263323315e-01 1.462084360043153453e+00 0.000000000000000000e+00
1.645787314365280418e-01 -2.917358227388665015e-01 2.676581359742392641e-01 2.411178363054184093e+00 3.406591247436345782e-01 2.448958327162421345e+00 6.809441917545784317e-01 5.286075158184654343e-01 -5.089310164205238518e-01 -1.660439660667508699e-01 8.063861364741993221e-01 1.465591743198787933e+00 0.000000000000000000e+00
1.661028557486114998e-01 -2.917212584450850632e-01 2.649522676036991653e-01 2.409171133923182051e+00 3.377658909250049746e-01 2.461901661428309573e+00 6.842694812706786589e-01 5.399490533737585363e-01 -5.163553769074467059e-01 -1.630393045011394038e-01 8.146443326984259548e-01 1.468711902731924646e+00 0.000000000000000000e+00
1.676981149807509897e-01 -2.916890327043739628e-01 2.619707422182124268e-01 2.406946476294489656e+00 3.343684918665195127e-01 2.476031390427222867e+00 6.877317238458361404e-01 5.522728646076139336e-01 -5.243043135500882190e-01 -1.597467885112040242e-01 8.236467492892752817e-01 1.471968948745091543e+00 0.000000000000000000e+00
1.691186523306183187e-01 -2.916428974935813545e-01 2.591734037847898686e-01 2.404853839985500397e+00 3.309928979212051203e-01 2.489170215373565309e+00 6.908014830553431684e-01 5.636768200009557583e-01 -5.315478453989945784e-01 -1.566736837055775211e-01 8.320062787929795034e-01 1.474865003272498143e+00 0.000000000000000000e+00
1.706011595076586673e-01 -2.915736261658089523e-01 2.560956515226505137e-01 2.402552990103066666e+00 3.270816397956486377e-01 2.503503286625309077e+00 6.939952789926207011e-01 5.760543272202898191e-01 -5.392857265252470889e-01 -1.533088462472896318e-01 8.411132244566145166e-01 1.477887691109738277e+00 0.000000000000000000e+00
1.719177850897918580e-01 -2.914903786559264187e-01 2.532127603149154638e-01 2.400405222914803627e+00 3.232420091853782651e-01 2.516820723130276605e+00 6.968270181797020513e-01 5.874944017359159387e-01 -5.463213986510728759e-01 -1.501711098509583009e-01 8.495637009115448723e-01 1.480576684862391357e+00 0.000000000000000000e+00
1.732880158343333976e-01 -2.913776868136565557e-01 2.500460707683849759e-01 2.398060872584204972e+00 3.188394620736971774e-01 2.531337703821741059e+00 6.997738059258746812e-01 5.998962768792241995e-01 -5.538199947533817280e-01 -1.467386281009824267e-01 8.587631914230602348e-01 1.483385387706043224e+00 0.000000000000000000e+00
1.745009622004221328e-01 -2.912514401377831463e-01 2.470842436802530573e-01 2.395887485554355933e+00 3.145555117162306402e-01 2.544817985516139469e+00 7.023865666923241324e-01 6.113451398264475589e-01 -5.606201768598173540e-01 -1.435402881450949519e-01 8.672939621848564373e-01 1.485885962811573258e+00 0.000000000000000000e+00
1.757590482390794240e-01 -2.910888548111262852e-01 2.438356599783724488e-01 2.393530167009257692e+00 3.096819916013231477e-01 2.559504257110002623e+00 7.051065862716765498e-01 6.237412225943849142e-01 -5.678473968470472144e-01 -1.400442400688502453e-01 8.765747456886463507e-01 1.488500388053703993e+00 0.000000000000000000e+00
1.768692729957345722e-01 -2.909132954872393206e-01 2.408021872212358638e-01 2.391358751002524041e+00 3.049747683445778179e-01 2.573132951677060021e+00 7.075214741691331355e-01 6.351703115705145120e-01 -5.743834599523741646e-01 -1.367895909006643929e-01 8.851748252178119891e-01 1.490832385062231813e+00 0.000000000000000000e+00
1.780171213704479782e-01 -2.906937203361123490e-01 2.374803914621389511e-01 2.389018453873449577e+00 2.996553188969643955e-01 2.587971843018374685e+00 7.100398924539665924e-01 6.475293098202724584e-01 -5.813097427364249947e-01 -1.332351114056276598e-01 8.945243182777259383e-01 1.493276367994597731e+00 0.000000000000000000e+00
1.790262674931211717e-01 -2.904622580816207389e-01 2.343832003565746169e-01 2.386875649998264404e+00 2.945467732082089896e-01 2.601735578571190644e+00 7.122796775097504085e-01 6.589091303162355473e-01 -5.875523920686523960e-01 -1.299286471094829587e-01 9.031822549815735623e-01 1.495461624827062019e+00 0.000000000000000000e+00
1.800655823552676782e-01 -2.901784183343394385e-01 2.309967484183968467e-01 2.384579743761391590e+00 2.888038990824157715e-01 2.616714837276507222e+00 7.146209955820935766e-01 6.711980208502972278e-01 -5.941435160295167606e-01 -1.263204216946970937e-01 9.125884067936789190e-01 1.497758601267255463e+00 0.000000000000000000e+00
1.809760727197106678e-01 -2.898841215221117373e-01 2.278443923308920982e-01 2.382490259094081964e+00 2.833165428721895474e-01 2.630601441222093939e+00 7.167105117733697517e-01 6.824978799345307046e-01 -6.000624581312451467e-01 -1.229669193157988810e-01 9.212924827634121350e-01 1.499820553741249229e+00 0.000000000000000000e+00
1.819103170754133858e-01 -2.895283915406697273e-01 2.244032682265602596e-01 2.380265219113661512e+00 2.771763110338820724e-01 2.645706669774636755e+00 7.189036249310500892e-01 6.946833732392699856e-01 -6.062873974422235968e-01 -1.193105739090666167e-01 9.307419775222586233e-01 1.501997821090443441e+00 0.000000000000000000e+00
1.827253235251199148e-01 -2.891641136884366969e-01 2.212049888907260398e-01 2.378252216111769624e+00 2.713329884738637787e-01 2.659704547448545675e+00 7.208695038687192858e-01 7.058713795577200578e-01 -6.118517396448078793e-01 -1.159150435192155826e-01 9.394801419539448029e-01 1.503961636078267938e+00 0.000000000000000000e+00
1.835579931274973764e-01 -2.887285718421531144e-01 2.177191626722333184e-01 2.376121698168923935e+00 2.648188194046503519e-01 2.674925104103268669e+00 7.229435737256729722e-01 7.179175895374483307e-01 -6.176740755779935865e-01 -1.122158711532035003e-01 9.489598635911634661e-01 1.506046758053745549e+00 0.000000000000000000e+00
1.842814998484583466e-01 -2.882869438487722924e-01 2.144847204768099425e-01 2.374206316322062360e+00 2.586421536856180481e-01 2.689023428059017284e+00 7.248145109704809963e-01 7.289607864716253216e-01 -6.228518599483529039e-01 -1.087836057850661842e-01 9.577195996276794965e-01 1.507939333482410271e+00 0.000000000000000000e+00
1.850176926409016764e-01 -2.877636092857344674e-01 2.109653902244367496e-01 2.372192435198471561e+00 2.517795110353109322e-01 2.704346344132381841e+00 7.268023609871433477e-01 7.408322930838442399e-01 -6.282391685174741891e-01 -1.050477150855246289e-01 9.672157662846294635e-01 1.509962803278652510e+00 0.000000000000000000e+00
1.856544442260348871e-01 -2.872371456988433991e-01 2.077051233918522644e-01 2.370394181561808367e+00 2.452915997738926990e-01 2.718534457481346145e+00 7.286089163125984980e-01 7.516965921717952970e-01 -6.329977713322549882e-01 -1.015842491207413489e-01 9.759842241737153312e-01 1.511812901287930444e+00 0.000000000000000000e+00
1.862994653816111013e-01 -2.866176634961591363e-01 2.041635553061230401e-01 2.368516735195214995e+00 2.381030260750325311e-01 2.733949541084180979e+00 7.305445017928682283e-01 7.633545798436172092e-01 -6.379115032805330321e-01 -9.781758226585256233e-02 9.854827876756464544e-01 1.513806676838018506e+00 0.000000000000000000e+00
1.868550524131981083e-01 -2.859987133521240121e-01 2.008883528762762105e-01 2.366853026854674802e+00 2.313251351231251363e-01 2.748216754920233207e+00 7.323195652384332233e-01 7.740045610428439860e-01 -6.422173687100003470e-01 -9.432874136930788356e-02 9.942467847699064665e-01 1.515644923780445463e+00 0.000000000000000000e+00
1.874155766551306168e-01 -2.852750114101545442e-01 1.973367453686724338e-01 2.365130104724321392e+00 2.238337520461231023e-01 2.763711010029702653e+00 7.342396378053531736e-01 7.854116123609532485e-01 -6.466237018915911294e-01 -9.053790632752661827e-02 1.003733230888877781e+00 1.517643093546332089e+00 0.000000000000000000e+00
1.878963212229038948e-01 -2.845558941315771140e-01 1.940579078366716503e-01 2.363616554164133188e+00 2.167856743013385490e-01 2.778046298980743067e+00 7.360180967813080288e-01 7.958108569435490276e-01 -6.504424751576829422e-01 -8.702976583545728173e-02 1.012479185066752496e+00 1.519501979987207374e+00 0.000000000000000000e+00
1.883793561691519403e-01 -2.837193733352075253e-01 1.905086330292088681e-01 2.362063901337712490e+00 2.090112178916405661e-01 2.793608536537232290e+00 7.379616051658206555e-01 8.069250271207767389e-01 -6.543004634708261547e-01 -8.322139554237352466e-02 1.021938533521632220e+00 1.521540896117772101e+00 0.000000000000000000e+00
1.887922770073086898e-01 -2.828923985854805978e-01 1.872379611104200425e-01 2.360714209223485405e+00 2.017110402289601367e-01 2.807999866313743542e+00 7.397804776113174885e-01 8.170357181992626838e-01 -6.575969908471535064e-01 -7.970033039663888819e-02 1.030652529766425962e+00 1.523454643677103038e+00 0.000000000000000000e+00
1.892059672207978271e-01 -2.819350502660217805e-01 1.837040584173535163e-01 2.359346016846303851e+00 1.936726149559495624e-01 2.823615400780349116e+00 7.417885010732372386e-01 8.278174592934210985e-01 -6.608715471444875922e-01 -7.588154048579019706e-02 1.040069667118027841e+00 1.525572256217879508e+00 0.000000000000000000e+00
1.895587056261895664e-01 -2.809925628003533404e-01 1.804536446500685787e-01 2.358172333689814604e+00 1.861360625787304990e-01 2.838049668528966674e+00 7.436869354563002688e-01 8.376007147158818222e-01 -6.636097427982798891e-01 -7.235419194435865897e-02 1.048737390938881520e+00 1.527577217044545854e+00 0.000000000000000000e+00
1.899115602403369796e-01 -2.799057337316997462e-01 1.769483621479506219e-01 2.357000600210388708e+00 1.778488196653227327e-01 2.853704441272777004e+00 7.458036824697225065e-01 8.480050193045487461e-01 -6.662576572911185213e-01 -6.853231026993196473e-02 1.058096271641637998e+00 1.529814538676321112e+00 0.000000000000000000e+00
1.902123316710317147e-01 -2.788401145150771754e-01 1.737306078684051902e-01 2.356013494805248687e+00 1.700889559472393842e-01 2.868166884091224667e+00 7.478231575243295959e-01 8.574206919175512143e-01 -6.684005032832234239e-01 -6.500561919639452624e-02 1.066703009073528774e+00 1.531949195448074175e+00 0.000000000000000000e+00
1.905135515457466455e-01 -2.776160453514969206e-01 1.702675773124318614e-01 2.355048667470117429e+00 1.615660015834254892e-01 2.883842722380000279e+00 7.500939684068128610e-01 8.674057483716124395e-01 -6.703852906646322607e-01 -6.118831066890220022e-02 1.075987987056035600e+00 1.534347771483854261e+00 0.000000000000000000e+00
1.907710338836352826e-01 -2.764197774272474928e-01 1.670951623721198542e-01 2.354256794907220396e+00 1.535929465677461359e-01 2.898316337767031570e+00 7.522782265538686675e-01 8.764124925992332615e-01 -6.718951698446525844e-01 -5.766950088771572586e-02 1.084518691238804511e+00 1.536652204775099451e+00 0.000000000000000000e+00
1.910302016851232187e-01 -2.750498663713363823e-01 1.636882358729096487e-01 2.353507740373051327e+00 1.448429241468867090e-01 2.913994475977993215e+00 7.547527692597429949e-01 8.859300977029584967e-01 -6.731711569019368513e-01 -5.386480908588765076e-02 1.093712655691057911e+00 1.539258107901742223e+00 0.000000000000000000e+00
1.912534042815437485e-01 -2.737155065325416192e-01 1.605740455597304273e-01 2.352918600894543744e+00 1.366633506042993496e-01 2.928459657935430283e+00 7.571479497651328883e-01 8.944851698097017190e-01 -6.740094534340664856e-01 -5.036141651069920427e-02 1.102151880290382691e+00 1.541774795131866993e+00 0.000000000000000000e+00
1.914802928330335552e-01 -2.721923263820317240e-01 1.572370994940152089e-01 2.352392738480899581e+00 1.276916627128010795e-01 2.944116623157229107e+00 7.598760254067827846e-01 9.034915145631590150e-01 -6.745388898587743043e-01 -4.657755146083338710e-02 1.111238585929733125e+00 1.544633565404012643e+00 0.000000000000000000e+00
1.916783256476077835e-01 -2.707125584937257190e-01 1.541940690087316157e-01 2.352012494611907201e+00 1.193082578744757427e-01 2.958550912550544698e+00 7.625303980652649027e-01 9.115510389700658411e-01 -6.746660558008256148e-01 -4.309739496615588861e-02 1.119570551716154938e+00 1.547406848205166607e+00 0.000000000000000000e+00
1.918830470020322643e-01 -2.690275549661340637e-01 1.509413559992781595e-01 2.351715708501066704e+00 1.101155221099157089e-01 2.974161110489048188e+00 7.655675335514184887e-01 9.199945246271347132e-01 -6.744009381143082349e-01 -3.934316174460640581e-02 1.128531955626217220e+00 1.550569618315744691e+00 0.000000000000000000e+00
1.920650969623904636e-01 -2.673951099220708283e-01 1.479824957356710435e-01 2.351549242476475232e+00 1.015270229617444286e-01 2.988538398610864455e+00 7.685320313188401808e-01 9.275132941747009641e-01 -6.737765599967391328e-01 -3.589438477771060565e-02 1.136740350738059568e+00 1.553646102007004259e+00 0.000000000000000000e+00
1.922572604238086125e-01 -2.655411962244015878e-01 1.448278991631652690e-01 2.351486500777455912e+00 9.210976005917270726e-02 3.004070845559963843e+00 7.719324885567079297e-01 9.353478480485233337e-01 -6.726777397309725570e-01 -3.217855933250711453e-02 1.145559408687856662e+00 1.557162406752290229e+00 0.000000000000000000e+00
1.924322950985466463e-01 -2.637488848201510749e-01 1.419661991417759395e-01 2.351537686929347615e+00 8.331053205262506367e-02 3.018361114481593610e+00 7.752603746548708541e-01 9.422794571547542519e-01 -6.712607382939685952e-01 -2.876959662390799269e-02 1.153627721526360839e+00 1.560590827181603801e+00 0.000000000000000000e+00
1.926217110616914308e-01 -2.617174691276816789e-01 1.389240348356940991e-01 2.351712190442495576e+00 7.365992231758156095e-02 3.033781472339484253e+00 7.790856726656334441e-01 9.494500849688198851e-01 -6.692777485462956255e-01 -2.510176217378556549e-02 1.162285525072153991e+00 1.564516859260598691e+00 0.000000000000000000e+00
1.927982617657354181e-01 -2.597581183084203826e-01 1.361724071225808852e-01 2.351984106473932190e+00 6.463980630231258573e-02 3.047950156138746092e+00 7.828326737403477065e-01 9.557466633131214140e-01 -6.670259126865791810e-01 -2.174139175210738906e-02 1.170196711406343404e+00 1.568348349120895824e+00 0.000000000000000000e+00
1.929935126942219081e-01 -2.575422904518945288e-01 1.332562336240317169e-01 2.352398899347643901e+00 5.474261195038643280e-02 3.063218037304737518e+00 7.871418015421502989e-01 9.622051618516999083e-01 -6.641183399874577287e-01 -1.813089224742192584e-02 1.178675550526883109e+00 1.572738037545673206e+00 0.000000000000000000e+00
1.931794760171212655e-01 -2.554086759023851960e-01 1.306274254088310161e-01 2.352893063214009484e+00 4.548683048973645171e-02 3.077225755440251564e+00 7.913662408212885913e-01 9.678176406909873020e-01 -6.609887928114783762e-01 -1.482818550512776667e-02 1.186412432967726804e+00 1.577025460584591920e+00 0.000000000000000000e+00
1.933890887802900416e-01 -2.529996435257978460e-01 1.278513449991565409e-01 2.353549367206610565e+00 3.532455936458678281e-02 3.092295494747528295e+00 7.962269092848466290e-01 9.735054869891242024e-01 -6.571036402552163924e-01 -1.128542495918469050e-02 1.194692067638728705e+00 1.581940723850496555e+00 0.000000000000000000e+00
1.935914414422345020e-01 -2.506844282551146663e-01 1.253578713335312678e-01 2.354266701263291406e+00 2.581376206645025206e-02 3.106097277276651081e+00 8.009897731573717428e-01 9.783833994207404849e-01 -6.530524396049877112e-01 -8.049805949522611734e-03 1.202236936164977621e+00 1.586739740134819332e+00 0.000000000000000000e+00
1.938218107983558369e-01 -2.480752046538682587e-01 1.227348304586649147e-01 2.355164892699825874e+00 1.536316984893648652e-02 3.120917123902154700e+00 8.064657649907925885e-01 9.832501265757785935e-01 -6.481479621414979464e-01 -4.584708798571668700e-03 1.210299390049083490e+00 1.592238235679451552e+00 0.000000000000000000e+00
