-1.335235029436943055e-03 9.201507210571113760e-05 2.547795675324898701e-03 -3.711848061631606299e-03 -3.506546353277961714e-03 -9.322925773438406338e-03 0.000000000000000000e+00
-1.170894928050586481e-03 1.222881770290284997e-04 2.337836527814857179e-03 -3.408466895532313856e-03 -3.112756955276907433e-03 -8.541912044412791616e-03 0.000000000000000000e+00
-1.202144414340911016e-03 1.706286097564180260e-04 2.516736086225962454e-03 -3.668764879118491251e-03 -3.241869687490517293e-03 -9.186405391110596952e-03 0.000000000000000000e+00
-1.133134797540541472e-03 2.081614882050719650e-04 2.499199828143089386e-03 -3.638794471125805785e-03 -3.109863911106014456e-03 -9.117559531671481921e-03 0.000000000000000000e+00
-9.857088737806052325e-04 2.233095253137973302e-04 2.291022929611585823e-03 -3.329423266007935922e-03 -2.757984162895965596e-03 -8.357682802639265773e-03 0.000000000000000000e+00
-9.282188842455463273e-04 2.515244323638698987e-04 2.275059758882841399e-03 -3.297409403399065297e-03 -2.653256576857554450e-03 -8.302798881758555183e-03 0.000000000000000000e+00
-9.414823744277878159e-04 3.023224196629370475e-04 2.446196339110140450e-03 -3.532880001283267291e-03 -2.760402445449283704e-03 -8.934864764351679867e-03 0.000000000000000000e+00
-8.750229509037754649e-04 3.314982272734079416e-04 2.426159702210634039e-03 -3.487350299012703658e-03 -2.645660828908269480e-03 -8.873629546953143432e-03 0.000000000000000000e+00
-7.498670196832146750e-04 3.301095428031031176e-04 2.221488480233707596e-03 -3.176427990096541976e-03 -2.344796584451636079e-03 -8.138950897216945535e-03 0.000000000000000000e+00
-6.948460751189100559e-04 3.517935132487659544e-04 2.203690296162574835e-03 -3.132418327254526957e-03 -2.254784958947819717e-03 -8.090459113258452462e-03 0.000000000000000000e+00
-6.916080014423564570e-04 4.039203754748754704e-04 2.366834231614572959e-03 -3.341112720295136285e-03 -2.345490897758484294e-03 -8.711378825642990265e-03 0.000000000000000000e+00
-5.824154489998123463e-04 3.925070830162469271e-04 2.165397078788267038e-03 -3.032777409450737593e-03 -2.078732318836706838e-03 -7.993508409822824845e-03 0.000000000000000000e+00
-5.711839578435018439e-04 4.449716829594274614e-04 2.324447373378529802e-03 -3.227183699378244341e-03 -2.162778644965612784e-03 -8.609463682424545183e-03 0.000000000000000000e+00
-4.731610977034006460e-04 4.276503009315590909e-04 2.125642729159271660e-03 -2.923270016246704017e-03 -1.918141455885979951e-03 -7.902463177093643765e-03 0.000000000000000000e+00
-4.549345204364896311e-04 4.802390724318317261e-04 2.280767727953519897e-03 -3.104181893647250945e-03 -1.997476069014680888e-03 -8.514071905274089858e-03 0.000000000000000000e+00
-3.673005104816440269e-04 4.577339638369148922e-04 2.084637582641796216e-03 -2.805149671313955650e-03 -1.772971371820197817e-03 -7.816920571240393301e-03 0.000000000000000000e+00
-3.418571091121924699e-04 5.102848819349969922e-04 2.235567523517306698e-03 -2.971365661434077765e-03 -1.848262553883817105e-03 -8.423740657152567479e-03 0.000000000000000000e+00
-2.650037954296247111e-04 4.832482574889662708e-04 2.042469576263722386e-03 -2.679328464836316925e-03 -1.643151639551643228e-03 -7.736383019778747538e-03 0.000000000000000000e+00
-2.333260205063802939e-04 5.356153833402932385e-04 2.189471808653503659e-03 -2.831982124974707915e-03 -1.716033698206054225e-03 -8.339534800113401758e-03 0.000000000000000000e+00
-1.664267963127075145e-04 5.045907448376074633e-04 1.999324998230411765e-03 -2.547014947809067564e-03 -1.528424540472528292e-03 -7.660546186877503771e-03 0.000000000000000000e+00
-1.283293347631719872e-04 5.566469748251035021e-04 2.142121262641100143e-03 -2.684945348314649038e-03 -1.599721549220056716e-03 -8.259393647076285205e-03 0.000000000000000000e+00
-7.581202791706598276e-05 5.660844690228983289e-04 2.117293577325068954e-03 -2.606995796599953508e-03 -1.545956420343053139e-03 -8.219763547833824902e-03 0.000000000000000000e+00
-2.401125386189417732e-05 5.300213456611579943e-04 1.932068853953833321e-03 -2.335470818699114659e-03 -1.382751341683974289e-03 -7.553116951275473667e-03 0.000000000000000000e+00
2.270433133996774266e-05 5.814315512315260115e-04 2.068629967078683407e-03 -2.451955027781949070e-03 -1.454060590166061928e-03 -8.146054096571209158e-03 0.000000000000000000e+00
6.466996235190980435e-05 5.426836077588870211e-04 1.886869875060592783e-03 -2.190785885579416004e-03 -1.305413224462537158e-03 -7.486847074564373372e-03 0.000000000000000000e+00
1.163170539915936441e-04 5.935977186138918782e-04 2.019403750316617341e-03 -2.293798846809913528e-03 -1.378251328540525122e-03 -8.076151847542289985e-03 0.000000000000000000e+00
1.492881843765114791e-04 5.524948443685340216e-04 1.841032111025181495e-03 -2.042752449762375022e-03 -1.242404504168348467e-03 -7.423562474173195369e-03 0.000000000000000000e+00
1.884488316495347426e-04 5.562699003398008379e-04 1.818816020144831125e-03 -1.970719703667356271e-03 -1.217159604306239373e-03 -7.394052929525329887e-03 0.000000000000000000e+00
2.473565956636891716e-04 6.062504772161303457e-04 1.945072919111390242e-03 -2.052725963831214528e-03 -1.293855701099744238e-03 -7.977218145487574574e-03 0.000000000000000000e+00
2.907415871403196128e-04 6.094232414347589000e-04 1.918838806609091119e-03 -1.967591283318803619e-03 -1.272082574981237002e-03 -7.944046088596001809e-03 0.000000000000000000e+00
3.061705759994370890e-04 5.647611692939924488e-04 1.747581591481001118e-03 -1.739387160498040430e-03 -1.158255739097224790e-03 -7.303288691857812154e-03 0.000000000000000000e+00
3.714539416102002889e-04 6.136463430521654772e-04 1.867577916810830851e-03 -1.800973766775015861e-03 -1.241242704612677272e-03 -7.880364000249828749e-03 0.000000000000000000e+00
3.784016941398571365e-04 5.677153552225977506e-04 1.700133331382330804e-03 -1.585467744602553353e-03 -1.136463311022684053e-03 -7.245171326832000602e-03 0.000000000000000000e+00
4.115945775725604605e-04 5.684804747673188885e-04 1.677199527780587340e-03 -1.511309028082941097e-03 -1.130672521922893026e-03 -7.217537324527789622e-03 0.000000000000000000e+00
4.821642702407535896e-04 6.162812066651257581e-04 1.791049105616726589e-03 -1.553695596528292810e-03 -1.221657555326327582e-03 -7.788103418493674823e-03 0.000000000000000000e+00
4.777315500558987349e-04 5.687956299181839981e-04 1.629100662049298709e-03 -1.356466646877940718e-03 -1.127943290793353981e-03 -7.159921206339348032e-03 0.000000000000000000e+00
5.517820325222910771e-04 6.156879792618696889e-04 1.738595037292706147e-03 -1.385378190984276614e-03 -1.225614934088792296e-03 -7.725206063647904742e-03 0.000000000000000000e+00
5.397930695026920134e-04 5.675507727045947526e-04 1.580609571306013095e-03 -1.201598615928389790e-03 -1.137598463904154755e-03 -7.101963933880295343e-03 0.000000000000000000e+00
6.166451452219445795e-04 6.136238633111523733e-04 1.685989795523923362e-03 -1.218305730874114090e-03 -1.242545812428996754e-03 -7.662060753956811965e-03 0.000000000000000000e+00
6.489333266400942879e-04 6.118264322828026458e-04 1.658303821602175043e-03 -1.130944697771418817e-03 -1.256550860348149001e-03 -7.628240231863259169e-03 0.000000000000000000e+00
6.264311753103879443e-04 5.629702324659868751e-04 1.506198985524120904e-03 -9.671605472760802513e-04 -1.175213941931652073e-03 -7.011119473590676776e-03 0.000000000000000000e+00
6.519102330903026044e-04 5.608891284663020116e-04 1.482564963263210966e-03 -8.936069778444633016e-04 -1.192482556032992136e-03 -6.981628713793375240e-03 0.000000000000000000e+00
7.338816044884510781e-04 6.050180166835561479e-04 1.579444356020032192e-03 -8.855700853782622062e-04 -1.314273864346127141e-03 -7.529703046591507132e-03 0.000000000000000000e+00
7.021351719714852280e-04 5.556939308514197151e-04 1.433054248293486044e-03 -7.411090273121700989e-04 -1.236770979538448501e-03 -6.917981278770080067e-03 0.000000000000000000e+00
7.864088760476395379e-04 5.986565368784613206e-04 1.525505941974147905e-03 -7.206747354828735297e-04 -1.368138754215486586e-03 -7.458663772200058162e-03 0.000000000000000000e+00
8.118771518257350550e-04 5.950140930542913154e-04 1.497546914244030081e-03 -6.362716724988004557e-04 -1.400415787794706546e-03 -7.420808821575031189e-03 0.000000000000000000e+00
7.713362180636340604e-04 5.456093137689577155e-04 1.357297613037766748e-03 -5.122408683844170696e-04 -1.324019537615406250e-03 -6.814984275098190381e-03 0.000000000000000000e+00
8.583612365815618261e-04 5.868444296288632955e-04 1.443179203865357918e-03 -4.740637290687743644e-04 -1.470995398601626647e-03 -7.343828609877700586e-03 0.000000000000000000e+00
8.123104784039103521e-04 5.376011026008709059e-04 1.307119145375762459e-03 -3.639126633654399257e-04 -1.393894120335303910e-03 -6.741896154527804441e-03 0.000000000000000000e+00
9.007374178952309851e-04 5.777170955636456995e-04 1.388775577977230391e-03 -3.147703494263964785e-04 -1.551603861373873627e-03 -7.262201994664208016e-03 0.000000000000000000e+00
8.498637261563912748e-04 5.285677875087047006e-04 1.256680567564560924e-03 -2.174889585901951250e-04 -1.472994306034536294e-03 -6.663793179509491793e-03 0.000000000000000000e+00
8.667069836429674989e-04 5.238604092153709146e-04 1.232410746333179041e-03 -1.480199672005966249e-04 -1.514022894470556935e-03 -6.624455832975328917e-03 0.000000000000000000e+00
9.571564622786465915e-04 5.618656041760372588e-04 1.307578724022095962e-03 -8.229704942852578142e-05 -1.688831217586894695e-03 -7.130165071800309562e-03 0.000000000000000000e+00
8.994466878296802914e-04 5.132821431919065702e-04 1.181630180259185536e-03 -4.806250058386751789e-06 -1.605732236318324624e-03 -6.537559761219169374e-03 0.000000000000000000e+00
9.908149479201100451e-04 5.499599847879066417e-04 1.252592376972339050e-03 7.119098226393560935e-05 -1.792338776066326744e-03 -7.032881258075995845e-03 0.000000000000000000e+00
9.291313244236265589e-04 5.016591429612970998e-04 1.130726770436740747e-03 1.359549510357993540e-04 -1.705152316723523853e-03 -6.444321291648513750e-03 0.000000000000000000e+00
1.021525564828651422e-03 5.366806106336108328e-04 1.197230040818453300e-03 2.227484415042724208e-04 -1.904108636368917473e-03 -6.927736832092801222e-03 0.000000000000000000e+00
1.036109339958485309e-03 5.294948916626518454e-04 1.168470508311758582e-03 3.001243560554200940e-04 -1.965074048035919674e-03 -6.869868846456572697e-03 0.000000000000000000e+00
9.688384269933292270e-04 4.819617058182679159e-04 1.052969119447744184e-03 3.453700199989029329e-04 -1.869718045492962943e-03 -6.288194005419800447e-03 0.000000000000000000e+00
1.062314567097932816e-03 5.144222753994398545e-04 1.112847538128958202e-03 4.476077791286670049e-04 -2.087829434298527076e-03 -6.751759589527228655e-03 0.000000000000000000e+00
9.916728320220891124e-04 4.676079088021811714e-04 1.001625947221418400e-03 4.800398412729833808e-04 -1.985851848688380272e-03 -6.175134286466654743e-03 0.000000000000000000e+00
1.001762883766688095e-03 4.603217367474821131e-04 9.769017256551215667e-04 5.438248378180077225e-04 -2.043673064600515232e-03 -6.117477008416027928e-03 0.000000000000000000e+00
1.096005221345230929e-03 4.901952293878686362e-04 1.030491642743380787e-03 6.602773585537846657e-04 -2.280297026295841079e-03 -6.560298303754041882e-03 0.000000000000000000e+00
1.106700188107601068e-03 4.808673837415344821e-04 1.001389953041553760e-03 7.338574935147335054e-04 -2.350965182366770989e-03 -6.487605799674334150e-03 0.000000000000000000e+00
1.030428770709468367e-03 4.354653429076704718e-04 8.985889355225262776e-04 7.418798973777285255e-04 -2.233714052207957934e-03 -5.921693803401684164e-03 0.000000000000000000e+00
1.125367379037567339e-03 4.622831876736621659e-04 9.455667947836920995e-04 8.727956031622241539e-04 -2.489775318254672243e-03 -6.339993980995384248e-03 0.000000000000000000e+00
1.046798676962390484e-03 4.175873027763010725e-04 8.469508931316371836e-04 8.690806763045344496e-04 -2.363865752051275138e-03 -5.780232380967920136e-03 0.000000000000000000e+00
1.054027873345797506e-03 4.085677647308605387e-04 8.221792279712869522e-04 9.292263766198516350e-04 -2.427494933217033690e-03 -5.708820009395765283e-03 0.000000000000000000e+00
1.149636680507826192e-03 4.320327971925053134e-04 8.626146178080662530e-04 1.074052449892448635e-03 -2.702451842427677775e-03 -6.100586140236341492e-03 0.000000000000000000e+00
1.067946654060097922e-03 3.888322025934476400e-04 7.704799953687224701e-04 1.052853675528986344e-03 -2.561983122299604787e-03 -5.551664810190981569e-03 0.000000000000000000e+00
1.163868452200567116e-03 4.100916494111372934e-04 8.066970294272612918e-04 1.206537548688046968e-03 -2.849110446613956071e-03 -5.924635617164941692e-03 0.000000000000000000e+00
1.170830066911737743e-03 3.979214386528595604e-04 7.774990860260899694e-04 1.274686635577282345e-03 -2.926316556837615934e-03 -5.828027235274646500e-03 0.000000000000000000e+00
1.086562085778730591e-03 3.563488155177152450e-04 6.919023075743768736e-04 1.236329066453656367e-03 -2.769759950887795696e-03 -5.291296971988046494e-03 0.000000000000000000e+00
1.183109069915921907e-03 3.738215289295632182e-04 7.216029623492992151e-04 1.403454976791174147e-03 -3.075050138568347080e-03 -5.633100639754751171e-03 0.000000000000000000e+00
1.097505073230392592e-03 3.333087242605725642e-04 6.402524557383992843e-04 1.354273125974359004e-03 -2.907311631193287838e-03 -5.105308536775599038e-03 0.000000000000000000e+00
1.102451736058177034e-03 3.217712930573268793e-04 6.154839989611082807e-04 1.410096743609479120e-03 -2.973325592048770005e-03 -5.011754987274574802e-03 0.000000000000000000e+00
1.199785147347351422e-03 3.351294688785921849e-04 6.387663879364180453e-04 1.590230252972446578e-03 -3.295455610587527673e-03 -5.320107035983401289e-03 0.000000000000000000e+00
1.205228072786279636e-03 3.209642841518478562e-04 6.098878344050207012e-04 1.654490360149196704e-03 -3.372034476464502717e-03 -5.203936871856829072e-03 0.000000000000000000e+00
1.117320473420724269e-03 2.831776677693631505e-04 5.371752562624565464e-04 1.584008243194823251e-03 -3.180499082248822162e-03 -4.696560457423615276e-03 0.000000000000000000e+00
1.121832858272359124e-03 2.703410352942747785e-04 5.125477121964983063e-04 1.637967853176824917e-03 -3.244982231034754250e-03 -4.591212889662354968e-03 0.000000000000000000e+00
1.220404844012715206e-03 2.779382206072877892e-04 5.274331633668416508e-04 1.834969621913096205e-03 -3.587486478162649206e-03 -4.851184306695621729e-03 0.000000000000000000e+00
1.225596308587623140e-03 2.622701994798859459e-04 4.986876406107287885e-04 1.897288480348535700e-03 -3.661326970857636809e-03 -4.720553268104055178e-03 0.000000000000000000e+00
1.136006689241450540e-03 2.276593733358533989e-04 4.347449964628435914e-04 1.806279169116464800e-03 -3.444476535332530176e-03 -4.237891082818023847e-03 0.000000000000000000e+00
1.140543368163562943e-03 2.135427341361517684e-04 4.102541917991309184e-04 1.858705662283632876e-03 -3.505577632858525305e-03 -4.120050871555758221e-03 0.000000000000000000e+00
1.240790975072555979e-03 2.149868257655951354e-04 4.168778644277892909e-04 2.072262887765852213e-03 -3.865464106288740709e-03 -4.327014678345175724e-03 0.000000000000000000e+00
1.150212703091943456e-03 1.832016334414876546e-04 3.594533724562420929e-04 1.966669483842942157e-03 -3.629248014944685963e-03 -3.865236719093889661e-03 0.000000000000000000e+00
1.251490797351387241e-03 1.816046843734486771e-04 3.620745315836559897e-04 2.188435374313790760e-03 -3.996241818852830363e-03 -4.044447672412410100e-03 0.000000000000000000e+00
1.160404988123739378e-03 1.516203243711600201e-04 3.090021763181849401e-04 2.073163024641111463e-03 -3.747021793492955055e-03 -3.598035066434857043e-03 0.000000000000000000e+00
1.262931851566756469e-03 1.465816416120202526e-04 3.074340529626296004e-04 2.303150563115252680e-03 -4.120442915909183768e-03 -3.747273551137464409e-03 0.000000000000000000e+00
1.171322341700892222e-03 1.188668953775451342e-04 2.588022066673523192e-04 2.178408791585262350e-03 -3.857986517072919952e-03 -3.317670005779316256e-03 0.000000000000000000e+00
1.275196165599318254e-03 1.106555127740604938e-04 2.534093588633101746e-04 2.416417762976408312e-03 -4.236338064905087464e-03 -3.437604382831249694e-03 0.000000000000000000e+00
1.282046144222073747e-03 9.125419250355371048e-05 2.253343247831107732e-04 2.474800586100833755e-03 -4.293255834041165286e-03 -3.270434924341536487e-03 0.000000000000000000e+00
1.189748428932685398e-03 6.699663472026218258e-05 1.832895348857777051e-04 2.335971523161006758e-03 -4.011095074814452488e-03 -2.868010015008248814e-03 0.000000000000000000e+00
1.296074708954139676e-03 5.362747133791367915e-05 1.719252899441969795e-04 2.586202739302656539e-03 -4.394846800074958537e-03 -2.940203363876570108e-03 0.000000000000000000e+00
1.203347800983051163e-03 3.162915571730540165e-05 1.341975790793981105e-04 2.438169951887836362e-03 -4.100055435887650646e-03 -2.557032522237712158e-03 0.000000000000000000e+00
1.311552206983493396e-03 1.468871661569615128e-05 1.189058810558973889e-04 2.696168560973433159e-03 -4.485729718096020946e-03 -2.596635262437807512e-03 0.000000000000000000e+00
1.218311563517926466e-03 -4.566820792695214237e-06 8.554164084217941166e-05 2.539200437747801686e-03 -4.178489074567526274e-03 -2.234261280694482821e-03 0.000000000000000000e+00
1.226022762523107379e-03 -2.222620903502559031e-05 6.242772269160479226e-05 2.587274735261324565e-03 -4.212074294242640349e-03 -2.075523323929573394e-03 0.000000000000000000e+00
1.337306872669391522e-03 -4.408372892511502883e-05 4.167499699186949513e-05 2.856902724598597842e-03 -4.597760778732418174e-03 -2.066401798095807152e-03 0.000000000000000000e+00
1.243274806215666217e-03 -5.945100853699258892e-05 1.459645996121361478e-05 2.686539319295633277e-03 -4.273051076983502838e-03 -1.736539714010554292e-03 0.000000000000000000e+00
1.356919461769481861e-03 -8.489610993589469246e-05 -9.817099760556224908e-06 2.963540728135427571e-03 -4.656909295619460210e-03 -1.693568892849661722e-03 0.000000000000000000e+00
1.262219554059557103e-03 -9.722225415031982010e-05 -3.257678509593908700e-05 2.784452680255178336e-03 -4.321008324112529664e-03 -1.387607004931901145e-03 0.000000000000000000e+00
1.378386005617085464e-03 -1.258527753867366705e-04 -6.051289130121206838e-05 3.068999469422628579e-03 -4.701414522160440868e-03 -1.310682114598726855e-03 0.000000000000000000e+00
1.282962975775819858e-03 -1.353685145381589017e-04 -7.906936216378612770e-05 2.880880494696036465e-03 -4.355004545924412440e-03 -1.029336844931894035e-03 0.000000000000000000e+00
1.401877830559172811e-03 -1.674862068807847493e-04 -1.105944937310754383e-04 3.172352558717506099e-03 -4.730368804234164060e-03 -9.174534022435842928e-04 0.000000000000000000e+00
1.414875326807105149e-03 -1.889473655223850024e-04 -1.362087619365404123e-04 3.225621634621589351e-03 -4.738956416932893490e-03 -7.100383409168742332e-04 0.000000000000000000e+00
1.318089489508664225e-03 -1.936916396075849534e-04 -1.483773209633998391e-04 3.023961251542139905e-03 -4.378080477393186953e-03 -4.689828202724122264e-04 0.000000000000000000e+00
1.330108202970192721e-03 -2.121247887060806470e-04 -1.699035571995355376e-04 3.068135808200089798e-03 -4.377812248780532656e-03 -2.885099846992034145e-04 0.000000000000000000e+00
1.455045618332206914e-03 -2.506496370484612157e-04 -2.081747762504582155e-04 3.372875315336365531e-03 -4.737919388269062893e-03 -1.070132221245856385e-04 0.000000000000000000e+00
1.470239098145170731e-03 -2.720140404456894423e-04 -2.328820679261545123e-04 3.423486189864988205e-03 -4.728316662671261383e-03 1.076050128654415516e-04 0.000000000000000000e+00
1.371150621713557172e-03 -2.701999712281244470e-04 -2.368277312464472928e-04 3.204017834201877690e-03 -4.351690686645426354e-03 2.919440179240950783e-04 0.000000000000000000e+00
1.501117515273223124e-03 -3.133022386185291275e-04 -2.799811679859987024e-04 3.517579184245889223e-03 -4.695611552117284759e-03 5.258346978855854559e-04 0.000000000000000000e+00
1.400614433319014029e-03 -3.079412927488034413e-04 -2.797859506047384315e-04 3.289407252713871799e-03 -4.312807077542224476e-03 6.795517657445238058e-04 0.000000000000000000e+00
1.415442411259973388e-03 -3.258728700723523275e-04 -3.000956663186116202e-04 3.329105874158244660e-03 -4.287845942735124538e-03 8.668523781603099110e-04 0.000000000000000000e+00
1.550629841069933734e-03 -3.729758525268245251e-04 -3.477643327359225545e-04 3.650324440196861531e-03 -4.612248969511956176e-03 1.150858367835905227e-03 0.000000000000000000e+00
1.447735038007283426e-03 -3.626785740202809194e-04 -3.417134534757781950e-04 3.408484253913712791e-03 -4.222422804445624678e-03 1.258225046923300283e-03 0.000000000000000000e+00
1.586630279981057767e-03 -4.126059923094671511e-04 -3.924306083814554924e-04 3.733427263678201768e-03 -4.531293500567024068e-03 1.575970008979687975e-03 0.000000000000000000e+00
1.481856871709180679e-03 -3.986447831149098064e-04 -3.824492513200272725e-04 3.482940607635320873e-03 -4.138625708466570075e-03 1.650635746406781124e-03 0.000000000000000000e+00
1.624544152608847769e-03 -4.508550257432686337e-04 -4.359422933532530742e-04 3.811337934651604087e-03 -4.430570904325747961e-03 2.000145842192768697e-03 0.000000000000000000e+00
1.645003361678207265e-03 -4.705436542953855827e-04 -4.582705648508711427e-04 3.848655722587857042e-03 -4.369982645272774135e-03 2.220659536011471147e-03 0.000000000000000000e+00
1.537023961676861616e-03 -4.512868186643537172e-04 -4.425295466992107407e-04 3.584542882956398557e-03 -3.975517355904845118e-03 2.244579648781996895e-03 0.000000000000000000e+00
1.685646413660923937e-03 -5.068919961733198143e-04 -5.002240497423704468e-04 3.915828913664043398e-03 -4.238498831544035284e-03 2.641307634453582409e-03 0.000000000000000000e+00
1.575308069909651942e-03 -4.843119075192969802e-04 -4.807987569349636559e-04 3.642296278052903347e-03 -3.844676435820204574e-03 2.630837818148545892e-03 0.000000000000000000e+00
1.727909592329414379e-03 -5.420698138390300791e-04 -5.412556481084185300e-04 3.973566321449517602e-03 -4.086491978725348417e-03 3.057533181021643287e-03 0.000000000000000000e+00
1.615005503137117993e-03 -5.158941951353690492e-04 -5.181290034494967500e-04 3.691716613589690610e-03 -3.695218016654955306e-03 3.011905787050572769e-03 0.000000000000000000e+00
1.771601853616418254e-03 -5.752432522828643258e-04 -5.810968793628634721e-04 4.022468747977292480e-03 -3.914895683670316373e-03 3.466083802672326186e-03 0.000000000000000000e+00
1.655938113389363031e-03 -5.458475007973917492e-04 -5.544655820668431545e-04 3.731512028941175174e-03 -3.527558847006062592e-03 3.385289716299588747e-03 0.000000000000000000e+00
1.675976865240680347e-03 -5.596126848008142751e-04 -5.715608152479512150e-04 3.746877826614536389e-03 -3.440658639484617254e-03 3.561345448767294641e-03 0.000000000000000000e+00
1.838504145972794102e-03 -6.213647653047771335e-04 -6.382588221865437283e-04 4.073180822412147961e-03 -3.624555643160221052e-03 4.054141551926182530e-03 0.000000000000000000e+00
1.718397629359470768e-03 -5.869009872530028815e-04 -6.064664928657204079e-04 3.770332095002437711e-03 -3.246767366541281064e-03 3.920126036748516896e-03 0.000000000000000000e+00
1.884902147720655952e-03 -6.497320884622515003e-04 -6.755118989579256272e-04 4.092550690135254854e-03 -3.405462126228275821e-03 4.436314744554969991e-03 0.000000000000000000e+00
1.761571583581200695e-03 -6.122399723297311525e-04 -6.404237931584289001e-04 3.781292914951883688e-03 -3.035929299719519747e-03 4.266653671662901104e-03 0.000000000000000000e+00
1.931977347039315340e-03 -6.762196549448540317e-04 -7.118641061379382684e-04 4.096550750114502648e-03 -3.167952581361710429e-03 4.804566853169767171e-03 0.000000000000000000e+00
1.805260985866162515e-03 -6.354977770147707261e-04 -6.734497484721102545e-04 3.778469809468276708e-03 -2.809027362153493357e-03 4.598901982472813899e-03 0.000000000000000000e+00
1.979507197139185326e-03 -7.001106290419611966e-04 -7.470635987187890237e-04 4.086226672234793966e-03 -2.914078120479501877e-03 5.155707251875973895e-03 0.000000000000000000e+00
2.004290999132227191e-03 -7.118120688688334141e-04 -7.650844601801987110e-04 4.073352244851946580e-03 -2.775318734371978735e-03 5.331470082086564588e-03 0.000000000000000000e+00
1.872136843029718889e-03 -6.666608420564656967e-04 -7.219322441127662415e-04 3.745394283740210994e-03 -2.435569873529441765e-03 5.072550399507047558e-03 0.000000000000000000e+00
2.051980418651663807e-03 -7.319985773439618981e-04 -7.988800126921269396e-04 4.037115294917015262e-03 -2.497958450107251593e-03 5.654039332698701514e-03 0.000000000000000000e+00
1.916067515931187126e-03 -6.842860087004076775e-04 -7.527562009740362825e-04 3.703033198529936953e-03 -2.172767453493484879e-03 5.360906485158967172e-03 0.000000000000000000e+00
1.937052679957609186e-03 -6.919119224499947762e-04 -7.672613874986078386e-04 3.676554002345788774e-03 -2.042201772771701229e-03 5.492223152630870686e-03 0.000000000000000000e+00
2.122003182003978639e-03 -7.575953242984767577e-04 -8.473683840160561864e-04 3.947834678638351136e-03 -2.061987114251095932e-03 6.092265247225281399e-03 0.000000000000000000e+00
1.980370513748171135e-03 -7.060069138901114982e-04 -7.969050919837128433e-04 3.607982978439672195e-03 -1.762134436299689355e-03 5.749806958793790557e-03 0.000000000000000000e+00
2.168600279952685728e-03 -7.714283163482993366e-04 -8.790335255630110645e-04 3.864344219996596053e-03 -1.753223811966631018e-03 6.359465137512287924e-03 0.000000000000000000e+00
2.022962912555700821e-03 -7.176905418820878069e-04 -8.257982970842348003e-04 3.520905888777292603e-03 -1.472172975806262940e-03 5.985059357633382149e-03 0.000000000000000000e+00
2.214207813063334696e-03 -7.828915066797614841e-04 -9.099917453417871727e-04 3.758938962701741104e-03 -1.434112509043572459e-03 6.601615147709072318e-03 0.000000000000000000e+00
2.064550211937632440e-03 -7.268988167249967880e-04 -8.540468187392957766e-04 3.414624098335039548e-03 -1.173947376023054545e-03 6.196874800988183551e-03 0.000000000000000000e+00
2.258661268604765515e-03 -7.914192335841119252e-04 -9.401613629529403937e-04 3.634154410769419030e-03 -1.107489597287347749e-03 6.817860369710881940e-03 0.000000000000000000e+00
2.281155454740807498e-03 -7.949881220406518345e-04 -9.556918490291055335e-04 3.559598779887096498e-03 -9.345222699739252903e-04 6.919857279562791064e-03 0.000000000000000000e+00
2.125317975818039051e-03 -7.362206210376198712e-04 -8.957340253724632717e-04 3.215908748131823813e-03 -7.083241405965168269e-04 6.471729502655954036e-03 0.000000000000000000e+00
2.143757888408391599e-03 -7.379757674114140187e-04 -9.086023336628556990e-04 3.143703301693889784e-03 -5.591644796205663681e-04 6.546259154923905754e-03 0.000000000000000000e+00
2.342777775763957293e-03 -8.007375315016163064e-04 -9.987647936923749192e-04 3.319390110900322099e-03 -4.365006629956091899e-04 7.169572393312950709e-03 0.000000000000000000e+00
2.180896534467770265e-03 -7.398509216030579871e-04 -9.351092771149871474e-04 2.979093059429338552e-03 -2.458762648296364262e-04 6.683206534507490915e-03 0.000000000000000000e+00
2.381932978020098301e-03 -8.015885435743164145e-04 -1.027262147148932936e-03 3.129892861979399754e-03 -9.578958706546458757e-05 7.304041310270292797e-03 0.000000000000000000e+00
2.401466312749060694e-03 -8.007926307622703632e-04 -1.041840426880435988e-03 3.024382509745571213e-03 8.120363170061040137e-05 7.363021625694798900e-03 0.000000000000000000e+00
2.233499257258665660e-03 -7.380792724195894827e-04 -9.745750636467320760e-04 2.692419282250391177e-03 2.326621553176977386e-04 6.842553111392923881e-03 0.000000000000000000e+00
2.249035219654311590e-03 -7.363947412342697341e-04 -9.868337847171448907e-04 2.593127329885369647e-03 3.835610455951155018e-04 6.880634800549678687e-03 0.000000000000000000e+00
2.453350825538838653e-03 -7.952795716953398042e-04 -1.082882737619417224e-03 2.692070789823475252e-03 5.855821792293269823e-04 7.490527869810748030e-03 0.000000000000000000e+00
2.279657030224238080e-03 -7.311568208404062297e-04 -1.012191599017220334e-03 2.373370391983264938e-03 6.966466485271993747e-04 6.941940365544851943e-03 0.000000000000000000e+00
2.485210220885984700e-03 -7.882676265196786325e-04 -1.110111085923903840e-03 2.445808190215004174e-03 9.227864603351676465e-04 7.543654813373823487e-03 0.000000000000000000e+00
2.307723294449559592e-03 -7.236584348856434090e-04 -1.037221991096348717e-03 2.137140546031091048e-03 1.006363857582126542e-03 6.978754849289892093e-03 0.000000000000000000e+00
2.514107033645705813e-03 -7.790611360473098657e-04 -1.137143583158806148e-03 2.180623153384964041e-03 1.256410290626508441e-03 7.570720474653791499e-03 0.000000000000000000e+00
2.528048410447021610e-03 -7.731720523960206037e-04 -1.151079942472432727e-03 2.037767366935838709e-03 1.427289674376552853e-03 7.575448928000882987e-03 0.000000000000000000e+00
2.345131021095250845e-03 -7.080711510195070169e-04 -1.074887978440658420e-03 1.749594635343854065e-03 1.467853785335648809e-03 6.990845330597128537e-03 0.000000000000000000e+00
2.355582107165826722e-03 -7.021490835001920061e-04 -1.086704102588764709e-03 1.620809957342039809e-03 1.610805767975342917e-03 6.984265501449593572e-03 0.000000000000000000e+00
2.562821762546546589e-03 -7.534649094015910542e-04 -1.190510665832256176e-03 1.606923561356055075e-03 1.904282602250617629e-03 7.552783277612773460e-03 0.000000000000000000e+00
2.573467011192140386e-03 -7.452334561835471938e-04 -1.204320198336078507e-03 1.450179122589823066e-03 2.067476641455456843e-03 7.534009827842025331e-03 0.000000000000000000e+00
2.384063283971765007e-03 -6.802531509310649760e-04 -1.123857713192566443e-03 1.195698191694738455e-03 2.051428706663305235e-03 6.932072061778482563e-03 0.000000000000000000e+00
2.591173022648753099e-03 -7.281016936774853399e-04 -1.230741344052266317e-03 1.138116510031927930e-03 2.375090702596782677e-03 7.480825151339409729e-03 0.000000000000000000e+00
2.398916134792844490e-03 -6.633653202609557376e-04 -1.148217219209768380e-03 9.041284479254230178e-04 2.330657589289408804e-03 6.874427785928505230e-03 0.000000000000000000e+00
2.404949903628196550e-03 -6.546011547168828493e-04 -1.159875587426223431e-03 7.615792532194021192e-04 2.461481983378366323e-03 6.840747513425338155e-03 0.000000000000000000e+00
2.611345018710686805e-03 -6.987076998094532421e-04 -1.269664002174514250e-03 6.629718770403414396e-04 2.811354034477631103e-03 7.368761027842785083e-03 0.000000000000000000e+00
2.616525445281986384e-03 -6.874667526998168299e-04 -1.283316949715090916e-03 4.915839651511433317e-04 2.959396925501511788e-03 7.320074718787594747e-03 0.000000000000000000e+00
2.419160337370294955e-03 -6.240225031488577656e-04 -1.196713664812387723e-03 3.017855511604494723e-04 2.860131173469504517e-03 6.710838573936284135e-03 0.000000000000000000e+00
2.422136577212671837e-03 -6.135312098253797863e-04 -1.208305360081624036e-03 1.549156871130108470e-04 2.981155143709557365e-03 6.663303410112897396e-03 0.000000000000000000e+00
2.626531216580581252e-03 -6.522998905965082805e-04 -1.322074615726032132e-03 2.006221913930517076e-06 3.362986853348903793e-03 7.161862353127990133e-03 0.000000000000000000e+00
2.425975566099101977e-03 -5.903690298215136245e-04 -1.232467971035211551e-03 -1.522870459540470733e-04 3.225071447663818702e-03 6.555572661805175727e-03 0.000000000000000000e+00
2.628895810550965773e-03 -6.263768674897307598e-04 -1.348201438636953409e-03 -3.317530647803934585e-04 3.621587352446109520e-03 7.038888912284990695e-03 0.000000000000000000e+00
2.628937648287310580e-03 -6.120602777738848310e-04 -1.361787827682009455e-03 -5.036912924625269738e-04 3.750989404744942135e-03 6.971633457439452286e-03 0.000000000000000000e+00
2.425829054865984158e-03 -5.519668656249199223e-04 -1.269010065908460216e-03 -6.178659608320202778e-04 3.574682393687300674e-03 6.372723237578314937e-03 0.000000000000000000e+00
2.626225289701251964e-03 -5.834278497999223490e-04 -1.387794212478671296e-03 -8.341223395698094123e-04 3.991394301994688476e-03 6.834308654084741974e-03 0.000000000000000000e+00
2.421934817189358435e-03 -5.246580085044305619e-04 -1.292985030488857934e-03 -9.201558573082024850e-04 3.790980046038505691e-03 6.243079608118984325e-03 0.000000000000000000e+00
2.620482921326536263e-03 -5.528905871007294692e-04 -1.413661137938060364e-03 -1.158229175270975020e-03 4.219367856843625475e-03 6.690842939485852625e-03 0.000000000000000000e+00
2.415106268832414860e-03 -4.957542346942234168e-04 -1.316824400748373147e-03 -1.216832103088094641e-03 3.996249739606660967e-03 6.107846705758923633e-03 0.000000000000000000e+00
2.410838047360031045e-03 -4.813149839171804167e-04 -1.328224858921034368e-03 -1.356691368711082646e-03 4.091125016354890676e-03 6.041688802975953010e-03 0.000000000000000000e+00
2.606127578356917662e-03 -5.047461473010605992e-04 -1.451693329195424820e-03 -1.625481633482195321e-03 4.536188861318901644e-03 6.469353158462087805e-03 0.000000000000000000e+00
2.599732457681219744e-03 -4.868554160438742784e-04 -1.464940374220319308e-03 -1.783717820261543352e-03 4.641499179370622841e-03 6.390728805318435235e-03 0.000000000000000000e+00
2.393267362596179781e-03 -4.332081932414966197e-04 -1.363930518197442598e-03 -1.785148748808751407e-03 4.375544782083906625e-03 5.828454507183167266e-03 0.000000000000000000e+00
2.585019581112166231e-03 -4.513360232594187949e-04 -1.490188886971999249e-03 -2.080885651843722428e-03 4.836292217216264788e-03 6.237613445835732406e-03 0.000000000000000000e+00
2.378583354962604535e-03 -3.995677256068419503e-04 -1.387118637678930178e-03 -2.052971986395313309e-03 4.550492408188944182e-03 5.687752264138978830e-03 0.000000000000000000e+00
2.370731326748004575e-03 -3.828413206022895920e-04 -1.398127933732812300e-03 -2.176767426268710892e-03 4.631185619933919639e-03 5.620618677758537629e-03 0.000000000000000000e+00
2.558912471197299920e-03 -3.954270023658890132e-04 -1.526933179373080041e-03 -2.493954995991920498e-03 5.105762205443564739e-03 6.013925234252592844e-03 0.000000000000000000e+00
2.548396007154604681e-03 -3.749322023604007015e-04 -1.539629081622639895e-03 -2.631422649546522052e-03 5.195878891759875273e-03 5.936345028509926181e-03 0.000000000000000000e+00
2.342738845951458648e-03 -3.274110208720815152e-04 -1.432310991036661596e-03 -2.546488239126176722e-03 4.874013500142382327e-03 5.412092618352737361e-03 0.000000000000000000e+00
2.332967160590018740e-03 -3.091048348993208350e-04 -1.442873311131603886e-03 -2.655268004263966475e-03 4.946795485389898772e-03 5.348167371668877124e-03 0.000000000000000000e+00
2.515987266300673264e-03 -3.137122414620940880e-04 -1.574891039187842345e-03 -2.994887456557293604e-03 5.439332456472101285e-03 5.723154406264807648e-03 0.000000000000000000e+00
2.311505309329275892e-03 -2.696671860738519833e-04 -1.464463226937606777e-03 -2.869099057779322948e-03 5.093658588547711474e-03 5.218893430787963084e-03 0.000000000000000000e+00
2.491828574311349964e-03 -2.700470916014441336e-04 -1.597960119022939773e-03 -3.216581472432977762e-03 5.595108774802959317e-03 5.586238912010488278e-03 0.000000000000000000e+00
2.288571854637738712e-03 -2.284148915240868938e-04 -1.485408239054047952e-03 -3.063957168814468446e-03 5.234057504331257604e-03 5.096054011223483116e-03 0.000000000000000000e+00
2.466484410310637587e-03 -2.243267415055205660e-04 -1.620234056704500381e-03 -3.416319924525623719e-03 5.744103112987897219e-03 5.457439756875404058e-03 0.000000000000000000e+00
2.264609276454609965e-03 -1.852712453844773677e-04 -1.505553551690130831e-03 -3.238007101765028040e-03 5.369343923116609574e-03 4.980829939326358868e-03 0.000000000000000000e+00
2.439908022952005928e-03 -1.765317293540569210e-04 -1.641635915375361243e-03 -3.593500886324818566e-03 5.888352482853242975e-03 5.337052237914363673e-03 0.000000000000000000e+00
2.425922804375646447e-03 -1.507944062857924372e-04 -1.652378297961637488e-03 -3.675842411430707557e-03 5.961291656160661034e-03 5.278765956668873827e-03 0.000000000000000000e+00
2.226627708423259411e-03 -1.158113057010967673e-04 -1.534568999171648240e-03 -3.460478308699777017e-03 5.566911019034392893e-03 4.823171238787171689e-03 0.000000000000000000e+00
2.398380485620105196e-03 -9.953682198182711716e-05 -1.672190044753468774e-03 -3.815179269019530750e-03 6.099698807446429782e-03 5.174291630160920974e-03 0.000000000000000000e+00
2.201167012336344153e-03 -6.737777357446184112e-05 -1.552332836373682134e-03 -3.576955312770024875e-03 5.693176396652788185e-03 4.732263293121707903e-03 0.000000000000000000e+00
2.188892178422441326e-03 -4.330840582839057262e-05 -1.560469288690746748e-03 -3.624059046167360520e-03 5.753099194686139839e-03 4.692718815069163441e-03 0.000000000000000000e+00
2.357522275921675181e-03 -1.913073620557481647e-05 -1.699335119711070652e-03 -3.972391196815472370e-03 6.299524471255590896e-03 5.042222097367154987e-03 0.000000000000000000e+00
2.343137383191640222e-03 1.053522581806465297e-05 -1.708209107537578264e-03 -4.013062804301803510e-03 6.369480267173877053e-03 5.002571745065909070e-03 0.000000000000000000e+00
2.150358849257766325e-03 3.667721155631298302e-05 -1.584316243550099035e-03 -3.733865633806843221e-03 5.941229995396923869e-03 4.585818890445070295e-03 0.000000000000000000e+00
2.138409750756103955e-03 6.318819367157058053e-05 -1.591205324992683856e-03 -3.755532913336523393e-03 6.000487004985011197e-03 4.558324936877689026e-03 0.000000000000000000e+00
2.303372195455594129e-03 9.909537665608869617e-05 -1.731192391805302933e-03 -4.085894522865451961e-03 6.567606708486550815e-03 4.910761471381031029e-03 0.000000000000000000e+00
2.289731612863943333e-03 1.318749764173676731e-04 -1.738492011064712850e-03 -4.095612314416463562e-03 6.638092511974669208e-03 4.886338854507954466e-03 0.000000000000000000e+00
2.101864175221429543e-03 1.515022538703947319e-04 -1.610777263859386466e-03 -3.782131209506545133e-03 6.190030176084881930e-03 4.492270150536992190e-03 0.000000000000000000e+00
2.090833739657210755e-03 1.808386817697127391e-04 -1.616216021035760120e-03 -3.776754352645461665e-03 6.250788182822653027e-03 4.478510298688620495e-03 0.000000000000000000e+00
2.252992572884499056e-03 2.298544277841707562e-04 -1.756589587538909258e-03 -4.077787762331475108e-03 6.840631473929548179e-03 4.840173840656714077e-03 0.000000000000000000e+00
2.240799349998101597e-03 2.662049018979373294e-04 -1.761974368392815737e-03 -4.054346091593608037e-03 6.913944771531177480e-03 4.832558988851820558e-03 0.000000000000000000e+00
2.058074385589470090e-03 2.787752198152304572e-04 -1.630819344766637480e-03 -3.714523544638304031e-03 6.447518355814363389e-03 4.458230002968521788e-03 0.000000000000000000e+00
2.218801923732111048e-03 3.387900299343660215e-04 -1.770920713272755576e-03 -3.985586217831738054e-03 7.056657413104350240e-03 4.831245737315859046e-03 0.000000000000000000e+00
2.038628098787381715e-03 3.476790747204971943e-04 -1.638109000884707678e-03 -3.635297818426863614e-03 6.581694750144251316e-03 4.465193785287091544e-03 0.000000000000000000e+00
2.029987620544210225e-03 3.821196570595319919e-04 -1.640932557984781104e-03 -3.586203628918482877e-03 6.647866991238871037e-03 4.474576621968040513e-03 0.000000000000000000e+00
2.189956402991882767e-03 4.539684697812962355e-04 -1.780334956522605649e-03 -3.820900266543247881e-03 7.278105754858543719e-03 4.862822783122000558e-03 0.000000000000000000e+00
2.013568115110275780e-03 4.568949251822496116e-04 -1.645329326367822587e-03 -3.460485558939296880e-03 6.789644138510020355e-03 4.507068869465058469e-03 0.000000000000000000e+00
2.173401644425754231e-03 5.371550999345164890e-04 -1.783951262971844587e-03 -3.668158686195965856e-03 7.434378826155718656e-03 4.907350286329936750e-03 0.000000000000000000e+00
2.165753266986591985e-03 5.824948765830173514e-04 -1.784911832201641069e-03 -3.573713582807336309e-03 7.519026286964436423e-03 4.938745059922755587e-03 0.000000000000000000e+00
1.993029228688186771e-03 5.789706632233770911e-04 -1.647939468866876922e-03 -3.208022145194888708e-03 7.016886671340927251e-03 4.591095041483583827e-03 0.000000000000000000e+00
1.987723488174608644e-03 6.197938287155202453e-04 -1.647675623857203231e-03 -3.112443057518454737e-03 7.091866299981930410e-03 4.626671063704401732e-03 0.000000000000000000e+00
2.148079677375847041e-03 7.187750143669568992e-04 -1.784093034574413261e-03 -3.256085406445841102e-03 7.769375886566010081e-03 5.057302067907443188e-03 0.000000000000000000e+00
1.978609281781840146e-03 7.086188228302980896e-04 -1.645432189105067167e-03 -2.889533332993465820e-03 7.253914185353149691e-03 4.715080741550137233e-03 0.000000000000000000e+00
2.139654721884570732e-03 8.180962902596955466e-04 -1.780359120157587460e-03 -2.995523887885376269e-03 7.949732455107660911e-03 5.164293272055475725e-03 0.000000000000000000e+00
1.972133055172436977e-03 8.029105284443338597e-04 -1.640789680722898325e-03 -2.633509236812159315e-03 7.423918206561630484e-03 4.823643678364852860e-03 0.000000000000000000e+00
2.134043075779634702e-03 9.231494791867578265e-04 -1.774020393040559584e-03 -2.701482634988927600e-03 8.137850987452122098e-03 5.292660522632663955e-03 0.000000000000000000e+00
1.968343104273045929e-03 9.030757855438831250e-04 -1.633663675689150940e-03 -2.344378489372189733e-03 7.602555841832892014e-03 4.953025786871290137e-03 0.000000000000000000e+00
2.131387567669812411e-03 1.035222476863106866e-03 -1.764848476035030256e-03 -2.368903110736120254e-03 8.336813664051145878e-03 5.444768191287696624e-03 0.000000000000000000e+00
2.131043933690845993e-03 1.095958120302331640e-03 -1.759007084768143825e-03 -2.184082173522838843e-03 8.443166338308660812e-03 5.532479878860074862e-03 0.000000000000000000e+00
1.967526288999238426e-03 1.067582543486489399e-03 -1.617804055806332242e-03 -1.841715744789418352e-03 7.891472961970347200e-03 5.191172098570007165e-03 0.000000000000000000e+00
2.132590570847636702e-03 1.219102628099932861e-03 -1.745439502045476043e-03 -1.797232184055808091e-03 8.657599651074043834e-03 5.721298300169763706e-03 0.000000000000000000e+00
1.970072703088660004e-03 1.184649184893638019e-03 -1.603942187592743984e-03 -1.469680473380030605e-03 8.093512913613487569e-03 5.376523703906732621e-03 0.000000000000000000e+00
0.000000000000000000e+00 0.000000000000000000e+00 0.000000000000000000e+00 0.000000000000000000e+00 0.000000000000000000e+00 0.000000000000000000e+00 0.000000000000000000e+00
