-2.095555763271142458e-01 -1.471259391431610219e-01 1.019616448070851528e-01 2.360029134113600602e+00 -6.616571855931674406e-03 3.130092344678898186e+00 -7.853873110160061177e-01 6.952490286548027587e-01 -1.356547680259123645e-02 4.493700989953364720e-03 8.763070979990933429e-01 1.029711365516300164e-03 0.000000000000000000e+00
-2.106020127277975496e-01 -1.485209088211469353e-01 1.038117895273072133e-01 2.362675309349303809e+00 -1.157366685798155714e-02 3.121659637390246989e+00 -7.854085497256995119e-01 6.927392656435120699e-01 -2.290664748409865226e-02 7.675638058150282585e-03 8.786994821853387760e-01 1.753329944467983507e-03 0.000000000000000000e+00
-2.115431889743336347e-01 -1.497759580275093150e-01 1.055700924124292617e-01 2.365027979809096959e+00 -1.627776138696557240e-02 3.113785433810221548e+00 -7.854406408168350673e-01 6.901094606460861369e-01 -3.119507058669790389e-02 1.056706430286563636e-02 8.807364675241131646e-01 2.417415559823249838e-03 0.000000000000000000e+00
-2.125344636256220610e-01 -1.511018394611266247e-01 1.075281834906438166e-01 2.367479237153728988e+00 -2.150748292967730180e-02 3.105162458963524053e+00 -7.854798558638864669e-01 6.869303120948040409e-01 -3.981891882859223131e-02 1.365073956936568855e-02 8.827624673233910313e-01 3.142102784177192715e-03 0.000000000000000000e+00
-2.134945906279435701e-01 -1.523940598872936536e-01 1.095405055485861312e-01 2.369829158534328961e+00 -2.687176359215115440e-02 3.096447110681092241e+00 -7.855146101161120109e-01 6.834139407704906688e-01 -4.807724821087355771e-02 1.668419552396632755e-02 8.846038434800990169e-01 3.882036085623188394e-03 0.000000000000000000e+00
-2.143519538665927260e-01 -1.535585954055397051e-01 1.114444833773073629e-01 2.371908762032025830e+00 -3.193620425583709732e-02 3.088324895500596856e+00 -7.855349167194238813e-01 6.798797262668737629e-01 -5.538509540010538856e-02 1.944090118763190309e-02 8.861456140141731330e-01 4.586771187970528803e-03 0.000000000000000000e+00
-2.152479565420351848e-01 -1.547910609422499251e-01 1.135559447566731606e-01 2.374064913106064267e+00 -3.753884317229738699e-02 3.079445916913009729e+00 -7.855359819838598767e-01 6.757472992033978221e-01 -6.296724818161547610e-02 2.238112049664725198e-02 8.876494345027136079e-01 5.382415010618269921e-03 0.000000000000000000e+00
-2.160432786786083970e-01 -1.559031187440715061e-01 1.155487806780110122e-01 2.375966066761749929e+00 -4.281255767949510016e-02 3.071179080040131737e+00 -7.855102824793405158e-01 6.716586811398536083e-01 -6.966150305569329682e-02 2.505296598859366869e-02 8.888872717773824705e-01 6.154381666699526750e-03 0.000000000000000000e+00
-2.168068563721595177e-01 -1.569919319005999847e-01 1.175821818022217552e-01 2.377782020839439792e+00 -4.817808953604174604e-02 3.062847256018743192e+00 -7.854522921466040586e-01 6.673152651390161783e-01 -7.607000074480518848e-02 2.768510541316268614e-02 8.899852930948222163e-01 6.969377619885626894e-03 0.000000000000000000e+00
-2.175967219136202280e-01 -1.581466962204202686e-01 1.198293130276923829e-01 2.379653439547280591e+00 -5.408804071963135840e-02 3.053750310123459322e+00 -7.853454328078647295e-01 6.623298941574150556e-01 -8.269581237886791669e-02 3.049239969426945779e-02 8.910209964427538987e-01 7.908794170546165972e-03 0.000000000000000000e+00
-2.183464265057942777e-01 -1.592772586909184107e-01 1.221205059743632609e-01 2.381425911116275440e+00 -6.009063959636140595e-02 3.044583101581372464e+00 -7.851857097214871573e-01 6.570647581033011164e-01 -8.900204468212113973e-02 3.325492582133307562e-02 8.919029688167608994e-01 8.914392875038429018e-03 0.000000000000000000e+00
-2.190012499870527818e-01 -1.603005931724310051e-01 1.242731306120125195e-01 2.382974627281049251e+00 -6.570751446299283316e-02 3.036060557648013081e+00 -7.849843747430772511e-01 6.519620748756820294e-01 -9.454301764613992631e-02 3.576554187641041438e-02 8.925835396333305916e-01 9.908795379830699634e-03 0.000000000000000000e+00
-2.196689170786632617e-01 -1.613887326754595286e-01 1.266443022753912517e-01 2.384558269507439210e+00 -7.186736632538437419e-02 3.026764012086502476e+00 -7.847008812450383397e-01 6.461797529378747740e-01 -1.002492397557981363e-01 3.844342109270153934e-02 8.931806869287536310e-01 1.106500260589939749e-02 0.000000000000000000e+00
-2.202455944193945359e-01 -1.623755206446744759e-01 1.288674739678176695e-01 2.385933984768713323e+00 -7.761485755723729341e-02 3.018125667999379758e+00 -7.843733124309586469e-01 6.406164759997264868e-01 -1.052503899668582044e-01 4.087745046049308384e-02 8.936072587563570480e-01 1.221092337225766419e-02 0.000000000000000000e+00
-2.207829527558590743e-01 -1.633464989245315968e-01 1.311221752686083930e-01 2.387227693273327400e+00 -8.341454171492612701e-02 3.009433925736245463e+00 -7.839767677446456418e-01 6.348429424935164711e-01 -1.100008035612867197e-01 4.327562702210944329e-02 8.939175836023787181e-01 1.343836287540487763e-02 0.000000000000000000e+00
-2.213195233968184850e-01 -1.643818502226045697e-01 1.335985764007007193e-01 2.388537552413065868e+00 -8.974825999852509284e-02 2.999958861499217200e+00 -7.834635766025874748e-01 6.283596765568003617e-01 -1.148714588789325752e-01 4.583398440091565607e-02 8.941272409591950465e-01 1.486606481044494034e-02 0.000000000000000000e+00
-2.218070858468019768e-01 -1.654013674716522386e-01 1.361084087966680234e-01 2.389752926701206537e+00 -9.612662096462631922e-02 2.990423057039018229e+00 -7.828563092950222568e-01 6.216451816584380730e-01 -1.194598191210303195e-01 4.835141232271870926e-02 8.942085339514697084e-01 1.640312903953019055e-02 0.000000000000000000e+00
-2.222127100423621771e-01 -1.663295315837990396e-01 1.384529724862917921e-01 2.390792064037405407e+00 -1.020452900037334132e-01 2.981568132554029749e+00 -7.822076964115333153e-01 6.152513313553213958e-01 -1.234526965433861978e-01 5.063979174601814653e-02 8.941746452265985079e-01 1.792369831461376045e-02 0.000000000000000000e+00
-2.225746132335492955e-01 -1.672463569359650126e-01 1.408227565631797185e-01 2.391752793075529127e+00 -1.079865704051297115e-01 2.972662823155243217e+00 -7.814696013154178722e-01 6.086757203078067002e-01 -1.272178736925402287e-01 5.289464446790700242e-02 8.940394898012768987e-01 1.954720292701809733e-02 0.000000000000000000e+00
-2.229162703317286442e-01 -1.682279429204005250e-01 1.434165773566897228e-01 2.392706203689065614e+00 -1.144395230703501021e-01 2.962959208661054333e+00 -7.805639933867364322e-01 6.013555559985331866e-01 -1.310467003917472617e-01 5.530028204176477835e-02 8.937830939673296893e-01 2.142716371061325828e-02 0.000000000000000000e+00
-2.232040843713173073e-01 -1.691986545068902836e-01 1.460362250013071961e-01 2.393570202262512492e+00 -1.209007921185620837e-01 2.953197116252092691e+00 -7.795418721603640799e-01 5.938373856622122249e-01 -1.346198636263065129e-01 5.766761586900664982e-02 8.934156443159259053e-01 2.343984562384604162e-02 0.000000000000000000e+00
-2.234212645950259812e-01 -1.700860136269277956e-01 1.484754551932106481e-01 2.394289772764778945e+00 -1.268636601439459000e-01 2.944134431316801859e+00 -7.784913216893550869e-01 5.867306071352812458e-01 -1.376990104786559588e-01 5.981971218471048013e-02 8.929824811646245308e-01 2.541914439669575726e-02 0.000000000000000000e+00
-2.236030364163406892e-01 -1.710389767136989703e-01 1.511389606180081335e-01 2.394986417888566699e+00 -1.333127743828681488e-01 2.934260727632514776e+00 -7.772325786001290648e-01 5.788585692691160522e-01 -1.408037236774701828e-01 6.211583141992795681e-02 8.924154941685465969e-01 2.769976112153653067e-02 0.000000000000000000e+00
-2.237203879209732627e-01 -1.719119205929707794e-01 1.536153592652042543e-01 2.395554384911637857e+00 -1.392477786492074543e-01 2.925094801926212185e+00 -7.759544610139726961e-01 5.714382701028555278e-01 -1.434606263389879288e-01 6.420303815119632329e-02 8.918048979096186990e-01 2.993578654287528534e-02 0.000000000000000000e+00
-2.237886954896812497e-01 -1.727792650477237846e-01 1.561072014822156850e-01 2.396051863431587492e+00 -1.451574589046078501e-01 2.915879027025674475e+00 -7.745614280267795193e-01 5.638775557681204864e-01 -1.459231182409297389e-01 6.625983907295654451e-02 8.911141405018794259e-01 3.230086916675820041e-02 0.000000000000000000e+00
-2.238064126605524840e-01 -1.737134863655993844e-01 1.588223268505144503e-01 2.396513163827609816e+00 -1.515217161714375038e-01 2.905838975037597915e+00 -7.729181910551735646e-01 5.555351370744200379e-01 -1.483765553951652549e-01 6.845415065312733527e-02 8.902790397630578889e-01 3.501324464154426108e-02 0.000000000000000000e+00
-2.237703915929541432e-01 -1.745716236967026214e-01 1.613413605601639600e-01 2.396869159191489462e+00 -1.573531162755736901e-01 2.896518958497175777e+00 -7.712748209255128051e-01 5.477022143867653625e-01 -1.504504920940643586e-01 7.044906636905684527e-02 8.894318882203036125e-01 3.765835865404901228e-02 0.000000000000000000e+00
-2.236739079024926968e-01 -1.754975366418707050e-01 1.640823085793047253e-01 2.397181286735970307e+00 -1.636140160274797140e-01 2.886365512400905775e+00 -7.693536165151295680e-01 5.390806298317973866e-01 -1.524964656015177500e-01 7.257758122554586189e-02 8.884353333403960384e-01 4.068082178707196905e-02 0.000000000000000000e+00
-2.235166973294191173e-01 -1.764205323092704614e-01 1.668338446911837580e-01 2.397419505824228025e+00 -1.698063084244827436e-01 2.876152717268666947e+00 -7.672809448177482228e-01 5.303242893256713275e-01 -1.543381746533620813e-01 7.467238212711016510e-02 8.873599488922219169e-01 4.387170905309642488e-02 0.000000000000000000e+00
-2.233174845824066057e-01 -1.772705109494440434e-01 1.693814569213526466e-01 2.397576042865908974e+00 -1.754527404392751677e-01 2.866672749466812053e+00 -7.652313760428233191e-01 5.221297426514974749e-01 -1.558641659579775851e-01 7.657685023451786532e-02 8.863014089379427363e-01 4.696840364031614617e-02 0.000000000000000000e+00
-2.230658037305047747e-01 -1.781192229346058031e-01 1.719349644647426567e-01 2.397673957886059082e+00 -1.810242578847933714e-01 2.857141964619240415e+00 -7.630477171070128017e-01 5.138337961188189640e-01 -1.572277044360981257e-01 7.845361314421032961e-02 8.851825483849732334e-01 5.021349039571291334e-02 0.000000000000000000e+00
-2.227336473610664613e-01 -1.790378047706785436e-01 1.747061794168545679e-01 2.397716609710105473e+00 -1.869663858732666384e-01 2.846759670867601510e+00 -7.605283667157978211e-01 5.047395004703618682e-01 -1.585278596802746076e-01 8.045607725735452742e-02 8.839060952744982602e-01 5.389881432405659728e-02 0.000000000000000000e+00
-2.223716047576866639e-01 -1.798856075108178632e-01 1.772672362107942934e-01 2.397700116956428040e+00 -1.923565503151491995e-01 2.837123013932901561e+00 -7.580575524354495887e-01 4.962517730496839308e-01 -1.595691556664957655e-01 8.227640611907253987e-02 8.826712540560557319e-01 5.746086718344323857e-02 0.000000000000000000e+00
-2.219190082493756877e-01 -1.808044695258656243e-01 1.800431836283030995e-01 2.397624931118230940e+00 -1.980835181121829436e-01 2.826626385848290290e+00 -7.552208198213243850e-01 4.869631665101919471e-01 -1.605308231361233240e-01 8.421844144260716425e-02 8.812758242238813988e-01 6.149593490313077365e-02 0.000000000000000000e+00
-2.214454956643154837e-01 -1.816534027182807598e-01 1.826054590733636740e-01 2.397505386238469427e+00 -2.032581487307849599e-01 2.816884930111513974e+00 -7.524531962374868543e-01 4.783095574431157071e-01 -1.612711819191654516e-01 8.598396744251837753e-02 8.799379186712529277e-01 6.538437479886344272e-02 0.000000000000000000e+00
-2.208720092159994208e-01 -1.825743513373319082e-01 1.853794965346956536e-01 2.397325041657513811e+00 -2.087339156060217249e-01 2.806275457014506536e+00 -7.492912250752357117e-01 4.688555020209025370e-01 -1.619195284865451168e-01 8.786767121580187079e-02 8.784379597662930195e-01 6.977644342386531140e-02 0.000000000000000000e+00
-2.202350791387476525e-01 -1.834972458449807553e-01 1.881498706412574884e-01 2.397095804301581090e+00 -2.140642814894007095e-01 2.795608542128715790e+00 -7.459552163357480170e-01 4.593254466390812585e-01 -1.624123464462643440e-01 8.972143107157876107e-02 8.768884660650576590e-01 7.435907786961916399e-02 0.000000000000000000e+00
-2.195911436202956091e-01 -1.843510447269058328e-01 1.907024835342547298e-01 2.396844154476047706e+00 -2.188478536471061275e-01 2.785711919777273948e+00 -7.427209403499012152e-01 4.504679725905594845e-01 -1.627359205187091096e-01 9.140661283035365903e-02 8.754176687740341523e-01 7.875850347713236888e-02 0.000000000000000000e+00
-2.188329015144744316e-01 -1.852783415740232031e-01 1.934612118850917162e-01 2.396532225478071432e+00 -2.238731150273212123e-01 2.774937355460462829e+00 -7.390476422583549532e-01 4.408134477172905297e-01 -1.629497723542423504e-01 9.320447959275252048e-02 8.737837528662433240e-01 8.370959458207707926e-02 0.000000000000000000e+00
-2.180768296441903120e-01 -1.861368530128940657e-01 1.960001460975808740e-01 2.396211894844611390e+00 -2.283586250043541099e-01 2.764944003770839043e+00 -7.354979814204155586e-01 4.318529093345827574e-01 -1.630251398130915241e-01 9.483861188238196238e-02 8.722407839096786297e-01 8.845299241150925140e-02 0.000000000000000000e+00
-2.171970920111200021e-01 -1.870699143154657407e-01 1.987409939978350693e-01 2.395834200674961778e+00 -2.330436210484529980e-01 2.754067788111535187e+00 -7.314789384403497241e-01 4.220995811848718970e-01 -1.629805318648327450e-01 9.658175068437969968e-02 8.705348294944011966e-01 9.378057959318550352e-02 0.000000000000000000e+00
-2.163294070689396331e-01 -1.879339674723497500e-01 2.012607694456137741e-01 2.395461275966864534e+00 -2.372001092644415721e-01 2.743983881366770738e+00 -7.276086330071648289e-01 4.130600800758432167e-01 -1.628281990504802934e-01 9.816619005254392794e-02 8.689313402020644173e-01 9.887262682120108448e-02 0.000000000000000000e+00
-2.154084712895675824e-01 -1.888008762643948457e-01 2.037695050844003375e-01 2.395069244646604645e+00 -2.411881147637497946e-01 2.733859255859420134e+00 -7.235829321243738566e-01 4.039910844577419002e-01 -1.625738671663776724e-01 9.972722689262909779e-02 8.673028837745082598e-01 1.041333104028675099e-01 0.000000000000000000e+00
-2.143510613020905564e-01 -1.897432520867390893e-01 2.064734487775037874e-01 2.394627689876738685e+00 -2.453105954574521519e-01 2.722847640063255525e+00 -7.190458377332603623e-01 3.941393525057526048e-01 -1.621885077566431743e-01 1.013923517194443291e-01 8.655135724171112432e-01 1.100228245745504818e-01 0.000000000000000000e+00
-2.133200015123224436e-01 -1.906163031433398269e-01 2.089553599912427617e-01 2.394209469954348357e+00 -2.489260307888594426e-01 2.712645714681457321e+00 -7.146937664588801642e-01 3.850260818345287439e-01 -1.617359035293841618e-01 1.029055348836921402e-01 8.638413069896232477e-01 1.156367348629238900e-01 0.000000000000000000e+00
-2.121438313718022051e-01 -1.915655220809047710e-01 2.116275012883054030e-01 2.393750344499326665e+00 -2.526292272103147774e-01 2.701556658355161566e+00 -7.098006740090502253e-01 3.751386968134460265e-01 -1.611457470318227170e-01 1.045192939909824620e-01 8.620104503192210776e-01 1.219111257463937753e-01 0.000000000000000000e+00
-2.109069796805242425e-01 -1.925180443294397803e-01 2.142812882063462598e-01 2.393290202973511693e+00 -2.561040341101654683e-01 2.690432135180044426e+00 -7.047231576537323905e-01 3.652425899397933051e-01 -1.604585183125277759e-01 1.061070539881308894e-01 8.601626159968694951e-01 1.283843548947516955e-01 0.000000000000000000e+00
-2.097115404474309830e-01 -1.934003616735887610e-01 2.167133169374050317e-01 2.392870294830845790e+00 -2.591013169788416448e-01 2.680135968374458777e+00 -6.998707449895534838e-01 3.561055505558404777e-01 -1.597418616631873789e-01 1.075496800282484122e-01 8.584445441986321423e-01 1.345378382647319515e-01 0.000000000000000000e+00
-2.083588386891534749e-01 -1.943594080150045089e-01 2.193277211510406000e-01 2.392426598476714794e+00 -2.621138782378551468e-01 2.668956378079288427e+00 -6.944345008354020354e-01 3.462108085522464518e-01 -1.588815274730372984e-01 1.090878885843645507e-01 8.565727414264699968e-01 1.413970926130968531e-01 0.000000000000000000e+00
-2.070577507198607670e-01 -1.952473702207387918e-01 2.217213912708607126e-01 2.392032556433553392e+00 -2.646731572080343042e-01 2.658617008613641808e+00 -6.892516564589715733e-01 3.370860197093079602e-01 -1.580152011704345494e-01 1.104854239782756542e-01 8.548377585553106339e-01 1.479055920011415060e-01 0.000000000000000000e+00
-2.057067731268699684e-01 -1.961378221088976026e-01 2.240952036680165516e-01 2.391658925496670030e+00 -2.670141717413034854e-01 2.648262983150180716e+00 -6.839102208396268257e-01 3.279747464089016185e-01 -1.570836274211249162e-01 1.118616540834661416e-01 8.530981817312708326e-01 1.545841009352740825e-01 0.000000000000000000e+00
-2.041876925603406945e-01 -1.971049946255140350e-01 2.266434551639739392e-01 2.391283273575229629e+00 -2.692986084897226462e-01 2.637034493255384415e+00 -6.779454057881219020e-01 3.181250784067571891e-01 -1.560059792860242212e-01 1.133288644293964503e-01 8.512111989408951418e-01 1.620099428055533364e-01 0.000000000000000000e+00
-2.026112704425581945e-01 -1.980748240626880596e-01 2.291661094192804504e-01 2.390945060361016949e+00 -2.713144349903418018e-01 2.625800057155553979e+00 -6.717938365651751065e-01 3.083033735960585831e-01 -1.548616189656171205e-01 1.147714488576219438e-01 8.493243493085741447e-01 1.696353053757499729e-01 0.000000000000000000e+00
-2.011062539023700246e-01 -1.989718839985163690e-01 2.314713064044198187e-01 2.390671906644632916e+00 -2.729330972885080087e-01 2.615429465797376452e+00 -6.659517266608955266e-01 2.992670017013107087e-01 -1.537513471071632054e-01 1.160816242454000558e-01 8.475853716957796324e-01 1.768488766623931285e-01 0.000000000000000000e+00
-1.995539390294402415e-01 -1.998705713094622027e-01 2.337531633828737188e-01 2.390441989205691620e+00 -2.743148599355271777e-01 2.605063766549662319e+00 -6.599522905152195307e-01 2.902641856362978556e-01 -1.525932715071420809e-01 1.173713432270549750e-01 8.458510546148927389e-01 1.842299607816022256e-01 0.000000000000000000e+00
-1.978198265780152787e-01 -2.008455359228145942e-01 2.361980156304183120e-01 2.390248314218774262e+00 -2.755404581665068520e-01 2.593845973762471946e+00 -6.532767443477996983e-01 2.805542670123553073e-01 -1.512895209954938647e-01 1.187457424089960190e-01 8.439800507910575345e-01 1.924135385610362958e-01 0.000000000000000000e+00
-1.960317414535326375e-01 -2.018219014940159928e-01 2.386135659252605068e-01 2.390119717172435543e+00 -2.764784800421571376e-01 2.582647601918276692e+00 -6.464171737490553848e-01 2.708952979890173474e-01 -1.499392983228238219e-01 1.200964394572353738e-01 8.421198993486643802e-01 2.007924924959412494e-01 0.000000000000000000e+00
-1.943344244175369828e-01 -2.027238317664376843e-01 2.408167826362377917e-01 2.390064610870373585e+00 -2.770868639669137323e-01 2.572333527436783562e+00 -6.399242538533876923e-01 2.620291686669528053e-01 -1.486565867837870147e-01 1.213225754678646656e-01 8.404146107236594165e-01 2.086975535596234665e-01 0.000000000000000000e+00
-1.924458917164997562e-01 -2.037012327917630261e-01 2.431740551800660732e-01 2.390080744852687289e+00 -2.774635888638234960e-01 2.561192039974416357e+00 -6.327169409953062873e-01 2.524834339242136849e-01 -1.472319287586492109e-01 1.226286812126019948e-01 8.385824224727120857e-01 2.174447560942591451e-01 0.000000000000000000e+00
-1.906573555531836384e-01 -2.046035998080623364e-01 2.453220220418242392e-01 2.390171924630458022e+00 -2.775474736316656532e-01 2.550943737192359784e+00 -6.259041088736927438e-01 2.437317373052384495e-01 -1.458887634628676100e-01 1.238138711214713250e-01 8.369073607260795189e-01 2.256879720373541620e-01 0.000000000000000000e+00
-1.888262849001001442e-01 -2.055056459169405381e-01 2.474425630109731988e-01 2.390342143113066697e+00 -2.773761759469022259e-01 2.540736568329458933e+00 -6.189394099909175662e-01 2.350417261550122316e-01 -1.445224286656026091e-01 1.249796365991398817e-01 8.352498092636142513e-01 2.340913105409901940e-01 0.000000000000000000e+00
-1.867954816615316760e-01 -2.064822027825874706e-01 2.497082146732415020e-01 2.390622357427609757e+00 -2.769001702555033972e-01 2.529732710350224512e+00 -6.112237662597672649e-01 2.257023198177269818e-01 -1.430205389688523621e-01 1.262207196013872545e-01 8.334762771356759581e-01 2.433743743764634759e-01 0.000000000000000000e+00
-1.847170200060691825e-01 -2.074573416203893683e-01 2.519406804198566774e-01 2.391008426462246650e+00 -2.761217892491290016e-01 2.518791955539608551e+00 -6.033339517933258289e-01 2.164452051581251812e-01 -1.415010724089076355e-01 1.274394819847483873e-01 8.317278453010116257e-01 2.528403307997978966e-01 0.000000000000000000e+00
-1.827568088087141718e-01 -2.083560769758611708e-01 2.539712292477505073e-01 2.391465194687724782e+00 -2.751325312735870554e-01 2.508756628571862102e+00 -5.958965418170614203e-01 2.079784168415180212e-01 -1.400866675539664818e-01 1.285446272581040050e-01 8.301383376043980356e-01 2.617400325963543106e-01 0.000000000000000000e+00
-1.807576147357183860e-01 -2.092529967844362626e-01 2.559724172957982824e-01 2.392023611920780723e+00 -2.738829146293570993e-01 2.498789264284311695e+00 -5.883127911388973397e-01 1.995907576987998311e-01 -1.386646726899185555e-01 1.296308807324768886e-01 8.285741965171671275e-01 2.707927329975357011e-01 0.000000000000000000e+00
-1.785487973569485354e-01 -2.102222655466850776e-01 2.581067504079967434e-01 2.392749445503248751e+00 -2.722346385273954894e-01 2.488075744410322088e+00 -5.799333545060447737e-01 1.905983612515518844e-01 -1.371199060996184382e-01 1.307864180070838767e-01 8.269104532051674283e-01 2.807707487194651685e-01 0.000000000000000000e+00
-1.762965979191437327e-01 -2.111883016410515956e-01 2.602059218653644534e-01 2.393606374906889211e+00 -2.702812864267154502e-01 2.477457397743351386e+00 -5.713870708308987911e-01 1.817079971635676139e-01 -1.355750063512632941e-01 1.319201756174010476e-01 8.252804654599843470e-01 2.909224191892245681e-01 0.000000000000000000e+00
-1.741799042408470888e-01 -2.120770189110026960e-01 2.621118914830994906e-01 2.394519432788213553e+00 -2.682067004207606686e-01 2.467748095165075206e+00 -5.633507159254755869e-01 1.735971403266495516e-01 -1.341528783291610072e-01 1.329473402050877773e-01 8.238079371142522644e-01 3.004463825900522966e-01 0.000000000000000000e+00
-1.720279870336251793e-01 -2.129623462931087841e-01 2.639871030657403583e-01 2.395554231942765622e+00 -2.658723752171754384e-01 2.458134259326500981e+00 -5.551751109845549648e-01 1.655818077490812668e-01 -1.327378076839473842e-01 1.339560457574689445e-01 8.223679659128464436e-01 3.101146560324486989e-01 0.000000000000000000e+00
-1.696579776842519482e-01 -2.139173217615733535e-01 2.659835662532532563e-01 2.396817580534569281e+00 -2.630512732660212905e-01 2.447834509683186610e+00 -5.461627408291314101e-01 1.570110229919065015e-01 -1.312170095434574968e-01 1.350280097081178465e-01 8.208466351401386696e-01 3.207492574763803894e-01 0.000000000000000000e+00
-1.674356435853778524e-01 -2.147944434804110736e-01 2.677940378116955289e-01 2.398119020463122197e+00 -2.601796450331423927e-01 2.438439771526649480e+00 -5.377031430474674689e-01 1.492067292859701744e-01 -1.298279047188724000e-01 1.359985238659915663e-01 8.194794348155192143e-01 3.307106117967400505e-01 0.000000000000000000e+00
-1.649916795311636153e-01 -2.157394680486943161e-01 2.697200520479550168e-01 2.399679852982202988e+00 -2.567808224309291454e-01 2.428391750672258098e+00 -5.283887704244289996e-01 1.408724831678648814e-01 -1.283429260950441630e-01 1.370294335239612415e-01 8.180403957204949172e-01 3.416560707189111867e-01 0.000000000000000000e+00
-1.627029291482103290e-01 -2.166067993691814797e-01 2.714649551815740969e-01 2.401263951581934286e+00 -2.533790111749332219e-01 2.419243652528384469e+00 -5.196540681021598607e-01 1.332950242077760306e-01 -1.269941681609736417e-01 1.379620808600854065e-01 8.167528239124689504e-01 3.518998199833601181e-01 0.000000000000000000e+00
-1.601890273001927989e-01 -2.175405730275825067e-01 2.733193485182741078e-01 2.403138997793533793e+00 -2.494098928558559081e-01 2.409478214139163743e+00 -5.100458489423447261e-01 1.252156675731265767e-01 -1.255604553881293217e-01 1.389519944820246655e-01 8.154037996622892637e-01 3.631459830821148760e-01 0.000000000000000000e+00
-1.578378599591794273e-01 -2.183966001288050462e-01 2.749980643245932277e-01 2.405018981046854076e+00 -2.454877201145513332e-01 2.400603304277048267e+00 -5.010455295908537998e-01 1.178803482127747798e-01 -1.242658927822417603e-01 1.398470662796434949e-01 8.142022479574728688e-01 3.736606756979656274e-01 0.000000000000000000e+00
-1.552586650230448062e-01 -2.193171292845240705e-01 2.767807265106898562e-01 2.407220059340220430e+00 -2.409622082967493029e-01 2.391146886940665794e+00 -4.911558808828445644e-01 1.100705034804413118e-01 -1.228980932463772380e-01 1.407964998530135681e-01 8.129494969806995153e-01 3.851929621663358616e-01 0.000000000000000000e+00
-1.528490706610482475e-01 -2.201603895099313868e-01 2.783928525533914122e-01 2.409406182713782929e+00 -2.365321140249405651e-01 2.382570519428388600e+00 -4.819000978037877858e-01 1.029920043953356512e-01 -1.216710417741229122e-01 1.416541875268303718e-01 8.118400906495997216e-01 3.959664807506287354e-01 0.000000000000000000e+00
-1.502085856057544799e-01 -2.210665516367216199e-01 2.801031125111515530e-01 2.411943586162561548e+00 -2.314632783634307245e-01 2.373451193031582473e+00 -4.717385736379950956e-01 9.546901540191735092e-02 -1.203839360192877628e-01 1.425631410516312592e-01 8.106906703231215872e-01 4.077732392588451771e-01 0.000000000000000000e+00
-1.477445128773708649e-01 -2.218957021133187435e-01 2.816485192485872480e-01 2.414442800804932787e+00 -2.265401672727200832e-01 2.365196923699322884e+00 -4.622380127652463977e-01 8.866149295772723926e-02 -1.192375783280632540e-01 1.433836276939710330e-01 8.096792017411095221e-01 4.187928339278614298e-01 0.000000000000000000e+00
-1.450472398341793034e-01 -2.227856804111034150e-01 2.832866162252207221e-01 2.417321525929669424e+00 -2.209469103902677034e-01 2.356438101302117616e+00 -4.518180953946888123e-01 8.143855067299839157e-02 -1.180442158435988098e-01 1.442524839996093822e-01 8.086385715451609446e-01 4.308582852464653556e-01 0.000000000000000000e+00
-1.425325689212445512e-01 -2.235994690473978586e-01 2.847653152320184233e-01 2.420137580925858956e+00 -2.155478356817690511e-01 2.348527946873661953e+00 -4.420839752943401813e-01 7.491556202414802190e-02 -1.169910687905271196e-01 1.450359194132834484e-01 8.077305001924711680e-01 4.421107067737817808e-01 0.000000000000000000e+00
-1.397824256451464797e-01 -2.244723640166055301e-01 2.863310432376384718e-01 2.423360528331736319e+00 -2.094482230443084347e-01 2.340154020249538114e+00 -4.314165503899732301e-01 6.800894918146095647e-02 -1.159056974882650692e-01 1.458645619864616105e-01 8.068051848717232577e-01 4.544217015448910879e-01 0.000000000000000000e+00
-1.370065820510134591e-01 -2.253356104878701249e-01 2.878595022494598865e-01 2.426761487510417759e+00 -2.030949322638204713e-01 2.331987372062388708e+00 -4.206266200754627538e-01 6.127080208366741249e-02 -1.148809131008023954e-01 1.466724818374075812e-01 8.059413885721560256e-01 4.668532709343537479e-01 0.000000000000000000e+00
-1.344222435221375245e-01 -2.261238875359446454e-01 2.892371672469829513e-01 2.430058585120422610e+00 -1.970094671217315074e-01 2.324638693976402770e+00 -4.105601041815585273e-01 5.520499497019958068e-02 -1.139923494030976592e-01 1.473997578415945919e-01 8.052004971568959002e-01 4.784329283806136313e-01 0.000000000000000000e+00
-1.318176662750001893e-01 -2.269036364402987616e-01 2.905830752978989517e-01 2.433505720446270004e+00 -1.907174130114333011e-01 2.317475997141886346e+00 -4.003944521160762160e-01 4.928946920480709037e-02 -1.131611768268838691e-01 1.481092905350189504e-01 8.045146000181461199e-01 4.901089922583343750e-01 0.000000000000000000e+00
-1.289741210545463368e-01 -2.277385889219746828e-01 2.920053438046678052e-01 2.437407878114882021e+00 -1.836735576495893696e-01 2.309931195048463781e+00 -3.892728916668236061e-01 4.305427672363182356e-02 -1.123288058281795010e-01 1.488579051174402368e-01 8.038351610450396034e-01 5.028632036138601658e-01 0.000000000000000000e+00
-1.263300498490649570e-01 -2.284999049020747797e-01 2.932854407785758233e-01 2.441162374781163713e+00 -1.769679953798282135e-01 2.303168060960601338e+00 -3.789102322597026062e-01 3.746053571932656673e-02 -1.116254649842898239e-01 1.495305197402533592e-01 8.032673751006347285e-01 5.147290842982763515e-01 0.000000000000000000e+00
-1.234457064916454488e-01 -2.293142695007091003e-01 2.946368850343696333e-01 2.445392218476738488e+00 -1.694896282112767771e-01 2.296063370622355215e+00 -3.675828427477004778e-01 3.157900686972461846e-02 -1.109369046844497220e-01 1.502392368405938705e-01 8.027178318096969134e-01 5.276801698373861926e-01 0.000000000000000000e+00
-1.205414833223654864e-01 -2.301179116256801271e-01 2.959514719179893727e-01 2.449788130478633974e+00 -1.617947566127373449e-01 2.289194948072311941e+00 -3.561531212708120564e-01 2.588780041130625889e-02 -1.103283723753665235e-01 1.509270148368636599e-01 8.022381964973734902e-01 5.407278615450386017e-01 0.000000000000000000e+00
-1.178439790005509774e-01 -2.308498099297824069e-01 2.971326647982973079e-01 2.453989550425510480e+00 -1.545069074115432706e-01 2.283066435584875098e+00 -3.455159565343311479e-01 2.080448960002291223e-02 -1.098396823153371393e-01 1.515434367606761368e-01 8.018579636727374282e-01 5.528530009615740815e-01 0.000000000000000000e+00
-1.149044955244592353e-01 -2.316317775032564752e-01 2.983774250009276763e-01 2.458692691607422987e+00 -1.464183802164003012e-01 2.276660031867527856e+00 -3.339021773366045998e-01 1.548467343918371285e-02 -1.093917386199856345e-01 1.521912340510810924e-01 8.015148153662808861e-01 5.660720670853730541e-01 0.000000000000000000e+00
-1.121759948511634464e-01 -2.323435700049105157e-01 2.994943167877844314e-01 2.463170121101007304e+00 -1.387795794841633068e-01 2.270964744513547906e+00 -3.231014279301656078e-01 1.075033659924162603e-02 -1.090565797967992800e-01 1.527705881014710110e-01 8.012628137481321300e-01 5.783478415510661108e-01 0.000000000000000000e+00
-1.092045863597783800e-01 -2.331036888767780146e-01 3.006696181137276103e-01 2.468163302948375826e+00 -1.303246612029491658e-01 2.265034496884204440e+00 -3.113174061597557829e-01 5.815125112445154731e-03 -1.087806763078671413e-01 1.533780218566044573e-01 8.010609461375040041e-01 5.917219036503077456e-01 0.000000000000000000e+00
-1.064482281409725867e-01 -2.337949371159166179e-01 3.017229109252632102e-01 2.472899016222463775e+00 -1.223615973660043821e-01 2.259782896785598183e+00 -3.003669538105407377e-01 1.439531545759088283e-03 -1.086083697853388319e-01 1.539201915202741411e-01 8.009407044142868859e-01 6.041322343300770115e-01 0.000000000000000000e+00
-1.036795658800388070e-01 -2.344762096768557846e-01 3.027459196311457212e-01 2.477751569426788425e+00 -1.142525939977194760e-01 2.254747534834096179e+00 -2.893496228284510030e-01 -2.760579730813797050e-03 -1.085172896760582262e-01 1.544444514256130552e-01 8.008847780313953502e-01 6.166013542909097866e-01 0.000000000000000000e+00
-1.006671091566886111e-01 -2.352028377382395785e-01 3.038203486297961220e-01 2.483134250644104313e+00 -1.053108457693294753e-01 2.249538144556825880e+00 -2.773427610538287680e-01 -7.110928793012540917e-03 -1.085124959860961358e-01 1.549922137275719092e-01 8.008974946256003369e-01 6.301711587302722961e-01 0.000000000000000000e+00
-9.787496921646378356e-02 -2.358631607602555968e-01 3.047808884355198700e-01 2.488213586807787259e+00 -9.691851377110705101e-02 2.244958985021182851e+00 -2.661967328120610210e-01 -1.093897266850060029e-02 -1.085971845087605470e-01 1.554790562195952075e-01 8.009778555114935861e-01 6.427503338231524976e-01 0.000000000000000000e+00
-9.483855070132245213e-02 -2.365671907369544247e-01 3.057878346779412393e-01 2.493829328820467151e+00 -8.768466395858620643e-02 2.240248895772133153e+00 -2.540578614711548888e-01 -1.488042819527725553e-02 -1.087877336847558052e-01 1.559860555121190540e-01 8.011401751799338555e-01 6.564306594477532508e-01 0.000000000000000000e+00
-9.202570302494460230e-02 -2.372064251266008950e-01 3.066866046720183592e-01 2.499111153711866429e+00 -7.903734245287186155e-02 2.236133176764362851e+00 -2.427976169081363933e-01 -1.832812429327751111e-02 -1.090560471645813934e-01 1.564352808537449735e-01 8.013596862327836412e-01 6.691030451787862710e-01 0.000000000000000000e+00
-8.896834851707405289e-02 -2.378874163520685592e-01 3.076272742778524694e-01 2.504931996283368267e+00 -6.954332161771059617e-02 2.231927046391795955e+00 -2.305433141787321394e-01 -2.185459482378717191e-02 -1.094491297414770248e-01 1.569015337815906075e-01 8.016734731882222409e-01 6.828748503868313779e-01 0.000000000000000000e+00
-8.613743288112592211e-02 -2.385055577411551164e-01 3.084650254463034980e-01 2.510389836834211685e+00 -6.066991938685273311e-02 2.228280403634592233e+00 -2.191835339699719221e-01 -2.491429643899000651e-02 -1.099085250295157579e-01 1.573129089462237951e-01 8.020343980949552476e-01 6.956234691040679152e-01 0.000000000000000000e+00
-8.306183649365579680e-02 -2.391639155919222659e-01 3.093397732416419688e-01 2.516386226938800874e+00 -5.094637510950406067e-02 2.224586366909813151e+00 -2.068291130283374801e-01 -2.801522711681862440e-02 -1.105130625969636959e-01 1.577379161666868090e-01 8.025031144468092181e-01 7.094687109791718571e-01 0.000000000000000000e+00
-8.021534843670836967e-02 -2.397610665695911192e-01 3.101172446894679413e-01 2.521991507914443709e+00 -4.187614562382080408e-02 2.221413474908158214e+00 -1.953846609416695634e-01 -3.067987167084882533e-02 -1.111705970701042379e-01 1.581112081277318560e-01 8.030075837362975477e-01 7.222762521355263754e-01 0.000000000000000000e+00
-7.712419435623993347e-02 -2.403965877092969772e-01 3.109271963611142664e-01 2.528131516432432502e+00 -3.195557123903336461e-02 2.218234021349966945e+00 -1.829468497684020312e-01 -3.335058948052116445e-02 -1.119924485825025684e-01 1.584949363512986320e-01 8.036324279070572452e-01 7.361758224968680819e-01 0.000000000000000000e+00
-7.426448428799817258e-02 -2.409729420937746502e-01 3.116449943752853668e-01 2.533854143672165549e+00 -2.271795782716878875e-02 2.215538997794761045e+00 -1.714326727954444685e-01 -3.561375417784350822e-02 -1.128542475112523924e-01 1.588298787926465394e-01 8.042822392130365428e-01 7.490249755452550451e-01 0.000000000000000000e+00
-7.116021640758844746e-02 -2.415862636843333355e-01 3.123904635853151923e-01 2.540104397999359165e+00 -1.263187646754104776e-02 2.212880145257992037e+00 -1.589272839095161871e-01 -3.784494221673348480e-02 -1.139014024518714141e-01 1.591717787423422847e-01 8.050659409428196911e-01 7.629603654232581800e-01 0.000000000000000000e+00
-6.828951674286258544e-02 -2.421421195260847203e-01 3.130492307099890792e-01 2.545912692448770720e+00 -3.256607045179826798e-03 2.210666072536577875e+00 -1.473584788446983540e-01 -3.970079098949041985e-02 -1.149734579486827446e-01 1.594680720583704081e-01 8.058626921619441719e-01 7.758336200795103998e-01 0.000000000000000000e+00
-6.517450146638341379e-02 -2.427332543033203227e-01 3.137312162877204935e-01 2.552238188904980554e+00 6.962282941472608400e-03 2.208528553667809202e+00 -1.348022235819495707e-01 -4.148919936883030402e-02 -1.162504436913758266e-01 1.597680605104110363e-01 8.068056509249139641e-01 7.897855881352993102e-01 0.000000000000000000e+00
-6.229491044710661063e-02 -2.432689968149358006e-01 3.143314495343596526e-01 2.558099520322269615e+00 1.644542776589474897e-02 2.206798039224105779e+00 -1.231938788973224591e-01 -4.293254529467998432e-02 -1.175378157623201414e-01 1.600253884507399360e-01 8.077504739006468037e-01 8.026655672733040703e-01 0.000000000000000000e+00
-5.917135716383025573e-02 -2.438387631835091107e-01 3.149500847025765160e-01 2.564464141991168233e+00 2.676515166061488316e-02 2.205186723660135240e+00 -1.106029026718617914e-01 -4.427011795217228318e-02 -1.190514233678665601e-01 1.602828828386369531e-01 8.088549533837299244e-01 8.166152050631391157e-01 0.000000000000000000e+00
-5.604419430041462230e-02 -2.443973581057231059e-01 3.155362578457651113e-01 2.570834837309389886e+00 3.712431958994155679e-02 2.203847949368435977e+00 -9.800048317609216797e-02 -4.537351136487334513e-02 -1.206888679641018314e-01 1.605183229237567843e-01 8.100429229669871001e-01 8.305562541584585734e-01 0.000000000000000000e+00
-5.315486742062177500e-02 -2.449034480139858916e-01 3.160483596482779323e-01 2.576711930106914572e+00 4.671419578810231954e-02 2.202856048852349424e+00 -8.636107105287360586e-02 -4.618128557419721308e-02 -1.223123309646141355e-01 1.607158129633429744e-01 8.112145141095401524e-01 8.434127308998434769e-01 0.000000000000000000e+00
-5.002232814583774251e-02 -2.454415349754719977e-01 3.165717956713328118e-01 2.583065363455030017e+00 5.712486601584565449e-02 2.202046171692486176e+00 -7.374893934150358876e-02 -4.682707717140620340e-02 -1.241933216425372688e-01 1.609081764178307561e-01 8.125651362563739433e-01 8.573224878523545422e-01 0.000000000000000000e+00
-4.712893347052324322e-02 -2.459288256483445623e-01 3.170262805732785849e-01 2.588909358256469062e+00 6.674728078003067111e-02 2.201542022339409321e+00 -6.210814986465875570e-02 -4.721201213984193429e-02 -1.260426207034881507e-01 1.610658521991202574e-01 8.138865302102439303e-01 8.701414140223692195e-01 0.000000000000000000e+00
-4.423421352118770550e-02 -2.464073178669232145e-01 3.174531911685849472e-01 2.594725157347752553e+00 7.637470564398807227e-02 2.201272291076505905e+00 -5.047205004804597439e-02 -4.739288238975035428e-02 -1.280015088432959747e-01 1.612042866415339393e-01 8.152798960925733418e-01 8.829361720054913487e-01 0.000000000000000000e+00
-4.109721224061479300e-02 -2.469158455551360709e-01 3.178847090896955718e-01 2.600984584830600355e+00 8.680215021942938591e-02 2.201244133147672422e+00 -3.787554360213417348e-02 -4.735854425644513838e-02 -1.302477520647233877e-01 1.613325344927780680e-01 8.168703358955686777e-01 8.967653017560002215e-01 0.000000000000000000e+00
-3.795964609650259725e-02 -2.474146113056192586e-01 3.182837277167792078e-01 2.607190948982358591e+00 9.721859368749541375e-02 2.201492611874599881e+00 -2.529307492799953358e-02 -4.708187094751032503e-02 -1.326248896537280952e-01 1.614378458691338725e-01 8.185457305373375902e-01 9.105560154077849688e-01 0.000000000000000000e+00
-3.506330121872650030e-02 -2.478662873225532526e-01 3.186234792770005209e-01 2.612864445622685494e+00 1.068165911400749124e-01 2.201965938472150164e+00 -1.369460890654093828e-02 -4.661279673338490637e-02 -1.349349155832628711e-01 1.615147945798803830e-01 8.201668632718960295e-01 9.232477756357482246e-01 0.000000000000000000e+00
-3.216723066480843551e-02 -2.483098429667998097e-01 3.189356867972086840e-01 2.618476349062691000e+00 1.163910260393699048e-01 2.202674084350955575e+00 -2.115172523457451229e-03 -4.593754807780611737e-02 -1.373567942785809404e-01 1.615721357671011382e-01 8.218597681978322411e-01 9.358987229200061986e-01 0.000000000000000000e+00
-2.903053166337347252e-02 -2.487813172348886659e-01 3.192429317895572050e-01 2.624477456661388430e+00 1.267289277326093533e-01 2.203705450390687659e+00 1.040388846974673806e-02 -4.497370846741440692e-02 -1.401069075782512829e-01 1.616120998282091215e-01 8.237743147054901183e-01 9.495534821981422846e-01 0.000000000000000000e+00
-2.613620398630322333e-02 -2.492085384181155217e-01 3.194977111485909904e-01 2.629935782076627593e+00 1.362324011844169291e-01 2.204902387156411958e+00 2.193278773010541929e-02 -4.386796814400270583e-02 -1.427631444494961155e-01 1.616283284661018116e-01 8.256162234944161016e-01 9.621068246284486536e-01 0.000000000000000000e+00
-2.300229607434816845e-02 -2.496629301928676159e-01 3.197423995493869353e-01 2.635751719832752471e+00 1.464772013273907270e-01 2.206464300692873692e+00 3.438896639251606824e-02 -4.243582830067737371e-02 -1.457683885815961311e-01 1.616233849733283434e-01 8.276922241431601268e-01 9.756462690313844055e-01 0.000000000000000000e+00
-2.011127348125683542e-02 -2.500746183337558826e-01 3.199394861085699260e-01 2.641022768609389892e+00 1.558802146617588313e-01 2.208149568708778876e+00 4.585271807470868433e-02 -4.089883481180858066e-02 -1.486599157351495837e-01 1.615980849429725918e-01 8.296823378467491628e-01 9.880850955348173814e-01 0.000000000000000000e+00
-1.698171573886060604e-02 -2.505124569348244901e-01 3.201217029775973999e-01 2.646618444389338354e+00 1.660005968548534661e-01 2.210238677659503992e+00 5.823075792626072195e-02 -3.900079574171990554e-02 -1.519196249094065809e-01 1.615481007382631728e-01 8.319177286867344145e-01 1.001491847936439861e+00 0.000000000000000000e+00
-1.385517150295811385e-02 -2.509423336142671546e-01 3.202709618387342694e-01 2.652084960703891436e+00 1.760433073411293847e-01 2.212603111577887915e+00 7.056164318176154360e-02 -3.685834506258920534e-02 -1.553128916123311942e-01 1.614742812417975237e-01 8.342362101527301954e-01 1.014821834719640714e+00 0.000000000000000000e+00
-1.097210227121549024e-02 -2.513320470105319115e-01 3.203796007223744802e-01 2.657008996400029854e+00 1.852376381508431535e-01 2.215028088115890359e+00 8.189893632406743118e-02 -3.466584984150563459e-02 -1.585624807744456799e-01 1.613850986347935001e-01 8.364490307024770033e-01 1.027054732291783345e+00 0.000000000000000000e+00
-8.092271950089711605e-03 -2.517152439173210299e-01 3.204600935551107366e-01 2.661808447646581310e+00 1.943521755787838146e-01 2.217685628005618526e+00 9.318954092351285079e-02 -3.226666211091289843e-02 -1.619251211248342592e-01 1.612755594902071932e-01 8.387314929147293707e-01 1.039214792408112542e+00 0.000000000000000000e+00
-4.976481579266571822e-03 -2.521231620341276014e-01 3.205154056549446850e-01 2.666859402120036471e+00 2.041287078028686253e-01 2.220826031551306645e+00 1.053648226699474000e-01 -2.943533696215736364e-02 -1.656946924897868545e-01 1.611338626754581504e-01 8.412820022906982720e-01 1.052301898899898225e+00 0.000000000000000000e+00
-2.104534455064430501e-03 -2.524934481794413599e-01 3.205367515709015569e-01 2.671377214454244697e+00 2.130557377048809542e-01 2.223966173037631222e+00 1.165479437522729256e-01 -2.660651268811298556e-02 -1.692919573322113624e-01 1.609815797953760563e-01 8.437081420437604340e-01 1.064298374346269060e+00 0.000000000000000000e+00
1.001802024077946005e-03 -2.528880602329894867e-01 3.205274040651255318e-01 2.676106773814521222e+00 2.226132655142625261e-01 2.227628780828291966e+00 1.285990223233688945e-01 -2.330923421713446825e-02 -1.733157274232122180e-01 1.607932277272802191e-01 8.464137139741991778e-01 1.077199059561749106e+00 0.000000000000000000e+00
4.102689363325582803e-03 -2.532758673529577620e-01 3.204843864338668968e-01 2.680658307895089187e+00 2.320455014702762497e-01 2.231559591829946676e+00 1.405803843305536149e-01 -1.977271441469896293e-02 -1.774697260915178987e-01 1.605806575380214485e-01 8.491981820519315383e-01 1.089997079917206735e+00 0.000000000000000000e+00
6.959694688294717005e-03 -2.536282853461465092e-01 3.204143059482467137e-01 2.684694135180788699e+00 2.406332497936398696e-01 2.235426538496637416e+00 1.515743294293210308e-01 -1.629460834600136160e-02 -1.814202592525413493e-01 1.603626445132848299e-01 8.518386396937178695e-01 1.101714788976473569e+00 0.000000000000000000e+00
9.811218306342300507e-03 -2.539755103674947723e-01 3.203149454355849746e-01 2.688565237923621787e+00 2.491004553934503818e-01 2.239520677040061969e+00 1.625022114882976876e-01 -1.261272780172337064e-02 -1.854813135988031547e-01 1.601236923844774895e-01 8.545456097837289544e-01 1.113337090289688414e+00 0.000000000000000000e+00
1.289370828964609382e-02 -2.543461529179466551e-01 3.201738923275032067e-01 2.692566217524582139e+00 2.581296217830821860e-01 2.244211474368972503e+00 1.742625644145194830e-01 -8.394217697051157070e-03 -1.900050921844662621e-01 1.598410144795223697e-01 8.575527847076190868e-01 1.125815930788499841e+00 0.000000000000000000e+00
1.596895560248457260e-02 -2.547110399339457265e-01 3.199980798309343677e-01 2.696361358818323506e+00 2.670024900413627833e-01 2.249164536193585029e+00 1.859387614502947261e-01 -3.939847747298249117e-03 -1.946560367121807911e-01 1.595336690449704053e-01 8.606359928806311954e-01 1.138175261933394022e+00 0.000000000000000000e+00
1.880065074301882563e-02 -2.550432484222323604e-01 3.198044125516792402e-01 2.699675486441709626e+00 2.750465138272537580e-01 2.253968955756493031e+00 1.966382608010402711e-01 3.821387793283137621e-04 -1.990622367357166578e-01 1.592277883490180179e-01 8.635493579551233312e-01 1.149473190225837271e+00 0.000000000000000000e+00
2.162528110069364753e-02 -2.553711655618750576e-01 3.195804489167623497e-01 2.702803543033949207e+00 2.829440694939711065e-01 2.258994158886305392e+00 2.072597461766033100e-01 4.904361470340884606e-03 -2.035757621511831150e-01 1.589005857195881499e-01 8.665265057377229407e-01 1.160661795755532522e+00 0.000000000000000000e+00
2.467679099100392529e-02 -2.557219117735843317e-01 3.193031999070560789e-01 2.705976651186115856e+00 2.913270922196122825e-01 2.264685587462334393e+00 2.186748036227394998e-01 1.002887585696615041e-02 -2.085857007938403118e-01 1.585218675678220779e-01 8.698230996930774728e-01 1.172655075408595593e+00 0.000000000000000000e+00
2.748538697651246865e-02 -2.560415863337119902e-01 3.190151960811814513e-01 2.708703378774813153e+00 2.989001279250689258e-01 2.270164304739965111e+00 2.291249145821559474e-01 1.496482231380564555e-02 -2.133194696314559824e-01 1.581499404768356709e-01 8.729306092110364901e-01 1.183605594336837763e+00 0.000000000000000000e+00
3.051867937258577121e-02 -2.563837211895366730e-01 3.186680820263230185e-01 2.711433450092316733e+00 3.069184385305190332e-01 2.276340695622825372e+00 2.403486571934835836e-01 2.053344846067469906e-02 -2.185646985564215772e-01 1.577227361484733470e-01 8.763660204382113239e-01 1.195334422093655702e+00 0.000000000000000000e+00
3.330943474946636285e-02 -2.566960857238893556e-01 3.183147822885766254e-01 2.713742878925346158e+00 3.141416506296081934e-01 2.282262669516481601e+00 2.506159754335796630e-01 2.587793215111075518e-02 -2.235139171262248148e-01 1.573057350560373713e-01 8.796003630030853060e-01 1.206033405456940155e+00 0.000000000000000000e+00
3.632225011921720592e-02 -2.570309927193537014e-01 3.178960080158524937e-01 2.716012825728730817e+00 3.217668820423638110e-01 2.288914015381089850e+00 2.616350541151347131e-01 3.188739676276658441e-02 -2.289903084338091865e-01 1.568293454712926527e-01 8.831715954458543294e-01 1.217481935509027169e+00 0.000000000000000000e+00
3.932378396556279743e-02 -2.573622317188132280e-01 3.174396424969143649e-01 2.718039597662349038e+00 3.291785051437168264e-01 2.295805612452956446e+00 2.725440776646422814e-01 3.812144075572176244e-02 -2.345832130390845816e-01 1.563274561191104195e-01 8.868111379705838626e-01 1.228780529591742887e+00 0.000000000000000000e+00
4.208373689734436901e-02 -2.576652352049019212e-01 3.169844721537828369e-01 2.719691196817243029e+00 3.358235510417371117e-01 2.302377743788750486e+00 2.825127556779996052e-01 4.407542007054147254e-02 -2.398489483044436987e-01 1.558412461278460004e-01 8.902308365473274865e-01 1.239072581940463103e+00 0.000000000000000000e+00
4.483299611895133485e-02 -2.579657050254809958e-01 3.164963981132453141e-01 2.721131014869931253e+00 3.422748975908094238e-01 2.309148537691009473e+00 2.923821976512378518e-01 5.021866691508175551e-02 -2.452113563173730082e-01 1.553330151233180134e-01 8.937070607182079351e-01 1.249230544128297815e+00 0.000000000000000000e+00
4.779864754565980867e-02 -2.582887009280556145e-01 3.159301492399156919e-01 2.722449606630771513e+00 3.490390111322350108e-01 2.316703411262950318e+00 3.029590750785420838e-01 5.708613961212306853e-02 -2.511286339434197767e-01 1.547574061432110126e-01 8.975357542593602744e-01 1.260079729777062729e+00 0.000000000000000000e+00
5.052405625363289715e-02 -2.585845429218487923e-01 3.153725450645462614e-01 2.723443831447993624e+00 3.550707156585417579e-01 2.323875550376768295e+00 3.126145653477060971e-01 6.361823710413934407e-02 -2.566875832447967909e-01 1.542030525175541733e-01 9.011264277780869358e-01 1.269949271618841857e+00 0.000000000000000000e+00
5.346284387709827890e-02 -2.589027811363224796e-01 3.147303412222797192e-01 2.724278919268829036e+00 3.613696859692927532e-01 2.331854945144753444e+00 3.229553535443747680e-01 7.090148750399087596e-02 -2.628129869100335192e-01 1.535774759774945764e-01 9.050762285698106258e-01 1.280481141623723618e+00 0.000000000000000000e+00
5.616219645332171800e-02 -2.591948287804222151e-01 3.141017406753452423e-01 2.724825220350895361e+00 3.669611320532859544e-01 2.339410304474244917e+00 3.323877042037037821e-01 7.781452106161856896e-02 -2.685608874907516874e-01 1.529766834803295006e-01 9.087766909044756591e-01 1.290051344158978042e+00 0.000000000000000000e+00
5.907136087823475906e-02 -2.595095812216087205e-01 3.133815736158519494e-01 2.725174544556290712e+00 3.727717089029134456e-01 2.347795212331943659e+00 3.424812844721858429e-01 8.550712012696128073e-02 -2.748869603441259635e-01 1.523004735900447826e-01 9.128431381519449550e-01 1.300252449556472012e+00 0.000000000000000000e+00
6.196436660612254094e-02 -2.598225563971066077e-01 3.126205659253085134e-01 2.725273525205908598e+00 3.783218092449267544e-01 2.356380572998506562e+00 3.524439703730904982e-01 9.340689648035536974e-02 -2.813129017383779740e-01 1.515980482077795566e-01 9.169674425740961254e-01 1.310278718428402156e+00 0.000000000000000000e+00
6.461964532413379259e-02 -2.601103224871651465e-01 3.118811602632933222e-01 2.725142891179559879e+00 3.832081344571856008e-01 2.364479135223644946e+00 3.615210220534893493e-01 1.008821816007476196e-01 -2.873315126439026645e-01 1.509261160199957541e-01 9.208250979921031032e-01 1.319374878289622410e+00 0.000000000000000000e+00
6.725984078309783787e-02 -2.603970806127839377e-01 3.111060310607635104e-01 2.724801063480291052e+00 3.878636342625130240e-01 2.372738460459428822e+00 3.704821929369561118e-01 1.085304972905893617e-01 -2.934310836465654493e-01 1.502315802524599175e-01 9.247298247823773076e-01 1.328316841123726944e+00 0.000000000000000000e+00
7.010225831602225066e-02 -2.607068830234893775e-01 3.102255614481122525e-01 2.724194401653517783e+00 3.926420707254134612e-01 2.381861099513784552e+00 3.800569894250906966e-01 1.170093197663723411e-01 -3.001281348397877302e-01 1.494535210952364357e-01 9.290117217620340595e-01 1.337827122534454460e+00 0.000000000000000000e+00
7.270912784573693721e-02 -2.609920279704710522e-01 3.093749711080775455e-01 2.723419352232457680e+00 3.968055501020195663e-01 2.390436995555372590e+00 3.887714850125888466e-01 1.250105792020552442e-01 -3.063890934045097048e-01 1.487117308631084878e-01 9.330103915597607322e-01 1.346441516554479190e+00 0.000000000000000000e+00
7.551421628461922608e-02 -2.613002141007438883e-01 3.084121880377890812e-01 2.722350054911649053e+00 4.010444323220969665e-01 2.399887959748457700e+00 3.980763701242440167e-01 1.338648990691609642e-01 -3.132548558527883387e-01 1.478825057234418872e-01 9.373906257626686278e-01 1.355593602798591091e+00 0.000000000000000000e+00
7.808513381832953015e-02 -2.615843405692079848e-01 3.074847246629580089e-01 2.721153427915613321e+00 4.047025703487001635e-01 2.408754319151290346e+00 4.065378321186710608e-01 1.422084079944326840e-01 -3.196665493352086607e-01 1.470932113553696519e-01 9.414773130344223917e-01 1.363872438521265940e+00 0.000000000000000000e+00
8.084963106800077681e-02 -2.618918939898198794e-01 3.064377509143224043e-01 2.719634522622757178e+00 4.083867602273811848e-01 2.418505824058788889e+00 4.155646166334945879e-01 1.514284880701255720e-01 -3.266901040780747500e-01 1.462122709562850564e-01 9.459500255061832341e-01 1.372656209586619713e+00 0.000000000000000000e+00
8.338187822910388125e-02 -2.621754920861116833e-01 3.054320993485274971e-01 2.718031471220879070e+00 4.115284842432824775e-01 2.427634919196987262e+00 4.237674856860748629e-01 1.601027865699203578e-01 -3.332412140435605519e-01 1.453752893599435936e-01 9.501186715604842403e-01 1.380592695951164961e+00 0.000000000000000000e+00
8.610314707044110227e-02 -2.624825061559314943e-01 3.042998950172393635e-01 2.716082169393561063e+00 4.146490408211014334e-01 2.437654960484491706e+00 4.325122747309727567e-01 1.696736715402039353e-01 -3.404087126433454902e-01 1.444427502147387077e-01 9.546764054500458396e-01 1.389003091831689574e+00 0.000000000000000000e+00
8.880043333338526190e-02 -2.627896976265347573e-01 3.031226200270352722e-01 2.713916045959398726e+00 4.174716732137007114e-01 2.447802731986804758e+00 4.411071610960126677e-01 1.794232879091454680e-01 -3.476466518539627071e-01 1.434830468264150505e-01 9.592760175477489382e-01 1.397215215369057795e+00 0.000000000000000000e+00
9.126848148169562636e-02 -2.630732066539868130e-01 3.019958043845670237e-01 2.711730350444369275e+00 4.198123818277172958e-01 2.457275164043260851e+00 4.489080925610728356e-01 1.885768888261272480e-01 -3.543861804665717763e-01 1.425732610637735209e-01 9.635569158419968749e-01 1.404620001621968761e+00 0.000000000000000000e+00
9.371486018236326043e-02 -2.633568182923006762e-01 3.008302109267987356e-01 2.709370578842452471e+00 4.218972813177148673e-01 2.466841413078656231e+00 4.565802601874275335e-01 1.978756320225183440e-01 -3.611789723009823927e-01 1.416404223129460460e-01 9.678699718064074364e-01 1.411854345565114466e+00 0.000000000000000000e+00
9.633997817873057867e-02 -2.636641145435672517e-01 2.995235788530596910e-01 2.706624239396332676e+00 4.238667450462676456e-01 2.477302198432395741e+00 4.647461778798830379e-01 2.081089283796886957e-01 -3.685941448821443700e-01 1.406038700824167598e-01 9.725767761379862097e-01 1.419498816316132395e+00 0.000000000000000000e+00
9.873904329086231890e-02 -2.639480188342858136e-01 2.982765224586578778e-01 2.703919139754427103e+00 4.254161937999105803e-01 2.487041034695036235e+00 4.721480346555947394e-01 2.176999035714455855e-01 -3.754877373638145777e-01 1.396229113396428856e-01 9.769516840187139062e-01 1.426375497724880592e+00 0.000000000000000000e+00
1.013110890012849236e-01 -2.642558395686421813e-01 2.968809827139928803e-01 2.700810772942743299e+00 4.268035258317230962e-01 2.497672479950100222e+00 4.800189406782967017e-01 2.282430753662034739e-01 -3.830046426986175589e-01 1.385340279936935481e-01 9.817218050052092249e-01 1.433629282743983824e+00 0.000000000000000000e+00
1.036598633791621787e-01 -2.645400231048861683e-01 2.955516401813225169e-01 2.697784540392200725e+00 4.278161290088506874e-01 2.507552886976092132e+00 4.871484226535205964e-01 2.381119680624668999e-01 -3.899843884415519213e-01 1.375048660351892438e-01 9.861512411092563379e-01 1.440144972666971723e+00 0.000000000000000000e+00
1.061759898199492042e-01 -2.648478897739472981e-01 2.940668052860335169e-01 2.694343054419872541e+00 4.286230777019044424e-01 2.518320440186692988e+00 4.947243502959826622e-01 2.489472886288064679e-01 -3.975862486151284791e-01 1.363639012451720312e-01 9.909762897932347103e-01 1.447007805638051536e+00 0.000000000000000000e+00
1.084714608808158703e-01 -2.651321871352653181e-01 2.926546304858271830e-01 2.691021483526283120e+00 4.291000134832074764e-01 2.528311283143328758e+00 5.015802590482281165e-01 2.590790852589311966e-01 -4.046371007591678115e-01 1.352865111038020762e-01 9.954527972695489391e-01 1.453160373546407147e+00 0.000000000000000000e+00
1.109280252419198309e-01 -2.654401989439800214e-01 2.910796272426866005e-01 2.687273721420536887e+00 4.293273873329330748e-01 2.539182230331502588e+00 5.088587448864418938e-01 2.701916408947480086e-01 -4.123075373308140446e-01 1.340931236522023562e-01 1.000324651009685262e+00 1.459627993411718894e+00 0.000000000000000000e+00
1.131672012822689116e-01 -2.657242531112075645e-01 2.895842444601703924e-01 2.683683504804910580e+00 4.292723001876765920e-01 2.549253032872327296e+00 5.154409472576545470e-01 2.805705788740320283e-01 -4.194133837513636109e-01 1.329674970055883254e-01 1.004840373533050890e+00 1.465416507199060803e+00 0.000000000000000000e+00
1.155613701650710229e-01 -2.660315500474809136e-01 2.879191654441637938e-01 2.679659946333026177e+00 4.289271510222381067e-01 2.560194161331749818e+00 5.224241218204921378e-01 2.919412780432616428e-01 -4.271341540676121262e-01 1.317220197875423326e-01 1.009750243897748367e+00 1.471490778171367975e+00 0.000000000000000000e+00
1.177413029424829310e-01 -2.663148159185524388e-01 2.863404707132244376e-01 2.675828291564776862e+00 4.283461592525479311e-01 2.570315246253549457e+00 5.287335166275397569e-01 3.025509123519737886e-01 -4.342782168498042772e-01 1.305481816028194741e-01 1.014296992247813334e+00 1.476915504153804681e+00 0.000000000000000000e+00
1.200694933043101181e-01 -2.666210421211729353e-01 2.845849763617715467e-01 2.671556983852271472e+00 4.274345747766457038e-01 2.581295766173686168e+00 5.354211468884058078e-01 3.141630270740190523e-01 -4.420309450991339872e-01 1.292503649469750326e-01 1.019236090805474282e+00 1.482594828336453396e+00 0.000000000000000000e+00
1.221872639615169259e-01 -2.669027485027127278e-01 2.829231126626545745e-01 2.667510741106399408e+00 4.263360152339581433e-01 2.591438931219030906e+00 5.414595983440514404e-01 3.249861137441010794e-01 -4.491955142217196606e-01 1.280283984479273773e-01 1.023805542603832386e+00 1.487656831778421340e+00 0.000000000000000000e+00
1.244468165363833839e-01 -2.672066021120120816e-01 2.810779289604909970e-01 2.663022233674974260e+00 4.248701661678158104e-01 2.602428315020850924e+00 5.478561450977719183e-01 3.368191709680820045e-01 -4.569606261701182337e-01 1.266786584732047805e-01 1.028764481711614165e+00 1.492945736545264079e+00 0.000000000000000000e+00
1.264996481643782533e-01 -2.674857396519784158e-01 2.793333339888695588e-01 2.658788122170318236e+00 4.232646742956602814e-01 2.612566971286367945e+00 5.536267491267830021e-01 3.478377669516894977e-01 -4.641271926635213152e-01 1.254086884955084580e-01 1.033347915105695236e+00 1.497647680607853582e+00 0.000000000000000000e+00
1.286871506301439372e-01 -2.677863440860254185e-01 2.773987392158081544e-01 2.654109436733723015e+00 4.212553448805000933e-01 2.623538002382904466e+00 5.597342763232024954e-01 3.598732244185164353e-01 -4.718842485496224093e-01 1.240068587543395884e-01 1.038317307120755650e+00 1.502546964907218063e+00 0.000000000000000000e+00
1.306723729286148050e-01 -2.680616675129272597e-01 2.755721766031267173e-01 2.649713164397705434e+00 4.191555491369411968e-01 2.633647454520553932e+00 5.652411608252683184e-01 3.710686542985051628e-01 -4.790335710749673570e-01 1.226890434231843324e-01 1.042905800520907755e+00 1.506892444857900415e+00 0.000000000000000000e+00
1.327854903665343089e-01 -2.683571915142882736e-01 2.735495203827493782e-01 2.644872953960053508e+00 4.166192559240129434e-01 2.644574063620852566e+00 5.710666259727349425e-01 3.832846740872394853e-01 -4.867612656100503976e-01 1.212356482254088041e-01 1.047875658589159098e+00 1.511409299224728997e+00 0.000000000000000000e+00
1.348585379824120689e-01 -2.686496405226574402e-01 2.714813455842547407e-01 2.639958546615918777e+00 4.138141614129136059e-01 2.655468454926629640e+00 5.767464827876014333e-01 3.955869470057788440e-01 -4.944648585372679594e-01 1.197553051663530349e-01 1.052841721652857165e+00 1.515728014406456214e+00 0.000000000000000000e+00
1.367362894543941165e-01 -2.689161746853664381e-01 2.695324352722390238e-01 2.635362528471354437e+00 4.109914263270066925e-01 2.665491084426303114e+00 5.818630810319161961e-01 4.070136391369272855e-01 -5.015492665110421466e-01 1.183651850116021198e-01 1.057420161619893939e+00 1.519541527929394897e+00 0.000000000000000000e+00
1.385790259834793481e-01 -2.691790594059556563e-01 2.675455885886435237e-01 2.630714659427552782e+00 4.079482629453465847e-01 2.675476824028535816e+00 5.868596372900956037e-01 4.185036479229923834e-01 -5.086029815532533416e-01 1.169523530861798638e-01 1.061990745261715441e+00 1.523190324938912710e+00 0.000000000000000000e+00
1.405353887360028808e-01 -2.694590976167764440e-01 2.653509765206845117e-01 2.625626850034764370e+00 4.044079472458195212e-01 2.686248213739556689e+00 5.921396204672866315e-01 4.310167766208387041e-01 -5.162043756736394151e-01 1.153963346402738233e-01 1.066930909083812384e+00 1.526959763145810944e+00 0.000000000000000000e+00
1.423037078240282083e-01 -2.697127940223399412e-01 2.632865361775573176e-01 2.620886612955512618e+00 4.009188521926754234e-01 2.696144267960978613e+00 5.968919648535058187e-01 4.426230323884858264e-01 -5.231781293041208869e-01 1.139364479873412189e-01 1.071478056908040877e+00 1.530271004487160802e+00 0.000000000000000000e+00
1.441782657515094379e-01 -2.699817523136426312e-01 2.610087976119971898e-01 2.615709361854923642e+00 3.969047108935779278e-01 2.706810229680707280e+00 6.019113577180326136e-01 4.552508101712600119e-01 -5.306803206739012513e-01 1.123294716184521785e-01 1.076387328061492843e+00 1.533678519101917104e+00 0.000000000000000000e+00
1.458704494479302616e-01 -2.702238767916692597e-01 2.588689340232639413e-01 2.610896746809782787e+00 3.929885832340946905e-01 2.716601409748458984e+00 6.064285449799977634e-01 4.669516081576048916e-01 -5.375514094443600843e-01 1.108228797779023389e-01 1.080900920055986481e+00 1.536661259522805967e+00 0.000000000000000000e+00
1.476619174034181636e-01 -2.704787714938585164e-01 2.565109694722985667e-01 2.605651684533648815e+00 3.885231512592355330e-01 2.727146408943760925e+00 6.111992651777384822e-01 4.796694673642510343e-01 -5.449300967185883859e-01 1.091656861777084847e-01 1.085768379580324350e+00 1.539719367402544004e+00 0.000000000000000000e+00
1.492765814289781223e-01 -2.707066377213095953e-01 2.542982269309554955e-01 2.600784907888955111e+00 3.841998593984961019e-01 2.736820068636229397e+00 6.154916150646737583e-01 4.914424037266234557e-01 -5.516750182324046126e-01 1.076128052684617031e-01 1.090238095995858858e+00 1.542384126389277244e+00 0.000000000000000000e+00
1.509832484125368246e-01 -2.709446266073871068e-01 2.518627339863415138e-01 2.595489849640467916e+00 3.793038249206723833e-01 2.747231841944855368e+00 6.200241155029068141e-01 5.042261095912218272e-01 -5.589035698001796337e-01 1.059055692069095916e-01 1.095052159140340597e+00 1.545102947546139083e+00 0.000000000000000000e+00
1.526457534360683987e-01 -2.711723314008836483e-01 2.493884540749685130e-01 2.590176279186017005e+00 3.741937866624542863e-01 2.757570142181925643e+00 6.244389707999856709e-01 5.170337506161172270e-01 -5.660441704729544110e-01 1.041727418317574955e-01 1.099834131193686781e+00 1.547652258499617295e+00 0.000000000000000000e+00
1.541407458729884827e-01 -2.713727003908558144e-01 2.470707490753487334e-01 2.585258014539247640e+00 3.692914562457714212e-01 2.767045983771219575e+00 6.284121408302749678e-01 5.288715349510331176e-01 -5.725504061740726014e-01 1.025504356418436985e-01 1.104216762241575722e+00 1.549856956408039554e+00 0.000000000000000000e+00
1.557173090691322537e-01 -2.715781488323954496e-01 2.445242844580872710e-01 2.579918967414189801e+00 3.637856368869631929e-01 2.777236913991939726e+00 6.326096821824033212e-01 5.417057077182884095e-01 -5.794994589854436384e-01 1.007684063655523848e-01 1.108927494735762354e+00 1.552088419085416726e+00 0.000000000000000000e+00
1.571330418591772859e-01 -2.717561084838647223e-01 2.421418910760817222e-01 2.574984277066647120e+00 3.585293524346537808e-01 2.786573388667787921e+00 6.363899061917162037e-01 5.535556094361641088e-01 -5.858164105120842180e-01 9.910111772035147537e-02 1.113238952803518922e+00 1.554008025599146192e+00 0.000000000000000000e+00
1.585107345329136164e-01 -2.719219843825792515e-01 2.397298350302984882e-01 2.570045933181169140e+00 3.531108732644332449e-01 2.795841065175507456e+00 6.400827785172746864e-01 5.654024152292727035e-01 -5.920331606027107174e-01 9.741244888502426091e-02 1.117512327667687266e+00 1.555796205113079811e+00 0.000000000000000000e+00
1.599605182326208352e-01 -2.720869599735633582e-01 2.370844368593743867e-01 2.564695060534397442e+00 3.470638975664188663e-01 2.805802332600818794e+00 6.439893695203118273e-01 5.782262682473039428e-01 -5.986480532763039930e-01 9.555918004957333900e-02 1.122095894219822698e+00 1.557589977265302572e+00 0.000000000000000000e+00
1.613657499691762420e-01 -2.722355825856675460e-01 2.344064832543261145e-01 2.559345739671683440e+00 3.408384182937691520e-01 2.815680630437280119e+00 6.478019509368693196e-01 5.910319451908955246e-01 -6.051292552631755139e-01 9.368105226982222089e-02 1.126627795446810465e+00 1.559238340822007185e+00 0.000000000000000000e+00
1.626238488065885057e-01 -2.723570455664882650e-01 2.319069361160119580e-01 2.554411884120718845e+00 3.349395552178866531e-01 2.824724919142757695e+00 6.512430879603878786e-01 6.028298153989737340e-01 -6.109871443969137061e-01 9.192572118345895826e-02 1.130762885671376505e+00 1.560636500394298576e+00 0.000000000000000000e+00
1.638446400509647460e-01 -2.724624467233667802e-01 2.293819476271916069e-01 2.549484026938271697e+00 3.288994367565223342e-01 2.833697421909970426e+00 6.546130520037742873e-01 6.145995892575517594e-01 -6.167182670627642249e-01 9.014967569724191554e-02 1.134848574257721676e+00 1.561920410355825961e+00 0.000000000000000000e+00
1.651255665559942243e-01 -2.725572505910405785e-01 2.266191732109494872e-01 2.544154209088528962e+00 3.222025455778529945e-01 2.843336377955849148e+00 6.581888783994236380e-01 6.273113897727179422e-01 -6.227766922265854932e-01 8.820253875574410318e-02 1.139216025287397072e+00 1.563187808718594640e+00 0.000000000000000000e+00
1.663634509559307195e-01 -2.726306002069079915e-01 2.238292835740069986e-01 2.538835247794032135e+00 3.153516009090897576e-01 2.852890581375143952e+00 6.616916010231503886e-01 6.399743878609084335e-01 -6.286690027174131057e-01 8.623141671967878008e-02 1.143518495186474526e+00 1.564331769564838215e+00 0.000000000000000000e+00
1.674686858341300766e-01 -2.726779865678558012e-01 2.212313205311665087e-01 2.533936983077808236e+00 3.088967394189987559e-01 2.861634728548201334e+00 6.648658227264158116e-01 6.516135336680179968e-01 -6.339543787958116239e-01 8.439103092600110101e-02 1.147429746721419397e+00 1.565284515444813840e+00 0.000000000000000000e+00
1.686260781354231297e-01 -2.727059855027204605e-01 2.183938366925472496e-01 2.528644852859027292e+00 3.017680334539676323e-01 2.871025841290571368e+00 6.682461730980533421e-01 6.641608174068445170e-01 -6.395055383509998803e-01 8.237488482275662216e-02 1.151598126459611571e+00 1.566210896029998079e+00 0.000000000000000000e+00
1.696581054137422384e-01 -2.727090016260468319e-01 2.157546547846213580e-01 2.523773831136462586e+00 2.950669014969773407e-01 2.879619442042401722e+00 6.713177965203235287e-01 6.756784564892192035e-01 -6.444598835059015540e-01 8.049325332169636471e-02 1.155379016259196812e+00 1.566973492208142194e+00 0.000000000000000000e+00
1.706560134690413288e-01 -2.726888710239042668e-01 2.130976762412888359e-01 2.518917624139490830e+00 2.882547993864026381e-01 2.888141021183400436e+00 6.743481409456973941e-01 6.871275857525516173e-01 -6.492443189832562966e-01 7.859216409992170194e-02 1.159092794399312343e+00 1.567653264076385167e+00 0.000000000000000000e+00
1.716994025031079729e-01 -2.726394710106693764e-01 2.102007502884079837e-01 2.513674379580980833e+00 2.807550089920178849e-01 2.897291693744101782e+00 6.775906727309234379e-01 6.994453050054134646e-01 -6.542266273296036827e-01 7.651088706326795996e-02 1.163036669657610878e+00 1.568302675908201049e+00 0.000000000000000000e+00
1.726287198472442885e-01 -2.725670723095511283e-01 2.075111354724768764e-01 2.508852176617095253e+00 2.737264618766706015e-01 2.905663771299687337e+00 6.805526404953095021e-01 7.107296511762970503e-01 -6.586335597224395322e-01 7.456999190557501989e-02 1.166601177618627361e+00 1.568828783381545966e+00 0.000000000000000000e+00
1.735999344026331603e-01 -2.724580507815627661e-01 2.045822415518139814e-01 2.503647754667743364e+00 2.660029153376259892e-01 2.914652980173772168e+00 6.837346519447634607e-01 7.228532259856921272e-01 -6.631908941378377165e-01 7.244628738380497202e-02 1.170377007412141790e+00 1.569326261873172923e+00 0.000000000000000000e+00
1.744645313076605697e-01 -2.723277295997793002e-01 2.018661579042383414e-01 2.498862377356038778e+00 2.587770024097002519e-01 2.922876508202616019e+00 6.866533433414357956e-01 7.339426953438092927e-01 -6.671879660389103961e-01 7.046665155462977781e-02 1.173779328862772475e+00 1.569725070246412058e+00 0.000000000000000000e+00
1.753678768063634541e-01 -2.721527384083534673e-01 1.989120293405006734e-01 2.493699112763096970e+00 2.508495317581518336e-01 2.931705023026820012e+00 6.898026644885089098e-01 7.458376377736209983e-01 -6.712817772665802263e-01 6.830144749293572126e-02 1.177371533699125727e+00 1.570099643853732019e+00 0.000000000000000000e+00
1.761722339756598421e-01 -2.719585685804835617e-01 1.961759741072435226e-01 2.488953042049689923e+00 2.434445196475811812e-01 2.939780554035777538e+00 6.927049108654500520e-01 7.567010713342177120e-01 -6.748354994251819505e-01 6.628419451336316215e-02 1.180598352833920339e+00 1.570399915266638136e+00 0.000000000000000000e+00
1.770130677460262092e-01 -2.717112093753122348e-01 1.932038519201130788e-01 2.483833737741185210e+00 2.353327232625526122e-01 2.948448737163136268e+00 6.958515688514331776e-01 7.683348908191471871e-01 -6.784321650563611694e-01 6.407900974580428566e-02 1.183993616907662361e+00 1.570684340871058682e+00 0.000000000000000000e+00
1.777622434838343757e-01 -2.714470621185434696e-01 1.904545623443420488e-01 2.479128534892407920e+00 2.277659045914255387e-01 2.956376155689754981e+00 6.987657994532796568e-01 7.789404638071968368e-01 -6.815082492734572117e-01 6.202535052189250830e-02 1.187031218447006875e+00 1.570916435360059094e+00 0.000000000000000000e+00
1.785461703954186186e-01 -2.711203459240280611e-01 1.874717761163314234e-01 2.474053558831843080e+00 2.194873066020819330e-01 2.964883869634001634e+00 7.019416190531991839e-01 7.902764753032281986e-01 -6.845666900483314832e-01 5.978129192479688520e-02 1.190213562791596846e+00 1.571143869317151998e+00 0.000000000000000000e+00
1.792457964484435728e-01 -2.707798124335084600e-01 1.847161876086174104e-01 2.469390005684584999e+00 2.117746965873017473e-01 2.972662467547741105e+00 7.048981273373506884e-01 8.005915639953775642e-01 -6.871297828604508995e-01 5.769251226400969046e-02 1.193048098297822657e+00 1.571340144289490537e+00 0.000000000000000000e+00
1.799793388866378352e-01 -2.703669322586119694e-01 1.817304261965017043e-01 2.464360731437347241e+00 2.033465176857287560e-01 2.981007995776464803e+00 7.081365978019141805e-01 8.115959453566667925e-01 -6.896147784736038622e-01 5.541125263543701662e-02 1.196003408159483694e+00 1.571547205064244501e+00 0.000000000000000000e+00
1.806354922787090922e-01 -2.699434058309375106e-01 1.789756815244704646e-01 2.459739003204000518e+00 1.955028334656843114e-01 2.988635950075892111e+00 7.111672085433971002e-01 8.215871270812352689e-01 -6.916286608899218091e-01 5.328871740783306526e-02 1.198620896036868055e+00 1.571741748981874798e+00 0.000000000000000000e+00
1.813254522585394657e-01 -2.694367551107028080e-01 1.759947796759027960e-01 2.454754747988715735e+00 1.869401186164019180e-01 2.996816737353181548e+00 7.145044157053754841e-01 8.322209961558671987e-01 -6.934966686575305683e-01 5.097155503881475869e-02 1.201332526658786648e+00 1.571966519777877380e+00 0.000000000000000000e+00
1.819447574854931027e-01 -2.689233363496854601e-01 1.732481630297636466e-01 2.450174430981935991e+00 1.789788846473721051e-01 3.004290839929624202e+00 7.176430842080884220e-01 8.418540492928473506e-01 -6.949239898437586938e-01 4.881671233823679096e-02 1.203718452679388706e+00 1.572195684789678749e+00 0.000000000000000000e+00
1.825985053398796465e-01 -2.683156802183871981e-01 1.702801241283287415e-01 2.445234820415119525e+00 1.702957321974478688e-01 3.012302395275528344e+00 7.211159128485788994e-01 8.520821857754056206e-01 -6.961381249847257147e-01 4.646547399083308244e-02 1.206172156149733388e+00 1.572478113023281443e+00 0.000000000000000000e+00
1.832364749590146003e-01 -2.676521216092267452e-01 1.673219997256910063e-01 2.440317751838208427e+00 1.615549010945978026e-01 3.020223651214315908e+00 7.246754939615788205e-01 8.620822890896259194e-01 -6.969925336414504180e-01 4.409702912607393888e-02 1.208484179450085572e+00 1.572807679208179099e+00 0.000000000000000000e+00
1.838131832657010911e-01 -2.669883804802943850e-01 1.646020886006664963e-01 2.435798722696218555e+00 1.534379526155129625e-01 3.027453762150700722e+00 7.280471224806462915e-01 8.711034809661603040e-01 -6.974548584066881940e-01 4.189604299842113883e-02 1.210489939225078748e+00 1.573163477529813559e+00 0.000000000000000000e+00
1.843799521464103419e-01 -2.662735983298493148e-01 1.618942833763593325e-01 2.431298191756036786e+00 1.452769444723953640e-01 3.034603368941397150e+00 7.315104968992672818e-01 8.799140833794966143e-01 -6.975936090994813155e-01 3.968127085093798440e-02 1.212368533058020725e+00 1.573578664343756595e+00 0.000000000000000000e+00
1.849846782666859368e-01 -2.654397353873807486e-01 1.589764320490595351e-01 2.426443347137663853e+00 1.363885043384280848e-01 3.042255677907263589e+00 7.353761418005444472e-01 8.892123771674538268e-01 -6.973691046195876764e-01 3.726687397380736705e-02 1.214256447954777718e+00 1.574106769187919586e+00 0.000000000000000000e+00
1.855362460077316367e-01 -2.646129184674595458e-01 1.562994304429695114e-01 2.421980133400862378e+00 1.281423449088325839e-01 3.049230861827862960e+00 7.390599593783965249e-01 8.975571927061354316e-01 -6.968037820991911380e-01 3.502464629996116657e-02 1.215858738824624030e+00 1.574677484609523503e+00 0.000000000000000000e+00
1.861286849722250947e-01 -2.636531311439310743e-01 1.534192324453859391e-01 2.417164152368936225e+00 1.191663674717906574e-01 3.056688337762667462e+00 7.431873930148286123e-01 9.063289795465839793e-01 -6.957920472010700186e-01 3.258137701154380922e-02 1.217438126509095442e+00 1.575398402316608104e+00 0.000000000000000000e+00
1.867178072898395269e-01 -2.626248040502303094e-01 1.505617847721602010e-01 2.412367643570878961e+00 1.101479189216139076e-01 3.064039505612440539e+00 7.474676920978312600e-01 9.148132781473582442e-01 -6.943568031105989968e-01 3.012400545291663706e-02 1.218851865573764126e+00 1.576238097008309857e+00 0.000000000000000000e+00
1.872606922560725862e-01 -2.616122739118528773e-01 1.479464042831354909e-01 2.407956294154555366e+00 1.017874197398209724e-01 3.070727170350361579e+00 7.515664967525449436e-01 9.223778540656738523e-01 -6.926421268427513933e-01 2.784350732196815698e-02 1.220004481693550247e+00 1.577131188079867963e+00 0.000000000000000000e+00
1.878044075879845565e-01 -2.605370425694455427e-01 1.453541949028037683e-01 2.403559784655833198e+00 9.339391287441722866e-02 3.077317267837758941e+00 7.558173679055021355e-01 9.296775120345538435e-01 -6.905440885359870329e-01 2.555183847860355989e-02 1.221007561318128598e+00 1.578148648774332807e+00 0.000000000000000000e+00
1.883963755945071150e-01 -2.592989559372790298e-01 1.425742564066673213e-01 2.398812864099230779e+00 8.426526510365306422e-02 3.084341938305718678e+00 7.606067302308733291e-01 9.372751111503864196e-01 -6.878258000113431914e-01 2.305708071557980091e-02 1.221920759255916700e+00 1.579404995018577784e+00 0.000000000000000000e+00
1.889471100552801430e-01 -2.580866252888040502e-01 1.400360645233584833e-01 2.394444799872720964e+00 7.580705393681341775e-02 3.090716028944037408e+00 7.652080733832850035e-01 9.439938005274655097e-01 -6.848971883396103300e-01 2.074361140197938241e-02 1.222600397966105090e+00 1.580718066594041238e+00 0.000000000000000000e+00
1.895502583694524401e-01 -2.566954540692118480e-01 1.373186606593219672e-01 2.389726572658552151e+00 6.661055978652719034e-02 3.097496819538845703e+00 7.704013040879668095e-01 9.509425204437003121e-01 -6.812580452890442118e-01 1.822641442617710383e-02 1.223155533895331937e+00 1.582320890096105437e+00 0.000000000000000000e+00
1.901147913195669337e-01 -2.553368325724866272e-01 1.348421838931958550e-01 2.385382868725184125e+00 5.809196888238332690e-02 3.103635587710138033e+00 7.754004569282091364e-01 9.570402272336001603e-01 -6.774545851992204160e-01 1.589321171307757699e-02 1.223495619566535186e+00 1.583980705245497278e+00 0.000000000000000000e+00
1.907365612709922553e-01 -2.537816239392368667e-01 1.321959887656893318e-01 2.380688217041069699e+00 4.883253733665249285e-02 3.110149223576168076e+00 7.810525502887115668e-01 9.632919978925612581e-01 -6.728404588735762415e-01 1.335573726228786798e-02 1.223672719779025364e+00 1.585988861865471611e+00 0.000000000000000000e+00
1.913211121387383695e-01 -2.522670185430345713e-01 1.297889099639118471e-01 2.376363902662950611e+00 4.025727329985340219e-02 3.116029920437323408e+00 7.864991141920870676e-01 9.687278425725491804e-01 -6.681169432061573321e-01 1.100497225015602959e-02 1.223656607654430406e+00 1.588048816968647747e+00 0.000000000000000000e+00
1.919672698474793604e-01 -2.505378299403673292e-01 1.272218476864396264e-01 2.371687641170813432e+00 3.093772845560982532e-02 3.122250717939753617e+00 7.926618021125848568e-01 9.742423836627490674e-01 -6.624842243425851374e-01 8.449738363995503918e-03 1.223440092657807066e+00 1.590518898879696552e+00 0.000000000000000000e+00
1.925770958438859648e-01 -2.488570462771362568e-01 1.248917912080801385e-01 2.367377078126370105e+00 2.230871303110371073e-02 3.127847413508260566e+00 7.986071760881322534e-01 9.789746211827381472e-01 -6.567944472526581201e-01 6.083672659163320319e-03 1.223051137980601055e+00 1.593034520845385327e+00 0.000000000000000000e+00
1.932533413662063937e-01 -2.469415538370283436e-01 1.224124228299589418e-01 2.362712237599553511e+00 1.293262079157697642e-02 3.133744829396468923e+00 8.053408457463432368e-01 9.837015989595743193e-01 -6.500861442038302629e-01 3.513086325511734220e-03 1.222420235118361065e+00 1.596031109703942352e+00 0.000000000000000000e+00
