-4.234150712139062023e-04 -9.240171285426757031e-04 1.626512892863640758e-03 1.644709703650715227e-03 -2.379043693177429475e-03 -4.053071778223227284e-03 0.000000000000000000e+00
-4.362048469959967090e-04 -9.498109956061762116e-04 1.808297064747804717e-03 1.874146140719457065e-03 -2.680946778227166760e-03 -4.579259429948745463e-03 0.000000000000000000e+00
-3.807340748853971224e-04 -8.320139390350922426e-04 1.710118537482943624e-03 1.808968911882313790e-03 -2.566929287763919376e-03 -4.393431447178297589e-03 0.000000000000000000e+00
-3.873679032420640489e-04 -8.554279634027661672e-04 1.895222856910253051e-03 2.039135052139151583e-03 -2.877771764679515343e-03 -4.932978389548647868e-03 0.000000000000000000e+00
-3.330633713728436973e-04 -7.492523331650569052e-04 1.787305045851311780e-03 1.950867024648417214e-03 -2.743611085918029602e-03 -4.708317046385079863e-03 0.000000000000000000e+00
-3.328097784088268618e-04 -7.703974226302146011e-04 1.975426007156833030e-03 2.181845223889311569e-03 -3.063169830054501830e-03 -5.261416669333218721e-03 0.000000000000000000e+00
-2.802276586809371306e-04 -6.753575882414153408e-04 1.857856312915323604e-03 2.071597854830464769e-03 -2.908109966812233438e-03 -4.998694630353739399e-03 0.000000000000000000e+00
-2.728867860304906579e-04 -6.951491474651849689e-04 2.048051708349749034e-03 2.301133796763110695e-03 -3.233873069860226934e-03 -5.562531405933768269e-03 0.000000000000000000e+00
-2.222278154887513679e-04 -6.099493455622717608e-04 1.921666055991894106e-03 2.172378538871644338e-03 -3.059463460278966096e-03 -5.266064278592441639e-03 0.000000000000000000e+00
-2.071947156104814169e-04 -6.286542596266875282e-04 2.113657308257993472e-03 2.400507112030325629e-03 -3.390944755341074313e-03 -5.841270690543076682e-03 0.000000000000000000e+00
-1.591407396092370252e-04 -5.526813887788972757e-04 1.978584249897913372e-03 2.254409457955741658e-03 -3.196310428442927787e-03 -5.511777256288041826e-03 0.000000000000000000e+00
-1.363643720666274373e-04 -5.710049927412363946e-04 2.171493840794083696e-03 2.479285260795549561e-03 -3.530629202797008759e-03 -6.096016667010317747e-03 0.000000000000000000e+00
-9.121297687475493632e-05 -5.032203981204519394e-04 2.028644383862132639e-03 2.318915670532106788e-03 -3.317694586487007768e-03 -5.737863120215624946e-03 0.000000000000000000e+00
-6.007993864381999671e-05 -5.213907823622965232e-04 2.222075610646689903e-03 2.540686934745295389e-03 -3.653327625697588843e-03 -6.331312976035174955e-03 0.000000000000000000e+00
-1.868600251631047371e-05 -4.611636042932687474e-04 2.071787810412117903e-03 2.367240407706638905e-03 -3.421871205962379037e-03 -5.945601807358258384e-03 0.000000000000000000e+00
2.071227041600121055e-05 -4.797238849354734658e-04 2.264919461252512534e-03 2.584325307478430034e-03 -3.755828186337240027e-03 -6.546460399839304500e-03 0.000000000000000000e+00
5.810770024189393368e-05 -4.261102457528698206e-04 2.107989600294568611e-03 2.400652122970470259e-03 -3.507441140896183640e-03 -6.136667571911225139e-03 0.000000000000000000e+00
1.062581115466032511e-04 -4.453295728394923714e-04 2.300509274662021486e-03 2.613381371880052484e-03 -3.838084483292369953e-03 -6.745446445822977921e-03 0.000000000000000000e+00
1.387935291382591529e-04 -3.976864656890510830e-04 2.137336655527011242e-03 2.420404240451645705e-03 -3.572951231654020177e-03 -6.312582312930636874e-03 0.000000000000000000e+00
1.953993267768405762e-04 -4.179525861568722522e-04 2.328561024282971292e-03 2.627643829416825838e-03 -3.897445507478725091e-03 -6.928060456936613321e-03 0.000000000000000000e+00
2.229331706890547160e-04 -3.754164548186444961e-04 2.159914847086524814e-03 2.427983790144416787e-03 -3.617054209935854914e-03 -6.474819422815247805e-03 0.000000000000000000e+00
2.884382131427831730e-04 -3.970498274975808872e-04 2.349441197593032937e-03 2.629989893012663060e-03 -3.933306472040154489e-03 -7.097367758809980387e-03 0.000000000000000000e+00
3.100743495440261288e-04 -3.589179575343437456e-04 2.175822184228515255e-03 2.424626545753483242e-03 -3.638490497998247974e-03 -6.624735556612915133e-03 0.000000000000000000e+00
3.840625628273863779e-04 -3.820857729987525708e-04 2.363092053867699160e-03 2.620717525553928340e-03 -3.943661653869945383e-03 -7.253312207247564203e-03 0.000000000000000000e+00
3.997179211172874336e-04 -3.477369677280517379e-04 2.185231805604981314e-03 2.411752301815894839e-03 -3.636211132122202372e-03 -6.763624329996886786e-03 0.000000000000000000e+00
4.825466715170645404e-04 -3.727347173737571850e-04 2.369881796702000276e-03 2.602396374297821779e-03 -3.928039478844791432e-03 -7.398546283601703522e-03 0.000000000000000000e+00
4.914009754056758439e-04 -3.414090640535827337e-04 2.188320125220466483e-03 2.390729693320103877e-03 -3.609122940414266623e-03 -6.892412878905407325e-03 0.000000000000000000e+00
5.825427616590050928e-04 -3.682043519992184155e-04 2.369845923744562377e-03 2.575681970473642224e-03 -3.884868695405607752e-03 -7.532663876579359652e-03 0.000000000000000000e+00
5.846117025057329109e-04 -3.394703159328715802e-04 2.185297451149037506e-03 2.362955023836654789e-03 -3.556476922557560982e-03 -7.012007884096949084e-03 0.000000000000000000e+00
6.843721040241668163e-04 -3.683824093915211151e-04 2.363371274899217500e-03 2.542701171010630645e-03 -3.813704076882640237e-03 -7.657725183695340831e-03 0.000000000000000000e+00
6.788353147380021824e-04 -3.414325763866077335e-04 2.176435580397872993e-03 2.329949245977402938e-03 -3.477761206809759642e-03 -7.123141139667499289e-03 0.000000000000000000e+00
7.866246036163371258e-04 -3.723198634458246836e-04 2.350673808733105830e-03 2.504389815193963642e-03 -3.713957082584595781e-03 -7.773361649540788676e-03 0.000000000000000000e+00
7.736505861349052271e-04 -3.468093572618347054e-04 2.161936365736250032e-03 2.293009606470164385e-03 -3.372178641231737828e-03 -7.225899620144637936e-03 0.000000000000000000e+00
8.896669170640747470e-04 -3.799597819006683697e-04 2.332069540187164947e-03 2.462935573094515718e-03 -3.585021068010618706e-03 -7.880624623831433695e-03 0.000000000000000000e+00
8.685648270638501867e-04 -3.551527184157687866e-04 2.142149036856944022e-03 2.253526296878138879e-03 -3.239721475655876759e-03 -7.320726598442295341e-03 0.000000000000000000e+00
9.921138086875225248e-04 -3.902257179078383320e-04 2.307892670173811167e-03 2.419430104104058898e-03 -3.427067097955927011e-03 -7.978847743958628058e-03 0.000000000000000000e+00
9.631245421307388366e-04 -3.659663653821088047e-04 2.117368435604699561e-03 2.213019794797155271e-03 -3.080317179997571486e-03 -7.407521444716902437e-03 0.000000000000000000e+00
1.094407076111442167e-03 -4.032483566046296541e-04 2.278454123590706315e-03 2.375657507718731409e-03 -3.239626601450940058e-03 -8.068494531993319896e-03 0.000000000000000000e+00
1.056909914639331260e-03 -3.787768049838269313e-04 2.087911311477314014e-03 2.172925284892546216e-03 -2.893993624757396077e-03 -7.485857621734481882e-03 0.000000000000000000e+00
1.195207076324089623e-03 -4.178933985554689201e-04 2.244239186529328745e-03 2.332763690199968210e-03 -3.023756755726747514e-03 -8.148783355434563447e-03 0.000000000000000000e+00
1.149521663728003684e-03 -3.931693516726064708e-04 2.054181995899156954e-03 2.134489198063249660e-03 -2.681360492002848872e-03 -7.555534780405270823e-03 0.000000000000000000e+00
1.295003558656304676e-03 -4.342880611608590513e-04 2.205411396346168562e-03 2.292817766392118983e-03 -2.778717384722018124e-03 -8.218922500479397542e-03 0.000000000000000000e+00
1.240600311145007018e-03 -4.086655844560693751e-04 2.016488057483695195e-03 2.099253567693359912e-03 -2.442720400231745970e-03 -7.615548808343586273e-03 0.000000000000000000e+00
1.392494712385727862e-03 -4.513488042789670640e-04 2.162653681139048434e-03 2.256678476111328990e-03 -2.506866059327705898e-03 -8.278516054079254616e-03 0.000000000000000000e+00
1.329833608439578985e-03 -4.248716607387625910e-04 1.975226630366089253e-03 2.068381876427771715e-03 -2.178934050300895819e-03 -7.665123828533459971e-03 0.000000000000000000e+00
1.488233778374870031e-03 -4.693168912741907395e-04 2.116094474766821998e-03 2.226283013075480710e-03 -2.207469335933076593e-03 -8.326082706229254171e-03 0.000000000000000000e+00
1.416903614721465310e-03 -4.414143173982476576e-04 1.930743204033719129e-03 2.043140596288406385e-03 -1.890979828359284909e-03 -7.703235835811561572e-03 0.000000000000000000e+00
1.581063472856331087e-03 -4.870407687128375240e-04 2.066396739203224531e-03 2.202513134058836641e-03 -1.883302159928046393e-03 -8.360704423485021408e-03 0.000000000000000000e+00
1.501520892490115777e-03 -4.578916640028130036e-04 1.883466089417806799e-03 2.024868466246054766e-03 -1.580124940254723498e-03 -7.728738632829301736e-03 0.000000000000000000e+00
1.671524697780091273e-03 -5.049446295539439244e-04 2.013731197012730290e-03 2.186906261806509377e-03 -1.534166308126749811e-03 -8.380857419692855359e-03 0.000000000000000000e+00
1.583477319834131203e-03 -4.740012303478813305e-04 1.833733979646839929e-03 2.014511656053930011e-03 -1.247637237121956844e-03 -7.740321954815776451e-03 0.000000000000000000e+00
1.758561267143216034e-03 -5.218491843819450526e-04 1.958774471990609722e-03 2.180357139429212054e-03 -1.163497197295804142e-03 -8.385573880433927485e-03 0.000000000000000000e+00
1.662567067571729673e-03 -4.894195758389230377e-04 1.781930614607851737e-03 2.013035987224132128e-03 -8.951218539792193951e-04 -7.736672897806773364e-03 0.000000000000000000e+00
1.842801549704953246e-03 -5.382832965477590825e-04 1.901607511050562582e-03 2.184018250251718030e-03 -7.709758301790436974e-04 -8.372688104774983486e-03 0.000000000000000000e+00
1.738584730778452991e-03 -5.038943902087866800e-04 1.728451109525686036e-03 2.021297008245603877e-03 -5.244873411363037974e-04 -7.716641446424254980e-03 0.000000000000000000e+00
1.923239752323724350e-03 -5.531503265157611260e-04 1.843016991516621683e-03 2.198384890813365189e-03 -3.610464896279808045e-04 -8.341914449724985303e-03 0.000000000000000000e+00
1.811426363948376306e-03 -5.171867978724098425e-04 1.673635897806835526e-03 2.039858827568963306e-03 -1.375672553294293721e-04 -7.678866060718991804e-03 0.000000000000000000e+00
2.000562515802745134e-03 -5.670200344986831009e-04 1.782934800646479578e-03 2.224387185626230945e-03 6.678353474320886107e-05 -8.290413670771101806e-03 0.000000000000000000e+00
1.880946523452858843e-03 -5.290753898320454951e-04 1.617820888268312052e-03 2.069240299136243522e-03 2.635145205074351793e-04 -7.622049472287617533e-03 0.000000000000000000e+00
2.073865765213872558e-03 -5.788838811472685197e-04 1.722211326522504748e-03 2.262006956573969774e-03 5.072995550694514577e-04 -8.218674357223676452e-03 0.000000000000000000e+00
1.947069416784102946e-03 -5.394161763412064214e-04 1.561381203982942223e-03 2.109576423065639972e-03 6.764191092143434503e-04 -7.545303687046089891e-03 0.000000000000000000e+00
2.143817856760460439e-03 -5.893995847939814681e-04 1.660723901160982008e-03 2.311761619581798044e-03 9.608294435290432034e-04 -8.123803344544988647e-03 0.000000000000000000e+00
2.009744169207905440e-03 -5.480720320613363672e-04 1.504600635732378233e-03 2.160824675913719517e-03 1.098874892764278854e-03 -7.447524479370137840e-03 0.000000000000000000e+00
2.209647359524224974e-03 -5.975856999861639540e-04 1.599252337141476854e-03 2.373132123294929841e-03 1.421903786566591776e-03 -8.006593701957775977e-03 0.000000000000000000e+00
2.068918524529450575e-03 -5.549336005634120106e-04 1.447808823847263060e-03 2.222838283717276653e-03 1.528298636587432924e-03 -7.328033531939226464e-03 0.000000000000000000e+00
2.272040151380383399e-03 -6.042424574279614546e-04 1.537688366242628835e-03 2.445816090988817137e-03 1.890667720509053851e-03 -7.864561818861304232e-03 0.000000000000000000e+00
2.124603798683177835e-03 -5.599196709160092489e-04 1.391201495956034817e-03 2.294960868351125782e-03 1.962292178845803647e-03 -7.185996071929601214e-03 0.000000000000000000e+00
2.330307962751271278e-03 -6.083930465348719174e-04 1.476729682759442275e-03 2.529119298078530420e-03 2.361466503847609033e-03 -7.698900127311780750e-03 0.000000000000000000e+00
2.176771354646361845e-03 -5.630164327291298232e-04 1.335150820402752903e-03 2.376419368225413109e-03 2.397992452672248476e-03 -7.021447432232985619e-03 0.000000000000000000e+00
2.385099316598748853e-03 -6.109204086126307498e-04 1.416240660500556192e-03 2.622089008780026376e-03 2.834181342861175068e-03 -7.507556587390773473e-03 0.000000000000000000e+00
2.225481265186235458e-03 -5.641691964675954463e-04 1.279771748142810583e-03 2.466223236105236083e-03 2.833036278860223689e-03 -6.833684087374614080e-03 0.000000000000000000e+00
2.435844862399672017e-03 -6.109327327838698363e-04 1.356884052277906871e-03 2.723324233320223442e-03 3.303139725566950347e-03 -7.292551243462508381e-03 0.000000000000000000e+00
2.270747955463420231e-03 -5.634215273068732266e-04 1.225363871176499142e-03 2.563100435425180734e-03 3.264551006709304204e-03 -6.623190850230997739e-03 0.000000000000000000e+00
2.483190671366514168e-03 -6.092984940491985579e-04 1.298361589612551104e-03 2.831509365898821073e-03 3.768456744463133390e-03 -7.051403215283524872e-03 0.000000000000000000e+00
2.312639944640482170e-03 -5.608177134694414256e-04 1.172090688930954583e-03 2.665381213110773473e-03 3.689973135390989256e-03 -6.390219764099480670e-03 0.000000000000000000e+00
2.526641986701022580e-03 -6.052560777169702089e-04 1.241414692988912494e-03 2.944700952185019815e-03 4.224299346274662526e-03 -6.787514936296368262e-03 0.000000000000000000e+00
2.351224560727671609e-03 -5.563625353318668587e-04 1.120044128387787108e-03 2.771621865204298985e-03 4.106806183471256588e-03 -6.134876736927807883e-03 0.000000000000000000e+00
2.566793000960770899e-03 -5.997197733782211326e-04 1.185726035219714092e-03 3.060952958370055654e-03 4.670711700859087046e-03 -6.498782940075997772e-03 0.000000000000000000e+00
2.386575325870374242e-03 -5.501783139668647848e-04 1.069429984567271674e-03 2.879721764921239213e-03 4.512425152366716929e-03 -5.858185802239290751e-03 0.000000000000000000e+00
2.603265716212083136e-03 -5.918886421663882569e-04 1.131784931074464318e-03 3.178407913917880023e-03 5.102470394932723252e-03 -6.188363456514522909e-03 0.000000000000000000e+00
2.418786514995899251e-03 -5.423500752401444469e-04 1.020327246487595652e-03 2.987727581749588524e-03 4.904434950383951275e-03 -5.560958037048369107e-03 0.000000000000000000e+00
2.636596159229218084e-03 -5.827698202634790103e-04 1.079363211083206320e-03 3.294489281052026541e-03 5.519434442840420729e-03 -5.854918987456603219e-03 0.000000000000000000e+00
2.447944235723933937e-03 -5.329686269842648372e-04 9.728244029862942455e-04 3.093635342182210479e-03 5.280535500118865855e-03 -5.244075664540215342e-03 0.000000000000000000e+00
2.666481619819763282e-03 -5.716210251864861647e-04 1.028906330822032533e-03 3.407049689704066964e-03 5.916756641675569028e-03 -5.502289720885844559e-03 0.000000000000000000e+00
2.474167025198203973e-03 -5.221732982072235796e-04 9.269760909777491342e-04 3.195122021377283517e-03 5.638563095749837828e-03 -4.908730142059170021e-03 0.000000000000000000e+00
2.693422428601183194e-03 -5.594042313928626609e-04 9.800086222363502131e-04 3.513728365609480875e-03 6.294534645904903414e-03 -5.128605514662432086e-03 0.000000000000000000e+00
2.497545024963535032e-03 -5.100959420004380629e-04 8.828374991722842680e-04 3.289983074001856522e-03 5.976382122280021747e-03 -4.556236870850938203e-03 0.000000000000000000e+00
2.717181773261703737e-03 -5.454713277794620563e-04 9.332113840642142222e-04 3.612201094441935822e-03 6.648302846543607814e-03 -4.738690728152583631e-03 0.000000000000000000e+00
2.518203216351558305e-03 -4.968552367536349657e-04 8.403495848696707071e-04 3.376131779603497307e-03 6.292208935785303936e-03 -4.187618328608255780e-03 0.000000000000000000e+00
2.738193150908174722e-03 -5.307716288263653048e-04 8.880067515111278453e-04 3.699919989619271377e-03 6.978211155350244610e-03 -4.330488335968496472e-03 0.000000000000000000e+00
2.536240983154830486e-03 -4.826309956268148849e-04 7.995864353448900452e-04 3.451449901232805928e-03 6.584139951646861277e-03 -3.804579776782279765e-03 0.000000000000000000e+00
2.756309604073511887e-03 -5.146974229879031082e-04 8.448842036031245506e-04 3.774807817936043364e-03 7.280475478324888172e-03 -3.909183280562888996e-03 0.000000000000000000e+00
2.551784254054390022e-03 -4.675599975799415997e-04 7.604723699811688498e-04 3.513940540619930886e-03 6.850707138160494480e-03 -3.408323427858572785e-03 0.000000000000000000e+00
2.771897930918240660e-03 -4.981625600215533467e-04 8.032322768541932945e-04 3.834577226987878618e-03 7.555325141747282203e-03 -3.472243909289574049e-03 0.000000000000000000e+00
2.564946494140907252e-03 -4.518096260350823457e-04 7.229546832395739031e-04 3.561521494136687949e-03 7.090399579610107139e-03 -3.000310815964191136e-03 0.000000000000000000e+00
2.784872006188363058e-03 -4.806239357240948973e-04 7.635874112865703722e-04 3.877606927404020354e-03 7.799555944196789881e-03 -3.025596516603723529e-03 0.000000000000000000e+00
2.575845889367614494e-03 -4.355488716251132431e-04 6.869753391618438343e-04 3.592670579825707478e-03 7.302000996299184976e-03 -2.581993134716409344e-03 0.000000000000000000e+00
2.795533957311732709e-03 -4.629788860479600032e-04 7.252846393109302348e-04 3.901484750072459207e-03 8.013391463861374575e-03 -2.566417389693320672e-03 0.000000000000000000e+00
2.584600061520517245e-03 -4.189328864320773782e-04 6.524143206913524118e-04 3.605720383244470639e-03 7.484398107162171243e-03 -2.154713292720433770e-03 0.000000000000000000e+00
2.803872889361375131e-03 -4.446716345101187073e-04 6.887197719404047902e-04 3.905394045624621668e-03 8.194486143572987658e-03 -2.100314430189431647e-03 0.000000000000000000e+00
2.591315409848179985e-03 -4.021431310244627522e-04 6.192314195950232580e-04 3.599246767912678280e-03 7.636581463776881407e-03 -1.720150598098157957e-03 0.000000000000000000e+00
2.810115507670102319e-03 -4.266451200355680928e-04 6.533364370889249706e-04 3.887265212012103177e-03 8.342893634151415938e-03 -1.625103738422062349e-03 0.000000000000000000e+00
2.596114756804768220e-03 -3.853300760008893100e-04 5.872473140255407564e-04 3.572251605355347692e-03 7.757829290685247514e-03 -1.279376431091883148e-03 0.000000000000000000e+00
2.814308053172995261e-03 -4.083086623947740357e-04 6.193974487518350003e-04 3.846713561002079729e-03 8.457064147624926420e-03 -1.145965157523409772e-03 0.000000000000000000e+00
2.599109132028494529e-03 -3.686866359723928177e-04 5.563783607701600076e-04 3.523822217062821949e-03 7.847491086113045355e-03 -8.342321535939056787e-04 0.000000000000000000e+00
2.816619133839855238e-03 -3.906012714375572958e-04 5.863435776236047836e-04 3.782191871704920771e-03 8.536991291181017516e-03 -6.606273294456066481e-04 0.000000000000000000e+00
2.600403398065782856e-03 -3.523449543160472874e-04 5.264163597876736489e-04 3.453271060126716918e-03 7.905108276082373209e-03 -3.856800911621327543e-04 0.000000000000000000e+00
2.817150416713896932e-03 -3.729411685434447232e-04 5.544156024566704311e-04 3.694033857656986441e-03 8.581871313498190545e-03 -1.744758654762534889e-04 0.000000000000000000e+00
2.600107378070322384e-03 -3.364895426464231676e-04 4.972491550572222252e-04 3.360442351266978989e-03 7.930364140637635728e-03 6.450403145574767905e-05 0.000000000000000000e+00
2.815998807394207160e-03 -3.562773122687268312e-04 5.230972229418595632e-04 3.580867314504576626e-03 8.591608505621906033e-03 3.144841824105348849e-04 0.000000000000000000e+00
2.598319875686441738e-03 -3.212629174835779367e-04 4.686982278124252055e-04 3.245151432518245116e-03 7.923071113668189724e-03 5.150094301220597970e-04 0.000000000000000000e+00
2.813318420867606806e-03 -3.399927364279853315e-04 4.925028071932069373e-04 3.444162788781124362e-03 8.566165824010152363e-03 8.012572437174902973e-04 0.000000000000000000e+00
2.595147833518621217e-03 -3.068049275428974543e-04 4.405432204538373142e-04 3.107606675023522058e-03 7.883298131596827574e-03 9.645831637072888043e-04 0.000000000000000000e+00
2.809136508357595874e-03 -3.250157799755681864e-04 4.621096129317492363e-04 3.282889230279195658e-03 8.505345400724895200e-03 1.287820717015719651e-03 0.000000000000000000e+00
2.590673910268841140e-03 -2.932872934203190063e-04 4.126707303790388970e-04 2.948245506972480001e-03 7.811096205137424420e-03 1.411311878813492626e-03 0.000000000000000000e+00
2.803662765603537332e-03 -3.107347153115946892e-04 4.320672921686030676e-04 3.099355515213009227e-03 8.409921248549334649e-03 1.768835173479033074e-03 0.000000000000000000e+00
2.584996220886356944e-03 -2.808321975741601140e-04 3.848755711772233745e-04 2.768010286278155263e-03 7.706861443085522012e-03 1.853840479169921451e-03 0.000000000000000000e+00
2.796843206289287981e-03 -2.980585742170527297e-04 4.017698711993866745e-04 2.892692042633093763e-03 8.279528451621498419e-03 2.246347712882013070e-03 0.000000000000000000e+00
2.578186420771556159e-03 -2.695688485124803080e-04 3.569300641230732651e-04 2.567975819190326803e-03 7.570990717475467591e-03 2.290624732506962857e-03 0.000000000000000000e+00
2.788941112176110057e-03 -2.863601081440070306e-04 3.714483245401134504e-04 2.666186667386050146e-03 8.115790273708789471e-03 2.714775415957326743e-03 0.000000000000000000e+00
2.570326965216786219e-03 -2.596127204902987096e-04 3.286345484850849985e-04 2.349332333924536442e-03 7.404163972115185288e-03 2.720053011309175872e-03 0.000000000000000000e+00
2.779823277014644572e-03 -2.765389664013961912e-04 3.404540783630838341e-04 2.419476619737181977e-03 7.918237966281438389e-03 3.175993982100333568e-03 0.000000000000000000e+00
2.561475404287939621e-03 -2.510802882334794983e-04 2.997831684459217882e-04 2.113793303922584244e-03 7.207119274638351669e-03 3.140391370171968788e-03 0.000000000000000000e+00
2.769791150049876350e-03 -2.679200243649315638e-04 3.089562137622570148e-04 2.156334958363093079e-03 7.689236711081015585e-03 3.624718685585559541e-03 0.000000000000000000e+00
2.551696937764053041e-03 -2.440851433973822981e-04 2.702336474842415015e-04 1.863125058431336356e-03 6.980892741255129152e-03 3.549661728038167041e-03 0.000000000000000000e+00
2.758632888075249201e-03 -2.613973130780045118e-04 2.763363350972158905e-04 1.876914804901375078e-03 7.428283895295262340e-03 4.062414568950512006e-03 0.000000000000000000e+00
2.541027129967398778e-03 -2.387077707337315058e-04 2.397213024036282114e-04 1.599319265477738838e-03 6.726530599446611802e-03 3.946273853606019344e-03 0.000000000000000000e+00
2.746693666798784295e-03 -2.562788652534508937e-04 2.427978888943638225e-04 1.585695026551370290e-03 7.138550256065023802e-03 4.483680515147803192e-03 0.000000000000000000e+00
2.529502170536952928e-03 -2.350162664804256174e-04 2.080641489377033082e-04 1.324883198839721388e-03 6.445364472897896491e-03 4.328504485840323213e-03 0.000000000000000000e+00
2.733672099217793194e-03 -2.534425050019772918e-04 2.076934233266602980e-04 1.282770553253875789e-03 6.819479317863752499e-03 4.889856616991483662e-03 0.000000000000000000e+00
2.517153464530342416e-03 -2.331096921404096634e-04 1.750773471657640634e-04 1.041844954525306122e-03 6.138880770089727434e-03 4.694198065084531635e-03 0.000000000000000000e+00
2.719937895542619624e-03 -2.521330945020605618e-04 1.712231543598008443e-04 9.732481764817002556e-04 6.474945100443552093e-03 5.275971890662756181e-03 0.000000000000000000e+00
2.503977218818630862e-03 -2.330222543995008611e-04 1.405495448832394523e-04 7.529779253312440801e-04 5.808677338916545807e-03 5.041833532629880210e-03 0.000000000000000000e+00
2.705115425470729085e-03 -2.532560115501014675e-04 1.328073309808663893e-04 6.575430052069286546e-04 6.104463850609587183e-03 5.642659294992746766e-03 0.000000000000000000e+00
2.489967825373674837e-03 -2.348043781857656054e-04 1.042728491733591056e-04 4.608816565534468168e-04 5.456498566414058615e-03 5.369596415542687851e-03 0.000000000000000000e+00
2.689585718602571091e-03 -2.559913612366071511e-04 9.257687412750348344e-05 3.406916847557006633e-04 5.712482256531536962e-03 5.985736917067718821e-03 0.000000000000000000e+00
2.475110334707316534e-03 -2.384900344407914208e-04 6.612265778904724556e-05 1.677409071310087540e-04 5.084384091671889649e-03 5.675666310188454133e-03 0.000000000000000000e+00
2.672908875006565349e-03 -2.612511829598596069e-04 5.003872584030677473e-05 2.346596653968191504e-05 5.298688838849319183e-03 6.305434399254128408e-03 0.000000000000000000e+00
2.459361602191248442e-03 -2.440947508124402532e-04 2.584063427363281207e-05 -1.234287867593053534e-04 4.694286386556001389e-03 5.958699180343085544e-03 0.000000000000000000e+00
2.655470916434955753e-03 -2.681606486438781189e-04 5.359986118669279875e-06 -2.893651738817837327e-04 4.868036970634204152e-03 6.598169787479513104e-03 0.000000000000000000e+00
2.442676748280414589e-03 -2.516432659302181296e-04 -1.664170571546996769e-05 -4.102089063096059363e-04 4.288509180703670154e-03 6.216934328213241656e-03 0.000000000000000000e+00
2.636733458548992659e-03 -2.776048809776665571e-04 -4.205721881406221385e-05 -5.974418565934946912e-04 4.420117780673749053e-03 6.864579372320545048e-03 0.000000000000000000e+00
2.424983437889445537e-03 -2.611181011007157604e-04 -6.153019334587117584e-05 -6.902064395690743481e-04 3.869324719456113115e-03 6.449320673683534011e-03 0.000000000000000000e+00
2.617107770392416988e-03 -2.886800360442642877e-04 -9.191453872575694461e-05 -8.956289706150144525e-04 3.960428645782165802e-03 7.101450806588971432e-03 0.000000000000000000e+00
2.406204601093461792e-03 -2.725053490320594740e-04 -1.089286232052733006e-04 -9.614894259630801798e-04 3.439116608122461116e-03 6.654791007909999223e-03 0.000000000000000000e+00
2.595995203401139928e-03 -3.022725458135255838e-04 -1.447883029102592367e-04 -1.184181099990411212e-03 3.488646666871542124e-03 7.309494125897764150e-03 0.000000000000000000e+00
2.386229151955035488e-03 -2.857786930210437504e-04 -1.589483304288430432e-04 -1.221600080978824110e-03 3.000373111945453530e-03 6.832475979130059329e-03 0.000000000000000000e+00
2.573808387525633457e-03 -3.174187256049232353e-04 -2.003336630645446981e-04 -1.458921889321285192e-03 3.010481078672633259e-03 7.486467124756313041e-03 0.000000000000000000e+00
2.364960450014795545e-03 -3.008874819701023995e-04 -2.116907312197935376e-04 -1.468946800415871223e-03 2.555565220332844945e-03 6.981997943208639867e-03 0.000000000000000000e+00
2.549866741764973688e-03 -3.349789522502644168e-04 -2.591578719163267763e-04 -1.719979614458022610e-03 2.525502346248931218e-03 7.633616561351530549e-03 0.000000000000000000e+00
2.342266380979132756e-03 -3.177592152811270498e-04 -2.672873874041692410e-04 -1.702226078653001906e-03 2.107133518128190275e-03 7.103348233246098431e-03 0.000000000000000000e+00
2.524606733150080995e-03 -3.539526497109424241e-04 -3.207831604392086255e-04 -1.963977754312118407e-03 2.039584561765117598e-03 7.749453595582878052e-03 0.000000000000000000e+00
2.318013901151161349e-03 -3.363319670545705797e-04 -3.257362941116448418e-04 -1.920196487380287920e-03 1.657616596370203865e-03 7.196473685547655208e-03 0.000000000000000000e+00
2.497279887296519063e-03 -3.751986369181503633e-04 -3.857817111461714354e-04 -2.191861448561649439e-03 1.552245078133118739e-03 7.835381426875009936e-03 0.000000000000000000e+00
2.292070346463462305e-03 -3.565118203235351224e-04 -3.870876555021052212e-04 -2.121898562677415612e-03 1.209466024758576452e-03 7.261826956592276616e-03 0.000000000000000000e+00
2.468351370727012162e-03 -3.976306503205018217e-04 -4.537061055396307552e-04 -2.400895180912243632e-03 1.069143549243811719e-03 7.891489180592792252e-03 0.000000000000000000e+00
2.264276468437298462e-03 -3.781722770813400469e-04 -4.513614776960883646e-04 -2.306959073111958247e-03 7.649039615200692310e-04 7.300449293191402234e-03 0.000000000000000000e+00
2.437019361365061476e-03 -4.220968181185835721e-04 -5.250257895927923357e-04 -2.592685166064256919e-03 5.897039570390560925e-04 7.919258133350925988e-03 0.000000000000000000e+00
2.234492768740159452e-03 -4.012064139452820033e-04 -5.184925744105006729e-04 -2.474998789437243829e-03 3.263493914458237555e-04 7.313083555809285485e-03 0.000000000000000000e+00
2.403786178463263035e-03 -4.474611744250955869e-04 -5.992212364934745850e-04 -2.765340294608176208e-03 1.193097763185768656e-04 7.919750112805434838e-03 0.000000000000000000e+00
2.202565515541127228e-03 -4.254288036742159829e-04 -5.885048938744641411e-04 -2.626482746778791011e-03 -1.043156032793923771e-04 7.301616753314643660e-03 0.000000000000000000e+00
2.367806080322082396e-03 -4.745517219986727930e-04 -6.767038600545283167e-04 -2.920800013019864139e-03 -3.427660173906943442e-04 7.894579479248875487e-03 0.000000000000000000e+00
2.168354746440517844e-03 -4.506812755590006159e-04 -6.612795598530674113e-04 -2.761364726614701226e-03 -5.250192591450542068e-04 7.267436485951961345e-03 0.000000000000000000e+00
2.329639051714918474e-03 -5.021635960301140678e-04 -7.568702413443539889e-04 -3.058003751101878720e-03 -7.915853663269523111e-04 7.845818959153483263e-03 0.000000000000000000e+00
2.131730966253075898e-03 -4.767911297335614140e-04 -7.367257529562465379e-04 -2.880813859220676676e-03 -9.339196434257068802e-04 7.212215585948200669e-03 0.000000000000000000e+00
2.288393663919696674e-03 -5.310456627035387012e-04 -8.401334550133254808e-04 -3.179407963672886694e-03 -1.228376223819882540e-03 7.775684325214360371e-03 0.000000000000000000e+00
2.092553493534016207e-03 -5.034945705013060824e-04 -8.147495771858581648e-04 -2.985351056002283343e-03 -1.329641053647190319e-03 7.138490751327886130e-03 0.000000000000000000e+00
2.244753760290346678e-03 -5.599909691023641223e-04 -9.257655262527308970e-04 -3.284590747739457584e-03 -1.648347135971839350e-03 7.686183651467892730e-03 0.000000000000000000e+00
2.050753568481000766e-03 -5.306103280967311431e-04 -8.950506861205020925e-04 -3.075837744439091637e-03 -1.710372405176130428e-03 7.047611345303295138e-03 0.000000000000000000e+00
2.197777535644762636e-03 -5.896724295756106127e-04 -1.014176684493495184e-03 -3.376256901138852129e-03 -2.053248062186430190e-03 7.579938209021364059e-03 0.000000000000000000e+00
2.006219698780287164e-03 -5.578107732983894618e-04 -9.775624998639709240e-04 -3.153879742874732273e-03 -2.075260541028800532e-03 6.942468730739559390e-03 0.000000000000000000e+00
2.148259559012710707e-03 -6.188507342500537689e-04 -1.104470379287070259e-03 -3.454162716046926818e-03 -2.438693859656559937e-03 7.459042130600668230e-03 0.000000000000000000e+00
1.958916951898342917e-03 -5.848076267621349356e-04 -1.062046123608217929e-03 -3.220784951366351123e-03 -2.423282358945400006e-03 6.825313992537829222e-03 0.000000000000000000e+00
2.095289454676754759e-03 -6.480978032788464738e-04 -1.197048603818695600e-03 -3.521316394394347071e-03 -2.806790638470779697e-03 7.326232039238433913e-03 0.000000000000000000e+00
1.908820436387612118e-03 -6.113204859395648949e-04 -1.148134447664372892e-03 -3.277434183245553356e-03 -2.753316370126768220e-03 6.697728675649106123e-03 0.000000000000000000e+00
2.039733766150783612e-03 -6.761522016011378700e-04 -1.290985323745386104e-03 -3.577805467291028663e-03 -3.153882614804981444e-03 7.183807253847263041e-03 0.000000000000000000e+00
1.855972952839235468e-03 -6.369343953928074953e-04 -1.235653768208777592e-03 -3.325796542192449579e-03 -3.065077523230819168e-03 6.562628083805588375e-03 0.000000000000000000e+00
1.980788130318100748e-03 -7.035350307937060510e-04 -1.386520981903727190e-03 -3.626288282394085627e-03 -3.481896287604424600e-03 7.033575770318378773e-03 0.000000000000000000e+00
1.800410756760878472e-03 -6.613249340338689386e-04 -1.324221958740379179e-03 -3.366940332725665286e-03 -3.357928295826262399e-03 6.421563250604389594e-03 0.000000000000000000e+00
1.919387418445162030e-03 -7.289132036591150499e-04 -1.482743420819332414e-03 -3.667085220083521335e-03 -3.788213082000613241e-03 6.878470336974640276e-03 0.000000000000000000e+00
1.742258206927971287e-03 -6.840865740060098066e-04 -1.413462567294021532e-03 -3.402178124128685255e-03 -3.631590998919076441e-03 6.276457115201861114e-03 0.000000000000000000e+00
1.854858910103895919e-03 -7.527054010324774058e-04 -1.579822602899627615e-03 -3.703047202629150547e-03 -4.074776884390729492e-03 6.719750789939471503e-03 0.000000000000000000e+00
1.681717025333900883e-03 -7.047665008286518873e-04 -1.503054559765293341e-03 -3.433061035010620543e-03 -3.885933509303995947e-03 6.129137776718529551e-03 0.000000000000000000e+00
1.788218012696712877e-03 -7.736313598666333391e-04 -1.676767239311705016e-03 -3.734212017978855158e-03 -4.339521836436155411e-03 6.559801236134532587e-03 0.000000000000000000e+00
1.618959000980108032e-03 -7.229594818915774379e-04 -1.592572288691918025e-03 -3.460604586179361064e-03 -4.121129067186757311e-03 5.981131500663039446e-03 0.000000000000000000e+00
1.718981813526976321e-03 -7.919699500887333876e-04 -1.773674192659835391e-03 -3.763269464774232631e-03 -4.584323077727159301e-03 6.399404582451140300e-03 0.000000000000000000e+00
1.554302501656695812e-03 -7.381821432268231842e-04 -1.681601160356788194e-03 -3.485984682271681123e-03 -4.337218935247744156e-03 5.833672150750590646e-03 0.000000000000000000e+00
1.648235842612866264e-03 -8.065009834050673732e-04 -1.869506761840777909e-03 -3.789783014784831039e-03 -4.807767214831226710e-03 6.240532503082096838e-03 0.000000000000000000e+00
1.488076156136608486e-03 -7.499659064096053651e-04 -1.769713756849228270e-03 -3.510717425363907296e-03 -4.534644382860886225e-03 5.687956884431688565e-03 0.000000000000000000e+00
1.575652497140950237e-03 -8.173471695633038880e-04 -1.964401528109116501e-03 -3.816538975745853435e-03 -5.012009425338526114e-03 6.083816237463235410e-03 0.000000000000000000e+00
1.420733546184271834e-03 -7.578173490495887510e-04 -1.856410011988052222e-03 -3.535238335075074900e-03 -4.713675323670951656e-03 5.544714052753807465e-03 0.000000000000000000e+00
1.502436808962920312e-03 -8.233873552295767340e-04 -2.057265924665180323e-03 -3.843366682215521024e-03 -5.195959472365618836e-03 5.930478707297126562e-03 0.000000000000000000e+00
1.352753553831076427e-03 -7.612532623446632840e-04 -1.941237162631642699e-03 -3.560971571550997083e-03 -4.874832219584845916e-03 5.404508834982557630e-03 0.000000000000000000e+00
1.428458721428826905e-03 -8.246435092515436160e-04 -2.148103957450492318e-03 -3.872285048857726508e-03 -5.361583649266421503e-03 5.780389329212543004e-03 0.000000000000000000e+00
1.284621258006352074e-03 -7.597739012346615972e-04 -2.023759341882785945e-03 -3.588225769381558905e-03 -5.019029234359706493e-03 5.268016652506091191e-03 0.000000000000000000e+00
1.355050462088058794e-03 -8.200664864351503436e-04 -2.235899406619390462e-03 -3.903071445724215494e-03 -5.508337297114529463e-03 5.634461131241330634e-03 0.000000000000000000e+00
1.217045632677771216e-03 -7.528883701441169141e-04 -2.103434787321445398e-03 -3.618483672714667421e-03 -5.146648675276033202e-03 5.134999279258867233e-03 0.000000000000000000e+00
1.282198444233273449e-03 -8.095819835223228012e-04 -2.320640943131724310e-03 -3.937825678934636642e-03 -5.638397206309431198e-03 5.492262110545098608e-03 0.000000000000000000e+00
1.150638369910639280e-03 -7.401146427937488337e-04 -2.179821044556606857e-03 -3.651958469749416736e-03 -5.258701741792659590e-03 5.005571139529152447e-03 0.000000000000000000e+00
1.211358854890237646e-03 -7.922762786485570974e-04 -2.401283202235260372e-03 -3.976047780731128967e-03 -5.751421486221985901e-03 5.353989143261905781e-03 0.000000000000000000e+00
1.086173032768256164e-03 -7.209760562257860883e-04 -2.252434148995091645e-03 -3.689758570738277399e-03 -5.356012297031309544e-03 4.879378075081763910e-03 0.000000000000000000e+00
1.142740500348293775e-03 -7.679649094034513013e-04 -2.477799244839429260e-03 -4.019746120059952688e-03 -5.849442781492353305e-03 5.218632199121664428e-03 0.000000000000000000e+00
1.024400863356533797e-03 -6.950424101243857233e-04 -2.320764025755123194e-03 -3.732070931000475156e-03 -5.439410580304837595e-03 4.755644231739797334e-03 0.000000000000000000e+00
1.077769069320722028e-03 -7.359371498472655482e-04 -2.549269083726157792e-03 -4.068315609617734196e-03 -5.932708115434781604e-03 5.086133342053766881e-03 0.000000000000000000e+00
9.661963790553451670e-04 -6.618222091528402906e-04 -2.384416233780162209e-03 -3.780090247042622309e-03 -5.510213790711038229e-03 4.634108091166044829e-03 0.000000000000000000e+00
1.016903702627164341e-03 -6.958808440744035373e-04 -2.615509830071638397e-03 -4.123651391100491281e-03 -6.002772600401939940e-03 4.954599510648804994e-03 0.000000000000000000e+00
9.124174073344981650e-04 -6.209320763916892361e-04 -2.442857736406511826e-03 -3.834056950093422955e-03 -5.569147474092872585e-03 4.513353289739452379e-03 0.000000000000000000e+00
9.614904692010206588e-04 -6.472624345353061859e-04 -2.675809363470837976e-03 -4.185478117769481088e-03 -6.060756985842630229e-03 4.824241662139794329e-03 0.000000000000000000e+00
8.639707114609374017e-04 -5.719909366584119415e-04 -2.495726804037146085e-03 -3.894679178210402881e-03 -5.617415745112097625e-03 4.392370428327740939e-03 0.000000000000000000e+00
9.121840911037182309e-04 -5.896856228402025391e-04 -2.729926277427241477e-03 -4.255356861393000401e-03 -6.107778282443909745e-03 4.692279534190380019e-03 0.000000000000000000e+00
8.217803589466721181e-04 -5.145735200798307041e-04 -2.542551500019973876e-03 -3.962760553249289330e-03 -5.656144863573686621e-03 4.269886873692563256e-03 0.000000000000000000e+00
8.702318505207917720e-04 -5.228365718832339581e-04 -2.777231199880436652e-03 -4.332995964037245074e-03 -6.145117433254299044e-03 4.558524533452512628e-03 0.000000000000000000e+00
7.867151023591700820e-04 -4.483778818502037744e-04 -2.583005345650146722e-03 -4.038739864532292501e-03 -5.686495457973173018e-03 4.144392962181608908e-03 0.000000000000000000e+00
8.365039204839830322e-04 -4.461173467292800510e-04 -2.817448628066848704e-03 -4.420196235106033100e-03 -6.173802293568009247e-03 4.419909746318673172e-03 0.000000000000000000e+00
7.597306263703584861e-04 -3.730118876039689724e-04 -2.616707185422367798e-03 -4.123658967306376155e-03 -5.709587863337528546e-03 4.014275906929487547e-03 0.000000000000000000e+00
8.119766356019519904e-04 -3.595149371109496172e-04 -2.850120426597824164e-03 -4.516732635110543015e-03 -6.195223368615554449e-03 4.275836202650484807e-03 0.000000000000000000e+00
7.416571132787819209e-04 -2.881806009157883430e-04 -2.643294569718290798e-03 -4.217759129095721704e-03 -5.726384970606623881e-03 3.877567564725570293e-03 0.000000000000000000e+00
7.976401285585688061e-04 -2.621633052778959971e-04 -2.874963560709709043e-03 -4.624583181293662193e-03 -6.210476532455544429e-03 4.123192916973383859e-03 0.000000000000000000e+00
7.333557137879087584e-04 -1.935177914916264008e-04 -2.662493277633459776e-03 -4.322168562978401241e-03 -5.737960808754216657e-03 3.732372223590463278e-03 0.000000000000000000e+00
7.941574081481717062e-04 -1.543307989087527865e-04 -2.891668032657668252e-03 -4.743136516895063437e-03 -6.220678116600986129e-03 3.960830013741034605e-03 0.000000000000000000e+00
7.355785055948582674e-04 -8.867272547935511895e-05 -2.674003185059559140e-03 -4.437788208682569291e-03 -5.745181069494620374e-03 3.576560138498940944e-03 0.000000000000000000e+00
8.026508311199109791e-04 -3.484639356421403988e-05 -2.899853239182015319e-03 -4.875305915945649105e-03 -6.226540220816367821e-03 3.785178958918500314e-03 0.000000000000000000e+00
7.489772915817149990e-04 2.675171337990223108e-05 -2.677624768591624349e-03 -4.565289715719345054e-03 -5.749027907267389992e-03 3.408075057488524351e-03 0.000000000000000000e+00
8.233322678039833864e-04 9.581975903844019982e-05 -2.899444712761101162e-03 -5.020096219221503731e-03 -6.229013834650132253e-03 3.594980655451607277e-03 0.000000000000000000e+00
7.741048944324424586e-04 1.531668367076299830e-04 -2.673127915284873035e-03 -4.706054102139312079e-03 -5.750041153655072179e-03 3.224520574554023966e-03 0.000000000000000000e+00
8.573131687015789204e-04 2.392037932955060064e-04 -2.890036444231858237e-03 -5.180491141703491564e-03 -6.228505659140459727e-03 3.386405347567844615e-03 0.000000000000000000e+00
8.114655765200651238e-04 2.910797672761589183e-04 -2.660298229867436026e-03 -4.860963448850341706e-03 -5.748313949518912835e-03 3.023113475260963412e-03 0.000000000000000000e+00
9.042038051805256771e-04 3.946985573700656502e-04 -2.871692127292935215e-03 -5.355949754336286617e-03 -6.225548733069352636e-03 3.158178930190658207e-03 0.000000000000000000e+00
8.612095805752006950e-04 4.409986352489903005e-04 -2.639043759497916586e-03 -5.031479766021362821e-03 -5.744112850951665905e-03 2.801504023605350113e-03 0.000000000000000000e+00
9.652092048326732510e-04 5.643250222524542892e-04 -2.843930912784342624e-03 -5.549884957716244571e-03 -6.219409999818736878e-03 2.905590235545041367e-03 0.000000000000000000e+00
9.234839220535751014e-04 6.036995644714826526e-04 -2.609238189837354005e-03 -5.218600861127686841e-03 -5.737292817307171333e-03 2.557197682769185576e-03 0.000000000000000000e+00
1.039063838080861446e-03 7.473518218202857000e-04 -2.807093943273525349e-03 -5.761840311751420529e-03 -6.210303586795085096e-03 2.627885233297266865e-03 0.000000000000000000e+00
9.981305490240621747e-04 7.798848468938412992e-04 -2.570768804443956945e-03 -5.423987579456834851e-03 -5.726672621562567400e-03 2.287070682151171042e-03 0.000000000000000000e+00
1.126866653359787085e-03 9.464118632033502454e-04 -2.760543725893821465e-03 -5.995418266987240230e-03 -6.196257836315499645e-03 2.319720500917554773e-03 0.000000000000000000e+00
1.084734930309722012e-03 9.705781448520467425e-04 -2.523589785521668238e-03 -5.649294497389156788e-03 -5.711277297513639439e-03 1.988682084819171081e-03 0.000000000000000000e+00
1.226458361618942838e-03 1.160724401770285574e-03 -2.704882270628469754e-03 -6.250486382887388004e-03 -6.176265837284145022e-03 1.980546014726858317e-03 0.000000000000000000e+00
1.182588315116112065e-03 1.176799448632998013e-03 -2.467675511897984841e-03 -5.896180072043399889e-03 -5.688835962992300210e-03 1.659037805824770118e-03 0.000000000000000000e+00
0.000000000000000000e+00 0.000000000000000000e+00 0.000000000000000000e+00 0.000000000000000000e+00 0.000000000000000000e+00 0.000000000000000000e+00 0.000000000000000000e+00
