-2.089651588151092421e-01 -1.471227776750866079e-01 1.026214487117556307e-01 2.359220128844866426e+00 -4.476727876469688283e-03 3.134007910843314537e+00 -7.832200970999270151e-01 6.924835355998372188e-01 -1.278956481899662379e-02 2.821204096315928656e-03 8.825707863039324863e-01 3.438039538305466981e-03 0.000000000000000000e+00
-2.093885738863231483e-01 -1.480467948036292836e-01 1.042479616046192714e-01 2.360864838548517142e+00 -6.855771569647117758e-03 3.129954839065091310e+00 -7.822974449402689823e-01 6.891206289333396962e-01 -1.862694761234129359e-02 4.308577484530581522e-03 8.872198000398565654e-01 5.111641747825016423e-03 0.000000000000000000e+00
-2.098247787333191450e-01 -1.489966057992354598e-01 1.060562586693670761e-01 2.362738984689236599e+00 -9.536718347874284518e-03 3.125375579635142564e+00 -7.814061515024467441e-01 6.850800809274714132e-01 -2.453823312593561567e-02 5.974303603185682210e-03 8.920337300262837221e-01 6.905346800871984755e-03 0.000000000000000000e+00
-2.102055128082045421e-01 -1.498286197382705520e-01 1.077663772068500198e-01 2.364547953601118913e+00 -1.210364763563820389e-02 3.120982148187964267e+00 -7.806707195674212896e-01 6.809957239216715141e-01 -2.962500396604128561e-02 7.559470659311836455e-03 8.962788088038700085e-01 8.552918171181960599e-03 0.000000000000000000e+00
-2.105928807114466061e-01 -1.506840477016733182e-01 1.096616000637602728e-01 2.366587088653258064e+00 -1.498141940031771924e-02 3.116049169798415619e+00 -7.799555276566806361e-01 6.761978394808119130e-01 -3.474479800366436777e-02 9.325733709860679899e-03 9.006684972286477242e-01 1.033927560439329256e-02 0.000000000000000000e+00
-2.109259440828194498e-01 -1.514333000348383751e-01 1.114489051096115846e-01 2.368537955677906481e+00 -1.772503048623574884e-02 3.111340852752030539e+00 -7.793595787837481748e-01 6.714323790262242131e-01 -3.911624377497502358e-02 1.099937232978575631e-02 9.045314789688349011e-01 1.199872769002719407e-02 0.000000000000000000e+00
-2.112587538612282767e-01 -1.522036974574685897e-01 1.134243311167684176e-01 2.370719800901795793e+00 -2.078820031629025067e-02 3.106079436082697320e+00 -7.787709536038133207e-01 6.659161068813157502e-01 -4.347743637608858513e-02 1.285683252306165335e-02 9.085176984884654194e-01 1.381776034130838618e-02 0.000000000000000000e+00
-2.115389815199092138e-01 -1.528790550457100050e-01 1.152821874296837412e-01 2.372791398756626258e+00 -2.369631028310248411e-02 3.101080741452343581e+00 -7.782691474754150907e-01 6.605092906572096467e-01 -4.716817817277485503e-02 1.460992905082276506e-02 9.120200216380287550e-01 1.552493502531974816e-02 0.000000000000000000e+00
-2.118118683059397045e-01 -1.535742041931751900e-01 1.173302391380334903e-01 2.375092532553389368e+00 -2.693018335296271104e-02 3.095518210046409813e+00 -7.777588192315287863e-01 6.543213692853833141e-01 -5.081258096649388101e-02 1.654848978137267793e-02 9.156280057038407305e-01 1.741392558948596028e-02 0.000000000000000000e+00
-2.120340961214284559e-01 -1.541841535387374618e-01 1.192519051940253844e-01 2.377264911092261013e+00 -2.998964681324167714e-02 3.090252145767817371e+00 -7.773083455331418756e-01 6.483120794436740830e-01 -5.385657409245436789e-02 1.837239726580547697e-02 9.187905094983098708e-01 1.920240678963689926e-02 0.000000000000000000e+00
-2.122412908370389373e-01 -1.548128077983641493e-01 1.213655625022833778e-01 2.379665418204291338e+00 -3.338059156858275145e-02 3.084410875077274294e+00 -7.768314399609358434e-01 6.414904588904632998e-01 -5.681667764407749566e-02 2.038332315719448840e-02 9.220402318184791612e-01 2.119718934751190983e-02 0.000000000000000000e+00
-2.124004315766481743e-01 -1.553654891871430466e-01 1.233441467521812912e-01 2.381919827662247080e+00 -3.657690199702567924e-02 3.078899097820986253e+00 -7.763917520649639137e-01 6.349171115298751777e-01 -5.924734477099269370e-02 2.226969009156805346e-02 9.248832228611659767e-01 2.309856153015238389e-02 0.000000000000000000e+00
-2.125367959487148017e-01 -1.559364941798842830e-01 1.255156405929753749e-01 2.384399112923042630e+00 -4.010753119982268800e-02 3.072803081153975935e+00 -7.759056585869970046e-01 6.275065994806207081e-01 -6.156309649687119467e-02 2.434371417544052910e-02 9.277985187274484513e-01 2.523142899054800145e-02 0.000000000000000000e+00
-2.126280089255895567e-01 -1.564397145780047349e-01 1.275442849768375075e-01 2.386718028593574736e+00 -4.342522578630969576e-02 3.067065218033760310e+00 -7.754386067108244296e-01 6.204066785934967410e-01 -6.341346082225829406e-02 2.628454275410620905e-02 9.303415712523650516e-01 2.727511800512879073e-02 0.000000000000000000e+00
-2.126880888642333767e-01 -1.569611053603670314e-01 1.297663605874841974e-01 2.389258715528320032e+00 -4.707855341200728461e-02 3.060733905057725135e+00 -7.749029784365822904e-01 6.124442264083233001e-01 -6.511628602325481019e-02 2.841351950259678877e-02 9.329415488455822247e-01 2.957784728939562638e-02 0.000000000000000000e+00
-2.127067748667496871e-01 -1.574222689646603002e-01 1.318381483978963153e-01 2.391625955936026671e+00 -5.050042461796966364e-02 3.054788303250366877e+00 -7.743726764845201282e-01 6.048546833547882029e-01 -6.641883811241267033e-02 3.040110320315017947e-02 9.352040373496590675e-01 3.179135235476640564e-02 0.000000000000000000e+00
-2.126860625963336859e-01 -1.579019928495957736e-01 1.341030678591488279e-01 2.394210281243505101e+00 -5.425625280430690367e-02 3.048241842850527572e+00 -7.737502291587414760e-01 5.963831013482189247e-01 -6.754708630822481297e-02 3.257655419325723722e-02 9.375110672229675091e-01 3.429147805186234799e-02 0.000000000000000000e+00
-2.126279548960917920e-01 -1.583281030953486435e-01 1.362110574594433965e-01 2.396610933366475571e+00 -5.776369394520308731e-02 3.042105175278616347e+00 -7.731230547220278027e-01 5.883402216981251653e-01 -6.833351777812524119e-02 3.460352563021398126e-02 9.395115006757803755e-01 3.670023651762256700e-02 0.000000000000000000e+00
-2.125216967845451888e-01 -1.587734326681881358e-01 1.385115667341054180e-01 2.399224314738355623e+00 -6.160177842849545726e-02 3.035359728832793369e+00 -7.723779688280509870e-01 5.793953293868214782e-01 -6.891781532128837817e-02 3.681788581996602028e-02 9.415438254826470343e-01 3.942560322510117038e-02 0.000000000000000000e+00
-2.123829032554069296e-01 -1.591711191338771869e-01 1.406489033896324292e-01 2.401644718978807269e+00 -6.517472966014947744e-02 3.029047146519862732e+00 -7.716223634477681337e-01 5.709346663407214306e-01 -6.921941831473987783e-02 3.887715432692377682e-02 9.433004465376634284e-01 4.205319446987103998e-02 0.000000000000000000e+00
-2.121875039286300890e-01 -1.595890717200340592e-01 1.429774644139154005e-01 2.404272362808224095e+00 -6.907217516762820253e-02 3.022119086062926119e+00 -7.707224813154304188e-01 5.615574098264435321e-01 -6.929678314440668174e-02 4.112270679094336828e-02 9.450790386716728664e-01 4.502682604759387225e-02 0.000000000000000000e+00
-2.119645707579410343e-01 -1.599644881748527037e-01 1.451373792610019253e-01 2.406700346598368512e+00 -7.268922937756405744e-02 3.015644266640110871e+00 -7.698092167986150258e-01 5.527136843470492611e-01 -6.914405085589092614e-02 4.320751251604146304e-02 9.466094907711141149e-01 4.789487161047347591e-02 0.000000000000000000e+00
-2.116761325447982511e-01 -1.603615380023502845e-01 1.474868204585949583e-01 2.409330336491381175e+00 -7.662253584960421193e-02 3.008546898881300891e+00 -7.687228468109442714e-01 5.429389510400769447e-01 -6.874417721821535210e-02 4.547724981171034214e-02 9.481516607793516460e-01 5.114081557084611263e-02 0.000000000000000000e+00
-2.113660581952542250e-01 -1.607204559598846283e-01 1.496626426428234735e-01 2.411754963037134658e+00 -8.026102634760245991e-02 3.001922163324687975e+00 -7.676246257564229847e-01 5.337463847473958856e-01 -6.816720336804982239e-02 4.758110129979169906e-02 9.494730547332218551e-01 5.426913935719972215e-02 0.000000000000000000e+00
-2.109819956324268386e-01 -1.611025417328833809e-01 1.520257346966911727e-01 2.414375680562688586e+00 -8.420468800147240529e-02 2.994668851117440411e+00 -7.663246036703008635e-01 5.236130567996444274e-01 -6.732524498942105140e-02 4.986803679043760179e-02 9.507985100077542828e-01 5.780613353520439729e-02 0.000000000000000000e+00
-2.105822777113095512e-01 -1.614502787006114326e-01 1.542109665022961540e-01 2.416787432864504481e+00 -8.784089913359460766e-02 2.987905226787443524e+00 -7.650162592057720978e-01 5.141051389443843656e-01 -6.635359066570578612e-02 5.198475883672461911e-02 9.519274239938387838e-01 6.121270772120085413e-02 0.000000000000000000e+00
-2.100997310397924867e-01 -1.618230134179851898e-01 1.565808482989981543e-01 2.419389829238802303e+00 -9.176893861243939909e-02 2.980506680503841821e+00 -7.634750213039159794e-01 5.036470385016976747e-01 -6.509857600200597005e-02 5.428243019551490245e-02 9.530525429753701205e-01 6.506112946036586575e-02 0.000000000000000000e+00
-2.096083300643868108e-01 -1.621644224820387725e-01 1.587691684242186207e-01 2.421780558932122407e+00 -9.537806155285366572e-02 2.973614267624936414e+00 -7.619333173488691546e-01 4.938565259652666350e-01 -6.376113650256809429e-02 5.640610975014974382e-02 9.540051556972913849e-01 6.876221181222225143e-02 0.000000000000000000e+00
-2.090257873027278057e-01 -1.625326268340379909e-01 1.611390143479631831e-01 2.424356240902596049e+00 -9.926293024825927347e-02 2.966081603748357054e+00 -7.601284264990951778e-01 4.831106376772832944e-01 -6.212635506742292257e-02 5.870822525900910166e-02 9.549483141973430511e-01 7.293675011043508627e-02 0.000000000000000000e+00
-2.084411756002220728e-01 -1.628720971499708625e-01 1.633243117991122206e-01 2.426719195926432704e+00 -1.028194071708168345e-01 2.959069595864260105e+00 -7.583321243438366777e-01 4.730696548403303114e-01 -6.045149305787211880e-02 6.083324887775659606e-02 9.557402051474780391e-01 7.694682156657871308e-02 0.000000000000000000e+00
-2.077568034961979060e-01 -1.632404795593623836e-01 1.656876830740114381e-01 2.429261897097443335e+00 -1.066331112476994747e-01 2.951411870680564764e+00 -7.562398118334160424e-01 4.620687355884582903e-01 -5.846517435883646918e-02 6.313387468088117738e-02 9.565169826584268842e-01 8.146432507892330255e-02 0.000000000000000000e+00
-2.070779681814599038e-01 -1.635819121357489914e-01 1.678641186544093111e-01 2.431591846343420737e+00 -1.101108724545092343e-01 2.944288729540897265e+00 -7.541696701390701030e-01 4.518086411728189922e-01 -5.648071987256386706e-02 6.525487859085833675e-02 9.571631986969345585e-01 8.579623955280300807e-02 0.000000000000000000e+00
-2.062913435778435667e-01 -1.639542319991948160e-01 1.702147924631424170e-01 2.434096236158614701e+00 -1.138248295370938301e-01 2.936515367891356476e+00 -7.517718264725899990e-01 4.405877781044199581e-01 -5.417468868466435161e-02 6.754839292163457298e-02 9.577906394497572862e-01 9.066757730547825300e-02 0.000000000000000000e+00
-2.055176929917086615e-01 -1.643010413564566508e-01 1.723767288288786670e-01 2.436389245765084866e+00 -1.171970081783255679e-01 2.929289468271211838e+00 -7.494103349549894322e-01 4.301393316206848505e-01 -5.190767280673425077e-02 6.966030879439183421e-02 9.583058945416603747e-01 9.533249510653715730e-02 0.000000000000000000e+00
-2.046280260746445867e-01 -1.646810011383573191e-01 1.747087983690658319e-01 2.438852181338179381e+00 -1.207820292463361866e-01 2.921408843647380404e+00 -7.466871195823289176e-01 4.187301830632172428e-01 -4.930922653114389043e-02 7.194128546209868635e-02 9.587987125013794909e-01 1.005711327078047806e-01 0.000000000000000000e+00
-2.037594612475807365e-01 -1.650361538567730879e-01 1.768509474059227760e-01 2.441105707635057520e+00 -1.240217507219920634e-01 2.914088117048938109e+00 -7.440185655910422913e-01 4.081233783631633139e-01 -4.678628087245773060e-02 7.403928215697107296e-02 9.591971214004554325e-01 1.055786578607239568e-01 0.000000000000000000e+00
-2.027673474388932140e-01 -1.654263795746809262e-01 1.791588400760965871e-01 2.443525137739161579e+00 -1.274488178199479904e-01 2.906109269304979481e+00 -7.409561300745329815e-01 3.965591672512258636e-01 -4.392551322949445058e-02 7.630273605694304351e-02 9.595711623755570630e-01 1.111918607469328107e-01 0.000000000000000000e+00
-2.018042228967624752e-01 -1.657923459400630350e-01 1.812762085117012867e-01 2.445738157533958734e+00 -1.305291349999455619e-01 2.898701747860262579e+00 -7.379666651718918002e-01 3.858233323963575767e-01 -4.117260361067942576e-02 7.838226539413142846e-02 9.598663072033650767e-01 1.165500326692529565e-01 0.000000000000000000e+00
-2.007098158206510330e-01 -1.661955942966676647e-01 1.835546626352919930e-01 2.448113815041677466e+00 -1.337687616013965020e-01 2.890633253328269259e+00 -7.345486976498567522e-01 3.741345852139453254e-01 -3.807587989513527837e-02 8.062325719478426189e-02 9.601353530524903146e-01 1.225480123987078146e-01 0.000000000000000000e+00
-1.996529059060117017e-01 -1.665743711016514916e-01 1.856425739467693070e-01 2.450286740326570012e+00 -1.366627552261538980e-01 2.883147395706534777e+00 -7.312262044529013183e-01 3.632984490545218548e-01 -3.511843950460225017e-02 8.267999985989564482e-02 9.603404830354536070e-01 1.282633641574780214e-01 0.000000000000000000e+00
-1.984576988296876121e-01 -1.669922645002069606e-01 1.878868131332986358e-01 2.452619504016769980e+00 -1.396865119818806455e-01 2.874998612351100213e+00 -7.274425849131983535e-01 3.515164912339568404e-01 -3.181438869819563919e-02 8.489416031256591388e-02 9.605191811445979999e-01 1.346500239256515630e-01 0.000000000000000000e+00
-1.973081771659596084e-01 -1.673854338518795670e-01 1.899409951291977927e-01 2.454753993214833230e+00 -1.423678724738834944e-01 2.867443077570694943e+00 -7.237765439356225183e-01 3.406079503823968846e-01 -2.867731809213669436e-02 8.692404666255953982e-02 9.606468797188673081e-01 1.407276072045645643e-01 0.000000000000000000e+00
-1.960131736073033037e-01 -1.678197219130404261e-01 1.921464065255439613e-01 2.457046810981225349e+00 -1.451465898586055125e-01 2.859224155070215545e+00 -7.196146223630740524e-01 3.287622431432380421e-01 -2.519110706716864989e-02 8.910692329479980023e-02 9.607482795773719664e-01 1.475100626449943053e-01 0.000000000000000000e+00
-1.947725732961582967e-01 -1.682283874974964955e-01 1.941628945830276565e-01 2.459146064548918709e+00 -1.475893102588372585e-01 2.851608606261871959e+00 -7.155962451732805762e-01 3.178086282902284898e-01 -2.189864101150362785e-02 9.110614168036546001e-02 9.608108638629889731e-01 1.539535143234137538e-01 0.000000000000000000e+00
-1.933800785837725689e-01 -1.686797363017754625e-01 1.963255482641667049e-01 2.461402743025030038e+00 -1.500961763181649644e-01 2.843330090207792704e+00 -7.110495634022429012e-01 3.059286661415485664e-01 -1.825743401109281017e-02 9.325391452048711893e-02 9.608482812763045056e-01 1.611324978053994827e-01 0.000000000000000000e+00
-1.920502449753329899e-01 -1.691046079625142251e-01 1.983007748945327942e-01 2.463471124901457809e+00 -1.522751103684658602e-01 2.835664966379259244e+00 -7.066715263072343989e-01 2.949564757399357195e-01 -1.483314148146885891e-02 9.521886967415324476e-02 9.608575357610924517e-01 1.679440649254951567e-01 0.000000000000000000e+00
-1.905620111969581199e-01 -1.695739248537884158e-01 2.004168693692996162e-01 2.465697407914533290e+00 -1.544825797043989368e-01 2.827338883673029990e+00 -7.017307632738921663e-01 2.830705547683166623e-01 -1.106130642958946808e-02 9.732756062527797569e-02 9.608431546912061805e-01 1.755237376382401127e-01 0.000000000000000000e+00
-1.891451075822366545e-01 -1.700153391711866635e-01 2.023476125733333353e-01 2.467740548510821696e+00 -1.563735595327582217e-01 2.819635647837218428e+00 -6.969872738982975102e-01 2.721057879282424707e-01 -7.528223769435848922e-03 9.925489030616832520e-02 9.608102646517435730e-01 1.827043190168798903e-01 0.000000000000000000e+00
-1.875640441093803235e-01 -1.705023799398995010e-01 2.044140093125365598e-01 2.469943061644880533e+00 -1.582568616926862681e-01 2.811274943413733407e+00 -6.916493669673972056e-01 2.602415550747507189e-01 -3.651060696444163867e-03 1.013212286735823975e-01 9.607564022186968478e-01 1.906825004972415583e-01 0.000000000000000000e+00
-1.860625232168902077e-01 -1.709602716039023140e-01 2.062974754019543666e-01 2.471967930111126588e+00 -1.598369866329409916e-01 2.803546204780904105e+00 -6.865362974115267747e-01 2.493093620237595287e-01 -3.169161697202937944e-05 1.032078036674161231e-01 9.606922866154530283e-01 1.982317133050187363e-01 0.000000000000000000e+00
-1.843909985191101164e-01 -1.714652162334562580e-01 2.083112065989670969e-01 2.474154836372933097e+00 -1.613711529410677414e-01 2.795165347361211250e+00 -6.807950547335339664e-01 2.374939815315139924e-01 3.927230501485245995e-03 1.052282357955399567e-01 9.606101946748514253e-01 2.066097351335422216e-01 0.000000000000000000e+00
-1.828075211992759852e-01 -1.719392174638041393e-01 2.101449405786139368e-01 2.476169348028987027e+00 -1.626187901781896983e-01 2.787425025406395473e+00 -6.753095420992160092e-01 2.266189465754186450e-01 7.611048079337434658e-03 1.070711349474963853e-01 9.605252398360778487e-01 2.145259481842891336e-01 0.000000000000000000e+00
-1.810489599321327692e-01 -1.724610666481860843e-01 2.121037150506045466e-01 2.478349705168416239e+00 -1.637822873754855024e-01 2.779039451525961546e+00 -6.691651634112124603e-01 2.148782511069929901e-01 1.162802710955856966e-02 1.090429227738342471e-01 9.604260370854723616e-01 2.232989168024713533e-01 0.000000000000000000e+00
-1.793863928645610395e-01 -1.729504862240250074e-01 2.138856456652123983e-01 2.480362741155640371e+00 -1.646774092294647218e-01 2.771302778628154773e+00 -6.633058095388746356e-01 2.040841762480360422e-01 1.535512105512437664e-02 1.108394496333096613e-01 9.603302298652568458e-01 2.315792339085025464e-01 0.000000000000000000e+00
-1.775435913148560862e-01 -1.734887695205727665e-01 2.157872531762629609e-01 2.482546759405892089e+00 -1.654483850596437655e-01 2.762930090523379789e+00 -6.567550324685249574e-01 1.924441316240585453e-01 1.940778644395235730e-02 1.127594556212022786e-01 9.602244357909535122e-01 2.407458510253120965e-01 0.000000000000000000e+00
-1.758050065840776333e-01 -1.739926639107815531e-01 2.175157042857886469e-01 2.484568056414137693e+00 -1.659728724007800693e-01 2.755213449076955534e+00 -6.505218373581672653e-01 1.817542196532372922e-01 2.315738410072953890e-02 1.145071134746747654e-01 9.601272304111655442e-01 2.493862441554787757e-01 0.000000000000000000e+00
-1.738817668317539089e-01 -1.745458142372973143e-01 2.193587212773052686e-01 2.486766441304951059e+00 -1.663339188904080501e-01 2.746871534627230549e+00 -6.435677911197523748e-01 1.702388941920596477e-01 2.722336529500801738e-02 1.163730822595739900e-01 9.600248318672520709e-01 2.589390862093770562e-01 0.000000000000000000e+00
-1.720703404678055326e-01 -1.750630010351697241e-01 2.210323571751121041e-01 2.488806300132520022e+00 -1.664714861457374795e-01 2.739192668566511557e+00 -6.369619531938652823e-01 1.596755655968012111e-01 3.097549295482049381e-02 1.180695824529817278e-01 9.599352830755980559e-01 2.679344121338240736e-01 0.000000000000000000e+00
-1.700697779520027875e-01 -1.756300210696684072e-01 2.228152919757585837e-01 2.491030687318146253e+00 -1.664047026109942706e-01 2.730902254895740455e+00 -6.296042383132216536e-01 1.483097599860746518e-01 3.503361782388325629e-02 1.198787842947702381e-01 9.598460671790804977e-01 2.778696674755009588e-01 0.000000000000000000e+00
-1.681888314285499286e-01 -1.761590964595004527e-01 2.244331128640268957e-01 2.493099927617282496e+00 -1.661411880904868354e-01 2.723280205423452838e+00 -6.226283541538680799e-01 1.378948610096961125e-01 3.876883441077416670e-02 1.215220212663763732e-01 9.597728302491033148e-01 2.872136344761529458e-01 0.000000000000000000e+00
-1.661149656633360561e-01 -1.767379803406477212e-01 2.261553241905494005e-01 2.495361934573856466e+00 -1.656338885354173840e-01 2.715061531066229161e+00 -6.148727630063665073e-01 1.267008043221444780e-01 4.279833029811852541e-02 1.232726502089399739e-01 9.597056520106060917e-01 2.975216325019000574e-01 0.000000000000000000e+00
-1.641678962465519531e-01 -1.772773965169889276e-01 2.277167053945323427e-01 2.497471510996922106e+00 -1.649574694262030405e-01 2.707516227379183071e+00 -6.075305610390725475e-01 1.164553905820142621e-01 4.649772736834734133e-02 1.248607264564678548e-01 9.596569161626575806e-01 3.072069501752729415e-01 0.000000000000000000e+00
-1.620240783897914927e-01 -1.778667961017829091e-01 2.293774292956933247e-01 2.499783272616503904e+00 -1.639966399826739973e-01 2.699392424034638083e+00 -5.993794238906671179e-01 1.054567183723119500e-01 5.047835424968871720e-02 1.265504605562310925e-01 9.596206971718325152e-01 3.178815323250694380e-01 0.000000000000000000e+00
-1.600143342205835872e-01 -1.784148681338442455e-01 2.308820299314257030e-01 2.501944097292417624e+00 -1.628977650899097185e-01 2.691944899555267945e+00 -5.916757643844221537e-01 9.540124627455323636e-02 5.412368914978937795e-02 1.280816533473505547e-01 9.596042521521012114e-01 3.278998782927567412e-01 0.000000000000000000e+00
-1.578046868610593623e-01 -1.790124538338304094e-01 2.324812822685671798e-01 2.504317229415712553e+00 -1.614758613033431267e-01 2.683938305853310169e+00 -5.831374036135190675e-01 8.461843991595864589e-02 5.803640542333377006e-02 1.297090944447411576e-01 9.596068487341641307e-01 3.389292600787790488e-01 0.000000000000000000e+00
-1.557357683365299117e-01 -1.795673874343938214e-01 2.339290910924144429e-01 2.506540067699429830e+00 -1.599475626667556938e-01 2.676610272321370942e+00 -5.750783452598030587e-01 7.477260853025960441e-02 6.160996813205654732e-02 1.311818641394470186e-01 9.596300848146750440e-01 3.492714464350200054e-01 0.000000000000000000e+00
-1.534637281851495283e-01 -1.801716298918217829e-01 2.354667794586570717e-01 2.508985883790418647e+00 -1.580568949462466399e-01 2.668745710502509638e+00 -5.661574213983101567e-01 6.422806770425386336e-02 6.543546587990078933e-02 1.327450647979178666e-01 9.596796196109504962e-01 3.606472388998343548e-01 0.000000000000000000e+00
-1.513391243864663505e-01 -1.807315495627377921e-01 2.368579809546131065e-01 2.511280844658769773e+00 -1.560946027674008363e-01 2.661559714430580037e+00 -5.577500215740116563e-01 5.461096024430060064e-02 6.892047848237847774e-02 1.341580465261514588e-01 9.597493944315106384e-01 3.713030124744321481e-01 0.000000000000000000e+00
-1.490088164237150792e-01 -1.813399426092726641e-01 2.383347106373725488e-01 2.513809963956848303e+00 -1.537331362635532273e-01 2.653860814303268256e+00 -5.484571539767755244e-01 4.432343110824430582e-02 7.264131399938289491e-02 1.356560080602937646e-01 9.598528582398602182e-01 3.830116334964791536e-01 0.000000000000000000e+00
-1.468320450690687173e-01 -1.819029590420017939e-01 2.396698614577753017e-01 2.516186383325073717e+00 -1.513351438108809788e-01 2.646839366871035271e+00 -5.397095686127332259e-01 3.495337761247711839e-02 7.602113173880220565e-02 1.370080200443213325e-01 9.599756965451400337e-01 3.939699421709099703e-01 0.000000000000000000e+00
-1.444469457524699685e-01 -1.825138794506144246e-01 2.410861021182758579e-01 2.518808472333853743e+00 -1.485009624680198037e-01 2.639331810283644497e+00 -5.300518146566426392e-01 2.494402605525261607e-02 7.961906237149940502e-02 1.384391279127242524e-01 9.601402799005068767e-01 4.060010054219382880e-01 0.000000000000000000e+00
-1.422214644872837330e-01 -1.830780486470820201e-01 2.423658738664186685e-01 2.521274695569958979e+00 -1.456679261891595800e-01 2.632498126196269883e+00 -5.209731317900760938e-01 1.583873654492054528e-02 8.287810575548393288e-02 1.397291215328665959e-01 9.603223735400411298e-01 4.172499315503239714e-01 0.000000000000000000e+00
-1.397856196248840610e-01 -1.836889813798658899e-01 2.437227579186965754e-01 2.523998019803279202e+00 -1.423647864635926297e-01 2.625205574952807375e+00 -5.109631082007952685e-01 6.124583910963710999e-03 8.633715253733331707e-02 1.410927765242848686e-01 9.605540019758507242e-01 4.295881238540657510e-01 0.000000000000000000e+00
-1.375148716694206408e-01 -1.842524029071727631e-01 2.449481217898730745e-01 2.526561120238704383e+00 -1.391002354568833255e-01 2.618582384102576377e+00 -5.015633812648196965e-01 -2.698972804511047627e-03 8.946010838961471201e-02 1.423198779308093020e-01 9.608010767459829182e-01 4.411150507107420293e-01 0.000000000000000000e+00
-1.350316809980541266e-01 -1.848617014012219617e-01 2.462464833794856256e-01 2.529392629604603204e+00 -1.353317787124201921e-01 2.611530980887292852e+00 -4.912103092376230995e-01 -1.209800846293020669e-02 9.276349340574907565e-02 1.436147734318330982e-01 9.611062750069059302e-01 4.537480882366691781e-01 0.000000000000000000e+00
-1.327190410534136444e-01 -1.854225191146914031e-01 2.474185740684165802e-01 2.532058010817713978e+00 -1.316418055770292028e-01 2.605140761123193371e+00 -4.815004239031941968e-01 -2.062349451443840076e-02 9.573571434033190108e-02 1.447782918673319041e-01 9.614235906507889728e-01 4.655395002791040682e-01 0.000000000000000000e+00
-1.301923990667126219e-01 -1.860277751924083733e-01 2.486599887614054927e-01 2.535002711769898998e+00 -1.274175062307545403e-01 2.598353246186897003e+00 -4.708186512184544537e-01 -2.969209690016002753e-02 9.886879020475558555e-02 1.460041615618521971e-01 9.618073521638693668e-01 4.784507049808899293e-01 0.000000000000000000e+00
-1.278411745059849502e-01 -1.865841377277402402e-01 2.497800328897932798e-01 2.537774333635103297e+00 -1.233107000472832837e-01 2.592218369449969195e+00 -4.608104252629093844e-01 -3.790391042893272167e-02 1.016765609420262617e-01 1.471034978150800865e-01 9.621999021085470005e-01 4.904925207448194158e-01 0.000000000000000000e+00
-1.252743815050241794e-01 -1.871838575011184613e-01 2.509657589250129939e-01 2.540835286593473352e+00 -1.186399883464241967e-01 2.585719586509893198e+00 -4.498111371972050576e-01 -4.662342857179919975e-02 1.046233486881988917e-01 1.482593763072017345e-01 9.626678860911012103e-01 5.036678111582003625e-01 0.000000000000000000e+00
-1.228878061791538051e-01 -1.877340358150853261e-01 2.520351889095802655e-01 2.543715008358394591e+00 -1.141275631940574797e-01 2.579861400707653907e+00 -4.395171207671809133e-01 -5.450659761908312195e-02 1.072532202646521160e-01 1.492940976144815912e-01 9.631401977104266932e-01 5.159451835205473014e-01 0.000000000000000000e+00
-1.202845404629417220e-01 -1.883259244572517144e-01 2.531669738406547299e-01 2.546893416272312471e+00 -1.090250927991247565e-01 2.573673037251139384e+00 -4.282162962870522671e-01 -6.286340154385922085e-02 1.100010698773961071e-01 1.503800181937182123e-01 9.636965986411714091e-01 5.293666831767060987e-01 0.000000000000000000e+00
-1.178657539479458227e-01 -1.888682745324918588e-01 2.541873010871423255e-01 2.549881143854062060e+00 -1.041206578487408052e-01 2.568112079214091015e+00 -4.176497718984857332e-01 -7.040368443960622058e-02 1.124403922778538512e-01 1.513498249494273640e-01 9.642527332558072928e-01 5.418641990926618135e-01 0.000000000000000000e+00
-1.152291577887166046e-01 -1.894510443527553378e-01 2.552666642982255318e-01 2.553175633135114087e+00 -9.860122340590038448e-02 2.562257160226634412e+00 -4.060603606247334407e-01 -7.838040950374677851e-02 1.149743900550643794e-01 1.523651051807496382e-01 9.649024114037322297e-01 5.555162952097078000e-01 0.000000000000000000e+00
-1.127812135529926707e-01 -1.899840129797396027e-01 2.562394887012118261e-01 2.556269268477296297e+00 -9.332068790578151862e-02 2.557013084562094196e+00 -3.952354097418883105e-01 -8.556421996520827133e-02 1.172110458965673896e-01 1.532698475820767903e-01 9.655462305972588588e-01 5.682179757127316932e-01 0.000000000000000000e+00
-1.101147319331729074e-01 -1.905556340049260888e-01 2.572683950320338586e-01 2.559676318167000364e+00 -8.740393126410594959e-02 2.551510794841208352e+00 -3.833747222215978523e-01 -9.314889442737553371e-02 1.195198734036115873e-01 1.542148203606209800e-01 9.662924483346990723e-01 5.820815933993571667e-01 0.000000000000000000e+00
-1.076405649079747034e-01 -1.910778073031333124e-01 2.581953711230116078e-01 2.562871440188377647e+00 -8.176536816835611177e-02 2.546602064699149182e+00 -3.723059589409560277e-01 -9.996334109039983762e-02 1.215424110934724133e-01 1.550544484732957196e-01 9.670273476375063071e-01 5.949708936011771643e-01 0.000000000000000000e+00
-1.049471424793735203e-01 -1.916372115345261751e-01 2.591753797452479580e-01 2.566385168553987128e+00 -7.547083352245120835e-02 2.541473459184486750e+00 -3.601885759810954935e-01 -1.071399110826476847e-01 1.236127525249000048e-01 1.559286976801414759e-01 9.678741662851243488e-01 6.090291883634874059e-01 0.000000000000000000e+00
-1.024495974544099852e-01 -1.921473074765266131e-01 2.600582172444202422e-01 2.569675151627988985e+00 -6.949445140017118661e-02 2.536917222313635811e+00 -3.488913134789248249e-01 -1.135727683733556703e-01 1.254102531026490830e-01 1.567032947279478339e-01 9.687031417534386346e-01 6.220889974540997347e-01 0.000000000000000000e+00
-9.973241568114828148e-02 -1.926927788043060752e-01 2.609914286284844565e-01 2.573287352722430921e+00 -6.284614855362757879e-02 2.532178531585483228e+00 -3.365356441805294474e-01 -1.203309141464600357e-01 1.272319884463175566e-01 1.575074029295836231e-01 9.696530913142699104e-01 6.363221287419738026e-01 0.000000000000000000e+00
-9.721421246479672318e-02 -1.931896340410597102e-01 2.618317782133541272e-01 2.576663484502034418e+00 -5.655393961784227486e-02 2.527990913256874972e+00 -3.250257282653160051e-01 -1.263706638931371140e-01 1.287944650578671801e-01 1.582171686496033902e-01 9.705788061091815688e-01 6.495349364372111634e-01 0.000000000000000000e+00
-9.447601931388854846e-02 -1.937204056698860755e-01 2.627197849648652550e-01 2.580363404491653689e+00 -4.957572846249203025e-02 2.523660424920906475e+00 -3.124478181739535065e-01 -1.326956381925616657e-01 1.303554769308170602e-01 1.589509693984610950e-01 9.716351489555614673e-01 6.639247281762089559e-01 0.000000000000000000e+00
-9.193977833073371797e-02 -1.942030366655128903e-01 2.635193714002101451e-01 2.583814854392886495e+00 -4.299158851084516897e-02 2.519855845144124196e+00 -3.007416272864011919e-01 -1.383314196913873750e-01 1.316732090381882436e-01 1.595961867515600374e-01 9.726598667639966278e-01 6.772726912967679258e-01 0.000000000000000000e+00
-8.918346872666020608e-02 -1.947177340885007935e-01 2.643642556038132696e-01 2.587589662210822539e+00 -3.571111303252028080e-02 2.515946661863561307e+00 -2.879607510304610929e-01 -1.442145339540757687e-01 1.329648421668767622e-01 1.602604956407234771e-01 9.738242673716066555e-01 6.917985705674689623e-01 0.000000000000000000e+00
-8.663168447260581606e-02 -1.951852940860807351e-01 2.651247279737944385e-01 2.591103602751442470e+00 -2.886040589435978632e-02 2.512538338435702734e+00 -2.760751296644646802e-01 -1.494361939033941045e-01 1.340289081804180160e-01 1.608415973905787666e-01 9.749499855643831703e-01 7.052634464598822595e-01 0.000000000000000000e+00
-8.385978654168757540e-02 -1.956834566461022884e-01 2.659279602506486317e-01 2.594938179978430348e+00 -2.130508075261250411e-02 2.509066094526413160e+00 -2.631085977910324059e-01 -1.548640324553550440e-01 1.350405099204845527e-01 1.614364809990752325e-01 9.762250405152858024e-01 7.199062385024376232e-01 0.000000000000000000e+00
-8.129484004754666815e-02 -1.961352662721373707e-01 2.666509149338882056e-01 2.598499701472567036e+00 -1.421468117300239697e-02 2.506065783710448969e+00 -2.510608065594069904e-01 -1.596620833437826792e-01 1.358426540408161909e-01 1.619539498436344260e-01 9.774532904100303732e-01 7.334693184600477034e-01 0.000000000000000000e+00
-7.850996804135830509e-02 -1.966158902078614656e-01 2.674145023451747760e-01 2.602377308399971056e+00 -6.415125228805607094e-03 2.503040187193845245e+00 -2.379285927766581210e-01 -1.646275804857490477e-01 1.365669006992633605e-01 1.624804401463862957e-01 9.788397986525528838e-01 7.482081174599004569e-01 0.000000000000000000e+00
-7.593412215199069060e-02 -1.970514390794865789e-01 2.681014776843366199e-01 2.605969978979796764e+00 8.868757674935778823e-04 2.500458194059128836e+00 -2.257362584768686786e-01 -1.689932005921750691e-01 1.370993997592249158e-01 1.629348752968946823e-01 9.801718452507832691e-01 7.618506261970221516e-01 0.000000000000000000e+00
-7.313858819467895789e-02 -1.975144179655345389e-01 2.688267623236475501e-01 2.609871463729869223e+00 8.900267231354952457e-03 2.497891776669435515e+00 -2.124567219515680061e-01 -1.734843055202142659e-01 1.375268371141822321e-01 1.633932219652541318e-01 9.816716709976885946e-01 7.766652587089150073e-01 0.000000000000000000e+00
-7.055398813315844064e-02 -1.979333508519666163e-01 2.694791766443389025e-01 2.613477184113113694e+00 1.638466533851712370e-02 2.495737063376715081e+00 -2.001378375657293374e-01 -1.774093722033139031e-01 1.377827668949389572e-01 1.637853391462546770e-01 9.831083798267591378e-01 7.903680214656996217e-01 0.000000000000000000e+00
-6.775011524379706551e-02 -1.983780224864767350e-01 2.701678964162793073e-01 2.617382578158738315e+00 2.457915148209011136e-02 2.493636748946525650e+00 -1.867314347040000266e-01 -1.814205755029208167e-01 1.379078023081181659e-01 1.641767406027122567e-01 9.847216562361018610e-01 8.052373153589663657e-01 0.000000000000000000e+00
-6.515879983394888553e-02 -1.987801656175011977e-01 2.707871278358743306e-01 2.620981824926650994e+00 3.221573294586699276e-02 2.491916598348427492e+00 -1.743042595303360143e-01 -1.848976818459123206e-01 1.378806380649995056e-01 1.645072721835047214e-01 9.862635599282304488e-01 8.189809576384837753e-01 0.000000000000000000e+00
-6.234868432627878321e-02 -1.992068107375367658e-01 2.714404642729632555e-01 2.624869090138663097e+00 4.055862658001840870e-02 2.490291494610005429e+00 -1.607901983815402391e-01 -1.884183142279698409e-01 1.376948825789665598e-01 1.648322111260080158e-01 9.879912856854193848e-01 8.338842068356489001e-01 0.000000000000000000e+00
-5.975256956947401499e-02 -1.995921408135376551e-01 2.720277115869887963e-01 2.628441341744018445e+00 4.831645587070365622e-02 2.489012118178913546e+00 -1.482732413896269419e-01 -1.914406691700735186e-01 1.373788985156285669e-01 1.651019893444330144e-01 9.896387171357423629e-01 8.476492875619415779e-01 0.000000000000000000e+00
-5.693826151630101973e-02 -2.000004494759324292e-01 2.726471090357406313e-01 2.632288055305020524e+00 5.677352001832858264e-02 2.487866153021390137e+00 -1.346722946102673346e-01 -1.944668024719737320e-01 1.368783573887479843e-01 1.653618139982838964e-01 9.914802930295322225e-01 8.625650536162300375e-01 0.000000000000000000e+00
-5.433915238427252520e-02 -2.003691361119048220e-01 2.732034873965107913e-01 2.635811877522083346e+00 6.462101110444162799e-02 2.487031920867796231e+00 -1.220842145724921057e-01 -1.970283473217096515e-01 1.362683603410652644e-01 1.655717543159662131e-01 9.932329859219406476e-01 8.763319985552856517e-01 0.000000000000000000e+00
-5.152253325043266996e-02 -2.007597373833423793e-01 2.737898309741343961e-01 2.639594069393788267e+00 7.315800239562264551e-02 2.486371293538350624e+00 -1.084162310350681585e-01 -1.995506937691509386e-01 1.354459761964490472e-01 1.657670805371666833e-01 9.951888114264947349e-01 8.912391759150586346e-01 0.000000000000000000e+00
-4.892212985236688710e-02 -2.011120823376584266e-01 2.743162473339220697e-01 2.643047340453914984e+00 8.106311067170501872e-02 2.485985613447188491e+00 -9.577591142803534852e-02 -2.016460023357980191e-01 1.345375719486230359e-01 1.659181649947582549e-01 9.970464328658522613e-01 9.049882110957835346e-01 0.000000000000000000e+00
-4.610497943565299017e-02 -2.014850235062018713e-01 2.748706629363787401e-01 2.646741374311571970e+00 8.964498198520320926e-02 2.485811137581712238e+00 -8.206171372332012048e-02 -2.036621983733129526e-01 1.333908147832347790e-01 1.660504575219079459e-01 9.991151764006258595e-01 9.198654944723203553e-01 0.000000000000000000e+00
-4.350487205758266779e-02 -2.018215130488482945e-01 2.753679120914359624e-01 2.650101816662838949e+00 9.757534612584084499e-02 2.485875641613167986e+00 -6.938807131314768395e-02 -2.052865601906931903e-01 1.321801417516847987e-01 1.661437180943311498e-01 1.001076860859578144e+00 9.335770456607024315e-01 0.000000000000000000e+00
-4.068887325018846063e-02 -2.021777903611170213e-01 2.758910093143778219e-01 2.653682683977343526e+00 1.061669546314627510e-01 2.486190125795578520e+00 -5.564798685039905324e-02 -2.067887162035523807e-01 1.307030194530722778e-01 1.662137758757570583e-01 1.003258189529434796e+00 9.484027968701462807e-01 0.000000000000000000e+00
-3.809055337450201889e-02 -2.024990532786005992e-01 2.763597075421902471e-01 2.656927835409861771e+00 1.140900257451309407e-01 2.486705135225700580e+00 -4.296004659412425153e-02 -2.079381032405169527e-01 1.291868818444903422e-01 1.662502944722047682e-01 1.005322871743546065e+00 9.620571566741187297e-01 0.000000000000000000e+00
-3.527723495363441208e-02 -2.028390460150285846e-01 2.768522103493834541e-01 2.660371998198642896e+00 1.226561915691410931e-01 2.487506392469418071e+00 -2.921476896724995928e-02 -2.089253703461229350e-01 1.273784623062719223e-01 1.662596654702904742e-01 1.007614721598641072e+00 9.768104699019123371e-01 0.000000000000000000e+00
-3.268208712011579087e-02 -2.031458509425714820e-01 2.772927535698372914e-01 2.663479604873666418e+00 1.305394897007379207e-01 2.488470975633125359e+00 -1.653150900853152250e-02 -2.095964203617956545e-01 1.255544632756766532e-01 1.662405905789827720e-01 1.009781069987365942e+00 9.903879975084362020e-01 0.000000000000000000e+00
-2.987295061175819499e-02 -2.034708667225470502e-01 2.777548631827690406e-01 2.666762494103945613e+00 1.390448351014628159e-01 2.489758796350141079e+00 -2.801642345871456063e-03 -2.100623403945049983e-01 1.234102191239996316e-01 1.661901736105962368e-01 1.012182508921317670e+00 1.005047167991695689e+00 0.000000000000000000e+00
-2.728227670148935385e-02 -2.037641540159673692e-01 2.781675339131480795e-01 2.669710739610918093e+00 1.468559313066002403e-01 2.491170108228954572e+00 9.857944607469698237e-03 -2.102523735830389984e-01 1.212763613005733987e-01 1.661166703645100273e-01 1.014448725850920718e+00 1.018528222587731014e+00 0.000000000000000000e+00
-2.447861393588581652e-02 -2.040748887312789639e-01 2.785996012053166826e-01 2.672810095126131102e+00 1.552658525551495750e-01 2.492938943402433605e+00 2.355204792952244122e-02 -2.101976289778810514e-01 1.187966920096008572e-01 1.660081299053325077e-01 1.016957024123611664e+00 1.033072877144117108e+00 0.000000000000000000e+00
-2.189361771499945958e-02 -2.043557209288531240e-01 2.789844767764939060e-01 2.675578105412409258e+00 1.629727139982350970e-01 2.494792783881603526e+00 3.616911065009829201e-02 -2.099046479684587019e-01 1.163516438127989439e-01 1.658814133717151640e-01 1.019321178802302219e+00 1.046438150811761725e+00 0.000000000000000000e+00
-1.909677450871017160e-02 -2.046537795030701767e-01 2.793862466476932926e-01 2.678470797455042351e+00 1.712522424498565954e-01 2.497039131594485539e+00 4.980677576298737225e-02 -2.093242120088759095e-01 1.135336199053316175e-01 1.657157148176417738e-01 1.021934605359024362e+00 1.060846451520335521e+00 0.000000000000000000e+00
-1.651858808793861544e-02 -2.049233483515826570e-01 2.797431767118163659e-01 2.681038773274232678e+00 1.788232331673320630e-01 2.499329756326992502e+00 6.236252752184255621e-02 -2.085468852209522161e-01 1.107768487029359150e-01 1.655370333532542870e-01 1.024394367520848670e+00 1.074076769499740180e+00 0.000000000000000000e+00
-1.372964697576250538e-02 -2.052097084597266641e-01 2.801146250363564794e-01 2.683704959941618728e+00 1.869390234410408524e-01 2.502044531742949829e+00 7.592394300377131033e-02 -2.074429383700871210e-01 1.076220680756283521e-01 1.653159077589936576e-01 1.027109659989266399e+00 1.088329008968435430e+00 0.000000000000000000e+00
-1.115932001054571916e-02 -2.054693211802169628e-01 2.804432595848415644e-01 2.686054292275543265e+00 1.943431874131560377e-01 2.504764584754259005e+00 8.839984570300535305e-02 -2.061806333029032323e-01 1.045537070256934431e-01 1.650865263653537585e-01 1.029662433052161763e+00 1.101405329657806353e+00 0.000000000000000000e+00
-8.379496733531074590e-03 -2.057458601466183590e-01 2.807837136632046482e-01 2.688473768895280447e+00 2.022614253794374761e-01 2.507940578736359338e+00 1.018644636016881322e-01 -2.045495969380409784e-01 1.010605717818910954e-01 1.648110223505850624e-01 1.032477194587293701e+00 1.115480002860820496e+00 0.000000000000000000e+00
-5.818021329243134969e-03 -2.059969404348518385e-01 2.810834968316505700e-01 2.690587562199203031e+00 2.094685446540758278e-01 2.511080970106531307e+00 1.142421372685902825e-01 -2.028023468811104568e-01 9.768141983274380991e-02 1.645322393187242105e-01 1.035120049074061077e+00 1.128383617553499807e+00 0.000000000000000000e+00
-3.048230179193258619e-03 -2.062648604592167700e-01 2.813924530454128270e-01 2.692743897157566124e+00 2.171577813651568434e-01 2.514705688792116867e+00 1.275908826927193984e-01 -2.006478662039931360e-01 9.385312576575488563e-02 1.642040879381559959e-01 1.038030418092326990e+00 1.142261749468066245e+00 0.000000000000000000e+00
-4.965332414292056859e-04 -2.065089456026141523e-01 2.816626866928970685e-01 2.694607022215997461e+00 2.241386741064119725e-01 2.518255350520155034e+00 1.398522760885259619e-01 -1.984163868818589471e-01 9.016438133988624593e-02 1.638772182038623904e-01 1.040760158209658170e+00 1.154974215773504786e+00 0.000000000000000000e+00
2.262099646646043623e-03 -2.067703429156921568e-01 2.819390230279942844e-01 2.696483937020898836e+00 2.315669580017072349e-01 2.522317765089105546e+00 1.530649339809520282e-01 -1.957363812978849260e-01 8.600079529165638448e-02 1.634975180114443538e-01 1.043763138654831613e+00 1.168634767427011889e+00 0.000000000000000000e+00
4.803126776613442402e-03 -2.070090506864258884e-01 2.821787443303979126e-01 2.698083256286376574e+00 2.382934886011538467e-01 2.526264038942711565e+00 1.651922538606299118e-01 -1.930220708701193832e-01 8.200458891793793725e-02 1.631238765105062494e-01 1.046576235714282266e+00 1.181137909270770336e+00 0.000000000000000000e+00
7.549820443412226696e-03 -2.072653295516793392e-01 2.824215422192922764e-01 2.699668951312927945e+00 2.454320388572188705e-01 2.530747719457859368e+00 1.782506980811835728e-01 -1.898216336748734800e-01 7.751023826232028568e-02 1.626943752057037063e-01 1.049667300212509868e+00 1.194563037483914458e+00 0.000000000000000000e+00
1.007932261394917962e-02 -2.075003458181597649e-01 2.826296063682299797e-01 2.700993834511767666e+00 2.518774033301167670e-01 2.535076223943699691e+00 1.902265506738632095e-01 -1.866265727360781335e-01 7.320923310184235255e-02 1.622752768739093021e-01 1.052560158946608482e+00 1.206839411160852693e+00 0.000000000000000000e+00
1.281299471316697282e-02 -2.077537883231617422e-01 2.828372997915566400e-01 2.702276605065021542e+00 2.586968826479805195e-01 2.539966080560691175e+00 2.031111071199915019e-01 -1.829051047183150314e-01 6.838544941938162758e-02 1.617971063001855669e-01 1.055735645651391774e+00 1.220008476435185285e+00 0.000000000000000000e+00
1.533014817769731523e-02 -2.079868980153021518e-01 2.830123771387224041e-01 2.703318450019546848e+00 2.648357634180702469e-01 2.544660278625775707e+00 2.149185147737236179e-01 -1.792320396533641502e-01 6.378297442350655544e-02 1.613338827180799129e-01 1.058704071581421324e+00 1.232040638240163410e+00 0.000000000000000000e+00
1.805008607323993486e-02 -2.082390311098042124e-01 2.831836002930822049e-01 2.704291698196028548e+00 2.713107085185137990e-01 2.549936250516438463e+00 2.276121558592068550e-01 -1.749960822025113660e-01 5.863574982665609170e-02 1.608087739301435337e-01 1.061959053644743411e+00 1.244936995818872072e+00 0.000000000000000000e+00
2.055406329205856572e-02 -2.084720533642037132e-01 2.833241498379654444e-01 2.705044676121359792e+00 2.771193858574303448e-01 2.554978084049068343e+00 2.392345736857193761e-01 -1.708484251865514947e-01 5.373579973701914092e-02 1.603027400335148567e-01 1.064998852291987097e+00 1.256708300995076799e+00 0.000000000000000000e+00
2.325917871752929481e-02 -2.087253093757538147e-01 2.834569571689463108e-01 2.705702219126566721e+00 2.832238497080399320e-01 2.560620743344061090e+00 2.517184076115748237e-01 -1.660989104089905799e-01 4.826779738686859389e-02 1.597318082300723252e-01 1.068328935498049415e+00 1.269312243486094838e+00 0.000000000000000000e+00
2.574914654290296964e-02 -2.089601137539395803e-01 2.835612300181196699e-01 2.706163100783120168e+00 2.886803482744539906e-01 2.565990339759603778e+00 2.631397900652999722e-01 -1.614807726969545998e-01 4.307516589343207691e-02 1.591842456651952065e-01 1.071435512909626908e+00 1.280806579908931431e+00 0.000000000000000000e+00
2.843873226150554073e-02 -2.092161051151761875e-01 2.836538068922471734e-01 2.706503792467875869e+00 2.943928305309855276e-01 2.571976076676671497e+00 2.753980708915824693e-01 -1.562256401416853291e-01 3.729397579908821925e-02 1.585691719666846022e-01 1.074835171199167494e+00 1.293102660977936358e+00 0.000000000000000000e+00
3.091384259621285727e-02 -2.094545951496169789e-01 2.837199295500362206e-01 2.706671533375006877e+00 2.994772146226574172e-01 2.577651742986859951e+00 2.866029383486841664e-01 -1.511418154235353584e-01 3.181385606597753046e-02 1.579813956693472965e-01 1.078003800264143885e+00 1.304304049680863997e+00 0.000000000000000000e+00
3.358675147121942262e-02 -2.097158463325768385e-01 2.837699682758765274e-01 2.706694999341546559e+00 3.047759034615067364e-01 2.583957177386114079e+00 2.986177896065766446e-01 -1.453835118698092177e-01 2.572347296907517844e-02 1.573232952744750834e-01 1.081468040210118886e+00 1.316273760358279699e+00 0.000000000000000000e+00
3.604611307341067106e-02 -2.099599410833892787e-01 2.837958089101501602e-01 2.706571570554787254e+00 3.094701898480627378e-01 2.589915876566457165e+00 3.095912450097073054e-01 -1.398394596257799549e-01 1.996212342485259583e-02 1.566965536014385818e-01 1.084693594343395517e+00 1.327167287639194226e+00 0.000000000000000000e+00
3.870158398984562681e-02 -2.102281017320331569e-01 2.838011688962688295e-01 2.706282205380905470e+00 3.143382268186969419e-01 2.596514046353936678e+00 3.213484021426209480e-01 -1.335873227821690601e-01 1.357133575698932226e-02 1.559970410516156314e-01 1.088216490412379667e+00 1.338796646329297735e+00 0.000000000000000000e+00
4.114426073812604140e-02 -2.104797449979633750e-01 2.837845271905533595e-01 2.705871996474595864e+00 3.186267359994006121e-01 2.602730980682149919e+00 3.320762142247054016e-01 -1.275891682827676454e-01 7.535281146324512846e-03 1.553325490701272238e-01 1.091493643291776783e+00 1.349367931118312658e+00 0.000000000000000000e+00
4.378099419667503406e-02 -2.107573498789410416e-01 2.837424699717392973e-01 2.705274554618002369e+00 3.230468537800743611e-01 2.609595560054470464e+00 3.435589658968000726e-01 -1.208472012132855156e-01 8.499478618988476342e-04 1.545926729850327919e-01 1.095069602845480716e+00 1.360639360957909494e+00 0.000000000000000000e+00
4.620597763456447959e-02 -2.110184679800417573e-01 2.836809397783934261e-01 2.704584348178433295e+00 3.269161784995304743e-01 2.616044880728153998e+00 3.540275525362788778e-01 -1.144017771311837128e-01 -5.453354964155332496e-03 1.538916624070966743e-01 1.098392761832708731e+00 1.370874687975411232e+00 0.000000000000000000e+00
4.882308540495689658e-02 -2.113071480160860216e-01 2.835890252396676692e-01 2.703688719207818281e+00 3.308766071453126401e-01 2.623146331534742970e+00 3.652232820218902498e-01 -1.071807073815963379e-01 -1.242311385300154392e-02 1.531129541043575182e-01 1.102015393284516254e+00 1.381776204739596059e+00 0.000000000000000000e+00
5.122929000605035837e-02 -2.115796533651180811e-01 2.834800966164623959e-01 2.702727229781855200e+00 3.343157237534351012e-01 2.629801122542652969e+00 3.754198600455311841e-01 -1.002954872126031599e-01 -1.898567541117479607e-02 1.523765401286801546e-01 1.105378766004204483e+00 1.391662391338188254e+00 0.000000000000000000e+00
5.382528520945149830e-02 -2.118819259109316067e-01 2.833353083135521366e-01 2.701543048681864789e+00 3.378043704203066433e-01 2.637110616668550733e+00 3.863133207474184760e-01 -9.260085748692925556e-02 -2.623253621144416847e-02 1.515599982937050616e-01 1.109041810925553984e+00 1.402177882902366113e+00 0.000000000000000000e+00
5.621151436140653379e-02 -2.121677046039526504e-01 2.831763599831232936e-01 2.700321448600885965e+00 3.408047435322520968e-01 2.643943092647680793e+00 3.962257727722615641e-01 -8.528403045139670846e-02 -3.304570122819372457e-02 1.507893294085065616e-01 1.112439338686222579e+00 1.411702811699089066e+00 0.000000000000000000e+00
5.878532274893216725e-02 -2.124851233295575736e-01 2.829760263200587489e-01 2.698862526711564680e+00 3.438152246109247301e-01 2.651429559772437106e+00 4.068062121775237738e-01 -7.712794148783931603e-02 -4.055821234719836355e-02 1.499363522008678173e-01 1.116135939437307156e+00 1.421821758576953920e+00 0.000000000000000000e+00
6.115028319894696279e-02 -2.127860108115276760e-01 2.827643355888389554e-01 2.697393579911148809e+00 3.463707898312575750e-01 2.658411557715645746e+00 4.164233529269906753e-01 -6.938832930687829914e-02 -4.761265975870898615e-02 1.491324603810705585e-01 1.119561363810394283e+00 1.430974111137174987e+00 0.000000000000000000e+00
6.370014994071193648e-02 -2.131209897637779405e-01 2.825051777169226286e-01 2.695673600296690786e+00 3.488962921775065062e-01 2.666045174276997276e+00 4.266771556245545494e-01 -6.077790090016417512e-02 -5.538176644874259758e-02 1.482439632623928916e-01 1.123284729330433995e+00 1.440682265416895369e+00 0.000000000000000000e+00
6.604241632169106924e-02 -2.134387489790590675e-01 2.822378903295184593e-01 2.693971374218037784e+00 3.510034256956346965e-01 2.673148522510243374e+00 4.359886320599076215e-01 -5.262504101942850482e-02 -6.266724308481808059e-02 1.474078638381625117e-01 1.126731525571269099e+00 1.449451389096253706e+00 0.000000000000000000e+00
6.856702305484115023e-02 -2.137927016287700099e-01 2.819171071690792507e-01 2.692007396463725666e+00 3.530430102573998141e-01 2.680897976105826253e+00 4.459070761972033781e-01 -4.357371381068417260e-02 -7.068029533070285808e-02 1.464850951652068856e-01 1.130474465325320921e+00 1.458740361820395348e+00 0.000000000000000000e+00
7.088503695599231158e-02 -2.141290335958245805e-01 2.815913708749676059e-01 2.690087199976345378e+00 3.547006268537700180e-01 2.688094449791373908e+00 4.549034340965728007e-01 -3.501778449896500445e-02 -7.818614854698235916e-02 1.456177368876817035e-01 1.133935908952151461e+00 1.467116536080912859e+00 0.000000000000000000e+00
7.338231684328883064e-02 -2.145042322327427309e-01 2.812055891638214344e-01 2.687895338527783728e+00 3.562528719319031367e-01 2.695929831218248918e+00 4.644747351857767548e-01 -2.553428034076045405e-02 -8.643262686241248716e-02 1.446614789640183196e-01 1.137690966089163203e+00 1.475973677234298398e+00 0.000000000000000000e+00
7.567438718975229295e-02 -2.148607440530662660e-01 2.808185015083193292e-01 2.685773439965106313e+00 3.574623379566617132e-01 2.703191658174841194e+00 4.731475190127015229e-01 -1.658617143020270010e-02 -9.414740506620877802e-02 1.437637440053093907e-01 1.141159999725100516e+00 1.483948246802431647e+00 0.000000000000000000e+00
7.814273856047930511e-02 -2.152583747033867678e-01 2.803647954027796985e-01 2.683372544784194069e+00 3.585314815059055249e-01 2.711083147355433987e+00 4.823651855986565429e-01 -6.685246939749943385e-03 -1.026130615393525680e-01 1.427751120296447407e-01 1.144919584235965182e+00 1.492367431114553611e+00 0.000000000000000000e+00
8.040701502891660357e-02 -2.156365469804681079e-01 2.799134339250836101e-01 2.681065585711082111e+00 3.592963854674255941e-01 2.718383596648625389e+00 4.907069385020844665e-01 2.643515075553399835e-03 -1.105246473477055069e-01 1.418477826933223218e-01 1.148389150504120382e+00 1.499932672823141466e+00 0.000000000000000000e+00
8.284403439028166505e-02 -2.160586437985866914e-01 2.793884081354908178e-01 2.678472900545017854e+00 3.598860894244646502e-01 2.726302854781976315e+00 4.995612833363254346e-01 1.295152246397618043e-02 -1.191973645956030392e-01 1.408274091664152849e-01 1.152145272905568341e+00 1.507903247649639678e+00 0.000000000000000000e+00
8.507852715902182450e-02 -2.164598502125319734e-01 2.788699155610803171e-01 2.675997901755580610e+00 3.602124388159104740e-01 2.733615938337785600e+00 5.075655804401266735e-01 2.264869744598375922e-02 -1.272931079933348197e-01 1.398712344665359597e-01 1.155607914954889237e+00 1.515052503595957223e+00 0.000000000000000000e+00
8.748231333748508753e-02 -2.169073113869570690e-01 2.782706943245868425e-01 2.673232561460972434e+00 3.603317485922290508e-01 2.741535688450591035e+00 5.160525089124775588e-01 3.334772658234932269e-02 -1.361573065236092450e-01 1.388200431723896622e-01 1.159352585763649746e+00 1.522570607353251226e+00 0.000000000000000000e+00
8.968487885302621476e-02 -2.173327401906312850e-01 2.776821894307123784e-01 2.670606078714193643e+00 3.602274329889496585e-01 2.748837305203905679e+00 5.237140904734992608e-01 4.340043773107168934e-02 -1.444236253891606481e-01 1.378356472873338845e-01 1.162800846743084149e+00 1.529298151740954737e+00 0.000000000000000000e+00
9.205268493334829716e-02 -2.178072919126299578e-01 2.770054855706578500e-01 2.667685278701173779e+00 3.598846669715589641e-01 2.756731884683154554e+00 5.318261790224215746e-01 5.447852207552879994e-02 -1.534655899221977204e-01 1.367541042791390882e-01 1.166525410685614661e+00 1.536355395471610485e+00 0.000000000000000000e+00
9.422103967978881500e-02 -2.182579731881889584e-01 2.763442060108047826e-01 2.664923913974559078e+00 3.593596477124139099e-01 2.763999321169106516e+00 5.391409171409740075e-01 6.487317686643352677e-02 -1.618883695017911961e-01 1.357420364858817341e-01 1.169951567428001660e+00 1.542656967242955979e+00 0.000000000000000000e+00
9.655067873150373348e-02 -2.187601367842190725e-01 2.755873357694604286e-01 2.661865910223457199e+00 3.585680623460869576e-01 2.771845140128259999e+00 5.468766344488408260e-01 7.631297258238303738e-02 -1.710913221227234882e-01 1.346308824553165973e-01 1.173647768704922489e+00 1.549252019366428090e+00 0.000000000000000000e+00
9.868240969775680937e-02 -2.192369279139526339e-01 2.748506100165041821e-01 2.658985096364236522e+00 3.576341427026612507e-01 2.779057355714208200e+00 5.538415663582114679e-01 8.703534182898962912e-02 -1.796556487142548786e-01 1.335916004846700034e-01 1.177043565410882620e+00 1.555123890095889028e+00 0.000000000000000000e+00
1.009708033616765060e-01 -2.197679735766561726e-01 2.740104765614908566e-01 2.655805688400563636e+00 3.564057664788413682e-01 2.786833040039422560e+00 5.611960188665197080e-01 9.882323350535850148e-02 -1.890041430887599017e-01 1.324510767807083322e-01 1.180702615590597082e+00 1.561250891657780082e+00 0.000000000000000000e+00
1.030633568552105223e-01 -2.202714681471574787e-01 2.731957269843049985e-01 2.652820337344561352e+00 3.550761254251941779e-01 2.793971530790750446e+00 5.678094468015135732e-01 1.098583826996165080e-01 -1.976943040417975528e-01 1.313849384949439536e-01 1.184060062776859823e+00 1.566691063974539277e+00 0.000000000000000000e+00
1.053081106155008689e-01 -2.208314591162598428e-01 2.722699614580522676e-01 2.649535746596821895e+00 3.534277782892223385e-01 2.801657714442218339e+00 5.747839328012948057e-01 1.219757490147202333e-01 -2.071702306744631628e-01 1.302155611050469786e-01 1.187673040269715763e+00 1.572351213397339409e+00 0.000000000000000000e+00
1.073588641839818697e-01 -2.213620694443565740e-01 2.713749107719317655e-01 2.646459908852382803e+00 3.517174058840462081e-01 2.808705325787521634e+00 5.810454239982345559e-01 1.333081153090094617e-01 -2.159703801805208379e-01 1.291228244978954443e-01 1.190983615820793373e+00 1.577358888353069810e+00 0.000000000000000000e+00
1.095566417196266323e-01 -2.219517418739321846e-01 2.703607340874382703e-01 2.643083651951243951e+00 3.496641578218597779e-01 2.816285263996542998e+00 5.876377463815894986e-01 1.457396930208504915e-01 -2.255564285242610545e-01 1.279246267115767555e-01 1.194541199562975553e+00 1.582548856685416450e+00 0.000000000000000000e+00
1.115628614184069195e-01 -2.225095526472305740e-01 2.693831715875742994e-01 2.639929772208369219e+00 3.475888972808309774e-01 2.823227732727282557e+00 5.935482329468568796e-01 1.573529562311158370e-01 -2.344493891943082442e-01 1.268054166187141396e-01 1.197796381363379625e+00 1.587124300596226778e+00 0.000000000000000000e+00
1.137111209774196302e-01 -2.231284033814806278e-01 2.682787012082872291e-01 2.636475609492322292e+00 3.451502034211744174e-01 2.830686774857883226e+00 5.997625861925022228e-01 1.700788715000594864e-01 -2.441263844892747059e-01 1.255786564297043661e-01 1.201289383449127390e+00 1.591848215737809324e+00 0.000000000000000000e+00
1.156700379293179731e-01 -2.237132110082427627e-01 2.672166550846790112e-01 2.633254824540955941e+00 3.427269210622290174e-01 2.837512088850421055e+00 6.053243983920509885e-01 1.819561538428925429e-01 -2.530944463020619040e-01 1.244330061406443144e-01 1.204480516225314934e+00 1.595993026500354350e+00 0.000000000000000000e+00
1.177653273839947279e-01 -2.243613088115216092e-01 2.660196064808603156e-01 2.629733508146561594e+00 3.399201304237582377e-01 2.844838320889659489e+00 6.111616480273411867e-01 1.949594539841247864e-01 -2.628433469464606098e-01 1.231774754894832541e-01 1.207899216116649743e+00 1.600250488977009500e+00 0.000000000000000000e+00
1.196741478203823400e-01 -2.249726292974611741e-01 2.648714720331959427e-01 2.626456073963316040e+00 3.371668140536314695e-01 2.851536049565308595e+00 6.163784477076700297e-01 2.070830787277901930e-01 -2.718684004065754500e-01 1.220052684909280760e-01 1.211017245120914465e+00 1.603967862384596543e+00 0.000000000000000000e+00
1.217138815865331236e-01 -2.256487814990623120e-01 2.635804867094505566e-01 2.622878268496025012e+00 3.340129314388264881e-01 2.858719856819155858e+00 6.218457842675483294e-01 2.203426748344289032e-01 -2.816685669019580729e-01 1.207209673776157705e-01 1.214352188595966053e+00 1.607765796415158599e+00 0.000000000000000000e+00
1.235698545393723591e-01 -2.262857158944551195e-01 2.623448329412417790e-01 2.619552471953832562e+00 3.309478539155956689e-01 2.865282484902961446e+00 6.267228977508376708e-01 2.326943993254595722e-01 -2.907314372495521937e-01 1.195219872877268802e-01 1.217388192238656464e+00 1.611060126683586669e+00 0.000000000000000000e+00
1.255506426696904598e-01 -2.269892509252488255e-01 2.609583119593380518e-01 2.615926183671438476e+00 3.274659576279912443e-01 2.872316060673279825e+00 6.318244491349934711e-01 2.461916326251173959e-01 -3.005622300974706285e-01 1.182084080471805104e-01 1.220628859811119460e+00 1.614401328587200091e+00 0.000000000000000000e+00
1.273510534264513383e-01 -2.276505758592826945e-01 2.596340900005976726e-01 2.612559243338712811e+00 3.241080293321649819e-01 2.878737623923884215e+00 6.363685343239683379e-01 2.587524818407466176e-01 -3.096432099404773375e-01 1.169822886813080415e-01 1.223573517028419877e+00 1.617278474670867050e+00 0.000000000000000000e+00
1.292704408448965003e-01 -2.283794890629418095e-01 2.581513465797783402e-01 2.608892158118629290e+00 3.203198162501643687e-01 2.885616094260858855e+00 6.411146868606530935e-01 2.724650483592941375e-01 -3.194826580619385403e-01 1.156391566750401972e-01 1.226710454476424239e+00 1.620173064459674128e+00 0.000000000000000000e+00
1.310126990518244716e-01 -2.290635756369478193e-01 2.567378840124843187e-01 2.605489979994500604e+00 3.166882252512452922e-01 2.891892551376060716e+00 6.453339995546928387e-01 2.852153981312392506e-01 -3.285615073760732585e-01 1.143853986904797282e-01 1.229554444204520092e+00 1.622640483209632611e+00 0.000000000000000000e+00
1.328675579619283675e-01 -2.298162810379802967e-01 2.551580614095846911e-01 2.601786932791871454e+00 3.126134483668545627e-01 2.898612302166000187e+00 6.497324764110677942e-01 2.991229246863374436e-01 -3.383871070598660769e-01 1.130118983254065901e-01 1.232576732567596478e+00 1.625094452996086236e+00 0.000000000000000000e+00
1.345492749872622684e-01 -2.305210475388089486e-01 2.536550068498193977e-01 2.598353871756860833e+00 3.087275148575505668e-01 2.904741439942718717e+00 6.536370700432874159e-01 3.120424184770161924e-01 -3.474425205564082297e-01 1.117298608990208442e-01 1.235310334268508115e+00 1.627161066001987511e+00 0.000000000000000000e+00
1.363374929999589813e-01 -2.312946788986755819e-01 2.519782396105076927e-01 2.594619659738881978e+00 3.043879930211144114e-01 2.911301241178853250e+00 6.577015199199390816e-01 3.261214193168018305e-01 -3.572311023010488196e-01 1.103254012862755346e-01 1.238208253008677984e+00 1.629187598433483375e+00 0.000000000000000000e+00
1.379564520009390893e-01 -2.320176383805671594e-01 2.503856673218157747e-01 2.591159055152702617e+00 3.002668639539276541e-01 2.917282372679516289e+00 6.613028460830260302e-01 3.391891513116571666e-01 -3.662413752171138626e-01 1.090142854697374736e-01 1.240821879302481667e+00 1.630863925181633922e+00 0.000000000000000000e+00
1.396754338144660657e-01 -2.328096083306558928e-01 2.486119931291559393e-01 2.587395785687928385e+00 2.956825408762004948e-01 2.923681777261967429e+00 6.650448537306963281e-01 3.534175221990826232e-01 -3.759687042566828286e-01 1.075777347658567057e-01 1.243583976827057347e+00 1.632472607638096207e+00 0.000000000000000000e+00
1.412297363161227615e-01 -2.335477904738827160e-01 2.469303919687991511e-01 2.583909801005656703e+00 2.913453219409527506e-01 2.929515449412718020e+00 6.683562282301008795e-01 3.666117876352303351e-01 -3.849111997230054705e-01 1.062365918080280247e-01 1.246067640859665371e+00 1.633770898669509863e+00 0.000000000000000000e+00
1.428779721587356277e-01 -2.343542914572877833e-01 2.450608852069583732e-01 2.580120017990871872e+00 2.865375547261215239e-01 2.935755981915800117e+00 6.717929044587935827e-01 3.809648610406987657e-01 -3.945530412915827512e-01 1.047670345513870838e-01 1.248684063472613515e+00 1.634978509065806218e+00 0.000000000000000000e+00
1.443660483148722362e-01 -2.351042573636973887e-01 2.432911714501091449e-01 2.576609300565507965e+00 2.820029103432606377e-01 2.941443938800231805e+00 6.748293075756475190e-01 3.942633559440094637e-01 -4.034044566486247874e-01 1.033947492535612772e-01 1.251027778389937728e+00 1.635912213343987842e+00 0.000000000000000000e+00
1.459417008120131865e-01 -2.359216045332606926e-01 2.413267699220000284e-01 2.572792761589762112e+00 2.769909009179221115e-01 2.947527755037695041e+00 6.779762318777395880e-01 4.087172965757646104e-01 -4.129344454514187746e-01 1.018906790936685985e-01 1.253486675024408026e+00 1.636732200643623347e+00 0.000000000000000000e+00
1.473624343581974583e-01 -2.366794218823102813e-01 2.394703599100119762e-01 2.569257523254687037e+00 2.722772255942511599e-01 2.953072469090448848e+00 6.807545746849648083e-01 4.220970178923227345e-01 -4.216709454074236696e-01 1.004859698095710713e-01 1.255680320814306361e+00 1.637317163977059176e+00 0.000000000000000000e+00
1.488648711671603786e-01 -2.375028092375398581e-01 2.374130939853467959e-01 2.565414156572471516e+00 2.670812661218855411e-01 2.959002947797745975e+00 6.836325197169589307e-01 4.366259930877908757e-01 -4.310635150979695851e-01 9.894613006728726623e-02 1.257971571458155857e+00 1.637769368730154662e+00 0.000000000000000000e+00
1.502176247209914550e-01 -2.382640624998845214e-01 2.354718568227151532e-01 2.561853185000920519e+00 2.622064339023006951e-01 2.964407456632728532e+00 6.861715109212132013e-01 4.500632719734082854e-01 -4.396604654128544176e-01 9.750755702545370329e-02 1.260004761792377082e+00 1.638022635349821288e+00 0.000000000000000000e+00
1.516460834424202819e-01 -2.390887060091360650e-01 2.333237528652646608e-01 2.557980899952062792e+00 2.568448502530342736e-01 2.970187845961941076e+00 6.888002506542031389e-01 4.646416820966110528e-01 -4.488876527997063270e-01 9.593005019850209258e-02 1.262116115904591718e+00 1.638124634419571235e+00 0.000000000000000000e+00
1.529307047004266340e-01 -2.398484799103707266e-01 2.312999935233818749e-01 2.554392674182681233e+00 2.518258210186745671e-01 2.975455862614447167e+00 6.911203300168529129e-01 4.781121839168272492e-01 -4.573195537060337212e-01 9.445599053514322496e-02 1.263978597612938737e+00 1.638065512243371602e+00 0.000000000000000000e+00
1.542857551625146928e-01 -2.406685463968058769e-01 2.290640941167624844e-01 2.550489602736957018e+00 2.463174837215600377e-01 2.981090323745688497e+00 6.935246318489765027e-01 4.927130311722138778e-01 -4.663545274412090880e-01 9.283919375973452570e-02 1.265899668865267280e+00 1.637841007763477963e+00 0.000000000000000000e+00
1.555028007951924640e-01 -2.414214347669499938e-01 2.269606593294410390e-01 2.546871119064242350e+00 2.411708350462840045e-01 2.986225323024947365e+00 6.956484362392874043e-01 5.061917555022956705e-01 -4.745954131183502955e-01 9.132782487397934912e-02 1.267580789303379696e+00 1.637490136289859954e+00 0.000000000000000000e+00
1.567849992394257375e-01 -2.422310167504723166e-01 2.246400183863093147e-01 2.542933293385307714e+00 2.355324378399745733e-01 2.991717585135492463e+00 6.978524017784097921e-01 5.207877091991792717e-01 -4.834082126395859991e-01 8.966943285129497232e-02 1.269299060838698923e+00 1.636960699865152247e+00 0.000000000000000000e+00
1.579356376093363767e-01 -2.429711313932660655e-01 2.224601973417527079e-01 2.539281334915558297e+00 2.302737360981819137e-01 2.996723156275021616e+00 6.998043656993833128e-01 5.342489565346074665e-01 -4.914311851605315251e-01 8.811875737232589823e-02 1.270788167362216781e+00 1.636340982279490763e+00 0.000000000000000000e+00
1.591469964642266144e-01 -2.437634076719146226e-01 2.200589141395174475e-01 2.535305287134827168e+00 2.245223146119599278e-01 3.002077145418283521e+00 7.018368236643045543e-01 5.488118537444605094e-01 -4.999939138554088114e-01 8.641675608679147413e-02 1.272293252852275014e+00 1.635534177627251173e+00 0.000000000000000000e+00
1.602331694969948706e-01 -2.444843837281404086e-01 2.178064799905223559e-01 2.531615528564088891e+00 2.191663023149286182e-01 3.006956523493365285e+00 7.036435121478142873e-01 5.622293253694704562e-01 -5.077714760819034279e-01 8.482459355146600155e-02 1.273579559658783333e+00 1.634670115011574998e+00 0.000000000000000000e+00
1.613759099973431643e-01 -2.452523486375438599e-01 2.153286807456829266e-01 2.527595782444028938e+00 2.133168595334362649e-01 3.012175155692486950e+00 7.055333578363618408e-01 5.767300377678702406e-01 -5.160522425963685045e-01 8.307622829582898827e-02 1.274858409614239463e+00 1.633612041110486635e+00 0.000000000000000000e+00
1.624003108606996981e-01 -2.459473910476682457e-01 2.130079167199278034e-01 2.523863711513028463e+00 2.078774489531314273e-01 3.016930799924226747e+00 7.072232667060716071e-01 5.900766027288567583e-01 -5.235560984418303754e-01 8.144017353678766058e-02 1.275930864585214319e+00 1.632530398233750901e+00 0.000000000000000000e+00
1.634780799300204202e-01 -2.466833281975155112e-01 2.104586476362016456e-01 2.519795395903410729e+00 2.019447408376966457e-01 3.022016933266280514e+00 7.090033901577078579e-01 6.044859687018667715e-01 -5.315257411619469519e-01 7.964303082131014844e-02 1.276972959519762307e+00 1.631252480384676407e+00 0.000000000000000000e+00
1.644442763090757653e-01 -2.473451504066683515e-01 2.080742314024214834e-01 2.516015305656368106e+00 1.964345270469856075e-01 3.026651041357446559e+00 7.106073455032352326e-01 6.177340632815476740e-01 -5.387269287495211056e-01 7.796049557886852721e-02 1.277820776852788942e+00 1.629981753070544936e+00 0.000000000000000000e+00
1.654611800117029297e-01 -2.480410312507427550e-01 2.054587215723498450e-01 2.511891654265267615e+00 1.904317544465836676e-01 3.031605640868095364e+00 7.123116354428314922e-01 6.320209904234412868e-01 -5.463516921084725642e-01 7.611134632072882877e-02 1.278612534644869569e+00 1.628514883942129510e+00 0.000000000000000000e+00
1.663735974190374278e-01 -2.486619633271344443e-01 2.030158638359433332e-01 2.508057597315174192e+00 1.848626069724907950e-01 3.036118994157834816e+00 7.138625273036391938e-01 6.451421187981526417e-01 -5.532205171920048237e-01 7.437951763098551994e-02 1.279224529063369920e+00 1.627085831701192919e+00 0.000000000000000000e+00
1.673350878882384485e-01 -2.493092257616697505e-01 2.003400544724724952e-01 2.503872119197404711e+00 1.788018499866481648e-01 3.040943235819974610e+00 7.155282014074291208e-01 6.592764468095847485e-01 -5.604700411533640736e-01 7.247553222152539054e-02 1.279755696542786092e+00 1.625465298177879880e+00 0.000000000000000000e+00
1.681990585996993859e-01 -2.498812166983281624e-01 1.978443276684353491e-01 2.499977440019194308e+00 1.731844342415360671e-01 3.045335606248302351e+00 7.170611169308788169e-01 6.722417136814992089e-01 -5.669761436964277923e-01 7.069138906111883947e-02 1.280120549612127068e+00 1.623910677891545751e+00 0.000000000000000000e+00
1.691112426908031041e-01 -2.504709023211683649e-01 1.951144013910081076e-01 2.495722083157801308e+00 1.670766559590921574e-01 3.050027885782492731e+00 7.187271905088323809e-01 6.861905525230073133e-01 -5.738146087435332943e-01 6.872882243005538905e-02 1.280377012025101680e+00 1.622172299489996750e+00 0.000000000000000000e+00
1.699330230497497762e-01 -2.509854758412481956e-01 1.925718498909881338e-01 2.491759322604552018e+00 1.614205110955184708e-01 3.054297772656185295e+00 7.202796136872667843e-01 6.989701304879160082e-01 -5.799268297613739964e-01 6.688911491021785893e-02 1.280483538468704774e+00 1.620526998568545762e+00 0.000000000000000000e+00
1.708032549002705680e-01 -2.515083124131314296e-01 1.897946186911076971e-01 2.487426326640514773e+00 1.552753936622641717e-01 3.058856297189637807e+00 7.219877652104436105e-01 7.127021880166914958e-01 -5.863227440143357061e-01 6.486470468521571275e-02 1.280454909486986370e+00 1.618710323230948323e+00 0.000000000000000000e+00
1.715899700026297381e-01 -2.519566902949816334e-01 1.872116133454575504e-01 2.483387586775982481e+00 1.495888982042909987e-01 3.063000690151819416e+00 7.235992439860505776e-01 7.252657836171948480e-01 -5.920091921529000434e-01 6.296597069653009360e-02 1.280291657712164577e+00 1.617011359613532040e+00 0.000000000000000000e+00
1.724264739231137211e-01 -2.524028076417109134e-01 1.843941647173907017e-01 2.478967390540876448e+00 1.434150959107229895e-01 3.067420599898138089e+00 7.253941479817367366e-01 7.387463055810125079e-01 -5.979248053032657495e-01 6.087543501389912348e-02 1.279963556265866886e+00 1.615157533178727789e+00 0.000000000000000000e+00
1.731862045494840796e-01 -2.527758195293148824e-01 1.817774575319683339e-01 2.474843731573570071e+00 1.377055080473854609e-01 3.071434875805067577e+00 7.271068268787665989e-01 7.510628929904108464e-01 -6.031528568392002798e-01 5.891396277559612926e-02 1.279519074679932533e+00 1.613444055333370875e+00 0.000000000000000000e+00
1.739981811850860316e-01 -2.531353344664258320e-01 1.789273371053705097e-01 2.470326998938459528e+00 1.315102846787699065e-01 3.075710712007718062e+00 7.290346891918750849e-01 7.642595885610533601e-01 -6.085556117426441647e-01 5.675357737099943206e-02 1.278880981282749740e+00 1.611596753643237623e+00 0.000000000000000000e+00
1.747398382983648135e-01 -2.534235150673416204e-01 1.762840425356522189e-01 2.466109239809363807e+00 1.257838997081632826e-01 3.079588279572443632e+00 7.308929098424777893e-01 7.762974095833476973e-01 -6.132919771623227545e-01 5.472543455928197131e-02 1.278143685134961238e+00 1.609910440040999369e+00 0.000000000000000000e+00
1.755374784269233823e-01 -2.536856783726195164e-01 1.734090789749425099e-01 2.461484656628070145e+00 1.195734231757077382e-01 3.083711472489417016e+00 7.330041307966380648e-01 7.891736602958263624e-01 -6.181419264024933247e-01 5.249035580848696037e-02 1.277181085558952045e+00 1.608116135256558499e+00 0.000000000000000000e+00
1.762708341407112911e-01 -2.538791961641111428e-01 1.707465856973090501e-01 2.457162488065091743e+00 1.138354623669535215e-01 3.087443844713007479e+00 7.350548314150263662e-01 8.009003575237723105e-01 -6.223525172439631215e-01 5.039134794463817624e-02 1.276139256940513000e+00 1.606500794897370854e+00 0.000000000000000000e+00
1.770649915488594628e-01 -2.540335269630198956e-01 1.678549176646513819e-01 2.452419351548196680e+00 1.076147842503525354e-01 3.091404674726748514e+00 7.374002773870592664e-01 8.134228738644609935e-01 -6.266159718330710504e-01 4.807737720773876122e-02 1.274841498541317453e+00 1.604807823392407462e+00 0.000000000000000000e+00
1.778005700544543211e-01 -2.541221996884992507e-01 1.651809144795918227e-01 2.447981563339514111e+00 1.018696031808579150e-01 3.094981234865247455e+00 7.396928596114539234e-01 8.248053575215142930e-01 -6.302660338441063992e-01 4.590308094763560776e-02 1.273483419543431472e+00 1.603309528963129171e+00 0.000000000000000000e+00
1.786032208855742320e-01 -2.541570460820634647e-01 1.622810612404098074e-01 2.443106257423568461e+00 9.564306296004154717e-02 3.098766413824165955e+00 7.423289896164687596e-01 8.369355902336343966e-01 -6.339011155740099657e-01 4.350477955034314642e-02 1.271835721776999550e+00 1.601769689220845061e+00 0.000000000000000000e+00
1.793521981771559470e-01 -2.541302943686835625e-01 1.596034364718181831e-01 2.438540967707849116e+00 8.989403505277415718e-02 3.102174488881654479e+00 7.449153850881266026e-01 8.479401713320053879e-01 -6.369550289750309791e-01 4.125049691137513963e-02 1.270149674490870240e+00 1.600437176569424080e+00 0.000000000000000000e+00
1.801755304449599304e-01 -2.540344746096451223e-01 1.567039917590570819e-01 2.433520871488627613e+00 8.366502121812402493e-02 3.105769469537106087e+00 7.478979923509607719e-01 8.596438322165220747e-01 -6.399269170144777918e-01 3.876317519345758716e-02 1.268141251554786963e+00 1.599103465495512522e+00 0.000000000000000000e+00
1.809496353393923729e-01 -2.538813077729374923e-01 1.540308638437722089e-01 2.428814817386488301e+00 7.791498006446895275e-02 3.108993990111660111e+00 7.508326627141734821e-01 8.702361559781487399e-01 -6.423484628146596265e-01 3.642396684404047152e-02 1.266115518071618151e+00 1.597987467840714659e+00 0.000000000000000000e+00
1.818069485080939518e-01 -2.536421039796419863e-01 1.511408273995403506e-01 2.423634326244784809e+00 7.168647440532849302e-02 3.112380395459227955e+00 7.542243980994711716e-01 8.814728981445472122e-01 -6.446131484266356404e-01 3.384155987223407686e-02 1.263731323105724780e+00 1.596917809188884263e+00 0.000000000000000000e+00
1.826184140846140169e-01 -2.533510242123658274e-01 1.484805291696729146e-01 2.418773362795934467e+00 6.593816045580958018e-02 3.115403508934488919e+00 7.575646678967030700e-01 8.916178108430407034e-01 -6.463653086868260678e-01 3.141220351991778209e-02 1.261353786042556546e+00 1.596071989226675258e+00 0.000000000000000000e+00
1.835226178897945426e-01 -2.529563256549957617e-01 1.456088370423799794e-01 2.413417413041598181e+00 5.971261172274022755e-02 3.118561687864679577e+00 7.614262514773180168e-01 9.023522142488230591e-01 -6.478867726175884245e-01 2.872951396890769879e-02 1.258583299560547264e+00 1.595323907276471775e+00 0.000000000000000000e+00
1.843838274703697433e-01 -2.525153270197467714e-01 1.429697932828820628e-01 2.408385933275576818e+00 5.396849887178856164e-02 3.121363191888284927e+00 7.652317089379595538e-01 9.120140961046032668e-01 -6.489318636083626357e-01 2.620453348870074514e-02 1.255841974692474050e+00 1.594803791915579305e+00 0.000000000000000000e+00
1.853490366752024165e-01 -2.519510019974943171e-01 1.401258623700977202e-01 2.402836048317860573e+00 4.774908887196982477e-02 3.124268782123829968e+00 7.696325826393154435e-01 9.222038830674645915e-01 -6.496640997500799930e-01 2.341483479613991336e-02 1.252669617201971564e+00 1.594441468849274290e+00 0.000000000000000000e+00
1.862725205972559916e-01 -2.513473024330228345e-01 1.375166241802603662e-01 2.397617447456732886e+00 4.201179605466265343e-02 3.126825979806599154e+00 7.739659452070379864e-01 9.313463153526247984e-01 -6.499635056356322105e-01 2.078845861861739613e-02 1.249552653462143059e+00 1.594305913949789266e+00 0.000000000000000000e+00
1.873115844353368531e-01 -2.505999506112025488e-01 1.347095302369868408e-01 2.391855607144981466e+00 3.580149246786756834e-02 3.129453865039896421e+00 7.789718225290326314e-01 9.409552003027124023e-01 -6.498693628910978681e-01 1.788603331054055418e-02 1.245968038634896136e+00 1.594391401420780507e+00 0.000000000000000000e+00
1.883097149843609153e-01 -2.498200657643087075e-01 1.321387614325428839e-01 2.386431619565524631e+00 3.007481984630500094e-02 3.131740935722047592e+00 7.838983376505429534e-01 9.495411650781004909e-01 -6.493840017824309419e-01 1.515223083224966245e-02 1.242463185482297394e+00 1.594701393371665610e+00 0.000000000000000000e+00
1.894365816377207024e-01 -2.488736539011053572e-01 1.293782177066490624e-01 2.380436201298537391e+00 2.387856200998950129e-02 3.134060656222965147e+00 7.895854515793798711e-01 9.585248729622921626e-01 -6.484154100939689691e-01 1.212966158890202081e-02 1.238450600667875046e+00 1.595305398306895661e+00 0.000000000000000000e+00
1.905213165680304244e-01 -2.479030757562533105e-01 1.268546279211273942e-01 2.374786906801148234e+00 1.816728471247586185e-02 3.136049338307784318e+00 7.951733627576113017e-01 9.665165533404291853e-01 -6.471051348376500867e-01 9.282091157497006015e-03 1.234545873877600952e+00 1.596124719816258697e+00 0.000000000000000000e+00
1.917477749296493672e-01 -2.467423513544830249e-01 1.241497456504989244e-01 2.368536420418260846e+00 1.199101887519171683e-02 3.138029884322511176e+00 8.016126865363412124e-01 9.748378664824907114e-01 -6.452238112645908297e-01 6.133121110762826921e-03 1.230094799589696919e+00 1.597314087559088103e+00 0.000000000000000000e+00
1.929303632447654793e-01 -2.455655519058500269e-01 1.216820701386009396e-01 2.362640240346217446e+00 6.302182912199416620e-03 3.139688922128335946e+00 8.079329004353172916e-01 9.821969795227066813e-01 -6.430480752330233196e-01 3.165169556302426662e-03 1.225777948620733193e+00 1.598709051338071729e+00 0.000000000000000000e+00
