-1.472564125899050724e-03 -4.039641025073148484e-04 3.436576846477051861e-03 -8.814962755582911313e-03 -2.555642804636271137e-03 -9.473058024391356469e-03 0.000000000000000000e+00
-1.313912913026960005e-03 -3.145320061341272400e-04 3.154458107147456447e-03 -8.131844836384516384e-03 -2.313457713534639026e-03 -8.666649447710561560e-03 0.000000000000000000e+00
-1.373274844783833881e-03 -2.807597606894751685e-04 3.397077670345166611e-03 -8.799063575442467311e-03 -2.455018863448010791e-03 -9.308380412477834653e-03 0.000000000000000000e+00
-1.220372186845286588e-03 -2.064905351542578593e-04 3.116054088661085464e-03 -8.107679422438174299e-03 -2.217464103085653448e-03 -8.520867083988248325e-03 0.000000000000000000e+00
-1.270024974743544366e-03 -1.697459582414295731e-04 3.353556874768126583e-03 -8.762644289108223461e-03 -2.347795007756836583e-03 -9.157225683673386740e-03 0.000000000000000000e+00
-1.123891810926314072e-03 -1.097333739081829407e-04 3.074742362628779535e-03 -8.065785067476127779e-03 -2.115845354197176675e-03 -8.388599156696763259e-03 0.000000000000000000e+00
-1.164389772717294713e-03 -7.089059229331562406e-05 3.307626955759257470e-03 -8.708255414248355919e-03 -2.235169667032188556e-03 -9.021476934417460569e-03 0.000000000000000000e+00
-1.025029697204360435e-03 -2.363531163651622080e-05 3.030944395293083682e-03 -8.006333923944453090e-03 -2.009607622832643159e-03 -8.269272667368321450e-03 0.000000000000000000e+00
-1.056030274777908229e-03 1.686552832030896454e-05 3.258932667822483920e-03 -8.634190810276720640e-03 -2.118128224700033257e-03 -8.898839467596841857e-03 0.000000000000000000e+00
-9.243767498672006422e-04 5.230781648557503161e-05 2.985259832243458700e-03 -7.929993590109596369e-03 -1.899905341476770815e-03 -8.162646227594105852e-03 0.000000000000000000e+00
-9.464531449475399594e-04 9.386724050014505494e-05 3.208718969784585262e-03 -8.542968686928276156e-03 -1.997701679757657445e-03 -8.790183071325063935e-03 0.000000000000000000e+00
-8.224421416230254245e-04 1.187618153097869111e-04 2.937981374130677059e-03 -7.837020382056358869e-03 -1.787646530105657661e-03 -8.067953790990456397e-03 0.000000000000000000e+00
-8.352786571124981574e-04 1.609900589787383041e-04 3.156632975718554057e-03 -8.432945605244768217e-03 -1.874933687501023627e-03 -8.693782373994762835e-03 0.000000000000000000e+00
-7.197040453456871045e-04 1.762967489979949676e-04 2.889514294893064106e-03 -7.728060555137972187e-03 -1.673605442176651081e-03 -7.984764578868874807e-03 0.000000000000000000e+00
-7.240135169563621798e-04 2.187528740444366626e-04 3.103798359945564300e-03 -8.306940208447244345e-03 -1.751043387126838269e-03 -8.610001390362498341e-03 0.000000000000000000e+00
-6.166583092166444402e-04 2.256060425843142703e-04 2.840107634954180948e-03 -7.603355212230766824e-03 -1.558944405843920578e-03 -7.912559484235526241e-03 0.000000000000000000e+00
-6.121284275555360921e-04 2.679212263170249742e-04 3.049713625318445365e-03 -8.163057758062919333e-03 -1.626657224967686943e-03 -8.537137467044875194e-03 0.000000000000000000e+00
-5.137201018393655616e-04 2.672284978779693176e-04 2.790077669406532124e-03 -7.463632047063128994e-03 -1.444280696835331668e-03 -7.850698763760766141e-03 0.000000000000000000e+00
-5.010984582027588896e-04 3.091679660599533364e-04 2.995335047160679887e-03 -8.004121758038884593e-03 -1.503086159297950530e-03 -8.475383970833805236e-03 0.000000000000000000e+00
-4.113041895881519583e-04 3.018457151773290548e-04 2.739520812947732198e-03 -7.309119508707162538e-03 -1.330738138540343840e-03 -7.798214968513628165e-03 0.000000000000000000e+00
-3.903065433775720905e-04 3.430478883510446053e-04 2.940272764440338138e-03 -7.828480804489501566e-03 -1.380636817286173823e-03 -8.423537512996404075e-03 0.000000000000000000e+00
-3.097588963253128380e-04 3.300283427722372487e-04 2.688657135783006913e-03 -7.140325845240269587e-03 -1.218914574142360152e-03 -7.754715595388095295e-03 0.000000000000000000e+00
-2.811922276036160628e-04 3.703912394515951334e-04 2.885219838182961904e-03 -7.638727809788470324e-03 -1.260982317868197811e-03 -8.381024181876028933e-03 0.000000000000000000e+00
-2.094378727860168876e-04 3.523656299978528139e-04 2.637627675152492968e-03 -6.957791338620289423e-03 -1.109675422187095251e-03 -7.719356779599673146e-03 0.000000000000000000e+00
-1.730344610853529197e-04 3.916014298100400914e-04 2.829736471567340095e-03 -7.433016428302963163e-03 -1.144179974966075264e-03 -8.346787767023799987e-03 0.000000000000000000e+00
-1.106377097366273432e-04 3.694268990812599185e-04 2.586507837406770705e-03 -6.761788790754508227e-03 -1.003796050180749688e-03 -7.691375406711387086e-03 0.000000000000000000e+00
-6.720120883155211722e-05 4.075288107655561376e-04 2.774475155983141539e-03 -7.214208899323892865e-03 -1.031782927585211951e-03 -8.320161675736681417e-03 0.000000000000000000e+00
-1.364688747537701197e-05 3.817614738160224341e-04 2.535388854027237349e-03 -6.552835726806982564e-03 -9.020359899860608266e-04 -7.669982394300056683e-03 0.000000000000000000e+00
3.705939630571641885e-05 4.184637896997300821e-04 2.718922219858754818e-03 -6.980169231255217710e-03 -9.239505163352035311e-04 -8.300027529710263252e-03 0.000000000000000000e+00
8.129847158913627858e-05 3.898887328679934150e-04 2.484289938336131653e-03 -6.331165072648303749e-03 -8.051394269918965563e-04 -7.654366059339334782e-03 0.000000000000000000e+00
1.384699501478514616e-04 4.252699935866077752e-04 2.663772368278222169e-03 -6.734067346684469157e-03 -8.219842387604536782e-04 -8.286011177706997799e-03 0.000000000000000000e+00
1.739863151880571834e-04 3.942865067352308017e-04 2.433240462990760022e-03 -6.097232852440903628e-03 -7.137903999039352243e-04 -7.643557266973077802e-03 0.000000000000000000e+00
2.378105089182735998e-04 4.281060358527488674e-04 2.608352537033731267e-03 -6.473464650375682083e-03 -7.262276802624256788e-04 -8.276439556226700134e-03 0.000000000000000000e+00
2.642136097159575314e-04 3.954153698688678276e-04 2.382326764126418972e-03 -5.851472443803906742e-03 -6.286317566495114306e-04 -7.637005210900049690e-03 0.000000000000000000e+00
3.339182494650483335e-04 4.278469135365337017e-04 2.553288321748892198e-03 -6.201475158344571526e-03 -6.378011420422602384e-04 -8.270877544558352668e-03 0.000000000000000000e+00
3.518003905524924591e-04 3.937061680023279386e-04 2.331407057619361289e-03 -5.594099486539327870e-03 -5.504723972218350525e-04 -7.633303941432689754e-03 0.000000000000000000e+00
4.275651886518072597e-04 4.245011895768202592e-04 2.498061010415164596e-03 -5.915903842499403709e-03 -5.569860668717119268e-04 -8.268317483648202071e-03 0.000000000000000000e+00
4.366138955672338451e-04 3.895415655733591720e-04 2.280545317543403172e-03 -5.325571525572669884e-03 -4.798667128045330799e-04 -7.631784038982347695e-03 0.000000000000000000e+00
5.176678876994689205e-04 4.189341951844061107e-04 2.443109773871687818e-03 -5.619805197104810190e-03 -4.849056285296526880e-04 -8.267501930330878324e-03 0.000000000000000000e+00
5.185566013529152585e-04 3.832882567437745358e-04 2.229717224454697000e-03 -5.046242973300252288e-03 -4.173566961878094617e-04 -7.631596848293620283e-03 0.000000000000000000e+00
6.050270408913260844e-04 4.110344182608471897e-04 2.387920558874989663e-03 -5.310888356206078242e-03 -4.218258164803145860e-04 -8.267510249928777810e-03 0.000000000000000000e+00
5.974709166900737944e-04 3.752560367003554553e-04 2.178882353902344970e-03 -4.756617584313005409e-03 -3.636457258853198482e-04 -7.631628227572573309e-03 0.000000000000000000e+00
6.886520352012981405e-04 4.016294670433073755e-04 2.332929991448073892e-03 -4.992303677145315532e-03 -3.686246798055847762e-04 -8.267418522758473998e-03 0.000000000000000000e+00
6.733149451784714579e-04 3.657484329477322937e-04 2.127929543837892012e-03 -4.456912974214688461e-03 -3.192619082961201116e-04 -7.630768994135506134e-03 0.000000000000000000e+00
7.693265084089961903e-04 3.904945526365111164e-04 2.277582438033221024e-03 -4.661777944778400240e-03 -3.257397530385119921e-04 -8.265651107083327176e-03 0.000000000000000000e+00
7.460090138457775577e-04 3.550050475880639489e-04 2.076958881532142698e-03 -4.147884839244220245e-03 -2.845606710408787876e-04 -7.628515118766721059e-03 0.000000000000000000e+00
8.461500888021222799e-04 3.784208718783377279e-04 2.222340042199288934e-03 -4.322644335284842043e-03 -2.937840529515511889e-04 -8.261586384421981677e-03 0.000000000000000000e+00
8.155003478146349849e-04 3.432539065800210842e-04 2.025731556643872722e-03 -3.829705927085313988e-03 -2.603132178782274764e-04 -7.623017730366665745e-03 0.000000000000000000e+00
9.199130207972472384e-04 3.650645524649331897e-04 2.166706237639481891e-03 -3.972726521675795652e-03 -2.729911462631129382e-04 -8.254013086758993367e-03 0.000000000000000000e+00
8.817788143878901863e-04 3.306726676070570470e-04 1.974328904270739038e-03 -3.503134525613127437e-03 -2.466099531095444775e-04 -7.613844895505872401e-03 0.000000000000000000e+00
9.897655647339576035e-04 3.511992740188318862e-04 2.110960610416268146e-03 -3.615229065102809614e-03 -2.641546387875948199e-04 -8.241463857232567136e-03 0.000000000000000000e+00
9.448414191667031670e-04 3.174033307671297877e-04 1.922671150341503932e-03 -3.168677906487005203e-03 -2.438660571417727851e-04 -7.599754810044379028e-03 0.000000000000000000e+00
1.056515760112508584e-03 3.363664503306940112e-04 2.054705886512409041e-03 -3.248158640181131318e-03 -2.672879510425829608e-04 -8.222980901310794621e-03 0.000000000000000000e+00
1.004675979226488103e-03 3.036020797874683375e-04 1.870689311146200851e-03 -2.826951707401548219e-03 -2.523809108314623018e-04 -7.579722633070939963e-03 0.000000000000000000e+00
1.119411830624361670e-03 3.212858000454787977e-04 1.998322877758584859e-03 -2.875032545921918370e-03 -2.827352851042519433e-04 -8.197560061491859784e-03 0.000000000000000000e+00
1.061307799490707193e-03 2.893219027745863592e-04 1.818290978132852675e-03 -2.478581348634101289e-03 -2.724387281238804803e-04 -7.552269560976210272e-03 0.000000000000000000e+00
1.179242096764759884e-03 3.054531520499392805e-04 1.941277339807701008e-03 -2.493704336114177522e-03 -3.105792631341586230e-04 -8.163730388328183096e-03 0.000000000000000000e+00
1.114792646248558006e-03 2.746445651222728657e-04 1.765539762150380998e-03 -2.124432047185820238e-03 -3.039621304052886330e-04 -7.516802043428860713e-03 0.000000000000000000e+00
1.235319657725053588e-03 2.895149074045866300e-04 1.883930830362368081e-03 -2.107795072541662762e-03 -3.510239637147805070e-04 -8.120293068324624386e-03 0.000000000000000000e+00
1.165181239152823789e-03 2.596260210035450378e-04 1.712301495497503545e-03 -1.765131056405522259e-03 -3.470512655212587561e-04 -7.472007551435844164e-03 0.000000000000000000e+00
1.288423072785427337e-03 2.728971591674511643e-04 1.825882403407474985e-03 -1.715457959795330112e-03 -4.039699130515828074e-04 -8.066010165495907103e-03 0.000000000000000000e+00
1.212561874764789271e-03 2.442626036336381645e-04 1.658534497241181960e-03 -1.401503090996847334e-03 -4.015365283027705345e-04 -7.416658195952496868e-03 0.000000000000000000e+00
1.337977822554514695e-03 2.562347267991427202e-04 1.767510776932323946e-03 -1.320323711865079019e-03 -4.691309895639150795e-04 -8.000217713275858955e-03 0.000000000000000000e+00
1.256999319625251577e-03 2.285543120136845907e-04 1.604286409740196540e-03 -1.034560010086948978e-03 -4.672955325450978137e-04 -7.349823526435539378e-03 0.000000000000000000e+00
1.384747254738527555e-03 2.388864709182980661e-04 1.708281626193686176e-03 -9.205316945291031061e-04 -5.463209051543849171e-04 -7.920932373362443712e-03 0.000000000000000000e+00
1.298632217310108361e-03 2.125070805772955040e-04 1.549487684741501781e-03 -6.650826899781137058e-04 -5.438672772188901661e-04 -7.270522796575029645e-03 0.000000000000000000e+00
1.428224437175357187e-03 2.214500965662113963e-04 1.648711713032102733e-03 -5.199284791652658555e-04 -6.349622319894443478e-04 -7.827921705422458132e-03 0.000000000000000000e+00
1.337571354236705146e-03 1.960618829052740431e-04 1.494040468900115215e-03 -2.939005480691037064e-04 -6.309711930270189839e-04 -7.177254754737738551e-03 0.000000000000000000e+00
1.469140929764745085e-03 2.032668825796002388e-04 1.588266069042609807e-03 -1.167771787535798467e-04 -7.347522711884657554e-04 -7.719159830219091134e-03 0.000000000000000000e+00
1.373953193701094033e-03 1.792041871450100743e-04 1.438096324757331956e-03 7.775884862049053936e-05 -7.278043256486732560e-04 -7.069778476965549174e-03 0.000000000000000000e+00
1.507116822630494291e-03 1.848946943358575901e-04 1.527415405674914517e-03 2.852526786689679739e-04 -8.446377759745438141e-04 -7.594470958375509895e-03 0.000000000000000000e+00
1.407950927654055828e-03 1.618641567203704668e-04 1.381532890981862494e-03 4.491426835748768553e-04 -8.337595647800455367e-04 -6.946629621874311766e-03 0.000000000000000000e+00
1.542828800425305458e-03 1.656851609324605512e-04 1.465718291427553499e-03 6.875525256253567363e-04 -9.641069653669731565e-04 -7.452108355768594095e-03 0.000000000000000000e+00
1.439719931976113365e-03 1.439981635917297886e-04 1.324368820831756111e-03 8.191893365037117292e-04 -9.479703417030194146e-04 -6.807011433998866323e-03 0.000000000000000000e+00
1.576004165399963464e-03 1.461641943605873628e-04 1.403650511783205435e-03 1.086660293529995158e-03 -1.091754765440988706e-03 -7.292079397986928058e-03 0.000000000000000000e+00
1.469445025274712657e-03 1.255446370709845105e-04 1.266649283479026611e-03 1.186887086092269783e-03 -1.069425679000701734e-03 -6.650252169083881171e-03 0.000000000000000000e+00
1.607277930794667742e-03 1.256868615642781073e-04 1.340734943281574054e-03 1.483834906955472377e-03 -1.226902433494991840e-03 -7.112503662269009652e-03 0.000000000000000000e+00
1.497317122885630236e-03 1.064568409414046180e-04 1.208403394419688137e-03 1.551216223337092970e-03 -1.196985050057719491e-03 -6.475742207996848521e-03 0.000000000000000000e+00
1.636462530866730769e-03 1.047927648629154440e-04 1.277461433151216852e-03 1.875812579256397328e-03 -1.367806131015392168e-03 -6.913703486892242012e-03 0.000000000000000000e+00
1.523554264085652532e-03 8.669245729203689521e-05 1.149685844738124185e-03 1.911198551045600880e-03 -1.329354787536818350e-03 -6.282974344394176569e-03 0.000000000000000000e+00
1.664161084007770297e-03 8.283133290121202918e-05 1.213397639013624740e-03 2.263659426870567870e-03 -1.513515623184247261e-03 -6.694045301326667641e-03 0.000000000000000000e+00
1.548347343574257851e-03 6.619564167126279486e-05 1.090494198444036389e-03 2.265907799261945854e-03 -1.465269762935150766e-03 -6.071254831323980028e-03 0.000000000000000000e+00
1.690243750001846346e-03 6.038233268140791310e-05 1.149111816259429375e-03 2.644226640336810874e-03 -1.661961765745179065e-03 -6.454581277563598007e-03 0.000000000000000000e+00
1.571922384528121053e-03 4.494597770482444687e-05 1.030826787390137778e-03 2.614462330999600681e-03 -1.603259319439054309e-03 -5.840173531225900661e-03 0.000000000000000000e+00
1.715297376107011162e-03 3.680293934754663709e-05 1.084213144264822848e-03 3.018503384901727316e-03 -1.811968199312730121e-03 -6.193766984474713411e-03 0.000000000000000000e+00
1.594495728871728191e-03 2.293806599307224303e-05 9.708087616412397480e-04 2.955888307512921642e-03 -1.741706402402787290e-03 -5.589930463968606489e-03 0.000000000000000000e+00
1.739227207861265834e-03 1.268575821888884292e-05 1.019114903701989761e-03 3.383743662989324719e-03 -1.961429582313378717e-03 -5.912404378623392631e-03 0.000000000000000000e+00
1.616282548474803904e-03 1.525082770070795846e-07 9.104768113532002438e-04 3.289329838279897444e-03 -1.879027131388877336e-03 -5.320222737990487616e-03 0.000000000000000000e+00
1.762570093812657057e-03 -1.256064930033051752e-05 9.535273239519304056e-04 3.740709121775154244e-03 -2.108946681729229056e-03 -5.609647530357086964e-03 0.000000000000000000e+00
1.637514513116528070e-03 -2.338415079627953475e-05 8.499355376884731861e-04 3.613946226551867369e-03 -2.013417046166310342e-03 -5.031611884922515543e-03 0.000000000000000000e+00
1.785285550958276568e-03 -3.830619332001461430e-05 8.879163486932850624e-04 4.086925146191688896e-03 -2.252217046257332100e-03 -5.286915676836922984e-03 0.000000000000000000e+00
1.658386367811195972e-03 -4.764706947502084233e-05 7.891685036460760472e-04 3.928994334512658781e-03 -2.143279327439184812e-03 -4.724017216624520898e-03 0.000000000000000000e+00
1.807847636686718551e-03 -6.511555071697650021e-05 8.219193518456680003e-04 4.423062997625848425e-03 -2.389804877495294022e-03 -4.943361229824194680e-03 0.000000000000000000e+00
1.679109020559552135e-03 -7.257938829424714910e-05 7.283536884932773070e-04 4.233655890264920174e-03 -2.266781638960324585e-03 -4.398293684417353688e-03 0.000000000000000000e+00
1.830243307923154483e-03 -9.231721301183881678e-05 7.560970122210686206e-04 4.746901301182937516e-03 -2.519356075317169541e-03 -4.581212138141665946e-03 0.000000000000000000e+00
1.699871473812897271e-03 -9.813213287795941042e-05 6.674569638610572397e-04 4.527263670677683649e-03 -2.382239362793470150e-03 -4.054851070016241010e-03 0.000000000000000000e+00
1.852869264633044688e-03 -1.204323011994024029e-04 6.901028415592924681e-04 5.058908974723053120e-03 -2.639447792950999627e-03 -4.199952257132988365e-03 0.000000000000000000e+00
1.720840929544178999e-03 -1.241916425567257676e-04 6.066462503609426626e-04 4.809061075202514246e-03 -2.487923876235864640e-03 -3.694927697600380867e-03 0.000000000000000000e+00
1.875735541183323751e-03 -1.487617301498267430e-04 6.243543369675030874e-04 5.357329409209299342e-03 -2.747878199836684132e-03 -3.801676188852187721e-03 0.000000000000000000e+00
1.742189778866143346e-03 -1.506784730794241689e-04 5.459815625007413686e-04 5.078397640411402847e-03 -2.582167682090741323e-03 -3.319597349760172733e-03 0.000000000000000000e+00
1.899145822949740992e-03 -1.777835932150195752e-04 5.586084314790906724e-04 5.642267948673840294e-03 -2.843267196543930453e-03 -3.386683689295288957e-03 0.000000000000000000e+00
1.764040621884288562e-03 -1.774633181313434171e-04 4.854781932997487282e-04 5.334605240511436364e-03 -2.663460568040232346e-03 -2.929836457207901645e-03 0.000000000000000000e+00
1.923115143069545341e-03 -2.067622494338339223e-04 4.933232481498794897e-04 5.912288947583554943e-03 -2.923617142533974089e-03 -2.957731617668990509e-03 0.000000000000000000e+00
1.786513136944570257e-03 -2.044126235688503712e-04 4.252814044959918327e-04 5.576999930248405235e-03 -2.730325018811985416e-03 -2.527439999920222391e-03 0.000000000000000000e+00
1.947856771436315415e-03 -2.361425412105155885e-04 4.281824089736874228e-04 6.167248841695283090e-03 -2.987754350084248500e-03 -2.515171495181878214e-03 0.000000000000000000e+00
1.809694645925924439e-03 -2.313936828831630876e-04 3.653995111844721144e-04 5.804937736069604171e-03 -2.781432252503712732e-03 -2.113703742463002300e-03 0.000000000000000000e+00
1.973363292149588055e-03 -2.651662459119963344e-04 3.636619075882419061e-04 6.406005389537838823e-03 -3.034052425375577400e-03 -2.062209271685766510e-03 0.000000000000000000e+00
1.833645729392166523e-03 -2.582397961340410220e-04 3.059712761556143690e-04 6.017729313208874942e-03 -2.815638032422018711e-03 -1.690870978655834023e-03 0.000000000000000000e+00
1.999751837281737998e-03 -2.942613012282824236e-04 2.993654387500876979e-04 6.628035283818611845e-03 -3.061595262301874953e-03 -1.599210677917017875e-03 0.000000000000000000e+00
1.858397264202546473e-03 -2.847872860372580028e-04 2.469843819850048305e-04 6.214641450475788531e-03 -2.831951656371511916e-03 -1.260494615409779584e-03 0.000000000000000000e+00
2.027001280396012461e-03 -3.226558342800389667e-04 2.358674459711496141e-04 6.832529732546888113e-03 -3.069178530614280476e-03 -1.130201300220345928e-03 0.000000000000000000e+00
1.883955392670062789e-03 -3.108918098466140201e-04 1.884657743058126833e-04 6.395026385242807976e-03 -2.829580779412310676e-03 -8.244465331426198418e-04 0.000000000000000000e+00
2.055108897258670075e-03 -3.507575042059896120e-04 1.727032947350104486e-04 7.018559251654288289e-03 -3.056305131792669272e-03 -6.555920913875468159e-04 0.000000000000000000e+00
1.910285332553635085e-03 -3.363593648447738005e-04 1.305792928563698219e-04 6.558064590230117119e-03 -2.807962716943723791e-03 -3.855176348688260646e-04 0.000000000000000000e+00
2.084043273419891595e-03 -3.778021750929783096e-04 1.103900319533446250e-04 7.185677076575025524e-03 -3.022253490427839751e-03 -1.794229580451833783e-04 0.000000000000000000e+00
1.937335794016586954e-03 -3.610456303175801906e-04 7.324874520703295033e-05 6.703045132876006562e-03 -2.766754302842677760e-03 5.464204767280378405e-05 0.000000000000000000e+00
2.113687252376532377e-03 -4.042004389144815413e-04 4.846745401121399510e-05 7.332410460646698880e-03 -2.966957302509509731e-03 2.975428771962995711e-04 0.000000000000000000e+00
1.965013258193738788e-03 -3.847831351544428458e-04 1.650781740097917449e-05 6.829154339059506640e-03 -2.705832678248754064e-03 4.936491084719385469e-04 0.000000000000000000e+00
2.143991411814344383e-03 -4.292044485318946556e-04 -1.255534333682861714e-05 7.458711948710394779e-03 -2.890288988745215448e-03 7.711942459156517771e-04 0.000000000000000000e+00
1.993210287514125822e-03 -4.074302604329949062e-04 -3.961768754229266776e-05 6.935606994054488439e-03 -2.625327651970987830e-03 9.292071158197856562e-04 0.000000000000000000e+00
2.174730038208012861e-03 -4.532274542059511191e-04 -7.310733902787802663e-05 7.562805053250798437e-03 -2.792645700038232093e-03 1.240450357539391035e-03 0.000000000000000000e+00
2.021775792367203062e-03 -4.288427836596775400e-04 -9.515525969699956121e-05 7.021551422627503314e-03 -2.525620831658415000e-03 1.359051174520509164e-03 0.000000000000000000e+00
2.205845336427987580e-03 -4.755583975742383451e-04 -1.328208128205665695e-04 7.644870560702621276e-03 -2.674471240069919986e-03 1.701678262184813661e-03 0.000000000000000000e+00
2.050543892115112843e-03 -4.488898174508926253e-04 -1.500363281161098961e-04 7.086353612892892784e-03 -2.407417772620767948e-03 1.780643033421291932e-03 0.000000000000000000e+00
2.237006222143275713e-03 -4.966425800432272553e-04 -1.921484744525914223e-04 7.702824531923724294e-03 -2.536647590007934383e-03 2.153824707243678915e-03 0.000000000000000000e+00
2.079332319489896053e-03 -4.674846041831104415e-04 -2.044217617757637662e-04 7.129103663664260182e-03 -2.271422112671839244e-03 2.192455086130973285e-03 0.000000000000000000e+00
2.268162508839387942e-03 -5.158070357587640764e-04 -2.506265674870333804e-04 7.737380504769575396e-03 -2.380200958301603720e-03 2.593061238135963009e-03 0.000000000000000000e+00
2.107927191770900266e-03 -4.845179193903037529e-04 -2.582877023221130663e-04 7.149164206042613046e-03 -2.118823314961826298e-03 2.591999717862947250e-03 0.000000000000000000e+00
2.298884715326569850e-03 -5.335241544757729493e-04 -3.088165316474933419e-04 7.746090954112716531e-03 -2.206427312365200066e-03 3.018743069009843794e-03 0.000000000000000000e+00
2.136097577320816149e-03 -4.999224036540961258e-04 -3.116718854567768204e-04 7.145897424365443840e-03 -1.950952265498351323e-03 2.977294185551482286e-03 0.000000000000000000e+00
2.329153821333362906e-03 -5.491816308430541582e-04 -3.663256614860888050e-04 7.730198086659534340e-03 -2.016794081123762794e-03 3.427645806603596412e-03 0.000000000000000000e+00
2.163616974410247085e-03 -5.136501558459793948e-04 -3.646422180832442628e-04 7.118817208933592156e-03 -1.769231595712739136e-03 3.346717283518874098e-03 0.000000000000000000e+00
2.358442545483636216e-03 -5.632794680254238351e-04 -4.236886914074089461e-04 7.687175651885702621e-03 -1.813131491940289663e-03 3.819014617520100074e-03 0.000000000000000000e+00
2.190236529030577944e-03 -5.256845985498470597e-04 -4.173089172023192184e-04 7.067374766143608156e-03 -1.575337464279513711e-03 3.698710114480530109e-03 0.000000000000000000e+00
2.386766434856364694e-03 -5.752422996090356122e-04 -4.804735350149025308e-04 7.618816378548665114e-03 -1.597218859754612197e-03 4.190020366484414893e-03 0.000000000000000000e+00
2.215709260147399884e-03 -5.360037911093518126e-04 -4.697817628529499245e-04 6.991413350352360112e-03 -1.371080787919698452e-03 4.032029539863923873e-03 0.000000000000000000e+00
2.413555280936931224e-03 -5.856458149006149583e-04 -5.373223536950799684e-04 7.522508441199171614e-03 -1.371103330650491614e-03 4.540569859302401312e-03 0.000000000000000000e+00
2.239777595232995792e-03 -5.446330547040356684e-04 -5.220962055327849072e-04 6.890763491220752712e-03 -1.158365073266498513e-03 4.345362635197247414e-03 0.000000000000000000e+00
2.438848849051180462e-03 -5.939349322858777924e-04 -5.938548131358967197e-04 7.400743544955012965e-03 -1.136932945231539094e-03 4.868569735459793435e-03 0.000000000000000000e+00
2.262197153615745637e-03 -5.515897580130602051e-04 -5.743612253989449634e-04 6.765441994517118474e-03 -9.392529393861259734e-04 4.637718720346128976e-03 0.000000000000000000e+00
2.462057535320295171e-03 -6.007375213590293583e-04 -6.506582901729673907e-04 7.250980463114231611e-03 -8.968385009655577278e-04 5.174087085305867362e-03 0.000000000000000000e+00
2.282729487836952093e-03 -5.569401032841092558e-04 -6.267809798014556399e-04 6.615693990513094036e-03 -7.156694639256500068e-04 4.908933722193697946e-03 0.000000000000000000e+00
2.483276759619706953e-03 -6.055438069956786684e-04 -7.073845166047920685e-04 7.076474928881637538e-03 -6.530863714382384444e-04 5.455851080069518133e-03 0.000000000000000000e+00
2.301127281590295386e-03 -5.607340666948235075e-04 -6.793251171397507449e-04 6.441983073726120779e-03 -4.898152943191291797e-04 5.158018578677481258e-03 0.000000000000000000e+00
2.501864888142676935e-03 -6.089834957814233007e-04 -7.646564530196520160e-04 6.874696569480143182e-03 -4.079980764921664615e-04 5.714235493754937778e-03 0.000000000000000000e+00
2.317191408242939149e-03 -5.630594373779995720e-04 -7.322722264359038391e-04 6.244871950741526234e-03 -2.636121954511239096e-04 5.385541381415670514e-03 0.000000000000000000e+00
2.518026039838229535e-03 -6.106003174662921751e-04 -8.220728403943167173e-04 6.649658474649378093e-03 -1.635959591341773489e-04 5.948589420879279999e-03 0.000000000000000000e+00
2.330709464965148234e-03 -5.640026740235115632e-04 -7.856813190438294292e-04 6.025180506113336776e-03 -3.911826358438119655e-05 5.591378616840003701e-03 0.000000000000000000e+00
2.531100571032680879e-03 -6.110426720327688521e-04 -8.803589556439783692e-04 6.399017911699722561e-03 7.785775483748480497e-05 6.160118157783944781e-03 0.000000000000000000e+00
2.341492821201784230e-03 -5.636498813499923877e-04 -8.396245837979932070e-04 5.784006408021014067e-03 1.817065188447486435e-04 5.775740259053474546e-03 0.000000000000000000e+00
2.541368587888857833e-03 -6.098659281989493586e-04 -9.390507309734452690e-04 6.127420230690461267e-03 3.145227733387656599e-04 6.348570299642641857e-03 0.000000000000000000e+00
2.349392798855595016e-03 -5.621013974148603154e-04 -8.942846942570636948e-04 5.522469388065331941e-03 3.971689026998070915e-04 5.939543359103627296e-03 0.000000000000000000e+00
2.548164555409387216e-03 -6.077214799480312735e-04 -9.988670528294774087e-04 5.832555620025381415e-03 5.442621938178682228e-04 6.515332849816868332e-03 0.000000000000000000e+00
2.354265097128320494e-03 -5.594630724636284747e-04 -9.498286907125841338e-04 5.241941784221992862e-03 6.055971265919168900e-04 6.083812427952306479e-03 0.000000000000000000e+00
2.551879183042594923e-03 -6.041689281382489618e-04 -1.059334152277435770e-03 5.520035406021861490e-03 7.655875109411347523e-04 6.660974461190516394e-03 0.000000000000000000e+00
2.355990020264847606e-03 -5.558060058160063654e-04 -1.006266734795258078e-03 4.943851483723449292e-03 8.054096256988607649e-04 6.209052669469805608e-03 0.000000000000000000e+00
2.551866167172518740e-03 -5.998431602612375180e-04 -1.121202387664943512e-03 5.187425892192898402e-03 9.767190038569850685e-04 6.787191892169808227e-03 0.000000000000000000e+00
2.354470572759864710e-03 -5.512427623549642774e-04 -1.063785267210570762e-03 4.630051556747893926e-03 9.953082450939731984e-04 6.316895218748452834e-03 0.000000000000000000e+00
2.548614308013459617e-03 -5.942928084699539149e-04 -1.183977499135679956e-03 4.840518442274621691e-03 1.176764135237817754e-03 6.894983454137193490e-03 0.000000000000000000e+00
2.349675368073469994e-03 -5.458263451561529145e-04 -1.122436797464043678e-03 4.302179803701733363e-03 1.174122237584285244e-03 6.408406081627848749e-03 0.000000000000000000e+00
2.541442456319750742e-03 -5.881238280752709713e-04 -1.248341068623426420e-03 4.477486720510626128e-03 1.363889916179861217e-03 6.985992031560694926e-03 0.000000000000000000e+00
2.341549895582051288e-03 -5.396228707996719720e-04 -1.182364571269467479e-03 3.962018175339920845e-03 1.341005352982094223e-03 6.485235389358301461e-03 0.000000000000000000e+00
2.530996230408713576e-03 -5.808555650676505699e-04 -1.313818534748434352e-03 4.104187923280377959e-03 1.537993499683754095e-03 7.061710449772551357e-03 0.000000000000000000e+00
2.330090804651283043e-03 -5.326758306036238899e-04 -1.243609615037222227e-03 3.611576443691255633e-03 1.495095021669001767e-03 6.548649254640270811e-03 0.000000000000000000e+00
2.516629455902114065e-03 -5.730599711227246651e-04 -1.381038687044811031e-03 3.718776170023474492e-03 1.697639956856455967e-03 7.123743195949661100e-03 0.000000000000000000e+00
2.315327869794908677e-03 -5.249936202445515399e-04 -1.306235589524473717e-03 3.252756415513147203e-03 1.635977124474052857e-03 6.600241477328516737e-03 0.000000000000000000e+00
2.499030587293359085e-03 -5.642208356325673080e-04 -1.449485683947704384e-03 3.327439855714153794e-03 1.843064823038531586e-03 7.173812073887120278e-03 0.000000000000000000e+00
2.297315472088570787e-03 -5.165849990937942948e-04 -1.370309624598164966e-03 2.887578655801803507e-03 1.763248472000711331e-03 6.641548300857280651e-03 0.000000000000000000e+00
2.477601507982665763e-03 -5.548324680289540289e-04 -1.519868241629973582e-03 2.928150029028131485e-03 1.973350733008860658e-03 7.213670625621837473e-03 0.000000000000000000e+00
2.276132148772216923e-03 -5.074065935778970804e-04 -1.435822890809346219e-03 2.518109004606472467e-03 1.876869836135330871e-03 6.674010811331676507e-03 0.000000000000000000e+00
2.453156797725189464e-03 -5.443384265524375820e-04 -1.591502089913376938e-03 2.527231351501235679e-03 2.089345796028041491e-03 7.244775405709891203e-03 0.000000000000000000e+00
2.251868502138598682e-03 -4.974277805689375498e-04 -1.502831678087512834e-03 2.146182056630863144e-03 1.976799983007815342e-03 6.699217964181158891e-03 0.000000000000000000e+00
2.425104264527633280e-03 -5.331648747526340770e-04 -1.665069462635504483e-03 2.122809881549336808e-03 2.190225192121530995e-03 7.268742364621161300e-03 0.000000000000000000e+00
2.224703920625223375e-03 -4.865337404070801952e-04 -1.571331852683877095e-03 1.773789101322087447e-03 2.063655136470998741e-03 6.718633110316396539e-03 0.000000000000000000e+00
2.394313890505081477e-03 -5.207169205730943773e-04 -1.739858714949860108e-03 1.720857167240019692e-03 2.277347125335005273e-03 7.287006953260011244e-03 0.000000000000000000e+00
2.194755778819876268e-03 -4.746285966534813383e-04 -1.641276155366133693e-03 1.402896692141553103e-03 2.137497904338481192e-03 6.733524011151459376e-03 0.000000000000000000e+00
2.360283626899370435e-03 -5.073282152149860558e-04 -1.816572106589087188e-03 1.319626110885430137e-03 2.350549323008266356e-03 7.301266377879755964e-03 0.000000000000000000e+00
2.162248734248778392e-03 -4.615527000144115100e-04 -1.712621071934650185e-03 1.035214048026311673e-03 2.199259866197955660e-03 6.745224608355027129e-03 0.000000000000000000e+00
2.323926591055819335e-03 -4.923599577376092107e-04 -1.894434779579456940e-03 9.248100736680697764e-04 2.411359278676972195e-03 7.312748546961511664e-03 0.000000000000000000e+00
2.127375996267888425e-03 -4.471458632639979669e-04 -1.785277749802804959e-03 6.727578616612106543e-04 2.249603995604587681e-03 6.754856429190159162e-03 0.000000000000000000e+00
2.284803002508370429e-03 -4.760476438929739373e-04 -1.974033316480938716e-03 5.347203820580403999e-04 2.459895939835643475e-03 7.322675401983946841e-03 0.000000000000000000e+00
2.090380884844561526e-03 -4.311970189030955858e-04 -1.859207240129223671e-03 3.171073919681077768e-04 2.289527209670350061e-03 6.763726817049509066e-03 0.000000000000000000e+00
2.243865925911428527e-03 -4.577244204162500552e-04 -2.054593683241845437e-03 1.546756393313586386e-04 2.498192195940607263e-03 7.332286976552859770e-03 0.000000000000000000e+00
2.051548898317448466e-03 -4.134659984978417135e-04 -1.934308477752999522e-03 -3.004228389702490176e-05 2.320101553928921589e-03 6.772892509452788090e-03 0.000000000000000000e+00
2.200732918946415873e-03 -4.375358806539830780e-04 -2.136633428966638881e-03 -2.168145523357978277e-04 2.526467082751615578e-03 7.342481409439605144e-03 0.000000000000000000e+00
2.011125621184342571e-03 -3.936853749625379706e-04 -2.010362220630890207e-03 -3.669644008494898912e-04 2.342476643076629728e-03 6.782989640925052299e-03 0.000000000000000000e+00
2.156411196749016823e-03 -4.147868756970152226e-04 -2.219326906064578164e-03 -5.749872964910807127e-04 2.547080912706167766e-03 7.354331654911394622e-03 0.000000000000000000e+00
1.969470386372379478e-03 -3.715713395415209952e-04 -2.087280520180589960e-03 -6.922213600164539571e-04 2.358049315794641387e-03 6.795064792927796304e-03 0.000000000000000000e+00
2.110575132011321964e-03 -3.895230644984093438e-04 -2.303271578005527953e-03 -9.212904053041981456e-04 2.560670456242419846e-03 7.368967378517332634e-03 0.000000000000000000e+00
1.926893882594107876e-03 -3.467905999662290739e-04 -2.164861905295190070e-03 -1.004404061852426366e-03 2.368153736338030058e-03 6.809835574823175364e-03 0.000000000000000000e+00
2.064206406593299681e-03 -3.610464958805903457e-04 -2.387421751892881971e-03 -1.251244290568109818e-03 2.569304188168253233e-03 7.386607328198291356e-03 0.000000000000000000e+00
1.883751732610003393e-03 -3.190312023356178805e-04 -2.242929076294197799e-03 -1.302157152808902651e-03 2.374379877995824728e-03 6.827939373480473861e-03 0.000000000000000000e+00
2.017160865243186607e-03 -3.292672553660835888e-04 -2.472354793579045751e-03 -1.565983676762527921e-03 2.574408063294342242e-03 7.408459412438839209e-03 0.000000000000000000e+00
1.840371662185744106e-03 -2.879191475329001548e-04 -2.321277011135602919e-03 -1.584333284979422274e-03 2.378089622386614366e-03 6.850091434303040572e-03 0.000000000000000000e+00
1.970342432174185254e-03 -2.935473020170831226e-04 -2.557039224698964830e-03 -1.861901792874931516e-03 2.577800487346237901e-03 7.434519868153133260e-03 0.000000000000000000e+00
1.797186177666110218e-03 -2.530811324231718729e-04 -2.399606165223222565e-03 -1.849457718750002755e-03 2.381041954757634471e-03 6.876560282510046918e-03 0.000000000000000000e+00
1.923707215036957185e-03 -2.536704299063163859e-04 -2.642042367646646461e-03 -2.140065303771088168e-03 2.581246743758924822e-03 7.466092568062521195e-03 0.000000000000000000e+00
1.754574583975043733e-03 -2.141291225382091490e-04 -2.477723604394854728e-03 -2.096523047460330247e-03 2.384831063654058170e-03 6.908002616125008544e-03 0.000000000000000000e+00
1.878125631488286595e-03 -2.090388075387528133e-04 -2.726220651112831739e-03 -2.397079305583638131e-03 2.586474992185561206e-03 7.502755044660913697e-03 0.000000000000000000e+00
1.712911750649664944e-03 -1.706610199425639962e-04 -2.555340897394176025e-03 -2.324703052293486394e-03 2.391044372210604507e-03 6.944736634192150149e-03 0.000000000000000000e+00
1.833644046124127680e-03 -1.593319008691418404e-04 -2.810108427223068084e-03 -2.634039913842478597e-03 2.595488525766853627e-03 7.545723141317850491e-03 0.000000000000000000e+00
1.672691484534000184e-03 -1.222325942583646352e-04 -2.632120505836499369e-03 -2.532839414271848000e-03 2.401613048301776132e-03 6.986998192323401469e-03 0.000000000000000000e+00
1.791025605679591459e-03 -1.040429991482350047e-04 -2.892542165823297484e-03 -2.848112617190423634e-03 2.609698156414985704e-03 7.594426865414893868e-03 0.000000000000000000e+00
1.634283036381467547e-03 -6.846218523814950885e-05 -2.707843786170782696e-03 -2.720401492283031075e-03 2.418202551702552938e-03 7.035258962686308237e-03 0.000000000000000000e+00
1.750500801948412510e-03 -4.269329266221033592e-05 -2.973991742707515762e-03 -3.039918014452247519e-03 2.631658308852813377e-03 7.650096436232045605e-03 0.000000000000000000e+00
1.598097038167628492e-03 -8.896419705528568755e-06 -2.782108606669664308e-03 -2.886476142829330627e-03 2.442430390818373098e-03 7.089570156709079640e-03 0.000000000000000000e+00
1.712737491789378952e-03 2.511120465614746777e-05 -3.053372005067722661e-03 -3.207902858090250220e-03 2.662603382319606027e-03 7.712162675133527046e-03 0.000000000000000000e+00
1.564541287966014771e-03 5.686974005064682203e-05 -2.854597210481923941e-03 -3.030546361703301272e-03 2.475921990745089118e-03 7.150130790095854394e-03 0.000000000000000000e+00
1.677929999803512429e-03 9.994110932032285177e-05 -3.131002523492742995e-03 -3.352086754933480961e-03 2.704918339166084706e-03 7.781578828436774842e-03 0.000000000000000000e+00
1.534057841786007348e-03 1.292952699404881223e-04 -2.925015468856678735e-03 -3.152184544111591435e-03 2.520629150136954877e-03 7.217362750866262999e-03 0.000000000000000000e+00
1.646726093647493672e-03 1.820948505740216383e-04 -3.205810463857594605e-03 -3.471489142589767596e-03 2.759762270319043864e-03 7.857691720406734248e-03 0.000000000000000000e+00
1.506928396267009918e-03 2.087507983939973499e-04 -2.992965658003332585e-03 -3.251253345655236160e-03 2.577851221219784605e-03 7.291178744806225964e-03 0.000000000000000000e+00
1.619413942695047126e-03 2.723004715060040049e-04 -3.278113764432294408e-03 -3.566106617196140860e-03 2.829835330900198898e-03 7.941682607160105434e-03 0.000000000000000000e+00
1.483653011274455036e-03 2.957280029408093647e-04 -3.058075426782214112e-03 -3.327049280882121707e-03 2.649657663018167852e-03 7.371884288983387989e-03 0.000000000000000000e+00
1.596289246299897879e-03 3.706201309149337320e-04 -3.346819814063567433e-03 -3.636245879532928882e-03 2.915410747005076075e-03 8.032495089509650299e-03 0.000000000000000000e+00
1.464412967402850541e-03 3.905953834253406143e-04 -3.120020400360495882e-03 -3.380001002358135054e-03 2.737091990697493316e-03 7.459574986826700282e-03 0.000000000000000000e+00
1.577868911812635444e-03 4.779924471020602361e-04 -3.412212992910473863e-03 -3.680822115568638253e-03 3.019993813627053214e-03 8.131759253139136945e-03 0.000000000000000000e+00
1.449594191829606249e-03 4.938057800036310674e-04 -3.178368322992758399e-03 -3.410057330807347853e-03 2.842042659330523691e-03 7.554302604916518504e-03 0.000000000000000000e+00
1.564159036880979903e-03 5.943065608111086640e-04 -3.473180630966549165e-03 -3.701389569998880802e-03 3.142962052711695264e-03 8.237967493096576277e-03 0.000000000000000000e+00
1.439307029220848744e-03 6.057198212147674177e-04 -3.232802178763261036e-03 -3.417549820309950803e-03 2.965584866699177979e-03 7.656421079755615366e-03 0.000000000000000000e+00
1.555687483180689945e-03 7.206348038001908485e-04 -3.530031056854648908e-03 -3.696938093622037513e-03 3.288100400945292989e-03 8.353042068447225077e-03 0.000000000000000000e+00
1.433791811799228766e-03 7.267959001418522469e-04 -3.282899468798783360e-03 -3.402732205427305701e-03 3.109156140325808337e-03 7.765977088435738196e-03 0.000000000000000000e+00
1.552170559694476815e-03 8.566820540722996924e-04 -3.581636879707639221e-03 -3.669798603901597289e-03 3.454195973505491679e-03 8.475342835717603052e-03 0.000000000000000000e+00
1.433060549530323913e-03 8.573693933544568324e-04 -3.328290649846549210e-03 -3.366540912399074159e-03 3.273802786039059498e-03 7.883107932886046498e-03 0.000000000000000000e+00
1.554137659143500771e-03 1.003709526588458800e-03 -3.628254092033683653e-03 -3.618561071011328067e-03 3.645185994915145500e-03 8.607019817823857721e-03 0.000000000000000000e+00
1.437139869504833189e-03 9.978883782011394032e-04 -3.368601800845333338e-03 -3.309586086517768422e-03 3.460622279824576708e-03 8.008193215320202896e-03 0.000000000000000000e+00
1.560891582268048028e-03 1.161178807974061478e-03 -3.668856358515104610e-03 -3.546911182838563548e-03 3.858954851668539021e-03 8.746266109127764921e-03 0.000000000000000000e+00
1.445858745038886006e-03 1.148695577620650887e-03 -3.403431452679572811e-03 -3.233213634064924236e-03 3.670379095991993523e-03 8.141341901285237270e-03 0.000000000000000000e+00
1.572999357321441805e-03 1.330596893601432296e-03 -3.703625711381997032e-03 -3.453077683301941647e-03 4.099922355976115540e-03 8.895629197916310460e-03 0.000000000000000000e+00
1.459014540018344075e-03 1.310194295594813152e-03 -3.432386504433615482e-03 -3.138348227356146936e-03 3.903829375925926826e-03 8.282824100396712907e-03 0.000000000000000000e+00
1.589223596091648982e-03 1.511149755142271456e-03 -3.731553032722517704e-03 -3.342111848797735263e-03 4.364658686768496665e-03 9.053046408290521541e-03 0.000000000000000000e+00
1.476143467045054614e-03 1.482733257854917941e-03 -3.455171337566759204e-03 -3.026878749800232526e-03 4.161169435147993312e-03 8.433251052587964480e-03 0.000000000000000000e+00
1.610096224133050757e-03 1.704577884797775500e-03 -3.752776438977395435e-03 -3.211810955546567925e-03 4.658095462865219361e-03 9.221431956265790930e-03 0.000000000000000000e+00
1.496823843083527894e-03 1.666708018783769063e-03 -3.471301686870431613e-03 -2.900271694908695963e-03 4.443079484155898484e-03 8.592810967464004079e-03 0.000000000000000000e+00
1.633748801701834230e-03 1.909804486898536435e-03 -3.766455266111218281e-03 -3.068685219942857145e-03 4.975163998093279361e-03 9.398872714394324035e-03 0.000000000000000000e+00
1.520259573524446184e-03 1.862411673816732893e-03 -3.480436377121309821e-03 -2.760927723056028071e-03 4.749290924043858553e-03 8.761969812821401860e-03 0.000000000000000000e+00
1.660645103621738450e-03 2.128795398218585877e-03 -3.772567453393910197e-03 -2.910345846949269344e-03 5.321418885307682700e-03 9.588583416752394228e-03 0.000000000000000000e+00
1.545586512595870099e-03 2.070264745302530240e-03 -3.482292845495199574e-03 -2.611016871363780467e-03 5.079506495125674093e-03 8.941750577763807328e-03 0.000000000000000000e+00
0.000000000000000000e+00 0.000000000000000000e+00 0.000000000000000000e+00 0.000000000000000000e+00 0.000000000000000000e+00 0.000000000000000000e+00 0.000000000000000000e+00
