-1.493164181676729652e-01 -3.009542718746822665e-01 1.530761975696634247e-01 1.568360235517163304e+00 -1.931203474070386505e-04 1.564716534363253864e+00 -5.030381732974783526e-01 8.494741521198909684e-01 2.433589946211680566e-01 -5.529705462341873989e-01 -1.161865944042411947e+00 2.415686512888488569e-01 0.000000000000000000e+00
-1.507889822935720159e-01 -3.013582359771895813e-01 1.565127744161404766e-01 1.559545272761580392e+00 -2.748763152043309788e-03 1.555243476338862507e+00 -5.067460591936819858e-01 8.426527313037621703e-01 2.373153500013969186e-01 -5.545966391062762124e-01 -1.160390286482398947e+00 2.396614451189454098e-01 0.000000000000000000e+00
-1.521028952065989759e-01 -3.016727679833237086e-01 1.596672325232879330e-01 1.551413427925195876e+00 -5.062220865577948814e-03 1.546576826891151946e+00 -5.100805366155429788e-01 8.363198673896080626e-01 2.319948867756365107e-01 -5.559757237872600122e-01 -1.159132475499554671e+00 2.378125788216715608e-01 0.000000000000000000e+00
-1.534761700513828098e-01 -3.019535277440131837e-01 1.630643101936330996e-01 1.542614364349753409e+00 -7.517239729025959605e-03 1.537268446478674111e+00 -5.135921808289215518e-01 8.294218806921394016e-01 2.265023833434569589e-01 -5.573347348915275168e-01 -1.157877860310018381e+00 2.357159886087498712e-01 0.000000000000000000e+00
-1.546965422382280964e-01 -3.021600182791674416e-01 1.661803642822941851e-01 1.534506684927315234e+00 -9.734703832111613053e-03 1.528747579394685863e+00 -5.167357428901374616e-01 8.230212393282428929e-01 2.216770017643427959e-01 -5.584612853221445627e-01 -1.156815525351185592e+00 2.336955481582476124e-01 0.000000000000000000e+00
-1.559665672129716407e-01 -3.023297642374088712e-01 1.695339211570623117e-01 1.525744040638207011e+00 -1.208249883986844964e-02 1.519590353711012476e+00 -5.200302728956471832e-01 8.160528785989688005e-01 2.167063447477644011e-01 -5.595405313538992509e-01 -1.155763709878658840e+00 2.314165647001691362e-01 0.000000000000000000e+00
-1.570904590238979548e-01 -3.024394976113170541e-01 1.726086635196910912e-01 1.517678255570730883e+00 -1.419834419406562631e-02 1.511201754554315713e+00 -5.229654093120508218e-01 8.095905184768098506e-01 2.123460842530320303e-01 -5.604048602856844807e-01 -1.154879274080643503e+00 2.292319237237066820e-01 0.000000000000000000e+00
-1.582548487966152495e-01 -3.025103882036103697e-01 1.759162904754503487e-01 1.508970000156482527e+00 -1.643351386109781487e-02 1.502180277619898252e+00 -5.260259140367697928e-01 8.025589076716463932e-01 2.078619867676110289e-01 -5.611959522874924167e-01 -1.154010550933059820e+00 2.267794020310958947e-01 0.000000000000000000e+00
-1.592798784938196099e-01 -3.025340235152468860e-01 1.789472348707434324e-01 1.500963666232538074e+00 -1.844312148393045803e-02 1.493911004952529931e+00 -5.287364128152252096e-01 7.960411537988136832e-01 2.039380852174881298e-01 -5.617891714203075981e-01 -1.153287502697103228e+00 2.244375346817779338e-01 0.000000000000000000e+00
-1.603359087685975182e-01 -3.025171579869265770e-01 1.822061675385659163e-01 1.492329475422261353e+00 -2.056124970863049128e-02 1.485012165484933089e+00 -5.315444498686047181e-01 7.889526845043770553e-01 1.999123177556700881e-01 -5.622809906946180103e-01 -1.152584960801540381e+00 2.218178663412510021e-01 0.000000000000000000e+00
-1.612602855184647188e-01 -3.024648501704410020e-01 1.851914273708093750e-01 1.484399481832151757e+00 -2.246115505010726210e-02 1.476849519257338983e+00 -5.340151975699257703e-01 7.823857953094324191e-01 1.963961461684384791e-01 -5.625948442290837903e-01 -1.152006921686938634e+00 2.193254804560731408e-01 0.000000000000000000e+00
-1.622067386634122588e-01 -3.023709829299408569e-01 1.884001463405939603e-01 1.475856513145223481e+00 -2.445885672986491954e-02 1.468059336186013919e+00 -5.365566854877020786e-01 7.752477246396930477e-01 1.927959518488147062e-01 -5.627809991892804842e-01 -1.151452717864092978e+00 2.165467215299276271e-01 0.000000000000000000e+00
-1.630291808050352842e-01 -3.022522211146310700e-01 1.913381277147246373e-01 1.468019492763167122e+00 -2.624650325997057720e-02 1.459991382395023463e+00 -5.387738336742202705e-01 7.686381582882799712e-01 1.896600796652465615e-01 -5.628080968533719641e-01 -1.151004241536523809e+00 2.139101920507491816e-01 0.000000000000000000e+00
-1.638644594621477824e-01 -3.020912310556523317e-01 1.944947606904431914e-01 1.459586547157922354e+00 -2.812143694747160083e-02 1.451297600021028700e+00 -5.410326603317981986e-01 7.614572107249901745e-01 1.864584274027532018e-01 -5.626789335405031345e-01 -1.150582796294018717e+00 2.109781349143560192e-01 0.000000000000000000e+00
-1.645841635074934695e-01 -3.019149343066543367e-01 1.973842749853362555e-01 1.451858486602784382e+00 -2.979504238964825191e-02 1.443312835442159825e+00 -5.429834258302812522e-01 7.548114253827519216e-01 1.836759566958385825e-01 -5.624127505895497592e-01 -1.150248969051377301e+00 2.082035205326569494e-01 0.000000000000000000e+00
-1.653081770244498316e-01 -3.016961814326099001e-01 2.004880733452818198e-01 1.443551546394337137e+00 -3.154608577677509018e-02 1.434702834051797327e+00 -5.449481729244871619e-01 7.475948580398824594e-01 1.808418206637760761e-01 -5.619634753136533156e-01 -1.149943637632399707e+00 2.051254888790138009e-01 0.000000000000000000e+00
-1.659248353336664761e-01 -3.014705753900255858e-01 2.033281809802360007e-01 1.435948191182106370e+00 -3.310503018261901076e-02 1.426790274567561800e+00 -5.466210042737068564e-01 7.409193784514899184e-01 1.783869187709412607e-01 -5.613979530561750142e-01 -1.149710477878963300e+00 2.022185486806514498e-01 0.000000000000000000e+00
-1.665369637612220122e-01 -3.012026541637085608e-01 2.063778946055544461e-01 1.427785133424043451e+00 -3.473168740758669770e-02 1.418253137100516925e+00 -5.482778233668723633e-01 7.336741155478747611e-01 1.758947326228448294e-01 -5.606205097549535887e-01 -1.149506879213626709e+00 1.989997523186408102e-01 0.000000000000000000e+00
-1.670506838630613777e-01 -3.009354256658305915e-01 2.091679722749609782e-01 1.420321501376980322e+00 -3.617596810442202937e-02 1.410402438336756159e+00 -5.496621677910091819e-01 7.269755330370257784e-01 1.737418331976250396e-01 -5.597505881848792164e-01 -1.149360671669781286e+00 1.959660123628770012e-01 0.000000000000000000e+00
-1.675517823212641366e-01 -3.006262576997706382e-01 2.121633073221216581e-01 1.412317379618941438e+00 -3.767905426371997990e-02 1.401927054365922354e+00 -5.510022038725097548e-01 7.197089648446900467e-01 1.715627016356675583e-01 -5.586417810650247118e-01 -1.149243892055981320e+00 1.926130759057104458e-01 0.000000000000000000e+00
-1.679630865108522886e-01 -3.003244119845933091e-01 2.149028281350693903e-01 1.405008260110234275e+00 -3.900979240226032374e-02 1.394128839397408726e+00 -5.520886404392076896e-01 7.129939373141097603e-01 1.696874367540883721e-01 -5.574628662294739412e-01 -1.149171587232385772e+00 1.894576960671573440e-01 0.000000000000000000e+00
-1.683533930542298607e-01 -2.999813640962422645e-01 2.178431008995097284e-01 1.397179779305744773e+00 -4.039042921954649756e-02 1.385705301884412322e+00 -5.531002088897606361e-01 7.057131212099421180e-01 1.677967255381866973e-01 -5.560162371253428715e-01 -1.149128444022726514e+00 1.859753133362560817e-01 0.000000000000000000e+00
-1.686631519505551735e-01 -2.996513357534700273e-01 2.205317580352927354e-01 1.390039453460504504e+00 -4.160934379368885772e-02 1.377950586289024226e+00 -5.538803153520720501e-01 6.989883731413830681e-01 1.661752599084918014e-01 -5.545245340197623163e-01 -1.149117791378366116e+00 1.827032371076870720e-01 0.000000000000000000e+00
-1.689443441781587896e-01 -2.992809445140184321e-01 2.234169778734756973e-01 1.382400725650716033e+00 -4.287032611155705553e-02 1.369569562107148197e+00 -5.545569912955475855e-01 6.917006993974085249e-01 1.645460711116357722e-01 -5.527383185871325155e-01 -1.149134702451288126e+00 1.790973669259901813e-01 0.000000000000000000e+00
-1.691537820509448065e-01 -2.989285788840205793e-01 2.260546055486281902e-01 1.375442934312095744e+00 -4.398000153374415078e-02 1.361850205327548524e+00 -5.550234106709613924e-01 6.849729552726230297e-01 1.631552352323419885e-01 -5.509307312867548490e-01 -1.149173850919312345e+00 1.757132381945560873e-01 0.000000000000000000e+00
-1.693268165120301594e-01 -2.985369774542105392e-01 2.288843420201955303e-01 1.368009917883792781e+00 -4.512418150871022604e-02 1.353503417560524724e+00 -5.553556067274351138e-01 6.776856810028120126e-01 1.617643993530479829e-01 -5.487998362300415822e-01 -1.149238832049910286e+00 1.719880583960236575e-01 0.000000000000000000e+00
-1.694374542217667867e-01 -2.981675505551292793e-01 2.314708498576023010e-01 1.361248129093038273e+00 -4.612797755889097573e-02 1.345812042153813337e+00 -5.555019474293350079e-01 6.709617318825799037e-01 1.605818226709982977e-01 -5.466738680213448776e-01 -1.149316596353740616e+00 1.684963046670367171e-01 0.000000000000000000e+00
-1.695046554305983388e-01 -2.977600217443637232e-01 2.342453250135854426e-01 1.354033920193714380e+00 -4.715976048647618768e-02 1.337491880478076656e+00 -5.554854358305765238e-01 6.636822473589573113e-01 1.594041728369655075e-01 -5.441980270244392015e-01 -1.149417397000999985e+00 1.646571415738489474e-01 0.000000000000000000e+00
-1.695183023180737159e-01 -2.973782602705477007e-01 2.367807138676126799e-01 1.347481084466907397e+00 -4.806179647646224851e-02 1.329821898083776599e+00 -5.553063382472686049e-01 6.569688843040583093e-01 1.584081505892758202e-01 -5.417518802736877026e-01 -1.149523124496276250e+00 1.610619073917555766e-01 0.000000000000000000e+00
-1.694812429217679994e-01 -2.969597964808479706e-01 2.394996360874714347e-01 1.340500915235652180e+00 -4.898574699279745204e-02 1.321521870554066336e+00 -5.549335955631984341e-01 6.497046463776764424e-01 1.574218488795648963e-01 -5.389273316215497101e-01 -1.149648825699727928e+00 1.571124727846817115e-01 0.000000000000000000e+00
-1.693999444501788632e-01 -2.965699077479799772e-01 2.419839260258075664e-01 1.334169750163003876e+00 -4.979088641978934859e-02 1.313867504494727001e+00 -5.544245988998569574e-01 6.430087270279174483e-01 1.565914752516781583e-01 -5.361597413272256585e-01 -1.149772529532362197e+00 1.534176863120898238e-01 0.000000000000000000e+00
-1.692614745000310117e-01 -2.961446377543933695e-01 2.446476983940857886e-01 1.327435682816319407e+00 -5.061287065854980227e-02 1.305581493317020003e+00 -5.536935278911166991e-01 6.357669928127467340e-01 1.557729526906421746e-01 -5.329876501528323374e-01 -1.149912345489591425e+00 1.493627572363351863e-01 0.000000000000000000e+00
-1.690874881848429545e-01 -2.957503512476581387e-01 2.470809388570765486e-01 1.321338449963878503e+00 -5.132666105845373750e-02 1.297937936050046925e+00 -5.528510701697837426e-01 6.290953748079347596e-01 1.550879876582738071e-01 -5.298980171036905551e-01 -1.150044438279659298e+00 1.455720803197436408e-01 0.000000000000000000e+00
-1.688496776759246809e-01 -2.953222452118053898e-01 2.496892913941102798e-01 1.314864985313502821e+00 -5.205288873871616318e-02 1.289661496493820225e+00 -5.517561114875976225e-01 6.218838008921091509e-01 1.544167379055194633e-01 -5.263759199830334579e-01 -1.150188382136577925e+00 1.414148692133731233e-01 0.000000000000000000e+00
-1.685854640662087234e-01 -2.949268298419365220e-01 2.520716181582366988e-01 1.309013512869698914e+00 -5.268152049536567461e-02 1.282024491282920176e+00 -5.505775628366966767e-01 6.152432752930238058e-01 1.538574740766027737e-01 -5.229642441790738339e-01 -1.150319942294427911e+00 1.375317972517126619e-01 0.000000000000000000e+00
-1.682515458167436750e-01 -2.944989829283999883e-01 2.546249064799855910e-01 1.302812037711354343e+00 -5.331932163740793484e-02 1.273753613738361823e+00 -5.491185500334967440e-01 6.080690522114866603e-01 1.533119255272998860e-01 -5.190945712466478179e-01 -1.150458559829166560e+00 1.332765651724704403e-01 0.000000000000000000e+00
-1.678997454261911826e-01 -2.941052767603976603e-01 2.569563135376049523e-01 1.297217938224815015e+00 -5.386979403462976990e-02 1.266120309796929133e+00 -5.476021793983193442e-01 6.014666098159894281e-01 1.528595876161502609e-01 -5.153614186096019401e-01 -1.150581065239310252e+00 1.293043189261843251e-01 0.000000000000000000e+00
-1.674721802375393753e-01 -2.936807755708208401e-01 2.594543745480201169e-01 1.291302034382315611e+00 -5.442678010150148182e-02 1.257851992313280931e+00 -5.457754173380930940e-01 5.943374607359018791e-01 1.524201660362871635e-01 -5.111429048638892469e-01 -1.150705568020271352e+00 1.249538621932149568e-01 0.000000000000000000e+00
-1.670355663419721415e-01 -2.932912340052474809e-01 2.617349198655635201e-01 1.285976462856742941e+00 -5.490664681430601490e-02 1.250220208274298583e+00 -5.439202926122574944e-01 5.877799591837996607e-01 1.520565113894365439e-01 -5.070894072372205130e-01 -1.150811029199438673e+00 1.208954876528000322e-01 0.000000000000000000e+00
-1.665178984542726726e-01 -2.928722998100630748e-01 2.641780296394352079e-01 1.280356657659638131e+00 -5.539155244283566759e-02 1.241952706343967705e+00 -5.417275123497135025e-01 5.807030080610776634e-01 1.517033762288921839e-01 -5.025257811037471267e-01 -1.150913028269188620e+00 1.164535763035216415e-01 0.000000000000000000e+00
-1.659993418529197573e-01 -2.924890115533193002e-01 2.664077468638899049e-01 1.275310414686337879e+00 -5.580890913902347705e-02 1.234321109495674085e+00 -5.395334670856517523e-01 5.741972384131504015e-01 1.514109611412013390e-01 -4.981535696736231200e-01 -1.150994121524381519e+00 1.123119030776360688e-01 0.000000000000000000e+00
-1.653943148120284312e-01 -2.920779771350584531e-01 2.687956674227648945e-01 1.269999526330131800e+00 -5.623073495550379164e-02 1.226053599245745307e+00 -5.369727378289996800e-01 5.671802749939823807e-01 1.511258697465085454e-01 -4.932447645733618047e-01 -1.151065760557704598e+00 1.077809339570297703e-01 0.000000000000000000e+00
-1.647968438953383574e-01 -2.917027210983580976e-01 2.709745497766672395e-01 1.265242908745818795e+00 -5.659438068138911149e-02 1.218421971018172734e+00 -5.344405376855251300e-01 5.607331614690639343e-01 1.508876499870011045e-01 -4.885561030267092097e-01 -1.151115428512034633e+00 1.035586168843852239e-01 0.000000000000000000e+00
-1.641081918601370593e-01 -2.913010916313147902e-01 2.733074797681153134e-01 1.260250605068673480e+00 -5.696300536119469626e-02 1.210154552495414260e+00 -5.315152549651548375e-01 5.537832764198523661e-01 1.506523597046922625e-01 -4.833068793601085211e-01 -1.151149783290096762e+00 9.894190229905676370e-02 0.000000000000000000e+00
-1.634348769149585878e-01 -2.909353431983670579e-01 2.754354093119532054e-01 1.255793692094458791e+00 -5.728226726949081637e-02 1.202523783501278754e+00 -5.286463313913531969e-01 5.474016766577499693e-01 1.504523563068274061e-01 -4.783044308580173265e-01 -1.151161634356947516e+00 9.464139648128318261e-02 0.000000000000000000e+00
-1.626655504065495916e-01 -2.905448486457305468e-01 2.777129917499864264e-01 1.251131914149680391e+00 -5.760800702252932837e-02 1.194258132394195426e+00 -5.253562621806693311e-01 5.405266597246831672e-01 1.502499560639813936e-01 -4.727159204685404958e-01 -1.151151514344805227e+00 8.994098373632058996e-02 0.000000000000000000e+00
-1.619195413927038141e-01 -2.901898435981424829e-01 2.797899506315185691e-01 1.246984029310436171e+00 -5.789256769357020715e-02 1.186629617275428705e+00 -5.221528455739539165e-01 5.342173647861764296e-01 1.500723232192731071e-01 -4.674029473833460901e-01 -1.151119689569778615e+00 8.556458614985815170e-02 0.000000000000000000e+00
-1.610733913039016918e-01 -2.898114227262641451e-01 2.820122906737178581e-01 1.242661384975151329e+00 -5.818635174652175834e-02 1.178368030891006724e+00 -5.185029833000004418e-01 5.274241068985751069e-01 1.498861682590766353e-01 -4.614809759358777796e-01 -1.151059235813034043e+00 8.078337143294686551e-02 0.000000000000000000e+00
-1.602578909560870568e-01 -2.894681688196841240e-01 2.840380222303617308e-01 1.238831679048066015e+00 -5.844666496439998582e-02 1.170745013160640058e+00 -5.149680031375700739e-01 5.211939411339573391e-01 1.497162585815294822e-01 -4.558611068245652653e-01 -1.150978009399786561e+00 7.633318763953242381e-02 0.000000000000000000e+00
-1.593379779352898096e-01 -2.891031042672191909e-01 2.862047284680012127e-01 1.234858952526390219e+00 -5.871965611066309876e-02 1.162491000073881064e+00 -5.109596793808918180e-01 5.144903319065506908e-01 1.495303699374419537e-01 -4.496079047165183473e-01 -1.150861229785986373e+00 7.147288536062419706e-02 0.000000000000000000e+00
-1.584561991209019194e-01 -2.887724315996121338e-01 2.881790573722719517e-01 1.231355818000777091e+00 -5.896626606377264324e-02 1.154877155178375192e+00 -5.070967642197318215e-01 5.083460530870880234e-01 1.493538023571696627e-01 -4.436853673473184489e-01 -1.150725674886501571e+00 6.695088360275087969e-02 0.000000000000000000e+00
-1.574664335561679618e-01 -2.884212323255933019e-01 2.902900179826882199e-01 1.227740588935674282e+00 -5.923042070256023806e-02 1.146635691321142625e+00 -5.027365037249995616e-01 5.017388502911422909e-01 1.491533994851412803e-01 -4.371076923499589428e-01 -1.150547642567629758e+00 6.201401544250286640e-02 0.000000000000000000e+00
-1.565215921370012586e-01 -2.881038289948261721e-01 2.922126891330297238e-01 1.224571911029187277e+00 -5.947428675970201084e-02 1.139035936511098246e+00 -4.985498813333406054e-01 4.956871828985870976e-01 1.489564587225298276e-01 -4.308870806757518213e-01 -1.150353098649999462e+00 5.742200583747410214e-02 0.000000000000000000e+00
-1.554650763768887500e-01 -2.877674625444954781e-01 2.942673950195421329e-01 1.221323752389006145e+00 -5.974157471074459380e-02 1.130812955609787451e+00 -4.938404804196989684e-01 4.891842761488316982e-01 1.487267610785105720e-01 -4.239881618719016365e-01 -1.150108620461930187e+00 5.240998660021541078e-02 0.000000000000000000e+00
-1.544604003976622619e-01 -2.874638604647080098e-01 2.961380843306883337e-01 1.218496800681604597e+00 -5.999395562157605610e-02 1.123233232976716511e+00 -4.893351442245846838e-01 4.832318780859091722e-01 1.484965308022734298e-01 -4.174745358987585475e-01 -1.149851092784519579e+00 4.774963778490168287e-02 0.000000000000000000e+00
-1.533409885670379003e-01 -2.871425746646625310e-01 2.981364072084469186e-01 1.215621768135682679e+00 -6.027669090668030805e-02 1.115035672915224652e+00 -4.842844259277357399e-01 4.768397921270146056e-01 1.482239562647036379e-01 -4.102620631660650607e-01 -1.149536307143672165e+00 4.266465625615323276e-02 0.000000000000000000e+00
-1.522796807675471931e-01 -2.868532527618879446e-01 2.999546981865797712e-01 1.213143186787048577e+00 -6.054912963480418853e-02 1.107483403354248441e+00 -4.794659019884281448e-01 4.709933545859636417e-01 1.479480527757714992e-01 -4.034608823742206751e-01 -1.149211800964845986e+00 3.793749954818134706e-02 0.000000000000000000e+00
-1.511004386707824332e-01 -2.865477996098380054e-01 3.018959755263874722e-01 1.210649482450934400e+00 -6.085970889793834715e-02 1.099319672965920258e+00 -4.740780940766024520e-01 4.647199457431457348e-01 1.476192855392011172e-01 -3.959390834809145554e-01 -1.148822579971530811e+00 3.278070213556862761e-02 0.000000000000000000e+00
-1.499856460245338752e-01 -2.862731550447157325e-01 3.036615152885378532e-01 1.208525050403748580e+00 -6.116367102834363578e-02 1.091802870922491397e+00 -4.689525076636086864e-01 4.589859934686369991e-01 1.472857246126688668e-01 -3.888562401142806602e-01 -1.148427766339926714e+00 2.798814609748388402e-02 0.000000000000000000e+00
-1.487503263668088216e-01 -2.859836401373111459e-01 3.055454461189002213e-01 1.206417255331206917e+00 -6.151469499205841629e-02 1.083682577854166773e+00 -4.632366648845124835e-01 4.528376533285119465e-01 1.468887804521923357e-01 -3.810336038863363917e-01 -1.147961047358890374e+00 2.276142614209436879e-02 0.000000000000000000e+00
-1.475851451276559978e-01 -2.857240141163076008e-01 3.072577476143977249e-01 1.204652124274801395e+00 -6.186174625757967505e-02 1.076210570302730929e+00 -4.578107404795850321e-01 4.472227110652161608e-01 1.464865099695360495e-01 -3.736753230839611750e-01 -1.147493129955363234e+00 1.790475658136057163e-02 0.000000000000000000e+00
-1.462967220548705705e-01 -2.854511169571401497e-01 3.090836300178051999e-01 1.202936666315006065e+00 -6.226571617063125785e-02 1.068144560137235022e+00 -4.517723888924802811e-01 4.412071960844587415e-01 1.460090051860849503e-01 -3.655569761064772494e-01 -1.146945317719133994e+00 1.260902226273787584e-02 0.000000000000000000e+00
-1.450841601801057812e-01 -2.852068543535065115e-01 3.107421645150463818e-01 1.201535163224009217e+00 -6.266725269893402839e-02 1.060727901941282525e+00 -4.460533503200759808e-01 4.357177552875329263e-01 1.455275056609985906e-01 -3.579299490605992728e-01 -1.146401766540648959e+00 7.689420957088743958e-03 0.000000000000000000e+00
-1.437461823575512665e-01 -2.849506196267073688e-01 3.125096752919787058e-01 1.200214839512144138e+00 -6.313638368849794347e-02 1.052727684228006666e+00 -4.397026099371049157e-01 4.298411907366504470e-01 1.449587876102120809e-01 -3.495250459498228102e-01 -1.145770996836463551e+00 2.326312043853271359e-03 0.000000000000000000e+00
-1.424891830379260149e-01 -2.847220653146936842e-01 3.141139617017189023e-01 1.199180279502057189e+00 -6.360367922104304128e-02 1.045377860701571127e+00 -4.336982469434121912e-01 4.244836097031972066e-01 1.443878058724989977e-01 -3.416362634583037239e-01 -1.145149415038039020e+00 -2.655147679971082107e-03 0.000000000000000000e+00
-1.411044357831874874e-01 -2.844831788437753861e-01 3.158222433279125885e-01 1.198259747807528086e+00 -6.415000012619742620e-02 1.037456928328208683e+00 -4.270418422463273522e-01 4.187537520388645018e-01 1.437169555939081800e-01 -3.329508629057146840e-01 -1.144433024704807789e+00 -8.084928987141281817e-03 0.000000000000000000e+00
-1.398058035658773790e-01 -2.842706717631980906e-01 3.173717310126540903e-01 1.197594665117549972e+00 -6.469386740341631636e-02 1.030186405531633653e+00 -4.207604106307255565e-01 4.135342891974454482e-01 1.430471705797531357e-01 -3.248076819510657964e-01 -1.143731814389789880e+00 -1.312726300789428778e-02 0.000000000000000000e+00
-1.383775791287020218e-01 -2.840492216666318792e-01 3.190204427256861930e-01 1.197074736638384707e+00 -6.532882963540576071e-02 1.022358483826211195e+00 -4.138094270275642916e-01 4.079569973740606037e-01 1.422647338514877458e-01 -3.158516043631837689e-01 -1.142928605005022025e+00 -1.862229332221738282e-02 0.000000000000000000e+00
-1.370400077744653167e-01 -2.838531597837266052e-01 3.205144831945863082e-01 1.196780836090315603e+00 -6.595980082843277970e-02 1.015181229071473457e+00 -4.072596153531097274e-01 4.028819111532375152e-01 1.414874902873484164e-01 -3.074616482440253873e-01 -1.142146168276756857e+00 -2.372460620399736292e-02 0.000000000000000000e+00
-1.355708668447005716e-01 -2.836498929011470049e-01 3.221027492636289180e-01 1.196664058911562023e+00 -6.669455309962124545e-02 1.007462069241254365e+00 -4.000219424586013983e-01 3.974648084694208938e-01 1.405836134133753301e-01 -2.982417179711438493e-01 -1.141254142469634747e+00 -2.928435653429588975e-02 0.000000000000000000e+00
-1.341969136509994776e-01 -2.834706887140019949e-01 3.235408455883862500e-01 1.196741817760182514e+00 -6.742235742526991871e-02 1.000392290764288816e+00 -3.932129719205685325e-01 3.925401908501873205e-01 1.396903891837626421e-01 -2.896130094602598626e-01 -1.140389547221740463e+00 -3.444582696238385894e-02 0.000000000000000000e+00
-1.326897968283689833e-01 -2.832857940196661373e-01 3.250682609940611645e-01 1.197027070438851482e+00 -6.826699520124446252e-02 9.927978198059133064e-01 -3.857004608015640601e-01 3.872889032337418214e-01 1.386570826808120049e-01 -2.801396128306299915e-01 -1.139408305518100795e+00 -4.006905623397793992e-02 0.000000000000000000e+00
-1.312818459007149274e-01 -2.831239298629457668e-01 3.264497938850430270e-01 1.197476213122426358e+00 -6.910075476602450806e-02 9.858511901840389946e-01 -3.786418522008498377e-01 3.825207796180639108e-01 1.376402877766196298e-01 -2.712803910826428466e-01 -1.138460752802250564e+00 -4.528893519431731463e-02 0.000000000000000000e+00
-1.297390171002896220e-01 -2.829582447020133062e-01 3.279155121764705805e-01 1.198163765648051715e+00 -7.006486173139148121e-02 9.783990818282704005e-01 -3.708634910260281692e-01 3.774427639200417239e-01 1.364687632130938688e-01 -2.615611513948850608e-01 -1.137389096779602760e+00 -5.097525017482724963e-02 0.000000000000000000e+00
-1.282992971683135086e-01 -2.828142465384215765e-01 3.292398809973023366e-01 1.198982954984555427e+00 -7.101283207309450063e-02 9.715920703942715342e-01 -3.635652312167205746e-01 3.728370598413450754e-01 1.353213402574331425e-01 -2.524799884595533839e-01 -1.136358187121633057e+00 -5.625284899060488397e-02 0.000000000000000000e+00
-1.267232930029135451e-01 -2.826680823440609891e-01 3.306435315090855420e-01 1.200069615278085422e+00 -7.210458683853548933e-02 9.642999909962846061e-01 -3.555335368432051002e-01 3.679376423839262888e-01 1.340048065725525372e-01 -2.425257580951097336e-01 -1.135196383096086059e+00 -6.200115320667562435e-02 0.000000000000000000e+00
-1.252538479776388325e-01 -2.825425377069900046e-01 3.319101807925645686e-01 1.201256502364177692e+00 -7.317401251753619107e-02 9.576497388272007250e-01 -3.480059455745280195e-01 3.635001835070953424e-01 1.327200976626983220e-01 -2.332314590487876982e-01 -1.134081983337942301e+00 -6.733583105475421382e-02 0.000000000000000000e+00
-1.236465700468441647e-01 -2.824168508454257265e-01 3.332509157358461427e-01 1.202740337271133164e+00 -7.440091495103118291e-02 9.505372351649317153e-01 -3.397308382773793212e-01 3.587866879832777856e-01 1.312509648473563217e-01 -2.230505437413078385e-01 -1.132829498677278002e+00 -7.314584154551993789e-02 0.000000000000000000e+00
-1.221492529239585345e-01 -2.823103940044843219e-01 3.344593191302658308e-01 1.204291553494470257e+00 -7.559790000108890240e-02 9.440614929569348668e-01 -3.319846014832066872e-01 3.545232001046562664e-01 1.298228447128013663e-01 -2.135521799764584783e-01 -1.131631875135069354e+00 -7.853701169822184525e-02 0.000000000000000000e+00
-1.205127903930918037e-01 -2.822056012396214064e-01 3.357367805634170477e-01 1.206167366073726654e+00 -7.696570613210429457e-02 9.371477894700426248e-01 -3.234791973307933333e-01 3.500005866519700914e-01 1.281957864448173279e-01 -2.031558482263048360e-01 -1.130289641945669388e+00 -8.440772561708453914e-02 0.000000000000000000e+00
-1.189892361290061512e-01 -2.821189087823293695e-01 3.368864664081551719e-01 1.208078564624772255e+00 -7.829506091964111292e-02 9.308648151256484482e-01 -3.155252672611081888e-01 3.459165958308199618e-01 1.266186624472722677e-01 -1.934627241619865934e-01 -1.129009327251613959e+00 -8.985483879743492996e-02 0.000000000000000000e+00
-1.173250750449983809e-01 -2.820360774494281575e-01 3.380998640471687966e-01 1.210342224051642823e+00 -7.980857654282536018e-02 9.241707698243217806e-01 -3.068002854768178689e-01 3.415920549842084153e-01 1.248271539819758580e-01 -1.828598975588109632e-01 -1.127577478691532908e+00 -9.578604808493447476e-02 0.000000000000000000e+00
-1.157767277014241231e-01 -2.819698818077568947e-01 3.391903582456128330e-01 1.212608131850904769e+00 -8.127384630576051094e-02 9.180995149929978005e-01 -2.986499472767393804e-01 3.376930539902778805e-01 1.230959661153701035e-01 -1.729815339959209219e-01 -1.126215138635902724e+00 -1.012885716607152958e-01 0.000000000000000000e+00
-1.140864839514222767e-01 -2.819094994750754868e-01 3.403394700618722624e-01 1.215252358491241580e+00 -8.293580807150569001e-02 9.116449337154342025e-01 -2.897190365611586604e-01 3.335712129921350466e-01 1.211357463950173408e-01 -1.621838472247355278e-01 -1.124695405759849054e+00 -1.072793525328485514e-01 0.000000000000000000e+00
-1.125145615668941557e-01 -2.818645534973706623e-01 3.413702968492624001e-01 1.217866820822241181e+00 -8.453906739094474432e-02 9.058047601842083019e-01 -2.813838084024014030e-01 3.298625281476042503e-01 1.192462336016060220e-01 -1.521299480564956286e-01 -1.123252105607080553e+00 -1.128367871613554646e-01 0.000000000000000000e+00
-1.107992641907871445e-01 -2.818277505580231157e-01 3.424545099935272230e-01 1.220885324207142908e+00 -8.635103559025747444e-02 8.996109931997335885e-01 -2.722583537691903866e-01 3.259503112167642658e-01 1.171115768298529591e-01 -1.411468886286839086e-01 -1.121645154205326955e+00 -1.188869648481759023e-01 0.000000000000000000e+00
-1.092047684619154163e-01 -2.818048124920300435e-01 3.434253187551684627e-01 1.223841212514655830e+00 -8.809274199266026173e-02 8.940210627357649820e-01 -2.637500201395779342e-01 3.224371356857589910e-01 1.150597443680014820e-01 -1.309273491630194852e-01 -1.120122358694019438e+00 -1.244988111867044861e-01 0.000000000000000000e+00
-1.074655412540541505e-01 -2.817921267338111546e-01 3.444444336588704525e-01 1.227224956177645154e+00 -9.005417157497364045e-02 8.881086583571415893e-01 -2.544440364739731786e-01 3.187388371694795386e-01 1.127478542257036587e-01 -1.197708264020811569e-01 -1.118430319295437680e+00 -1.306074951937225836e-01 0.000000000000000000e+00
-1.058492587055793466e-01 -2.817919742255341475e-01 3.453549104702236527e-01 1.230514286015925052e+00 -9.193319870636251778e-02 8.827884356191511017e-01 -2.457745815984110349e-01 3.154261976685572844e-01 1.105302399859946494e-01 -1.093957250392424835e-01 -1.116829426585163709e+00 -1.362732705443252812e-01 0.000000000000000000e+00
-1.040866886117666895e-01 -2.818045348748344781e-01 3.463084377941755831e-01 1.234254995137700206e+00 -9.404214538809174684e-02 8.771787880887940148e-01 -2.363000864148314673e-01 3.119485087590772587e-01 1.080364559412443359e-01 -9.807570083213008882e-02 -1.115053564191271551e+00 -1.424402861015945099e-01 0.000000000000000000e+00
-1.024491740986501614e-01 -2.818279190256307576e-01 3.471583733318640563e-01 1.237868941364252073e+00 -9.605556243425805718e-02 8.721471762038714992e-01 -2.274816609657929756e-01 3.088413321362545871e-01 1.056499972884243910e-01 -8.755528241993557059e-02 -1.113376571652848757e+00 -1.481594911215669552e-01 0.000000000000000000e+00
-1.006638885476918849e-01 -2.818662252189507722e-01 3.480462896805573414e-01 1.241955866510443762e+00 -9.830777948051538928e-02 8.668602605270345762e-01 -2.178529188208274403e-01 3.055881144171546659e-01 1.029725882865133446e-01 -7.608388247198738519e-02 -1.111519549424736519e+00 -1.543839477345978206e-01 0.000000000000000000e+00
-9.900550217988068891e-02 -2.819138722884257930e-01 3.488354581842034174e-01 1.245884860844956421e+00 -1.004510588079545741e-01 8.621362433104100553e-01 -2.088978565631110507e-01 3.026911610728800772e-01 1.004150215336558905e-01 -6.542849172679628122e-02 -1.109768521008009490e+00 -1.601560830812355507e-01 0.000000000000000000e+00
-9.719765454319397036e-02 -2.819789878391427695e-01 3.496573775360490854e-01 1.250307923842582269e+00 -1.028408636854498681e-01 8.571928820805858606e-01 -1.991273843138828548e-01 2.996688727098036353e-01 9.755052546516651546e-02 -5.381611484983122445e-02 -1.107832203158439999e+00 -1.664377643681895225e-01 0.000000000000000000e+00
-9.551854552263441822e-02 -2.820515672274370167e-01 3.503857312245423627e-01 1.254541579732847190e+00 -1.051076453244101927e-01 8.527945883961685070e-01 -1.900481521703415166e-01 2.969866700179303876e-01 9.481972008339911717e-02 -4.303625877438175401e-02 -1.106009335971308127e+00 -1.722622974092745951e-01 0.000000000000000000e+00
-9.368830221471126374e-02 -2.821438844404488555e-01 3.511418282367634314e-01 1.259288481034030127e+00 -1.076270013997273622e-01 8.482133762580268410e-01 -1.801503475314939207e-01 2.941987731202945766e-01 9.176733800000480556e-02 -3.129516175119800153e-02 -1.103996851714562411e+00 -1.786002879085269168e-01 0.000000000000000000e+00
-9.198843074089836647e-02 -2.822420165733268149e-01 3.518092852006244886e-01 1.263815744704707811e+00 -1.100092407625208324e-01 8.441585251880106000e-01 -1.709594956487646422e-01 2.917358151651620046e-01 8.886196240878296848e-02 -2.040142016903941785e-02 -1.102104675760060992e+00 -1.844766860118412233e-01 0.000000000000000000e+00
-9.013556147626532178e-02 -2.823624488745262173e-01 3.524993880421837811e-01 1.268874653679430864e+00 -1.126486885554718320e-01 8.399585729308776116e-01 -1.609472915963413020e-01 2.891884682929876105e-01 8.561903114939339865e-02 -8.542371637146327010e-03 -1.100018355362093025e+00 -1.908707027625261010e-01 0.000000000000000000e+00
-8.841472054672114278e-02 -2.824866405170829431e-01 3.531060342925447237e-01 1.273683714754633378e+00 -1.151366124317076967e-01 8.362636452332772308e-01 -1.516575199238723859e-01 2.869489495533127377e-01 8.253802008428068326e-02 2.454550532421692459e-03 -1.098059600380339784e+00 -1.967983500720676959e-01 0.000000000000000000e+00
-8.653898500553781903e-02 -2.826354022472327698e-01 3.537303886295122268e-01 1.279041044163842678e+00 -1.178844906315443808e-01 8.324619690444250431e-01 -1.415453141725165620e-01 2.846451487628260391e-01 7.910520543916854663e-02 1.441923943469198589e-02 -1.095902905950566497e+00 -2.032473943887762868e-01 0.000000000000000000e+00
-8.479679522667167568e-02 -2.827860807203121940e-01 3.542763701920129682e-01 1.284119441804254080e+00 -1.204666583136351221e-01 8.291423716946648703e-01 -1.321692976926211460e-01 2.826331971382984309e-01 7.584789310989270561e-02 2.550859331980879705e-02 -1.093880501418760254e+00 -2.092256750485430028e-01 0.000000000000000000e+00
-8.289764940372193469e-02 -2.829638643135272136e-01 3.548349786234920589e-01 1.289761709752927921e+00 -1.233099255101790526e-01 8.257556880053695814e-01 -1.219703311463775919e-01 2.805788013838976802e-01 7.222346402434931534e-02 3.756784030531074015e-02 -1.091656229276325885e+00 -2.157293641018687147e-01 0.000000000000000000e+00
-8.113360878183764613e-02 -2.831413276316585570e-01 3.553204568167918076e-01 1.295096314993439357e+00 -1.259733860782192849e-01 8.228258515481616797e-01 -1.125208530322879957e-01 2.787982784580979589e-01 6.878998358896470933e-02 4.873878574802755631e-02 -1.089573237829720487e+00 -2.217575790320743534e-01 0.000000000000000000e+00
-7.921049363876810079e-02 -2.833480898810923909e-01 3.558137800649416871e-01 1.301008603941022912e+00 -1.288970032207532590e-01 8.198681199304926892e-01 -1.022494318596375018e-01 2.769958510323323186e-01 6.497540480158958687e-02 6.088029528288852604e-02 -1.087285249558206157e+00 -2.283148142680674342e-01 0.000000000000000000e+00
-7.742398050182353053e-02 -2.835525025046612413e-01 3.562390614694376789e-01 1.306585603871271317e+00 -1.316273282395652444e-01 8.173406799305724668e-01 -9.273924199507249666e-02 2.754504519412729890e-01 6.136602257620560330e-02 7.212198094206055676e-02 -1.085144933569136771e+00 -2.343922310994123459e-01 0.000000000000000000e+00
-7.547612373038721512e-02 -2.837886450458717569e-01 3.566672438784113663e-01 1.312752852712966600e+00 -1.346150825896494929e-01 8.148255084353905886e-01 -8.240877354762787821e-02 2.739054856138907756e-01 5.736062829672627927e-02 8.433443043045851795e-02 -1.082796491540877648e+00 -2.410024798858548534e-01 0.000000000000000000e+00
-7.366642908446129068e-02 -2.840200387287549200e-01 3.570326433895958385e-01 1.318557790449036204e+00 -1.373965148421532056e-01 8.127118046929275863e-01 -7.285063013868464665e-02 2.725987224012593191e-01 5.357627638772344270e-02 9.563592902323805878e-02 -1.080602179960706843e+00 -2.471282663804982849e-01 0.000000000000000000e+00
-7.169306579231170262e-02 -2.842852049746669163e-01 3.573963052971840804e-01 1.324963795838574043e+00 -1.404305672675287830e-01 8.106495954212418198e-01 -6.247524165379095967e-02 2.713132977668620827e-01 4.938246346112129537e-02 1.079071095360506632e-01 -1.078197412075392547e+00 -2.537902803606291724e-01 0.000000000000000000e+00
-6.985942006291953610e-02 -2.845434447708009573e-01 3.577022765733396947e-01 1.330981525151782918e+00 -1.432462052999508018e-01 8.089587244425859858e-01 -5.288183632753939989e-02 2.702485160287780297e-01 4.542420713293648937e-02 1.192575353914820113e-01 -1.075952766750619238e+00 -2.599635377017032734e-01 0.000000000000000000e+00
-6.785966822563779810e-02 -2.848377060720292397e-01 3.580016420120897824e-01 1.337609560435601530e+00 -1.463078005622526767e-01 8.073595137646689679e-01 -4.247501005821516240e-02 2.692277263829506717e-01 4.104250819142918338e-02 1.315759370793730954e-01 -1.073495268275721282e+00 -2.666766344404933320e-01 0.000000000000000000e+00
-6.600127096143525163e-02 -2.851224933580664977e-01 3.582486263940747873e-01 1.343824201886077319e+00 -1.491397522186241886e-01 8.060990191492591883e-01 -3.285899491042774956e-02 2.684079887546674259e-01 3.691221165682501137e-02 1.429643629146085115e-01 -1.071204017631871785e+00 -2.728963972321029052e-01 0.000000000000000000e+00
-6.397426968103923917e-02 -2.854451491923465367e-01 3.584844938400459369e-01 1.350656731618624207e+00 -1.522089307492384691e-01 8.049688178490388424e-01 -2.243453352126015612e-02 2.676534652835775296e-01 3.234568933566661642e-02 1.553179183288886100e-01 -1.068698182783188955e+00 -2.796591452804660372e-01 0.000000000000000000e+00
-6.209031428836917638e-02 -2.857560410021931507e-01 3.586729596143517496e-01 1.357051758003867015e+00 -1.550385115286507798e-01 8.041443713158962225e-01 -1.280843789262786810e-02 2.670816845975375053e-01 2.804561628156987396e-02 1.667334584729723845e-01 -1.066364055245788922e+00 -2.859243316134183477e-01 0.000000000000000000e+00
-6.003520539111050630e-02 -2.861067985063991403e-01 3.588456629090867600e-01 1.364070317255521303e+00 -1.580948166604434491e-01 8.034887792245086757e-01 -2.379802310540758345e-03 2.665980878330928006e-01 2.329573531935924535e-02 1.791105828628997143e-01 -1.063813812185929075e+00 -2.927358321544867858e-01 0.000000000000000000e+00
-5.812492005855687122e-02 -2.864431578712439141e-01 3.589762422019431298e-01 1.370628381845751420e+00 -1.609027793773871728e-01 8.031032615896398497e-01 7.243925081286226031e-03 2.662769438951428369e-01 1.882814943269672803e-02 1.905423682896329740e-01 -1.061440869075641169e+00 -2.990452602510479951e-01 0.000000000000000000e+00
-5.604087678513697962e-02 -2.868209600463368925e-01 3.590866322338964745e-01 1.377814058922326446e+00 -1.639250328678150126e-01 8.029238386315946663e-01 1.766335767330170017e-02 2.660653723912928537e-01 1.389903772912370883e-02 2.029311939435998191e-01 -1.058850811757484633e+00 -3.059038321643835490e-01 0.000000000000000000e+00
-5.410354099112039267e-02 -2.871820056766544726e-01 3.591598809791035074e-01 1.384517104055202452e+00 -1.666917871706576904e-01 8.029784806792674701e-01 2.727245068284950974e-02 2.659973119806845476e-01 9.267001645148820188e-03 2.143684388505677496e-01 -1.056443047815944114e+00 -3.122562370230359541e-01 0.000000000000000000e+00
-5.198985373874386029e-02 -2.875862061155689542e-01 3.592083484331147214e-01 1.391849514515849151e+00 -1.696587444731672001e-01 8.032760235564637696e-01 3.766936499949160438e-02 2.660620101504166390e-01 4.161056045194344577e-03 2.267573310835618583e-01 -1.053817437297234871e+00 -3.191607817546889825e-01 0.000000000000000000e+00
-5.002484048055012150e-02 -2.879709892507233970e-01 3.592248562505157006e-01 1.398678668854908658e+00 -1.723645771514159541e-01 8.037696726649357082e-01 4.725168491770570522e-02 2.662492470198060124e-01 -6.319681266757637417e-04 2.381892663131064403e-01 -1.051379047003158318e+00 -3.255547319263465966e-01 0.000000000000000000e+00
-4.788084906873577712e-02 -2.884001936992552917e-01 3.592123009071788720e-01 1.406137380803619052e+00 -1.752548661401611696e-01 8.045408669108513600e-01 5.761322912612019259e-02 2.665907974296086724e-01 -5.909820774995022674e-03 2.505666570191427689e-01 -1.048722610394831722e+00 -3.325033519740404619e-01 0.000000000000000000e+00
-4.588763878122165130e-02 -2.888076239596882866e-01 3.591726832196365793e-01 1.413072987797673541e+00 -1.778801937921321574e-01 8.054700740266711456e-01 6.715687495187930289e-02 2.670353289498133553e-01 -1.086010460923403365e-02 2.619826299269036873e-01 -1.046257788226935936e+00 -3.389373494305901735e-01 0.000000000000000000e+00
-4.371290874301363844e-02 -2.892608514138942377e-01 3.590995758806087013e-01 1.420635792850924339e+00 -1.806728394921703895e-01 8.067105243842105367e-01 7.746999124034636974e-02 2.676574600252126790e-01 -1.630680167066400621e-02 2.743369177104835743e-01 -1.043574986323817289e+00 -3.459285800557252988e-01 0.000000000000000000e+00
-4.169113295064643537e-02 -2.896896941975539153e-01 3.590044206209117017e-01 1.427657344273551843e+00 -1.831984603238288045e-01 8.080695755587310458e-01 8.696323674247573299e-02 2.683610505404547819e-01 -2.141008410952860430e-02 2.857263255863709550e-01 -1.041088126497901500e+00 -3.524009603214857678e-01 0.000000000000000000e+00
-3.948528761421844779e-02 -2.901652525951281536e-01 3.588715998080911351e-01 1.435302214834254464e+00 -1.858729315638987245e-01 8.097712538209158595e-01 9.721570785949465443e-02 2.692637955709644149e-01 -2.701963347161706608e-02 2.980462752366456192e-01 -1.038383886148007695e+00 -3.594326709951901067e-01 0.000000000000000000e+00
-3.743474372210333495e-02 -2.906141424125790462e-01 3.587215634799750252e-01 1.442388568447147357e+00 -1.882803493365194925e-01 8.115518968543371514e-01 1.066471097676853358e-01 2.702279431093571604e-01 -3.227165345736238145e-02 3.093987317524081737e-01 -1.035879382879869803e+00 -3.659416031469118757e-01 0.000000000000000000e+00
-3.519773749996005924e-02 -2.911107849926222735e-01 3.585294150055224338e-01 1.450091392979071081e+00 -1.908169969265274268e-01 8.137057215615808303e-01 1.168262440861861928e-01 2.714145311777987346e-01 -3.803992722041926733e-02 3.216728417424198905e-01 -1.033158364615108571e+00 -3.730119962354496166e-01 0.000000000000000000e+00
-3.311840518047016318e-02 -2.915782695968053839e-01 3.583249932437466700e-01 1.457220496642735341e+00 -1.930884190391992661e-01 8.158981766477118036e-01 1.261846004791030429e-01 2.726404840961030862e-01 -4.343549158891990558e-02 3.329779605698062195e-01 -1.030640545541520625e+00 -3.795555494813424580e-01 0.000000000000000000e+00
-3.085024267163077524e-02 -2.920940766325641480e-01 3.580743666762596367e-01 1.464957877147504917e+00 -1.954686199975008698e-01 8.184912378858477666e-01 1.362789297616416873e-01 2.741104158597723606e-01 -4.935609816632946512e-02 3.451954450971401189e-01 -1.027907676209908638e+00 -3.866621948502188544e-01 0.000000000000000000e+00
-2.874231547985987498e-02 -2.925785945519544518e-01 3.578160789739375236e-01 1.472107041353547530e+00 -1.975874433124626961e-01 8.210832376037107139e-01 1.455533549683290240e-01 2.755991728433970778e-01 -5.488988059540522713e-02 3.564430396449808081e-01 -1.025381135283750300e+00 -3.932382386614106662e-01 0.000000000000000000e+00
-2.644343076453330513e-02 -2.931121187064302247e-01 3.575072624422900303e-01 1.479853132307660246e+00 -1.997938706248278962e-01 8.241019806727205577e-01 1.555506619634047238e-01 2.773550948186271903e-01 -6.095775998109620453e-02 3.685925469854903769e-01 -1.022641208575249427e+00 -4.003789724922401372e-01 0.000000000000000000e+00
-2.430733318721248898e-02 -2.936120411100843208e-01 3.571955905568332534e-01 1.486999029732025690e+00 -2.017448228903262475e-01 8.270792748582720399e-01 1.647305615961510428e-01 2.791074048816289399e-01 -6.662416783245772578e-02 3.797725971101839071e-01 -1.020110539749401912e+00 -4.069852098922907557e-01 0.000000000000000000e+00
-2.197817936587912607e-02 -2.941612227409273750e-01 3.568292648953471646e-01 1.494729227818685224e+00 -2.037616169714500103e-01 8.305069206648756364e-01 1.746202435936739239e-01 2.811482518039838951e-01 -7.283199633343229173e-02 3.918438075146452038e-01 -1.017368482512029049e+00 -4.141573024449558549e-01 0.000000000000000000e+00
-1.981456239146887899e-02 -2.946748728967733544e-01 3.564646226772639204e-01 1.501848045027618817e+00 -2.055308485671627494e-01 8.338536379483945105e-01 1.836953977717960818e-01 2.831645310652828873e-01 -7.862503749462712577e-02 4.029464595201582844e-01 -1.014838146581317435e+00 -4.207912700098568881e-01 0.000000000000000000e+00
-1.745611984598524277e-02 -2.952381523647987782e-01 3.560409339858565114e-01 1.509535220679504519e+00 -2.073439800591030391e-01 8.376726525659146105e-01 1.934658367315106320e-01 2.854924001741210859e-01 -8.496695615648741651e-02 4.149283208700474401e-01 -1.012098952242116434e+00 -4.279920914127812726e-01 0.000000000000000000e+00
-1.526588331695466483e-02 -2.957638369633486253e-01 3.556236250686541922e-01 1.516602595445648127e+00 -2.089193175233825528e-01 8.413713626803951406e-01 2.024263751142184875e-01 2.877728983050695799e-01 -9.088023904089959082e-02 4.259438875079148978e-01 -1.009573543159421494e+00 -4.346511925604698567e-01 0.000000000000000000e+00
-1.287911688209830013e-02 -2.963390792629576609e-01 3.551431515336392897e-01 1.524221411824196792e+00 -2.105165363831371650e-01 8.455613830468795555e-01 2.120678837876595890e-01 2.903860585456826127e-01 -9.734839153842944626e-02 4.378265793967122121e-01 -1.006842138566409028e+00 -4.418776468888862552e-01 0.000000000000000000e+00
-1.066340762195090025e-02 -2.968750830540670127e-01 3.546733697707863397e-01 1.531212825174549153e+00 -2.118876171710568634e-01 8.495934125867434794e-01 2.209043687978402282e-01 2.929306423882260813e-01 -1.033749919272244355e-01 4.487456397345779280e-01 -1.004326250284611088e+00 -4.485590187211906388e-01 0.000000000000000000e+00
-8.249852341013969026e-03 -2.974607288689676277e-01 3.541360474170912598e-01 1.538735333615748324e+00 -2.132587205017073551e-01 8.541339824460458807e-01 2.304060781588089801e-01 2.958306583677542401e-01 -1.099627203576987178e-01 4.605183763598686419e-01 -1.001607628864831012e+00 -4.558080433398454812e-01 0.000000000000000000e+00
-6.010074745780973234e-03 -2.980053619236716633e-01 3.536139512115584749e-01 1.545626097106969077e+00 -2.144170855749738536e-01 8.584793450812431281e-01 2.391094384039992304e-01 2.986389617372428029e-01 -1.160957140320422187e-01 4.713316759129445588e-01 -9.991057221787560394e-01 -4.625086565110256842e-01 0.000000000000000000e+00
-3.571225896729792772e-03 -2.985992968559575411e-01 3.530200963984225782e-01 1.553026840651924090e+00 -2.155540185202053927e-01 8.633479148167029216e-01 2.484626765341961252e-01 3.018234366107050426e-01 -1.227942299638640211e-01 4.829853026584814413e-01 -9.964048107802250254e-01 -4.697767560209881732e-01 0.000000000000000000e+00
-1.309028743114047134e-03 -2.991508866139706013e-01 3.524457351730236332e-01 1.559792282646441208e+00 -2.164932714595915186e-01 8.679856335370490505e-01 2.570243399646373605e-01 3.048947937168661748e-01 -1.290262932307586485e-01 4.936838532580886674e-01 -9.939215462217805275e-01 -4.764934147377362095e-01 0.000000000000000000e+00
1.153028792206247819e-03 -2.997516241353296307e-01 3.517950768828506658e-01 1.567043263109555440e+00 -2.173901099605570764e-01 8.731597206223549179e-01 2.662191200099744970e-01 3.083646595906440191e-01 -1.358282729709299197e-01 5.052079505061067843e-01 -9.912432716925151377e-01 -4.837770604505620131e-01 0.000000000000000000e+00
3.435758280043200129e-03 -3.003085642386137399e-01 3.511682959030492102e-01 1.573658957100068534e+00 -2.181057794244827264e-01 8.780686543445486159e-01 2.746309639843419470e-01 3.116981050375826068e-01 -1.421514163471051528e-01 5.157829970101615036e-01 -9.887831100565270814e-01 -4.905062693139469743e-01 0.000000000000000000e+00
5.919035039662907081e-03 -3.009141080456094186e-01 3.504609113864444181e-01 1.580735432028950171e+00 -2.187588657959209648e-01 8.835245054246181340e-01 2.836597458699831042e-01 3.154503658554497214e-01 -1.490475388318106553e-01 5.271691092242000165e-01 -9.861321995074623370e-01 -4.978015330670282901e-01 0.000000000000000000e+00
8.220162321253202467e-03 -3.014748421123042421e-01 3.497815862693046673e-01 1.587177415102676292e+00 -2.192486810902400940e-01 8.886825240032956152e-01 2.919141138001428160e-01 3.190446346416478951e-01 -1.554540391501051388e-01 5.376121295172140435e-01 -9.836996681677839804e-01 -5.045395969410377823e-01 0.000000000000000000e+00
1.072202720939587940e-02 -3.020838256080856654e-01 3.490169298162850153e-01 1.594052111672156435e+00 -2.196566791667322605e-01 8.943967594970505530e-01 3.007678594231384950e-01 3.230794901406860986e-01 -1.624360485799660747e-01 5.488503364222121483e-01 -9.810811816049908041e-01 -5.118424174137121696e-01 0.000000000000000000e+00
1.303921861763881855e-02 -3.026468850454636650e-01 3.482846575898491115e-01 1.600296983622897962e+00 -2.199202913621833844e-01 8.997823008784662235e-01 3.088576772874449539e-01 3.269329843694898652e-01 -1.689172505668374846e-01 5.591531745733472336e-01 -9.786806747774206006e-01 -5.185854414252518696e-01 0.000000000000000000e+00
1.555724465747704809e-02 -3.032574853629299572e-01 3.474625847494547948e-01 1.606946642097547340e+00 -2.200838873213175617e-01 9.057308902993455035e-01 3.175300949297198416e-01 3.312468392822274788e-01 -1.759754264038744243e-01 5.702356531336029155e-01 -9.760992061537794307e-01 -5.258914244017207640e-01 0.000000000000000000e+00
1.788795412244219632e-02 -3.038214880369534687e-01 3.466769034304109653e-01 1.612971822603660677e+00 -2.201230055849019429e-01 9.113222689161855072e-01 3.254488046939887358e-01 3.353576947408737907e-01 -1.825226747857797704e-01 5.803904195281295308e-01 -9.737351180541161666e-01 -5.326352806511012172e-01 0.000000000000000000e+00
2.041905469347487720e-02 -3.044325307089862376e-01 3.457965444747669870e-01 1.619370840515360399e+00 -2.200451478300644581e-01 9.174823870739694520e-01 3.339319714512998805e-01 3.399500164350927611e-01 -1.896478291242322811e-01 5.913078486798276634e-01 -9.711955276386166069e-01 -5.399397988889705902e-01 0.000000000000000000e+00
2.276054751467666143e-02 -3.049961805903362300e-01 3.449569198909689938e-01 1.625154846923381413e+00 -2.198634413112197095e-01 9.232581273330229266e-01 3.416735810030784304e-01 3.443160027261686906e-01 -1.962523354695742128e-01 6.013069533086391472e-01 -9.688721859036315553e-01 -5.466800598708794201e-01 0.000000000000000000e+00
2.530191610256551926e-02 -3.056060465185351793e-01 3.440178691599955485e-01 1.631282267154071874e+00 -2.195489185378809438e-01 9.296066976326655684e-01 3.499625034483819230e-01 3.491825301441249807e-01 -2.034342151392454223e-01 6.120522756748908444e-01 -9.663788679120719483e-01 -5.539782198116460776e-01 0.000000000000000000e+00
2.765130890142111428e-02 -3.061681479159500396e-01 3.431235844657384848e-01 1.636804736542137206e+00 -2.191517496351811367e-01 9.355462409917691957e-01 3.575216531759765060e-01 3.538010839750813097e-01 -2.100866583842087021e-01 6.218884614240167696e-01 -9.641004670204820215e-01 -5.607102582836892557e-01 0.000000000000000000e+00
3.019947345683050149e-02 -3.067758693958980709e-01 3.421247174129090074e-01 1.642637292162162588e+00 -2.186074874413632685e-01 9.420615738415860640e-01 3.656096068275199173e-01 3.589405854047706956e-01 -2.173154096890654863e-01 6.324528885732247918e-01 -9.616582817218520818e-01 -5.679968667632278034e-01 0.000000000000000000e+00
3.255373855395882199e-02 -3.073353324683616994e-01 3.411748887221964233e-01 1.647879233946384581e+00 -2.180018903147713516e-01 9.481453862695383705e-01 3.729815363304818110e-01 3.638088438774355615e-01 -2.240060692956713506e-01 6.421192978028582576e-01 -9.594288829943196095e-01 -5.747157558773887676e-01 0.000000000000000000e+00
3.510561773700141691e-02 -3.079395013964999483e-01 3.401155545699189875e-01 1.653399269352406442e+00 -2.172363028038302168e-01 9.548063607307288869e-01 3.808649592103071635e-01 3.692163591813277801e-01 -2.312710395913530892e-01 6.524967710435427559e-01 -9.570418917092815558e-01 -5.819853201259508335e-01 0.000000000000000000e+00
3.746160775726626452e-02 -3.084953074023159547e-01 3.391092878351237294e-01 1.658343120836129891e+00 -2.164308931781313561e-01 9.610154134001986925e-01 3.880455738784605590e-01 3.743310932128795510e-01 -2.379901950216229967e-01 6.619867458509584024e-01 -9.548656896245232284e-01 -5.886859000076174464e-01 0.000000000000000000e+00
4.001347392443878326e-02 -3.090951505625771922e-01 3.379880854474587859e-01 1.663530546728322790e+00 -2.154541741742743710e-01 9.678026052923685008e-01 3.957191396643875980e-01 3.800045917306434373e-01 -2.452807316637695134e-01 6.721692091208217867e-01 -9.525385528849847905e-01 -5.959326276498320141e-01 0.000000000000000000e+00
4.236794449719864797e-02 -3.096463933249321565e-01 3.369243001802482151e-01 1.668160598285070684e+00 -2.144588659291803978e-01 9.741195005111169536e-01 4.027049440988017537e-01 3.853622726326376147e-01 -2.520182629055609524e-01 6.814766242355124737e-01 -9.504193424475542162e-01 -6.026093056607152443e-01 0.000000000000000000e+00
4.491655880521210759e-02 -3.102406861334021104e-01 3.357403226811125352e-01 1.673001116727345305e+00 -2.132821017939425801e-01 9.810144839652541471e-01 4.101666221304993698e-01 3.912960951469567350e-01 -2.593230474595393797e-01 6.914587512123747670e-01 -9.481558552580685584e-01 -6.098272711631569365e-01 0.000000000000000000e+00
4.726623417328557758e-02 -3.107865124785582633e-01 3.346178858836484915e-01 1.677303296531047039e+00 -2.121079795563582948e-01 9.874228900468819958e-01 4.169549531700841305e-01 3.968928280462991065e-01 -2.660687013426554781e-01 7.005778808379967693e-01 -9.460974980515464150e-01 -6.164743880859402392e-01 0.000000000000000000e+00
4.980767662960532832e-02 -3.113746363066335343e-01 3.333695448150250651e-01 1.681780783251557665e+00 -2.107440896401784336e-01 9.944088820784426908e-01 4.242007819954308201e-01 4.030841116590017648e-01 -2.733765485318873090e-01 7.103524809869146139e-01 -9.439021212069395039e-01 -6.236569335458839181e-01 0.000000000000000000e+00
5.214922652518737961e-02 -3.119142591774332063e-01 3.321871802437555976e-01 1.685742801426897586e+00 -2.094030842871963394e-01 1.000894117467800992e+00 4.307896089798549655e-01 4.089156022084346476e-01 -2.801195392539135298e-01 7.192779322222607741e-01 -9.419082124987971927e-01 -6.302684306890873334e-01 0.000000000000000000e+00
5.468022275559609319e-02 -3.124951147425008569e-01 3.308733617090071633e-01 1.689846989350177964e+00 -2.078650907875125853e-01 1.007955827917573544e+00 4.378192224142009037e-01 4.153579886224180728e-01 -2.874185980115482320e-01 7.288406113274354947e-01 -9.397844746875135824e-01 -6.374090313618623327e-01 0.000000000000000000e+00
5.701031356024737623e-02 -3.130277905731044807e-01 3.296297520939699410e-01 1.693458565793869219e+00 -2.063699957658435835e-01 1.014504477172213814e+00 4.442072803419466753e-01 4.214196761585746742e-01 -2.941481397700693723e-01 7.375674573244889176e-01 -9.378586097452228376e-01 -6.439785171388697771e-01 0.000000000000000000e+00
5.952694301614949030e-02 -3.136008505442272054e-01 3.282487134069251300e-01 1.697177341963892694e+00 -2.046723558089871275e-01 1.021628220368163475e+00 4.510183814088515875e-01 4.281095035273401184e-01 -3.014266921873103300e-01 7.469118237993044307e-01 -9.358106388669518161e-01 -6.510699159105055589e-01 0.000000000000000000e+00
6.184227088594439897e-02 -3.141258441644717569e-01 3.269424778174006563e-01 1.700430098379405841e+00 -2.030363786845130747e-01 1.028228461845491992e+00 4.572052042267282790e-01 4.343963280441492936e-01 -3.081315997057485490e-01 7.554355371842120803e-01 -9.339561466418750957e-01 -6.575907324185917835e-01 0.000000000000000000e+00
6.434130147323775806e-02 -3.146900650001043243e-01 3.254929921334529519e-01 1.703757538235119995e+00 -2.011933138614745431e-01 1.035402273919379112e+00 4.637990246381963333e-01 4.413265057012943360e-01 -3.153775283996360645e-01 7.645583286563328862e-01 -9.319870053318706216e-01 -6.646258053331723925e-01 0.000000000000000000e+00
6.663861694532632884e-02 -3.152066499991981186e-01 3.241226825088547869e-01 1.706645116890921798e+00 -1.994300653894738318e-01 1.042043822220236393e+00 4.697849452413402349e-01 4.478331741660895871e-01 -3.220464832433580504e-01 7.728749146874596132e-01 -9.302071481963433142e-01 -6.710909617744760247e-01 0.000000000000000000e+00
6.911621845330899461e-02 -3.157614824672270726e-01 3.226028142672248133e-01 1.709573266919949930e+00 -1.974567146564649711e-01 1.049257492845858231e+00 4.761609190756397880e-01 4.549991414482475460e-01 -3.292470050406597348e-01 7.817706050976240828e-01 -9.283207646172130234e-01 -6.780615861906766906e-01 0.000000000000000000e+00
7.139235060208121153e-02 -3.162688890608049697e-01 3.211669913764154671e-01 1.712091375924556402e+00 -1.955798448203296402e-01 1.055931503657189907e+00 4.819471025970277211e-01 4.617198281961442663e-01 -3.358684224589238987e-01 7.898764685074982639e-01 -9.266185386274615743e-01 -6.844636922931726097e-01 0.000000000000000000e+00
7.384550739980640099e-02 -3.168132274873574072e-01 3.195754892865020902e-01 1.714618607276057638e+00 -1.934904990243015988e-01 1.063176279062899798e+00 4.881083257789259888e-01 4.691137287780993703e-01 -3.430111536605706668e-01 7.985427941687797126e-01 -9.248175093612682751e-01 -6.913621450438320881e-01 0.000000000000000000e+00
7.609737590194499968e-02 -3.173106552679263448e-01 3.180726576084145774e-01 1.716764789332688501e+00 -1.915136990412937834e-01 1.069875497027080957e+00 4.936967030103482923e-01 4.760424084071312456e-01 -3.495733157445806150e-01 8.064349389011749025e-01 -9.231957774154644358e-01 -6.976936107984137436e-01 0.000000000000000000e+00
7.852248016647263296e-02 -3.178438201426789789e-01 3.164075881457790729e-01 1.718887599214237838e+00 -1.893234738491722524e-01 1.077144239391702119e+00 4.996444738308767342e-01 4.836587828086488794e-01 -3.566450737031767737e-01 8.148675055977746551e-01 -9.214836977296798626e-01 -7.045109702938804341e-01 0.000000000000000000e+00
8.074718408709785633e-02 -3.183303538830860591e-01 3.148362562930951958e-01 1.720661388315559925e+00 -1.872598187127012537e-01 1.083862872502018515e+00 5.050380075390461521e-01 4.907888639951180076e-01 -3.631357299119180038e-01 8.225432019125736849e-01 -9.199450564098864414e-01 -7.107636730592229446e-01 0.000000000000000000e+00
8.314149797760293781e-02 -3.188510708036591534e-01 3.130963975781453357e-01 1.722382245482799945e+00 -1.849824715873662484e-01 1.091149879455278526e+00 5.107772195567077400e-01 4.986191235216826390e-01 -3.701238646122859688e-01 8.307408778010284545e-01 -9.183241234124098762e-01 -7.174916169210900918e-01 0.000000000000000000e+00
8.533625375642281408e-02 -3.193256994003126348e-01 3.114551214227792020e-01 1.723785142174941498e+00 -1.828449736830277672e-01 1.097883403466429986e+00 5.159796381671503118e-01 5.059437486257820638e-01 -3.765308975627985610e-01 8.381981949064410964e-01 -9.168711027216626119e-01 -7.236572343187870349e-01 0.000000000000000000e+00
8.769653738332218451e-02 -3.198330276155276208e-01 3.096385493161901148e-01 1.725104768285826928e+00 -1.804944243600195009e-01 1.105184669844309742e+00 5.215136203333076148e-01 5.139814684012637969e-01 -3.834214274092149211e-01 8.461575844563609117e-01 -9.153443790477473474e-01 -7.302858422719942233e-01 0.000000000000000000e+00
8.985878611757096290e-02 -3.202945803155420323e-01 3.079259282442554646e-01 1.726139982333853240e+00 -1.782951644938215452e-01 1.111929894452664769e+00 5.265296842464719518e-01 5.214932804404822653e-01 -3.897323202443758738e-01 8.533949244557329505e-01 -9.139791760939455223e-01 -7.363557190285028309e-01 0.000000000000000000e+00
9.218271270862678224e-02 -3.207869402732796416e-01 3.060314934646760077e-01 1.727064792407521310e+00 -1.758838052151445730e-01 1.119242642999626280e+00 5.318652942009320927e-01 5.297291061115523281e-01 -3.965121957474995185e-01 8.611161608251722832e-01 -9.125483927983004673e-01 -7.428760029043710578e-01 0.000000000000000000e+00
9.431008870489467066e-02 -3.212340861365436395e-01 3.042462157148732027e-01 1.727737550269182520e+00 -1.736342012195399853e-01 1.125997499428816440e+00 5.367006293446208165e-01 5.374204152082419084e-01 -4.027144316101851640e-01 8.681325250330952370e-01 -9.112730049522616005e-01 -7.488409511139306751e-01 0.000000000000000000e+00
9.659489170740304109e-02 -3.217101337804366135e-01 3.022721823983922640e-01 1.728272270651240561e+00 -1.711743052797043418e-01 1.133320174830800386e+00 5.418433598571319454e-01 5.458469232133617011e-01 -4.093692717001296000e-01 8.756134111141550269e-01 -9.099408251959766325e-01 -7.552421916890722509e-01 0.000000000000000000e+00
9.868527259224760262e-02 -3.221413307993397090e-01 3.004129751582630403e-01 1.728589378043208669e+00 -1.688847780700339918e-01 1.140083901647849896e+00 5.465045908445567147e-01 5.537096067261979560e-01 -4.154499342590529665e-01 8.824084000564648145e-01 -9.087569835124091888e-01 -7.610927571298128358e-01 0.000000000000000000e+00
1.009291385181590311e-01 -3.225990552197559591e-01 2.983583814750211949e-01 1.728744053682540027e+00 -1.663865858740933845e-01 1.147416188624402755e+00 5.514633302152570637e-01 5.623166104741978977e-01 -4.219662899723133354e-01 8.896502008506628201e-01 -9.075245391389477057e-01 -7.673651672872220386e-01 0.000000000000000000e+00
1.029806874164764796e-01 -3.230125212182538008e-01 2.964240729972681954e-01 1.728714011398643002e+00 -1.640664843201644629e-01 1.154189081133855543e+00 5.559581469240655327e-01 5.703421795772061209e-01 -4.279123297381333124e-01 8.962240808434689399e-01 -9.064337749354784979e-01 -7.730915628421376473e-01 0.000000000000000000e+00
1.051814203354228955e-01 -3.234500570989077839e-01 2.942874395683015565e-01 1.728497196846307205e+00 -1.615400172374128474e-01 1.161531562543295149e+00 5.607406183201162353e-01 5.791212901106523869e-01 -4.342754205306595949e-01 9.032258642444235264e-01 -9.053032630527398927e-01 -7.792234246730177505e-01 0.000000000000000000e+00
1.071925459566072381e-01 -3.238437424738703219e-01 2.922770773476706663e-01 1.728130232445457715e+00 -1.591975405943362176e-01 1.168314552184220201e+00 5.650776427343374708e-01 5.873006567666126942e-01 -4.400736548559802674e-01 9.095793010779983367e-01 -9.043068413308866793e-01 -7.848152640138571501e-01 0.000000000000000000e+00
1.093489571533562549e-01 -3.242585293495673371e-01 2.900577504416060881e-01 1.727555245148966634e+00 -1.566504596816300499e-01 1.175668883839131595e+00 5.696948982742623402e-01 5.962408885460087626e-01 -4.462698986062130224e-01 9.163436636677724234e-01 -9.032787945710888389e-01 -7.907961911899571428e-01 0.000000000000000000e+00
1.113184275397286344e-01 -3.246301006891088581e-01 2.879704699214254981e-01 1.726863023788950180e+00 -1.542924103658354085e-01 1.182463948632059392e+00 5.738839175109025081e-01 6.045647316911059166e-01 -4.519070116855838926e-01 9.224780555016880434e-01 -9.023777140162606569e-01 -7.962428216723599350e-01 0.000000000000000000e+00
1.134290026717399563e-01 -3.250196237536072674e-01 2.856671983434199702e-01 1.725941733383645982e+00 -1.517317399095929886e-01 1.189832916010576724e+00 5.783460439173302436e-01 6.136566970736091475e-01 -4.579207623221188683e-01 9.290053967544450453e-01 -9.014536636970303940e-01 -8.020600310204473171e-01 0.000000000000000000e+00
1.153558965543340642e-01 -3.253664143535734965e-01 2.835023364381247801e-01 1.724937329321793555e+00 -1.493635861732549586e-01 1.196642751585399900e+00 5.823979103578312833e-01 6.221150964327825106e-01 -4.633831720339804949e-01 9.349228075385467296e-01 -9.006486566785266712e-01 -8.073504671049168691e-01 0.000000000000000000e+00
1.174201029609273639e-01 -3.257274608494540868e-01 2.811149146862318982e-01 1.723686085031225446e+00 -1.467942819850867053e-01 1.204029358913598191e+00 5.867180902781578000e-01 6.313469443515422608e-01 -4.692008474352584724e-01 9.412171221959216849e-01 -8.998286693788912771e-01 -8.129928399274405360e-01 0.000000000000000000e+00
1.193038546935373673e-01 -3.260464920517897047e-01 2.788719856099377004e-01 1.722383927878416543e+00 -1.444199021070908806e-01 1.210857298287078665e+00 5.906447215683979790e-01 6.399297133336223631e-01 -4.744749050790242340e-01 9.469200819332446173e-01 -8.991201353708757615e-01 -8.181154968632352587e-01 0.000000000000000000e+00
1.213210155587805539e-01 -3.263757593071557883e-01 2.763996308163586546e-01 1.720817944201654015e+00 -1.418454940437965384e-01 1.218265757699517504e+00 5.948357381758556661e-01 6.492908577233054146e-01 -4.800803931204502550e-01 9.529831676289735043e-01 -8.984050100391620663e-01 -8.235691181434995345e-01 0.000000000000000000e+00
1.231613872209662980e-01 -3.266636784546886885e-01 2.740783538052230517e-01 1.719233610916674593e+00 -1.394674044214099240e-01 1.225115849133820545e+00 5.986501172261488035e-01 6.579872105258773862e-01 -4.851521171003971844e-01 9.584750718499077671e-01 -8.977930821996891186e-01 -8.285122114427955209e-01 0.000000000000000000e+00
1.251317296531404832e-01 -3.269572257567057716e-01 2.715213145805240869e-01 1.717371709123799661e+00 -1.368896039340636861e-01 1.232550369001973678e+00 6.027274168550601496e-01 6.674650679503331130e-01 -4.905317025023572253e-01 9.643122549061705628e-01 -8.971822862036794577e-01 -8.337651635349223600e-01 0.000000000000000000e+00
1.269289158308065935e-01 -3.272103068891289435e-01 2.691217084153008643e-01 1.715522251405049659e+00 -1.345085619793060516e-01 1.239426929284483725e+00 6.064437915772384891e-01 6.762638192968186690e-01 -4.953872443808169379e-01 9.695970317733237920e-01 -8.966667647956673148e-01 -8.385162429196237888e-01 0.000000000000000000e+00
1.288526230458435506e-01 -3.274639773190352598e-01 2.664796660476542178e-01 1.713382186101278570e+00 -1.319273152355471268e-01 1.246893021852546246e+00 6.104228205619258718e-01 6.858467384262779687e-01 -5.005242158074707515e-01 9.752116411414833985e-01 -8.961604312934160488e-01 -8.435536787005357695e-01 0.000000000000000000e+00
1.306071976298185944e-01 -3.276781064415734690e-01 2.640019424432593631e-01 1.711285663053818240e+00 -1.295424841718930686e-01 1.253801024468671255e+00 6.140565707112846106e-01 6.947363035659352981e-01 -5.051494608306659195e-01 9.802940177657905041e-01 -8.957407836846468241e-01 -8.480998944183828492e-01 0.000000000000000000e+00
1.324853232613068810e-01 -3.278871452491122218e-01 2.612757217921465314e-01 1.708888583748234602e+00 -1.269560091797075074e-01 1.261303779513332168e+00 6.179551722310515638e-01 7.044107688578661319e-01 -5.100299698443451213e-01 9.856928445066264199e-01 -8.953376476746360835e-01 -8.529089641358207352e-01 0.000000000000000000e+00
1.341982350119565459e-01 -3.280578062690547858e-01 2.587203808947523553e-01 1.706563880695941116e+00 -1.245649648074969029e-01 1.268248516147524318e+00 6.215228094063489639e-01 7.133790304077353150e-01 -5.144106035214164319e-01 9.905782137892951145e-01 -8.950130749167827249e-01 -8.572371335394174396e-01 0.000000000000000000e+00
1.360318790580806736e-01 -3.282171381699239276e-01 2.559102724675292873e-01 1.703929840782098637e+00 -1.219694762817300493e-01 1.275794239288842169e+00 6.253592261146625475e-01 7.231322586889051829e-01 -5.190175393121172487e-01 9.957661181717967214e-01 -8.947126037667945120e-01 -8.618019248058677029e-01 0.000000000000000000e+00
1.377045705426146738e-01 -3.283393707641822923e-01 2.532781519616927879e-01 1.701397001367826789e+00 -1.195678632334282732e-01 1.282781237481165570e+00 6.288787266532568365e-01 7.321665666338081913e-01 -5.231392471522056109e-01 1.000460605383333812e+00 -8.944819074373664414e-01 -8.658983326156004523e-01 0.000000000000000000e+00
1.394955961482942652e-01 -3.284434137633305273e-01 2.503856097958694904e-01 1.698548888750636365e+00 -1.169581650770132875e-01 1.290375664346580464e+00 6.326731319953744492e-01 7.419841768343308219e-01 -5.274586947032324780e-01 1.005445909785907643e+00 -8.942821037765832370e-01 -8.702051301514492909e-01 0.000000000000000000e+00
1.411298791846757328e-01 -3.285118759485686768e-01 2.476777660096987077e-01 1.695828487258353334e+00 -1.145399625253107345e-01 1.297410923309266773e+00 6.361635374990595171e-01 7.510716148429809058e-01 -5.313069624783970379e-01 1.009956305987093073e+00 -8.941436859789263503e-01 -8.740555950345132441e-01 0.000000000000000000e+00
1.428803799866241453e-01 -3.285545692412308871e-01 2.447037742669911919e-01 1.692788569243901087e+00 -1.119083042164579211e-01 1.305061019745498818e+00 6.399372367637018444e-01 7.609395587881061518e-01 -5.353214115055824340e-01 1.014745601733437086e+00 -8.940432182268031047e-01 -8.780872214507295936e-01 0.000000000000000000e+00
1.444784770247917738e-01 -3.285634656609364157e-01 2.419216656603215276e-01 1.689902093101071756e+00 -1.094658738256395480e-01 1.312150589902207898e+00 6.434189204148169638e-01 7.700664781599166897e-01 -5.388815918298275331e-01 1.019079496933377627e+00 -8.939952147481543543e-01 -8.816770294421019116e-01 0.000000000000000000e+00
1.461912145165811527e-01 -3.285383544562802682e-01 2.388682936552538050e-01 1.686694190242981506e+00 -1.068032704433199420e-01 1.319862752577341425e+00 6.471947502083312820e-01 7.799696424104579640e-01 -5.425769941584215328e-01 1.023682637719525168e+00 -8.939912200065193160e-01 -8.854191036687995009e-01 0.000000000000000000e+00
1.477557558045471675e-01 -3.284814847162296214e-01 2.360136964447718810e-01 1.683663643881278205e+00 -1.043273484525748529e-01 1.327012883367437279e+00 6.506893501907332622e-01 7.891220615497059887e-01 -5.458345062247791368e-01 1.027848420875654201e+00 -8.940314337389795307e-01 -8.887331413292940407e-01 0.000000000000000000e+00
1.494336858043506799e-01 -3.283815436069092986e-01 2.328826939212791380e-01 1.680311557126344724e+00 -1.016224301134087682e-01 1.334794462195874054e+00 6.544914787000121192e-01 7.990450663503685380e-01 -5.491928855174237345e-01 1.032273662500984512e+00 -8.941218480579877781e-01 -8.921671543968967555e-01 0.000000000000000000e+00
1.509677436461366873e-01 -3.282522483369688104e-01 2.299576784524224593e-01 1.677159372582233132e+00 -9.910180096327181332e-02 1.342011824946740317e+00 6.580220979361574019e-01 8.082084710291131957e-01 -5.521328156237892415e-01 1.036280521519063136e+00 -8.942475492614393451e-01 -8.951897756551093766e-01 0.000000000000000000e+00
1.526144697397841810e-01 -3.280701534863947888e-01 2.267518679885648647e-01 1.673687883439643365e+00 -9.634203869295276945e-02 1.349869516667147051e+00 6.618760915076655760e-01 8.181353374133563117e-01 -5.551402568637886503e-01 1.040539382155290626e+00 -8.944286442155647832e-01 -8.983003478083219084e-01 0.000000000000000000e+00
1.541213981360511909e-01 -3.278614026880007914e-01 2.237589023305615321e-01 1.670436630093988128e+00 -9.376418747173298485e-02 1.357160695411953277e+00 6.654668981844467091e-01 8.272947473504658200e-01 -5.577477578870850827e-01 1.044397170731352187e+00 -8.946368368337818122e-01 -9.010155071186850551e-01 0.000000000000000000e+00
1.557408120787462380e-01 -3.275891022164947874e-01 2.204807885661292377e-01 1.666870523476791988e+00 -9.093435214083278595e-02 1.365102378019113383e+00 6.694003205354664976e-01 8.372088305614765469e-01 -5.603858186838903688e-01 1.048499836969646548e+00 -8.949057495248524674e-01 -9.037829309654409338e-01 0.000000000000000000e+00
1.572244650900206930e-01 -3.272933742135539781e-01 2.174227131393470236e-01 1.663543474195909866e+00 -8.828469447781461810e-02 1.372474262308096771e+00 6.730772804735115633e-01 8.463486662645739456e-01 -5.626459769220135687e-01 1.052219407485132985e+00 -8.951928382903631132e-01 -9.061738504130867344e-01 0.000000000000000000e+00
1.588207543363205909e-01 -3.269227540826390443e-01 2.140758933252834562e-01 1.659907228316376937e+00 -8.536928373080954202e-02 1.380506757397606421e+00 6.771180947954887897e-01 8.562331218084575646e-01 -5.649007422589289451e-01 1.056178862235808147e+00 -8.955450413445259494e-01 -9.085820138287910019e-01 0.000000000000000000e+00
1.602851673037234415e-01 -3.265321586992137037e-01 2.109558729249229603e-01 1.656527227314018802e+00 -8.263219174011204871e-02 1.387966332384433121e+00 6.809082390798623097e-01 8.653374043110024783e-01 -5.667984442726921035e-01 1.059771799441461271e+00 -8.959072978318040059e-01 -9.106315826037159056e-01 0.000000000000000000e+00
1.618630362155360769e-01 -3.260541662521116435e-01 2.075436599320124864e-01 1.652846405198450164e+00 -7.961219792648499549e-02 1.396098091637572258e+00 6.850874711994964228e-01 8.751742558504008729e-01 -5.686511388640331788e-01 1.063600293245531958e+00 -8.963387965074240959e-01 -9.126592468786749457e-01 0.000000000000000000e+00
1.633126304073656831e-01 -3.255603604721080124e-01 2.043652916090197280e-01 1.649436347867642816e+00 -7.677015526715447180e-02 1.403652394242488777e+00 6.890195619699711616e-01 8.842264069746074151e-01 -5.701713377932775551e-01 1.067078980840420632e+00 -8.967718930796982901e-01 -9.143498215386572925e-01 0.000000000000000000e+00
1.648767894442466631e-01 -3.249660539112969038e-01 2.008921109780531788e-01 1.645734958297643935e+00 -7.362719321444277654e-02 1.411890361735585353e+00 6.933680379768798474e-01 8.939978113302172735e-01 -5.716081132013753896e-01 1.070791227662909462e+00 -8.972773610545954348e-01 -9.159799424418947345e-01 0.000000000000000000e+00
1.663160964734675118e-01 -3.243603340900821363e-01 1.976593087992899178e-01 1.642317408477333984e+00 -7.066160834774359856e-02 1.419546782815340968e+00 6.974719692166918561e-01 9.029807868451089625e-01 -5.727355624488602581e-01 1.074168981452484184e+00 -8.977765040219034542e-01 -9.172932803334673535e-01 0.000000000000000000e+00
1.678717839566482017e-01 -3.236396992862819455e-01 1.941292777424352689e-01 1.638620470383711947e+00 -6.737350794679830557e-02 1.427899824883788193e+00 7.020241770469916043e-01 9.126675692570814791e-01 -5.737373104928935597e-01 1.077779162626195664e+00 -8.983510810270879388e-01 -9.185033541537721558e-01 0.000000000000000000e+00
1.693055757684474305e-01 -3.229129033861400933e-01 1.908463782736364855e-01 1.635217738178284641e+00 -6.426435180647249723e-02 1.435665801972223932e+00 7.063316403731130233e-01 9.215637257204366550e-01 -5.744567634613785279e-01 1.081070230522288345e+00 -8.989111438043317914e-01 -9.194206134122226981e-01 0.000000000000000000e+00
1.708577463281419073e-01 -3.220562213320677936e-01 1.872647413939288463e-01 1.631547939574383044e+00 -6.081015583296700555e-02 1.444141144807941535e+00 7.111212690145933824e-01 9.311470443240595918e-01 -5.750097022827063142e-01 1.084594791066953778e+00 -8.995484382531876433e-01 -9.201926638122366331e-01 0.000000000000000000e+00
1.722908068776722312e-01 -3.211988519387133367e-01 1.839364507440822971e-01 1.628181398661983970e+00 -5.753635304692794605e-02 1.452024252740827581e+00 7.156652210455136665e-01 9.399383388194929578e-01 -5.753059789539776148e-01 1.087814153350695978e+00 -9.001637616230504513e-01 -9.206946030986892238e-01 0.000000000000000000e+00
1.738449445368157320e-01 -3.201951424121248779e-01 1.803081966520486135e-01 1.624562837590972642e+00 -5.389116705201280055e-02 1.460631272558651439e+00 7.207304202807899296e-01 9.493975541163180987e-01 -5.753906674766421370e-01 1.091269471707019267e+00 -9.008579145611796957e-01 -9.210046616286018395e-01 0.000000000000000000e+00
1.752820844063205652e-01 -3.191972540339237385e-01 1.769395948512032801e-01 1.621253251504454873e+00 -5.043054477218822385e-02 1.468639465773971642e+00 7.255455486897076645e-01 9.580652779371716665e-01 -5.752483880954046835e-01 1.094433240503006166e+00 -9.015223732531543188e-01 -9.210713738139083562e-01 0.000000000000000000e+00
1.768429759885886132e-01 -3.180360752259496770e-01 1.732707384926881755e-01 1.617706340321616310e+00 -4.657158992051968482e-02 1.477385731883099407e+00 7.309228704047411318e-01 9.673807491141599435e-01 -5.748511776188193201e-01 1.097837426166399899e+00 -9.022660609875590154e-01 -9.209003988719252076e-01 0.000000000000000000e+00
1.782888347336274992e-01 -3.168873796483290262e-01 1.698673070400086027e-01 1.614473126687551385e+00 -4.290121082452769130e-02 1.485527073784384644e+00 7.360452610244269112e-01 9.759056609215579492e-01 -5.742549624297778044e-01 1.100962445968526104e+00 -9.029730636779477182e-01 -9.205115773527735579e-01 0.000000000000000000e+00
1.798618340909489410e-01 -3.155567827547275939e-01 1.661636813286266057e-01 1.611020049004249444e+00 -3.880128846855157576e-02 1.494422702982300954e+00 7.417767831644408449e-01 9.850553503206888051e-01 -5.733561455618760849e-01 1.104334141066620978e+00 -9.037592954107663834e-01 -9.198341357504847826e-01 0.000000000000000000e+00
1.813208486309672851e-01 -3.142465884591327807e-01 1.627312948241929902e-01 1.607881700776893297e+00 -3.489745909262564894e-02 1.502705527082697667e+00 7.472442528823736163e-01 9.934176761435374869e-01 -5.722906813887626010e-01 1.107438255054190135e+00 -9.045017847226805019e-01 -9.189686083962089747e-01 0.000000000000000000e+00
1.829100722270589341e-01 -3.127354387039905093e-01 1.589997417914704725e-01 1.604539588928095561e+00 -3.053280040585715227e-02 1.511758573490988189e+00 7.533694568105286926e-01 1.002380877687335525e+00 -5.708767425870122647e-01 1.110797433295161563e+00 -9.053222380755067134e-01 -9.177648595834931866e-01 0.000000000000000000e+00
1.843862156941039887e-01 -3.112527054461355913e-01 1.555445704539037133e-01 1.601512710178295329e+00 -2.637163097070915896e-02 1.520191824543576153e+00 7.592212206737596336e-01 1.010560377501350304e+00 -5.693265165164771435e-01 1.113899549911913089e+00 -9.060926905788665442e-01 -9.164011213682908830e-01 0.000000000000000000e+00
1.859963119182370395e-01 -3.095481275613378158e-01 1.517917940149263178e-01 1.598300899222748761e+00 -2.171353550784393960e-02 1.529413256499841944e+00 7.657861790769140420e-01 1.019313588793195668e+00 -5.673775486517300681e-01 1.117267050531290939e+00 -9.069391763313482402e-01 -9.146439676810564912e-01 0.000000000000000000e+00
1.874931357613205674e-01 -3.078814195425540468e-01 1.483204923280558862e-01 1.595400627527840065e+00 -1.727045602368804111e-02 1.538006067467305948e+00 7.720633829242852242e-01 1.027289290204792094e+00 -5.653272475075050707e-01 1.120386943748318931e+00 -9.077294028058020547e-01 -9.127597812098255936e-01 0.000000000000000000e+00
1.891268845630224016e-01 -3.059716150556555103e-01 1.445540370619446680e-01 1.592331942307897208e+00 -1.229529202559476175e-02 1.547404940181700272e+00 7.791105732218257529e-01 1.035810939639854933e+00 -5.628297350372288843e-01 1.123784737825096469e+00 -9.085927330521785805e-01 -9.104283168335156606e-01 0.000000000000000000e+00
1.906471441365468478e-01 -3.041092033818387774e-01 1.410736006848233581e-01 1.589571014584841180e+00 -7.546001101550903201e-03 1.556166909994521674e+00 7.858557610517511449e-01 1.043561404202258069e+00 -5.602639790640193684e-01 1.126942980561821406e+00 -9.093941448032105690e-01 -9.080009786579629205e-01 0.000000000000000000e+00
1.923077892401685862e-01 -3.019804079836201915e-01 1.373010332314294479e-01 1.586660668737891910e+00 -2.224582216243220500e-03 1.565755493411274069e+00 7.934353838302256046e-01 1.051826458066291714e+00 -5.571978817010110330e-01 1.130394304176509657e+00 -9.102647987425848131e-01 -9.050666411898862229e-01 0.000000000000000000e+00
1.938533757527644563e-01 -2.999101432383176613e-01 1.338187403859342484e-01 1.584049651866528130e+00 2.854924278882453592e-03 1.574697243989037876e+00 8.006930304329096248e-01 1.059329714700508296e+00 -5.541010914064394832e-01 1.133612867511924804e+00 -9.110683410224889034e-01 -9.020727154924192970e-01 0.000000000000000000e+00
