-8.065430695985698062e-04 -1.621307023128737423e-03 1.591417372689793441e-03 -3.272613531954515764e-03 -6.930361060974998821e-03 -7.371707918027325945e-03 0.000000000000000000e+00
-8.297561912547213314e-04 -1.693293848859495077e-03 1.765832907075340352e-03 -3.570661400865482449e-03 -7.469581444783379709e-03 -8.014453708208524318e-03 0.000000000000000000e+00
-7.248260045251420092e-04 -1.507575555593027028e-03 1.666702973328576531e-03 -3.321389821090647843e-03 -6.858528730091073555e-03 -7.421084503876240746e-03 0.000000000000000000e+00
-7.398695257956611204e-04 -1.575862419331303110e-03 1.843402619299605583e-03 -3.627764949237999303e-03 -7.388894104328080914e-03 -8.061371880742740359e-03 0.000000000000000000e+00
-6.401524849141138063e-04 -1.403825109655310044e-03 1.734801104651600978e-03 -3.377296319126088520e-03 -6.780647402420569847e-03 -7.458790252476088511e-03 0.000000000000000000e+00
-6.462014867684162667e-04 -1.468535117544356172e-03 1.913317938527725470e-03 -3.691549514768244222e-03 -7.300292582078871106e-03 -8.096976633950703217e-03 0.000000000000000000e+00
-5.521734767230945806e-04 -1.309940112514368371e-03 1.795573733261848770e-03 -3.439327310340800636e-03 -6.694545317061262324e-03 -7.487668794373458780e-03 0.000000000000000000e+00
-5.492225716233756216e-04 -1.372278338800797526e-03 1.975065353100546872e-03 -3.761705018463956662e-03 -7.201774709180597256e-03 -8.124618877459521826e-03 0.000000000000000000e+00
-4.606985282774589407e-04 -1.225614736741598154e-03 1.848947499300174213e-03 -3.506359317024365652e-03 -6.598127529739095110e-03 -7.510194339711340206e-03 0.000000000000000000e+00
-4.479422108734643082e-04 -1.285782496148663023e-03 2.028926045614568019e-03 -3.836550468898636268e-03 -7.090731639102898498e-03 -8.146270770004626627e-03 0.000000000000000000e+00
-3.656261162950924515e-04 -1.150593022026108470e-03 1.894862607815017697e-03 -3.577472426905092817e-03 -6.489374567279604378e-03 -7.528481270285158899e-03 0.000000000000000000e+00
-3.432522342164401330e-04 -1.209564355186626416e-03 2.074568919266550626e-03 -3.915464614520747233e-03 -6.965727369708574201e-03 -8.164797540896717720e-03 0.000000000000000000e+00
-2.670115893679547714e-04 -1.084497480511481537e-03 1.933359269384621326e-03 -3.651668892556525492e-03 -6.366659382810446743e-03 -7.544540109450270648e-03 0.000000000000000000e+00
-2.343124568620624792e-04 -1.142528264800102278e-03 2.112305703693889702e-03 -3.997050242517730112e-03 -6.824360731875422914e-03 -8.181476293413592060e-03 0.000000000000000000e+00
-1.649722010152177010e-04 -1.026975128041091034e-03 1.964450655587035577e-03 -3.728025309869043014e-03 -6.228341434883155614e-03 -7.559923649085309449e-03 0.000000000000000000e+00
-1.223031272192531826e-04 -1.084813920389143815e-03 2.142042461951876309e-03 -4.080598547099079099e-03 -6.665929469941822560e-03 -8.198723297579313396e-03 0.000000000000000000e+00
-5.979215349474764629e-05 -9.775768992252020784e-04 1.988276358263263432e-03 -3.805447349388479950e-03 -6.073250715225242402e-03 -7.576097727984620889e-03 0.000000000000000000e+00
-6.446238527302305954e-06 -1.035428449790293248e-03 2.163951651501294648e-03 -4.164679454908171152e-03 -6.487910161657950425e-03 -8.216775731853864784e-03 0.000000000000000000e+00
5.458646128234101447e-05 -1.013081951885291820e-03 2.172312259416275815e-03 -4.208474838810705165e-03 -6.387984973919458298e-03 -8.227443336066286861e-03 0.000000000000000000e+00
1.055362588184283190e-04 -9.170524744557817520e-04 2.010904248736400390e-03 -3.923252628924345231e-03 -5.802820539097197639e-03 -7.604505761305890843e-03 0.000000000000000000e+00
1.589774431805246468e-04 -9.013169235350948494e-04 2.014662186987925541e-03 -3.959972091244878811e-03 -5.708033521617750239e-03 -7.614494889030432034e-03 0.000000000000000000e+00
2.332268676778492811e-04 -9.604442493244824686e-04 2.185030155338912872e-03 -4.330852971716758759e-03 -6.071528618499133501e-03 -8.261259667148745933e-03 0.000000000000000000e+00
2.718406705693732217e-04 -8.733785325969745106e-04 2.017588672731912558e-03 -4.034882196474853799e-03 -5.496191748954881717e-03 -7.637848754871612300e-03 0.000000000000000000e+00
3.562390684671845609e-04 -9.335457977401873109e-04 2.184624120642186806e-03 -4.410631788569929768e-03 -5.831444341017899546e-03 -8.288389110852723007e-03 0.000000000000000000e+00
3.864948565695525140e-04 -8.515220305753412600e-04 2.013979800699616796e-03 -4.106912156193409658e-03 -5.264080238904789155e-03 -7.664312625623725950e-03 0.000000000000000000e+00
4.815482676532312212e-04 -9.129549633297706634e-04 2.177248092185779527e-03 -4.486605717676006577e-03 -5.568388776211907754e-03 -8.318482737074806010e-03 0.000000000000000000e+00
5.467976963019205439e-04 -9.044547790125201381e-04 2.170829394443962723e-03 -4.524279032022349156e-03 -5.423345709341109711e-03 -8.335622267380493611e-03 0.000000000000000000e+00
5.633020414434475320e-04 -8.286158178385238937e-04 1.996533530966515535e-03 -4.208296095632668710e-03 -4.871424901657928075e-03 -7.709865164460261155e-03 0.000000000000000000e+00
6.195737837524917246e-04 -8.237000879980638235e-04 1.988184219593069901e-03 -4.237803843167853302e-03 -4.737364474426630778e-03 -7.725394742980729035e-03 0.000000000000000000e+00
7.349911802929098847e-04 -8.879341344919522427e-04 2.142862120921851243e-03 -4.622364585087801458e-03 -4.974911206874210734e-03 -8.386898257586317129e-03 0.000000000000000000e+00
7.371421825891344426e-04 -8.165271540765683955e-04 1.966602355640195698e-03 -4.294286174690853386e-03 -4.442534291035471483e-03 -7.758844672437703593e-03 0.000000000000000000e+00
8.621945229302097058e-04 -8.821801595934319895e-04 2.116622929441785983e-03 -4.679776160716464517e-03 -4.644725130988458517e-03 -8.423922412609030630e-03 0.000000000000000000e+00
8.548502319221662482e-04 -8.130354917901816414e-04 1.939670097565737716e-03 -4.343218964153905404e-03 -4.126801119176182198e-03 -7.792945001530160454e-03 0.000000000000000000e+00
9.899448645167285843e-04 -8.802707715704349845e-04 2.084610991990309969e-03 -4.728222176475505023e-03 -4.290871418677788540e-03 -8.460556162773080757e-03 0.000000000000000000e+00
9.723083356102668606e-04 -8.126391757999062992e-04 1.907730757822856393e-03 -4.383383448522515380e-03 -3.790426730442497671e-03 -7.826470031405463601e-03 0.000000000000000000e+00
1.116568173937321218e-03 -8.811588923094137993e-04 2.047550357241023633e-03 -4.766523241968911861e-03 -3.916222714030137553e-03 -8.496344766414143379e-03 0.000000000000000000e+00
1.089108076329198260e-03 -8.147575862827993731e-04 1.871175946330128070e-03 -4.413576384151518539e-03 -3.434067931902706761e-03 -7.858178888507261206e-03 0.000000000000000000e+00
1.242904484835966050e-03 -8.846952948003972139e-04 2.005499864503906826e-03 -4.793180237500749286e-03 -3.518828635063364629e-03 -8.528682685502442240e-03 0.000000000000000000e+00
1.204912808498548316e-03 -8.187921484450466636e-04 1.830346580625780151e-03 -4.432489677320461396e-03 -3.058152259080682001e-03 -7.886196120266752985e-03 0.000000000000000000e+00
1.367359726391237373e-03 -8.897302833771880692e-04 1.959209788769789018e-03 -4.807139148939043594e-03 -3.102116008260935587e-03 -8.556671877686827798e-03 0.000000000000000000e+00
1.319337879948867531e-03 -8.241743265491596748e-04 1.785655914758765839e-03 -4.438831046279290149e-03 -2.663692387565586017e-03 -7.908900065374702137e-03 0.000000000000000000e+00
1.490752303933640111e-03 -8.962632213462273789e-04 1.908770860123920610e-03 -4.806719979549178845e-03 -2.664402417023481462e-03 -8.577453410799407152e-03 0.000000000000000000e+00
1.432096718546660430e-03 -8.304160542869643002e-04 1.737490136242525463e-03 -4.431584882963690575e-03 -2.251608138296390393e-03 -7.924464166634503925e-03 0.000000000000000000e+00
1.611562560696666591e-03 -9.030495846047981168e-04 1.854963862415903719e-03 -4.790943443525819134e-03 -2.209650948996610964e-03 -8.589757122231755915e-03 0.000000000000000000e+00
1.542860917343236160e-03 -8.369767962692065133e-04 1.686255101687794689e-03 -4.409517352581104888e-03 -1.823186681704225265e-03 -7.930976231552477884e-03 0.000000000000000000e+00
1.730667460710849648e-03 -9.103124949302321411e-04 1.797846755676402175e-03 -4.758478283482858728e-03 -1.736407555239072309e-03 -8.590821469366627383e-03 0.000000000000000000e+00
1.651382767532932894e-03 -8.433667105317010915e-04 1.632316780045578453e-03 -4.371573138029383188e-03 -1.379594030306741104e-03 -7.926250271049095630e-03 0.000000000000000000e+00
1.846610818261068543e-03 -9.168068310184407377e-04 1.738258718661234159e-03 -4.708632700674009186e-03 -1.249190392657251181e-03 -8.579355611537664572e-03 0.000000000000000000e+00
1.757367758085159881e-03 -8.491813889859312070e-04 1.576147577167119618e-03 -4.316953384285504569e-03 -9.226918858469268514e-04 -7.908831613596678523e-03 0.000000000000000000e+00
1.960295755634111625e-03 -9.227981310611643728e-04 1.676156860104277557e-03 -4.639970914031898985e-03 -7.465895879632533649e-04 -8.552205586166650164e-03 0.000000000000000000e+00
1.860650572330480035e-03 -8.540030093664163768e-04 1.518049475338678622e-03 -4.244973754243375197e-03 -4.538607258184335080e-04 -7.876528380481584435e-03 0.000000000000000000e+00
2.070328925811881771e-03 -9.271434194728089828e-04 1.612497434100412796e-03 -4.552490776796425109e-03 -2.338872876812558843e-04 -8.508815962100513275e-03 0.000000000000000000e+00
1.960999353199738282e-03 -8.574705524869441486e-04 1.458449647668336180e-03 -4.155058056871219208e-03 2.496130152751518949e-05 -7.827689192919429217e-03 0.000000000000000000e+00
2.177646079818906788e-03 -9.302276580336610312e-04 1.547148408540810482e-03 -4.445067426980031655e-03 2.901975108708931828e-04 -8.446125556952122082e-03 0.000000000000000000e+00
2.058231544696143001e-03 -8.592608043176130916e-04 1.397729732858343787e-03 -4.046934783744404740e-03 5.117307540962734436e-04 -7.760872425344622627e-03 0.000000000000000000e+00
2.280952207290604106e-03 -9.309609034894861246e-04 1.481063177902752770e-03 -4.318291143733610227e-03 8.200802391375994205e-04 -8.363903203095990335e-03 0.000000000000000000e+00
2.152200880679605577e-03 -8.590829754046847011e-04 1.336232975297002579e-03 -3.920569035825494097e-03 1.004361505382966868e-03 -7.674697853551126769e-03 0.000000000000000000e+00
2.381199183191934354e-03 -9.298060447442413334e-04 1.414024451050377440e-03 -4.171356097796063978e-03 1.356975188739895088e-03 -8.259116646358144465e-03 0.000000000000000000e+00
2.242773803282971379e-03 -8.567219249104029988e-04 1.274328377786348998e-03 -3.776238663201425538e-03 1.500673949242248284e-03 -7.568060997144243629e-03 0.000000000000000000e+00
2.477171657815496753e-03 -9.257560286595190036e-04 1.346988221450851064e-03 -4.005640029330237439e-03 1.894844103476067687e-03 -8.132473873343037951e-03 0.000000000000000000e+00
2.329817506297904295e-03 -8.519470367341352990e-04 1.212339518673194450e-03 -3.614341335284265710e-03 1.998316387257226268e-03 -7.440081002481502281e-03 0.000000000000000000e+00
2.569785250320727465e-03 -9.194234758628516690e-04 1.279781533320284437e-03 -3.820879786175623849e-03 2.434618032206792293e-03 -7.981618439553805899e-03 0.000000000000000000e+00
2.413261422554130453e-03 -8.446188331907023006e-04 1.150577608599545609e-03 -3.435810890366042258e-03 2.494985749204925440e-03 -7.290219393234931289e-03 0.000000000000000000e+00
2.657947300223506559e-03 -9.098280290957549976e-04 1.213243710000949660e-03 -3.619050858613803712e-03 2.970338033082331464e-03 -7.807573557451430446e-03 0.000000000000000000e+00
2.702562433732458302e-03 -9.039814973454129987e-04 1.178703891830196193e-03 -3.507175445233379207e-03 3.248394446937030722e-03 -7.706874102359595469e-03 0.000000000000000000e+00
2.533015640542896074e-03 -8.282696664757560612e-04 1.057733009842687366e-03 -3.134851656000137154e-03 3.242769044227156172e-03 -7.019488452752575824e-03 0.000000000000000000e+00
2.569009294089874551e-03 -8.218003365341175481e-04 1.028877970067343384e-03 -3.033147636863020580e-03 3.475823502340880111e-03 -6.923587382665630230e-03 0.000000000000000000e+00
2.822606557611101463e-03 -8.820831276723228864e-04 1.082318337950222142e-03 -3.167822445406365262e-03 4.026017269964654588e-03 -7.386307506132006040e-03 0.000000000000000000e+00
2.641217194099182430e-03 -8.061465290283009733e-04 9.694207409421951027e-04 -2.811929150977832137e-03 3.955276588989420361e-03 -6.706817573822743128e-03 0.000000000000000000e+00
2.898961872875194246e-03 -8.638036965588069549e-04 1.018471846239932255e-03 -2.921746274314074299e-03 4.540782115004304842e-03 -7.139363074545546084e-03 0.000000000000000000e+00
2.709569041870613093e-03 -7.876857768153167072e-04 9.113052613903827037e-04 -2.579940609177100441e-03 4.424090068503083728e-03 -6.468776151925315077e-03 0.000000000000000000e+00
2.970725067642759898e-03 -8.420456448653967918e-04 9.563728948763783322e-04 -2.665637304732904056e-03 5.041315450844852109e-03 -6.870365023676328065e-03 0.000000000000000000e+00
2.774074383996322224e-03 -7.663650974363278578e-04 8.546033839340327898e-04 -2.339061222078164803e-03 4.880178655759959128e-03 -6.209630571321955728e-03 0.000000000000000000e+00
3.038691932860632106e-03 -8.176204557555910579e-04 8.957146805967930447e-04 -2.400411129901414142e-03 5.528286650664071544e-03 -6.578132225038668679e-03 0.000000000000000000e+00
2.834681922609494364e-03 -7.422589389180223041e-04 7.996097345386310451e-04 -2.091494366860402465e-03 5.321166142023159296e-03 -5.930588397222269492e-03 0.000000000000000000e+00
3.102078237196145838e-03 -7.898251030774017245e-04 8.371884713631594366e-04 -2.129897906772093563e-03 5.996333445930090988e-03 -6.265945143718809618e-03 0.000000000000000000e+00
2.891438238145818684e-03 -7.154055944377790688e-04 7.463544242831687825e-04 -1.839557035826722142e-03 5.745132169455047233e-03 -5.632388399402721291e-03 0.000000000000000000e+00
3.161612121453036273e-03 -7.595027226959816247e-04 7.804726930442651422e-04 -1.855193144186806364e-03 6.446096717621863093e-03 -5.932813671710057690e-03 0.000000000000000000e+00
2.944294571800509797e-03 -6.859363203631507755e-04 6.950934846171041848e-04 -1.585569919307694420e-03 6.149852486136531127e-03 -5.316682040360731776e-03 0.000000000000000000e+00
3.216623653335040633e-03 -7.259832008648658963e-04 7.261040774240445916e-04 -1.580260001465383368e-03 6.872808327141211038e-03 -5.582087372753452570e-03 0.000000000000000000e+00
2.993292574788045113e-03 -6.539259306486688850e-04 6.458370889129705361e-04 -1.331949377854080296e-03 6.533597570422600143e-03 -4.984417932076379287e-03 0.000000000000000000e+00
3.267768774301391121e-03 -6.901937594286366995e-04 6.737969337513305401e-04 -1.306337933026924247e-03 7.277013500730511453e-03 -5.213346394875806311e-03 0.000000000000000000e+00
3.038430503860142795e-03 -6.195356775763050106e-04 5.987334866625615426e-04 -1.081055758675120160e-03 6.894534239995753211e-03 -4.637202706440746169e-03 0.000000000000000000e+00
3.314455015390821435e-03 -6.515284234044627087e-04 6.240499027818646738e-04 -1.037368367251545465e-03 7.654474279509937418e-03 -4.830299141431293464e-03 0.000000000000000000e+00
3.337304982317004787e-03 -6.307550382506355025e-04 5.989446554805211154e-04 -8.994525529342212167e-04 7.840951943021590154e-03 -4.624481792710355421e-03 0.000000000000000000e+00
3.099728159194903299e-03 -5.630344597078729141e-04 5.312899083794175858e-04 -7.101697815858898366e-04 7.396038468924448495e-03 -4.083873718915054241e-03 0.000000000000000000e+00
3.117258031829286957e-03 -5.442282260553210627e-04 5.110891246125903731e-04 -5.967800641357712266e-04 7.541879109302485062e-03 -3.903546905796417832e-03 0.000000000000000000e+00
3.395750700290758872e-03 -5.677606320274863894e-04 5.314996142659900169e-04 -5.212419168092452537e-04 8.327483167754223814e-03 -4.022768343920013479e-03 0.000000000000000000e+00
3.151002693801197019e-03 -5.036648658078846097e-04 4.706028999596212348e-04 -3.677425717310001119e-04 7.825535469061950522e-03 -3.519985748294374162e-03 0.000000000000000000e+00
3.430387593913078459e-03 -5.230501153974942419e-04 4.887328283425251829e-04 -2.786671087449121842e-04 8.620038090620063542e-03 -3.601360001486142437e-03 0.000000000000000000e+00
3.181004144035715075e-03 -4.614137493519909761e-04 4.323063919036973513e-04 -1.501048221950185280e-04 8.080893400430610995e-03 -3.127138077419377993e-03 0.000000000000000000e+00
3.460779003576303081e-03 -4.763171121314746514e-04 4.486024560788060001e-04 -5.023182433028239302e-05 8.880537032126767372e-03 -3.172351935030626180e-03 0.000000000000000000e+00
3.207307941260728601e-03 -4.177219226723649648e-04 3.962367516500420184e-04 5.430732137945426530e-05 8.306976504329988131e-03 -2.726739398300370709e-03 0.000000000000000000e+00
3.487374196643550084e-03 -4.284367776614395051e-04 4.105824034451033278e-04 1.637478340485998274e-04 9.109584014446614475e-03 -2.734077392169353971e-03 0.000000000000000000e+00
3.229947997706893170e-03 -3.727991866133151255e-04 3.623284556350803154e-04 2.438816496885820584e-04 8.502907655018709931e-03 -2.320013869932857631e-03 0.000000000000000000e+00
3.509862431915096448e-03 -3.790067207375125147e-04 3.750161606964896865e-04 3.602202509833674071e-04 9.304965885491345290e-03 -2.291072452191844633e-03 0.000000000000000000e+00
3.248977432829487644e-03 -3.268713459097238871e-04 3.304866726647481823e-04 4.172682623408974223e-04 8.668033921441331557e-03 -1.908232600035919546e-03 0.000000000000000000e+00
3.528601857286782495e-03 -3.289730036079296926e-04 3.415134270205733014e-04 5.390981115915849387e-04 9.467123722127990249e-03 -1.842100674728452958e-03 0.000000000000000000e+00
3.264432787224706700e-03 -2.801713255749238574e-04 3.005971967618148444e-04 5.733077900051952724e-04 8.801740429842830338e-03 -1.492646161934008120e-03 0.000000000000000000e+00
3.543379041157063147e-03 -2.779278116903649565e-04 3.102908578415664032e-04 6.980438565706847953e-04 9.594626496552738359e-03 -1.391311305021680766e-03 0.000000000000000000e+00
3.276375126454976472e-03 -2.329858202044787774e-04 2.726271973337857091e-04 7.110916799888400419e-04 8.903662062868189508e-03 -1.074851155787648338e-03 0.000000000000000000e+00
3.554473838683347431e-03 -2.267961307082511091e-04 2.808636789657925625e-04 8.374422872270415041e-04 9.687786197482672890e-03 -9.371095472388013548e-04 0.000000000000000000e+00
3.284846442125087529e-03 -1.855395857164321427e-04 2.463964637878512942e-04 8.299151617636724154e-04 8.973464870177139119e-03 -6.558037182311515778e-04 0.000000000000000000e+00
3.561766183948142372e-03 -1.752178765600242993e-04 2.534571528134410556e-04 9.554720901956414991e-04 9.745919549144943517e-03 -4.838840774170627412e-04 0.000000000000000000e+00
3.564149726863606593e-03 -1.486948636576224114e-04 2.397781463708559269e-04 1.008978961804629648e-03 9.762382239514977300e-03 -2.473578326847025721e-04 0.000000000000000000e+00
3.291219920916514663e-03 -1.135709067653367654e-04 2.096815929686912661e-04 9.735296773714097185e-04 9.017867509292454287e-03 -1.974634475532255351e-05 0.000000000000000000e+00
3.291626864818660014e-03 -9.097792189341480373e-05 1.987385746978764800e-04 1.009534487782737244e-03 9.016403625984104053e-03 1.806058940383437061e-04 0.000000000000000000e+00
3.565514963154018876e-03 -7.318114534587971676e-05 2.034487907102144888e-04 1.128925614710674097e-03 9.757637528598817056e-03 4.201625210655812737e-04 0.000000000000000000e+00
3.290059264073708772e-03 -4.440186085910569069e-05 1.770061691796498415e-04 1.070270739342404909e-03 8.989673446705648274e-03 5.954471653453197177e-04 0.000000000000000000e+00
3.562063020353856482e-03 -2.329287490426823481e-05 1.804790793275556915e-04 1.184587115664825774e-03 9.711255088884040987e-03 8.684739350934833624e-04 0.000000000000000000e+00
3.285268017327996719e-03 1.343617091337234726e-06 1.564546655921372764e-04 1.111949096253006530e-03 8.931085948225891968e-03 1.006408045088225123e-03 0.000000000000000000e+00
3.555168747779660719e-03 2.588505594861012504e-05 1.588271072981706222e-04 1.219549896867455629e-03 9.630880953126030875e-03 1.310493772200604923e-03 0.000000000000000000e+00
3.277334302796570606e-03 4.599317460740603991e-05 1.368971250528816519e-04 1.135362614471446818e-03 8.841100682581704007e-03 1.412257578079056941e-03 0.000000000000000000e+00
3.544868899059182201e-03 7.337302985160887303e-05 1.380503173767366754e-04 1.235486596471879750e-03 9.516321883762834943e-03 1.747494350540002017e-03 0.000000000000000000e+00
3.538248379882880275e-03 9.771931315954995867e-05 1.276371356143668478e-04 1.236093596184595356e-03 9.444004579145737210e-03 1.970939597319532055e-03 0.000000000000000000e+00
3.259397536064969139e-03 1.111356766779203475e-04 1.087143478769592164e-04 1.137759437248142547e-03 8.645346023738120778e-03 2.016309424623052848e-03 0.000000000000000000e+00
3.252295417483480611e-03 1.309151139436692812e-04 1.000423303516018159e-04 1.130734162212654326e-03 8.569058916995775377e-03 2.203378048393656030e-03 0.000000000000000000e+00
3.514501074268216313e-03 1.635180553918313962e-04 9.877081820158783998e-05 1.213146904864181863e-03 9.189045000149054232e-03 2.595683018409733478e-03 0.000000000000000000e+00
3.235342920543133466e-03 1.706539640511650635e-04 8.237049137571617052e-05 1.105244963601315078e-03 8.388490695542927256e-03 2.585907015954624910e-03 0.000000000000000000e+00
3.494646171252269867e-03 2.056152865207716562e-04 7.983115509416216504e-05 1.177877492596124398e-03 8.978314935060183188e-03 3.003951653181236026e-03 0.000000000000000000e+00
3.215544174935042882e-03 2.082280478227227505e-04 6.494155617664532087e-05 1.066272438664306321e-03 8.179483317992453095e-03 2.957817243944393937e-03 0.000000000000000000e+00
3.471616750784018574e-03 2.448527108176168365e-04 6.095752415155586412e-05 1.129206291372142346e-03 8.736438050346961859e-03 3.401055279554032751e-03 0.000000000000000000e+00
3.192972159403825727e-03 2.433889025790780813e-04 4.754396774739322318e-05 1.015588848373383257e-03 7.943073238795950175e-03 3.317714145843808637e-03 0.000000000000000000e+00
3.445760657758790979e-03 2.817263952925586068e-04 4.209505637967070335e-05 1.068561728520656118e-03 8.466477011508377615e-03 3.783272033907714160e-03 0.000000000000000000e+00
3.167712021753366081e-03 2.758695104957964439e-04 3.003515974603354621e-05 9.551357252988168511e-04 7.680571623756016209e-03 3.663869466389968466e-03 0.000000000000000000e+00
3.416873742388824853e-03 3.152017284828445565e-04 2.285071357102652634e-05 9.987028021711807924e-04 8.167855773416388132e-03 4.151065420475053003e-03 0.000000000000000000e+00
3.400870879502720934e-03 3.316383479321227679e-04 1.273944719804021020e-05 9.591401839212920777e-04 8.003008298473002213e-03 4.334932268219127138e-03 0.000000000000000000e+00
3.124300931376278179e-03 3.196466772316663985e-04 2.599526884722314080e-06 8.490543521810778316e-04 7.234424884413392931e-03 4.161038107413528309e-03 0.000000000000000000e+00
3.109378328190109952e-03 3.319423525114384432e-04 -6.324703787641272612e-06 8.130788236329067331e-04 7.082518680879168471e-03 4.309820248614926186e-03 0.000000000000000000e+00
3.350924932786061849e-03 3.725078929777136949e-04 -1.720506820712675022e-05 8.393931435346502212e-04 7.495078118706199888e-03 4.832552389388844460e-03 0.000000000000000000e+00
3.076438521485036492e-03 3.551024373413536050e-04 -2.557895899241158233e-05 7.359069182424349265e-04 6.750015622085658862e-03 4.606723188890438081e-03 0.000000000000000000e+00
3.314053968238375725e-03 3.959008574528355417e-04 -3.843977966461187279e-05 7.548000278392308360e-04 7.124604874281459388e-03 5.143157479251314612e-03 0.000000000000000000e+00
3.041092615311200009e-03 3.746995947259412763e-04 -4.569895115635880245e-05 6.578022194476673690e-04 6.397659706466107821e-03 4.883819179425596957e-03 0.000000000000000000e+00
3.274340550756885126e-03 4.149393557244807074e-04 -6.092778729532843940e-05 6.706631056525580448e-04 6.732002336747644478e-03 5.432818707703290784e-03 0.000000000000000000e+00
3.003382761983669491e-03 3.905985632244590722e-04 -6.699698649881291601e-05 5.808823757780245955e-04 6.027103288338775400e-03 5.140287737002591228e-03 0.000000000000000000e+00
3.232353739316448649e-03 4.302910747328581031e-04 -8.458507137948378940e-05 5.888163548934954861e-04 6.322284615395190599e-03 5.698413975844918156e-03 0.000000000000000000e+00
2.963347297932614199e-03 4.025980575578791409e-04 -8.955608065946973895e-05 5.075111334154058795e-04 5.640341871043119681e-03 5.374582231668423304e-03 0.000000000000000000e+00
3.187591586712501535e-03 4.408903142208986381e-04 -1.098582260889990891e-04 5.124516188228511737e-04 5.894508223275529701e-03 5.940130987313718691e-03 0.000000000000000000e+00
3.163577323787858386e-03 4.450208031434865763e-04 -1.235897701003518812e-04 4.750678551506126723e-04 5.667506724607473956e-03 6.055392062822573251e-03 0.000000000000000000e+00
2.898124603010740485e-03 4.130743424815008780e-04 -1.267478174704628202e-04 4.076528133873935644e-04 5.025858318494336174e-03 5.686158672040253492e-03 0.000000000000000000e+00
2.876450770292110493e-03 4.143601290614029597e-04 -1.392569862257442281e-04 3.800776460103350018e-04 4.826205549890882907e-03 5.772791088738848941e-03 0.000000000000000000e+00
3.091013661694577697e-03 4.490862465403311354e-04 -1.655011826064978209e-04 3.832610625860155551e-04 4.999927650328306328e-03 6.345235080218891710e-03 0.000000000000000000e+00
2.829623017810006802e-03 4.138739058103246826e-04 -1.666843758929559272e-04 3.298470572072886853e-04 4.402989014903102571e-03 5.935039264424180061e-03 0.000000000000000000e+00
3.039270505279717538e-03 4.464562161698715226e-04 -1.961403235026248915e-04 3.346114616142870091e-04 4.537847997288402269e-03 6.507086902222791736e-03 0.000000000000000000e+00
2.780576536340131910e-03 4.090227730932372019e-04 -1.959919428687340037e-04 2.910871746664156490e-04 3.971930615659147179e-03 6.071968830084095714e-03 0.000000000000000000e+00
2.984715039979948803e-03 4.385422675568517725e-04 -2.290427626776003756e-04 2.995993064773827541e-04 4.066483158198685999e-03 6.641785257929022634e-03 0.000000000000000000e+00
2.955681957440683960e-03 4.329328175239899323e-04 -2.469400358656170802e-04 2.865742956599248714e-04 3.820597455551411059e-03 6.700770033852165852e-03 0.000000000000000000e+00
2.701722856865054756e-03 3.931423573190484522e-04 -2.444060883549092900e-04 2.570467590761182919e-04 3.306383612324381716e-03 6.231204616471863744e-03 0.000000000000000000e+00
2.897399243263432123e-03 4.176532760311046921e-04 -2.832578463653478984e-04 2.743420362278925495e-04 3.342395120363494954e-03 6.793370442394142117e-03 0.000000000000000000e+00
2.646965426137681821e-03 3.770529383738674412e-04 -2.789474679991688078e-04 2.527674171473037745e-04 2.864763153621385783e-03 6.304058773968890250e-03 0.000000000000000000e+00
2.619867982214946212e-03 3.677429830501732777e-04 -2.963244133986076001e-04 2.561519854209493019e-04 2.652480704300241854e-03 6.330191848730848392e-03 0.000000000000000000e+00
2.807065070126790740e-03 3.868272202791345205e-04 -3.412019256250897747e-04 2.852416653924549905e-04 2.634449847080055918e-03 6.880705992136526561e-03 0.000000000000000000e+00
2.773720484040467782e-03 3.730967696323750360e-04 -3.628903869345168065e-04 2.984610761895822861e-04 2.384914513103630895e-03 6.897643108494833086e-03 0.000000000000000000e+00
2.530430392332333467e-03 3.314740612475608472e-04 -3.547377726738354387e-04 2.907285041500173861e-04 1.981788218919255939e-03 6.376150636757227375e-03 0.000000000000000000e+00
2.501034936623208749e-03 3.179292411591982948e-04 -3.742968213137909395e-04 3.093212051155092013e-04 1.771164004874314912e-03 6.379674705619287067e-03 0.000000000000000000e+00
2.675736727781596880e-03 3.280908204577048792e-04 -4.280870470211306511e-04 3.601205070555835164e-04 1.682807179089529370e-03 6.909011197034242713e-03 0.000000000000000000e+00
2.437955006034081551e-03 2.864861165317589276e-04 -4.167057602207369094e-04 3.598170590191074325e-04 1.335742987127908066e-03 6.370383181275585116e-03 0.000000000000000000e+00
2.605798714074014644e-03 2.914275435366708855e-04 -4.753344155173921948e-04 4.239088809532276514e-04 1.213054749709563396e-03 6.887401149875849171e-03 0.000000000000000000e+00
2.372317424812281361e-03 2.508256336108127815e-04 -4.613902088365651188e-04 4.261086510171097075e-04 9.060075122766519939e-04 6.340348309767485091e-03 0.000000000000000000e+00
2.533522551757844132e-03 2.509024010921290238e-04 -5.249239308410258431e-04 5.037901233455599481e-04 7.520788422308299914e-04 6.844635947049759750e-03 0.000000000000000000e+00
2.304056608841864584e-03 2.111318706227438557e-04 -5.083528020970451422e-04 5.077386596417099440e-04 4.834610213224621589e-04 6.291442331165075785e-03 0.000000000000000000e+00
2.457886408592457883e-03 2.054813452309067756e-04 -5.770508823440267943e-04 6.005074353403472287e-04 2.979465588790475294e-04 6.781990309691732222e-03 0.000000000000000000e+00
2.233079210751331978e-03 1.675808125391475834e-04 -5.574862622203524687e-04 6.040999913743405614e-04 6.950765746172038462e-05 6.225508474623442368e-03 0.000000000000000000e+00
2.379729234975702656e-03 1.566371891388029791e-04 -6.314002704650711895e-04 7.119668546673452170e-04 -1.445433101547877186e-04 6.702529705308712948e-03 0.000000000000000000e+00
2.159301634292953853e-03 1.204446575309436884e-04 -6.087754833386527231e-04 7.139488266343363421e-04 -3.347606553485427128e-04 6.144908908828572436e-03 0.000000000000000000e+00
2.298001605902239008e-03 1.034106223537778479e-04 -6.881127799059916228e-04 8.383948592536327737e-04 -5.775537179020240330e-04 6.607771474622659014e-03 0.000000000000000000e+00
2.254652138715368404e-03 7.484052822334663624e-05 -7.183338596556954059e-04 9.088883103158806875e-04 -7.966355122288604207e-04 6.553835739024904683e-03 0.000000000000000000e+00
2.041617724279964907e-03 4.253714618338011455e-05 -6.904978309925646762e-04 9.048160575053643129e-04 -9.280828970910093290e-04 5.998980783262553018e-03 0.000000000000000000e+00
2.003039429649022818e-03 1.656083577467049039e-05 -7.172211840000830563e-04 9.704838067037258043e-04 -1.109842859803755744e-03 5.948415829056585835e-03 0.000000000000000000e+00
2.125465474082516293e-03 -1.226040190069332958e-05 -8.076000573336017396e-04 1.128490351384847656e-03 -1.404426525723589947e-03 6.384641973619764599e-03 0.000000000000000000e+00
1.920384414228454295e-03 -3.950044640180228050e-05 -7.740867923844152454e-04 1.114656981192396756e-03 -1.479081929219194791e-03 5.837288361501880019e-03 0.000000000000000000e+00
2.034551337971091112e-03 -7.387773973713263054e-05 -8.700338661020989850e-04 1.289049927876817492e-03 -1.796716859177038828e-03 6.261562108339280286e-03 0.000000000000000000e+00
1.834700320437920862e-03 -9.769413258539638711e-05 -8.324904464944993254e-04 1.267583545923933741e-03 -1.835277366504683982e-03 5.721067206215124656e-03 0.000000000000000000e+00
1.939739978971288803e-03 -1.382295613928663514e-04 -9.341636768289973691e-04 1.459306835029039462e-03 -2.176318672304056179e-03 6.133656269114773352e-03 0.000000000000000000e+00
1.745869817416895176e-03 -1.575722834474824197e-04 -8.923065368561799993e-04 1.427978607947189005e-03 -2.178308291657327089e-03 5.602326227466480901e-03 0.000000000000000000e+00
1.842164423385417305e-03 -2.035202096608013100e-04 -9.994158508752348791e-04 1.636050809896261171e-03 -2.539358139062475317e-03 6.004383980530381137e-03 0.000000000000000000e+00
1.653999711078074641e-03 -2.186272461032201520e-04 -9.531483708549448597e-04 1.594184449028368533e-03 -2.507302662726473841e-03 5.482964044237093049e-03 0.000000000000000000e+00
1.740634103665206212e-03 -2.703481820995334850e-04 -1.065998644793508809e-03 1.819461759266616241e-03 -2.889381318012862465e-03 5.875931325224126311e-03 0.000000000000000000e+00
1.559053339865390519e-03 -2.802710021082288616e-04 -1.014872945085121270e-03 1.765166664501549576e-03 -2.822478585624121905e-03 5.365658224359304285e-03 0.000000000000000000e+00
1.636478272249747290e-03 -3.368926209328104715e-04 -1.133089844298801330e-03 2.006276118732941427e-03 -3.222263819638193638e-03 5.750898784433022826e-03 0.000000000000000000e+00
1.580591136318837409e-03 -3.718410943175654015e-04 -1.168340650590765639e-03 2.105347569985482892e-03 -3.390677848805090377e-03 5.687762468889356882e-03 0.000000000000000000e+00
1.409102667110306850e-03 -3.736856583872738558e-04 -1.109694840356556522e-03 2.031247696620219756e-03 -3.274583534094155368e-03 5.195928772553148889e-03 0.000000000000000000e+00
1.471678516256735847e-03 -4.375329722953180678e-04 -1.236057781126342903e-03 2.296279081316576764e-03 -3.700581289708182453e-03 5.572162527850199609e-03 0.000000000000000000e+00
1.306930856557114717e-03 -4.339554175807613934e-04 -1.172337901471781629e-03 2.208520562771099094e-03 -3.554510319392356621e-03 5.093051716559049424e-03 0.000000000000000000e+00
1.359309570623162822e-03 -5.022473012051831276e-04 -1.303911130033558186e-03 2.488959372502819178e-03 -3.996848926979268413e-03 5.465023982281547177e-03 0.000000000000000000e+00
1.202214933058998181e-03 -4.924838689449873019e-04 -1.234737702648092128e-03 2.386211547580785464e-03 -3.820379135580420638e-03 4.998952446179760756e-03 0.000000000000000000e+00
1.151152006730937760e-03 -5.197188927876794651e-04 -1.264502197090622282e-03 2.471454711951537320e-03 -3.943020195329882682e-03 4.957416742705778034e-03 0.000000000000000000e+00
1.188989944480134398e-03 -5.928721117281487984e-04 -1.403323877147366616e-03 2.772893691125766225e-03 -4.406296461677783327e-03 5.326948595476999060e-03 0.000000000000000000e+00
1.043191828514061781e-03 -5.742359103166339018e-04 -1.326033230569456656e-03 2.647948841683955834e-03 -4.188770284551779355e-03 4.879610430231107188e-03 0.000000000000000000e+00
1.070749753392802317e-03 -6.502832636091360197e-04 -1.469510805734874914e-03 2.963756751861446048e-03 -4.665859980264475126e-03 5.249148766159894564e-03 0.000000000000000000e+00
9.334892392203475442e-04 -6.250825464240439278e-04 -1.386498101823729900e-03 2.822647358247110105e-03 -4.421109671171041811e-03 4.814347977900812481e-03 0.000000000000000000e+00
9.514292723377393290e-04 -7.028178828344666673e-04 -1.534253527119250338e-03 3.151220673910160031e-03 -4.909934488608769243e-03 5.185976877568609922e-03 0.000000000000000000e+00
8.224820686633382838e-04 -6.714498996015227927e-04 -1.445597022588673841e-03 2.994642759003518506e-03 -4.640614279040278234e-03 4.762971452775932590e-03 0.000000000000000000e+00
8.304045617511524036e-04 -7.505332999893643553e-04 -1.597383976154970187e-03 3.336483940882040145e-03 -5.141195932790942891e-03 5.137774131060535154e-03 0.000000000000000000e+00
7.107015411152717288e-04 -7.125395408512091855e-04 -1.502920206438052020e-03 3.163470674594215382e-03 -4.847427880102284092e-03 4.726167441120310286e-03 0.000000000000000000e+00
7.094106845474679179e-04 -7.916879981631486096e-04 -1.658305981730140433e-03 3.516867736967910218e-03 -5.358004336754706998e-03 5.106183754158166721e-03 0.000000000000000000e+00
5.987608779994268993e-04 -7.475703442081094163e-04 -1.558088865881684937e-03 3.328434675498925799e-03 -5.041962804458677283e-03 4.704574591095855851e-03 0.000000000000000000e+00
5.880011806852492029e-04 -8.261672978376877197e-04 -1.716905508423072213e-03 3.693578016540577380e-03 -5.563203928945270604e-03 5.091511020765437934e-03 0.000000000000000000e+00
4.872842191150916769e-04 -7.757437823897872509e-04 -1.610785309107076735e-03 3.489124315473546289e-03 -5.224959436917586686e-03 4.698863161543442857e-03 0.000000000000000000e+00
4.681107043172927362e-04 -8.525038925152883529e-04 -1.772428187622132612e-03 3.864614747733696731e-03 -5.754690885570568071e-03 5.093949716612478085e-03 0.000000000000000000e+00
3.770628558225908034e-04 -7.962936011785270995e-04 -1.660644309836062371e-03 3.644831979503493358e-03 -5.396849890507482428e-03 4.709193033282321750e-03 0.000000000000000000e+00
3.494418486859607320e-04 -8.704217887861576131e-04 -1.824811687392763337e-03 4.030945661535945135e-03 -5.935773220386408866e-03 5.113988099847421864e-03 0.000000000000000000e+00
2.689361668180290099e-04 -8.084340110969534532e-04 -1.707293980531543465e-03 3.795404456698570073e-03 -5.558292204577597317e-03 4.735692162753935008e-03 0.000000000000000000e+00
2.340180613747966376e-04 -8.786930200040399264e-04 -1.873391244204047901e-03 4.190842669776984053e-03 -6.104728681049387262e-03 5.151197332085466485e-03 0.000000000000000000e+00
1.637503317473143483e-04 -8.115166265367790288e-04 -1.750410728679707706e-03 3.940417612241731149e-03 -5.710121796173250885e-03 4.778163250289679809e-03 0.000000000000000000e+00
1.218130676616524521e-04 -8.769234332877129390e-04 -1.918082362701856169e-03 4.345268703309201896e-03 -6.264839003037980802e-03 5.205796123164407874e-03 0.000000000000000000e+00
6.564417772766950598e-05 -8.716781476802160089e-04 -1.939521972888880175e-03 4.422491548023543828e-03 -6.343567355247436979e-03 5.240514680671104486e-03 0.000000000000000000e+00
1.166460607049391029e-05 -7.973929794206080501e-04 -1.808379561405670799e-03 4.149751415503999397e-03 -5.924342080834144042e-03 4.872322213074653519e-03 0.000000000000000000e+00
-3.391758755336149456e-05 -7.879416362371605143e-04 -1.824634328679686224e-03 4.212816976627564713e-03 -5.988242520079900544e-03 4.909101348455013891e-03 0.000000000000000000e+00
-8.669779640549379884e-05 -8.400028929273772871e-04 -1.993838938500053226e-03 4.633676341022407996e-03 -6.557934524817454758e-03 5.363681967514910554e-03 0.000000000000000000e+00
-1.243650704251531014e-04 -7.601057067493921515e-04 -1.855135862125351087e-03 4.339646585674650225e-03 -6.116783805797609830e-03 4.996311176659329334e-03 0.000000000000000000e+00
-1.808493723336190850e-04 -8.038312374237244207e-04 -2.024276607897723679e-03 4.767254425053657485e-03 -6.693484004125060949e-03 5.465090709741549091e-03 0.000000000000000000e+00
-2.078390022240972357e-04 -7.209686885793764599e-04 -1.880830893968871154e-03 4.459876287159048047e-03 -6.239852344715579591e-03 5.096509602537047101e-03 0.000000000000000000e+00
-2.672138787667976967e-04 -7.550058205936793776e-04 -2.049450610670633388e-03 4.893918267747210393e-03 -6.825114975337776002e-03 5.580640702572914336e-03 0.000000000000000000e+00
-2.832550496673080787e-04 -6.700580545492829110e-04 -1.901430988247992948e-03 4.573306848238978262e-03 -6.359081968277280339e-03 5.208613520661042884e-03 0.000000000000000000e+00
-3.440061413410855362e-04 -6.934655123960464795e-04 -2.068925184111752857e-03 5.012808769545351595e-03 -6.952384201068362302e-03 5.707626681915378697e-03 0.000000000000000000e+00
-3.495904200979671472e-04 -6.070244790164491810e-04 -1.916763527936182765e-03 4.679294923429999642e-03 -6.476300339068430389e-03 5.331215679458711776e-03 0.000000000000000000e+00
-4.106627258391171154e-04 -6.183662205873907691e-04 -2.082519708100388778e-03 5.123952834272138546e-03 -7.079441073409853402e-03 5.845584188380659185e-03 0.000000000000000000e+00
-4.058415028728168394e-04 -5.316157225959405874e-04 -1.926507360644369449e-03 4.778169876630933288e-03 -6.593255639061545992e-03 5.462307335243554718e-03 0.000000000000000000e+00
-4.656759310505409477e-04 -5.300579702758323464e-04 -2.089982882376772988e-03 5.226802016885301327e-03 -7.206504357805787464e-03 5.991181312959614758e-03 0.000000000000000000e+00
-4.510817549266410431e-04 -4.435775948926357071e-04 -1.930496778963508575e-03 4.869245095799001888e-03 -6.712406778088819692e-03 5.600114017903390362e-03 0.000000000000000000e+00
-5.083553920885719446e-04 -4.274938232561587004e-04 -2.091059287007257517e-03 5.321048999768152044e-03 -7.338097421590195069e-03 6.143396843015125341e-03 0.000000000000000000e+00
-4.844055480614783971e-04 -3.426939114830607203e-04 -1.928496467588608487e-03 4.952210625232211783e-03 -6.836118166122062689e-03 5.742189653175966413e-03 0.000000000000000000e+00
-5.377172427952769951e-04 -3.114724155734993616e-04 -2.085658654796457290e-03 5.406480838196614513e-03 -7.475391185422619600e-03 6.298369393993752396e-03 0.000000000000000000e+00
-5.051037156801052586e-04 -2.288341154922102216e-04 -1.920383162961669665e-03 5.026848807773376393e-03 -6.967252116051536603e-03 5.885947085801479517e-03 0.000000000000000000e+00
-5.529982694136847954e-04 -1.806668311632453339e-04 -2.073441354218719113e-03 5.482507915183454372e-03 -7.623408943785658920e-03 6.454366859166338344e-03 0.000000000000000000e+00
-5.552575492836220317e-04 -1.075585849568405639e-04 -2.064417705071042164e-03 5.518354623841315032e-03 -7.704440130638090523e-03 6.533738370862351985e-03 0.000000000000000000e+00
-5.109937900919514497e-04 -3.049491526302405831e-05 -1.895913634908347190e-03 5.123139574935375862e-03 -7.188191959746070836e-03 6.101150938988997297e-03 0.000000000000000000e+00
-5.062788309142807197e-04 3.851418619979507518e-05 -1.885132244940995738e-03 5.149213010823494585e-03 -7.265044167800827069e-03 6.166596749611397144e-03 0.000000000000000000e+00
-5.393266278326813712e-04 1.234480929063475063e-04 -2.028235835420666433e-03 5.605003912719119796e-03 -7.962319535648632041e-03 6.752349162635784552e-03 0.000000000000000000e+00
-5.260467073687213890e-04 2.115963881737237262e-04 -2.011876146689017819e-03 5.630026189394676805e-03 -8.062525394378461385e-03 6.823373700559631772e-03 0.000000000000000000e+00
-4.700737633323293085e-04 2.776605058405767767e-04 -1.840839608558353380e-03 5.216424274379072301e-03 -7.537788318245475239e-03 6.358989642437862244e-03 0.000000000000000000e+00
-4.519711499613998651e-04 3.597407593699530892e-04 -1.823644232803012244e-03 5.232961154439941254e-03 -7.634788938194247976e-03 6.413194024072144117e-03 0.000000000000000000e+00
-4.654199292834504398e-04 4.863916453923811112e-04 -1.954361956295058711e-03 5.684187478820934558e-03 -8.387970947248302167e-03 7.004362203572256362e-03 0.000000000000000000e+00
-4.042031210127750018e-04 5.411579819236678190e-04 -1.782830556355613494e-03 5.258807897263295672e-03 -7.857348843857359100e-03 6.512735982648898414e-03 0.000000000000000000e+00
-4.067524173849701441e-04 6.899647325284974375e-04 -1.906503301797188299e-03 5.706745010738867308e-03 -8.644414123545995920e-03 7.099875983378911570e-03 0.000000000000000000e+00
-3.433687803261753491e-04 7.367725573553807195e-04 -1.735123692362353087e-03 5.273403892307459984e-03 -8.110703469736968430e-03 6.588787239040438948e-03 0.000000000000000000e+00
0.000000000000000000e+00 0.000000000000000000e+00 0.000000000000000000e+00 0.000000000000000000e+00 0.000000000000000000e+00 0.000000000000000000e+00 0.000000000000000000e+00
