-2.090517525383563668e-01 -1.470941414562580984e-01 1.013030486201503821e-01 2.352401970547415733e+00 -8.121421735284961585e-03 3.133034746037893115e+00 -7.827726194577664387e-01 6.955189400312823400e-01 -8.079364957028101202e-03 3.625415287384508873e-04 8.715620107268446937e-01 -1.363931060314464011e-03 0.000000000000000000e+00
-2.098582956079549366e-01 -1.487154484793868359e-01 1.028944659928401756e-01 2.349129357015461217e+00 -1.505178279625996041e-02 3.125663038119865789e+00 -7.806121966024668346e-01 6.929362729851507030e-01 -1.456349642109833198e-02 6.728840598140479242e-04 8.705141899959529805e-01 -2.587269321390386206e-03 0.000000000000000000e+00
-2.106880517992096580e-01 -1.504087423282463309e-01 1.046602988999155159e-01 2.345558695614595734e+00 -2.252136424104334012e-02 3.117648584411657264e+00 -7.783541023141886672e-01 6.897830902544969112e-01 -2.112645745343533221e-02 1.008069735674597305e-03 8.692790158823742175e-01 -3.960015210846119967e-03 0.000000000000000000e+00
-2.114128778037348000e-01 -1.519163178838393580e-01 1.063270018732440925e-01 2.342237305793505087e+00 -2.937989297113441367e-02 3.110227499907781024e+00 -7.763334288370909997e-01 6.865554055923481780e-01 -2.676969580331300946e-02 1.316143183281378876e-03 8.680499004602754143e-01 -5.260694504788087852e-03 0.000000000000000000e+00
-2.121527473295304611e-01 -1.534921803031706611e-01 1.081704044925436980e-01 2.338609540844267087e+00 -3.676878707546249458e-02 3.102166128027038283e+00 -7.742004365410193323e-01 6.827249144174598605e-01 -3.244302787350861195e-02 1.648029101122333237e-03 8.666252424351374994e-01 -6.695300372864993604e-03 0.000000000000000000e+00
-2.127928998144445749e-01 -1.548960054128259711e-01 1.099052055971952990e-01 2.335232244525140999e+00 -4.354943447788306443e-02 3.094707337774562195e+00 -7.722724410698565967e-01 6.788877653398464052e-01 -3.727946157114714332e-02 1.952287973582780617e-03 8.652265502306279998e-01 -8.033711509981745005e-03 0.000000000000000000e+00
-2.134391013012129912e-01 -1.563645405303703273e-01 1.118185235357230245e-01 2.331540695010372755e+00 -5.084972705996193554e-02 3.086610361140611491e+00 -7.702156151809609330e-01 6.744141873407313303e-01 -4.209458998006487818e-02 2.279231048836088437e-03 8.636238598866182725e-01 -9.488584970221723702e-03 0.000000000000000000e+00
-2.139912747779360858e-01 -1.576744806428846957e-01 1.136140972689848733e-01 2.328101367700031954e+00 -5.754427237702319786e-02 3.079122692346238033e+00 -7.683356231884468368e-01 6.700027275740423338e-01 -4.615830748741700518e-02 2.578233299035531667e-03 8.620671090714123741e-01 -1.082707621023063817e-02 0.000000000000000000e+00
-2.145404973495594614e-01 -1.590467589816854932e-01 1.155891626220854201e-01 2.324339662681567997e+00 -6.474604708620379512e-02 3.070998073468778511e+00 -7.663076925973787423e-01 6.649275414846783638e-01 -5.015704386417074723e-02 2.898765802246909291e-03 8.602998353720358038e-01 -1.226260118097281110e-02 0.000000000000000000e+00
-2.150011958778369203e-01 -1.602723737184270913e-01 1.174381101213855944e-01 2.320833303364543632e+00 -7.134417461594289023e-02 3.063487879129067171e+00 -7.644337592963444949e-01 6.599761923860030244e-01 -5.348160101097132468e-02 3.191179329491658067e-03 8.585962778017394159e-01 -1.356567862026747569e-02 0.000000000000000000e+00
-2.154491380887103846e-01 -1.615581562145757544e-01 1.194670361670001624e-01 2.316996752895644995e+00 -7.843490625504578873e-02 3.055341608359062544e+00 -7.623905155290083835e-01 6.543327542990433621e-01 -5.669510434031543866e-02 3.503868511203562380e-03 8.566755394445469962e-01 -1.494419841981704279e-02 0.000000000000000000e+00
-2.158147642050054771e-01 -1.627087492366018628e-01 1.213618987748151801e-01 2.313419280468739903e+00 -8.492428082232539310e-02 3.047813127088777385e+00 -7.604829598192119899e-01 6.488754711722802826e-01 -5.931379064019015601e-02 3.788460303117829886e-03 8.548362938167110014e-01 -1.617826149587852855e-02 0.000000000000000000e+00
-2.161580164392219172e-01 -1.639183135917884893e-01 1.234364676940817307e-01 2.309503815854219155e+00 -9.189000819203396730e-02 3.039648329547880667e+00 -7.583830572996845820e-01 6.427036619250489080e-01 -6.178267412874816067e-02 4.092079132663952075e-03 8.527748073959079411e-01 -1.746495841387460043e-02 0.000000000000000000e+00
-2.164250280285898720e-01 -1.650028110722999708e-01 1.253698269634663520e-01 2.305852146961662630e+00 -9.825666757484441405e-02 3.032103789438430397e+00 -7.564047280839190091e-01 6.367736011257694173e-01 -6.372824646310548680e-02 4.367720466676356696e-03 8.508106595129473204e-01 -1.859847259462338309e-02 0.000000000000000000e+00
-2.166593404854519345e-01 -1.661453393371000731e-01 1.274821326671602417e-01 2.301855096719144900e+00 -1.050810283067198370e-01 3.023922313145016805e+00 -7.542086188700125593e-01 6.301059778625924812e-01 -6.548353593757694213e-02 4.661039052572812924e-03 8.486192774099754477e-01 -1.975951096135705395e-02 0.000000000000000000e+00
-2.168243126864671522e-01 -1.671723144651411641e-01 1.294465833227472773e-01 2.298127071409275857e+00 -1.113093697416029926e-01 3.016362389495931495e+00 -7.521245621589710550e-01 6.237358962722047151e-01 -6.678848487171573645e-02 4.926696133240671474e-03 8.465408133372233079e-01 -2.076277159766573913e-02 0.000000000000000000e+00
-2.169466158136864053e-01 -1.682571283855303079e-01 1.315886257846991536e-01 2.294046472862176778e+00 -1.179752992115448151e-01 3.008163666198352182e+00 -7.497964267340238020e-01 6.166104756176432611e-01 -6.786959511623336105e-02 5.208713969558404280e-03 8.442316529350427645e-01 -2.176791309149429463e-02 0.000000000000000000e+00
-2.170064079671811530e-01 -1.692347052847555100e-01 1.335769021429624170e-01 2.290241025512788298e+00 -1.240485499267700575e-01 3.000587568470367561e+00 -7.475742185414344654e-01 6.098325309063098443e-01 -6.856627805739812231e-02 5.463451569608288733e-03 8.420492590007501166e-01 -2.261319001851243640e-02 0.000000000000000000e+00
-2.170128542057084553e-01 -1.702701337345458033e-01 1.357408537944637117e-01 2.286076346057880126e+00 -1.305364600884280080e-01 2.992370792738513696e+00 -7.450791029161391021e-01 6.022810710563629710e-01 -6.900356910838922886e-02 5.733132520235688888e-03 8.396327066276122464e-01 -2.343230346841515196e-02 0.000000000000000000e+00
-2.169582677444261143e-01 -1.712832156864310951e-01 1.379131660538799875e-01 2.281867871219069421e+00 -1.369244450623474663e-01 2.984143349402447409e+00 -7.424853171724563605e-01 5.945233493799894076e-01 -6.912261240911576898e-02 5.996109795056656262e-03 8.371650881405720002e-01 -2.414477604201160921e-02 0.000000000000000000e+00
-2.168527314856076860e-01 -1.722002681608868768e-01 1.399240703026163879e-01 2.277944618590145076e+00 -1.427272656014446639e-01 2.976538843641141519e+00 -7.399956610273958901e-01 5.871854750494667208e-01 -6.895563220876765875e-02 6.232664038585644835e-03 8.348440766715407024e-01 -2.470083367464714560e-02 0.000000000000000000e+00
-2.166937540424271613e-01 -1.731015850844219717e-01 1.419387324896043134e-01 2.273984646498900197e+00 -1.484352991230624141e-01 2.968924348752111086e+00 -7.374082002913021627e-01 5.796856805246674016e-01 -6.853085801489999795e-02 6.463122139931872477e-03 8.324841164715670594e-01 -2.515412865931385133e-02 0.000000000000000000e+00
-2.164605271747493120e-01 -1.740620293337464541e-01 1.441237626449432263e-01 2.269653793527183439e+00 -1.545068277415615476e-01 2.960663089084962341e+00 -7.344875115238123087e-01 5.713856060922991587e-01 -6.778730343854988405e-02 6.705706466765017776e-03 8.298858699330584621e-01 -2.552287660174894918e-02 0.000000000000000000e+00
-2.161886865041799388e-01 -1.749354078663434287e-01 1.461413513176751389e-01 2.265618911330708585e+00 -1.600030194905164294e-01 2.953025240330090728e+00 -7.316774770996151700e-01 5.635706264524888987e-01 -6.684853915429700422e-02 6.922983481161304117e-03 8.274518072757532927e-01 -2.574575613725875803e-02 0.000000000000000000e+00
-2.158324474357127543e-01 -1.758689536640836160e-01 1.483259754383173257e-01 2.261208279542138655e+00 -1.658344638315343289e-01 2.944736851219238005e+00 -7.285032553963497470e-01 5.549463787364307121e-01 -6.556649340553288852e-02 7.151008847269583850e-03 8.247786593315862280e-01 -2.585431116059851153e-02 0.000000000000000000e+00
-2.154459525791432017e-01 -1.767204756946589572e-01 1.503399552390169425e-01 2.257101367385945245e+00 -1.710985440704391181e-01 2.937072538593614279e+00 -7.254468119922929947e-01 5.468459748067913129e-01 -6.414449854148518426e-02 7.354526369416677922e-03 8.222799484388193525e-01 -2.582618984396295794e-02 0.000000000000000000e+00
-2.149644043114899705e-01 -1.776334306579887279e-01 1.525172033312027220e-01 2.252614761668269239e+00 -1.766669328466510258e-01 2.928754055856539473e+00 -7.219926920584602836e-01 5.379274810797930462e-01 -6.235392218257040930e-02 7.567319182297813432e-03 8.195416196269726949e-01 -2.565146567050774137e-02 0.000000000000000000e+00
-2.144176066151880500e-01 -1.785378854370012480e-01 1.546880327256466847e-01 2.248090482636246890e+00 -1.820902785559921355e-01 2.920418433589158980e+00 -7.183853737829206665e-01 5.288696374487564800e-01 -6.031407394562404711e-02 7.772063214962566038e-03 8.167736631479987075e-01 -2.532294186350585175e-02 0.000000000000000000e+00
-2.138543045737446024e-01 -1.793665012548397719e-01 1.566845662566132003e-01 2.243882186540614221e+00 -1.869617034576500636e-01 2.912708568424698719e+00 -7.149133440907571302e-01 5.203910313548120170e-01 -5.821536984858721731e-02 7.953744376616962014e-03 8.141943250532297505e-01 -2.487757186367673193e-02 0.000000000000000000e+00
-2.132347307899921107e-01 -1.801902013428378357e-01 1.586727504762062702e-01 2.239644382697446368e+00 -1.916990679320766944e-01 2.904983173681717989e+00 -7.113006994930373139e-01 5.118066311865642204e-01 -5.591732814395777851e-02 8.128336432314973645e-03 8.115938814068219820e-01 -2.429228395748297270e-02 0.000000000000000000e+00
-2.124997396096992008e-01 -1.810781354773297880e-01 1.608156125971281214e-01 2.235022018112358566e+00 -1.966739791389509051e-01 2.896596275424131672e+00 -7.072232001270443158e-01 5.023946537095742571e-01 -5.320995857978316756e-02 8.309364287264458387e-03 8.087552180009064395e-01 -2.349563676808859650e-02 0.000000000000000000e+00
-2.117625974271100664e-01 -1.818946626314063564e-01 1.627822149527683171e-01 2.230727731937667713e+00 -2.011165134299863766e-01 2.888837430751693969e+00 -7.033048246361834899e-01 4.936104831700569573e-01 -5.051830166604021066e-02 8.468949534249602812e-03 8.061172237831284448e-01 -2.260745381919575941e-02 0.000000000000000000e+00
-2.109004029041798567e-01 -1.827768427909997884e-01 1.648988378822101031e-01 2.226047955776951248e+00 -2.057612385609748351e-01 2.880413508339084938e+00 -6.988882382843960572e-01 4.839975701888205584e-01 -4.740160424232020553e-02 8.633618714143816153e-03 8.032427408605513630e-01 -2.147587667202108946e-02 0.000000000000000000e+00
-2.100455526722576904e-01 -1.835898782827899700e-01 1.668385079797758408e-01 2.221704736812797343e+00 -2.098880396801510173e-01 2.872620563337554778e+00 -6.946482860919082070e-01 4.750409599687205331e-01 -4.434536057534543829e-02 8.777936037793591245e-03 8.005758513449461322e-01 -2.027073386092218682e-02 0.000000000000000000e+00
-2.090556078077409619e-01 -1.844701490543604050e-01 1.689231189717661508e-01 2.216976514636321838e+00 -2.141789110988288058e-01 2.864160007174781697e+00 -6.898743035218320996e-01 4.652552744117653405e-01 -4.084809743185324749e-02 8.925902724374615294e-03 7.976745370743866248e-01 -1.878769435126271745e-02 0.000000000000000000e+00
-2.080832994721306950e-01 -1.852827882301603113e-01 1.708308497295890072e-01 2.212593131187799322e+00 -2.179693378292713035e-01 2.856333537143376233e+00 -6.852987264529669664e-01 4.561529892800379460e-01 -3.745589599336485165e-02 9.054764351026223582e-03 7.949872077974149409e-01 -1.725301968507743366e-02 0.000000000000000000e+00
-2.069667312981933738e-01 -1.861639471224697251e-01 1.728784000868300308e-01 2.207826607945830411e+00 -2.218855605433014411e-01 2.847837192376962090e+00 -6.801554965977514300e-01 4.462241588144909565e-01 -3.361109032761766535e-02 9.185966646604657240e-03 7.920681835056062603e-01 -1.540792654611359419e-02 0.000000000000000000e+00
-2.058776232218641755e-01 -1.869787047087525245e-01 1.747495760331601589e-01 2.203413031561678892e+00 -2.253196284752041478e-01 2.839979013488454829e+00 -6.752321106905219139e-01 4.370023310393327254e-01 -2.991116062517051866e-02 9.299256062960408256e-03 7.893684705295657134e-01 -1.353268143018301548e-02 0.000000000000000000e+00
-2.046347187370282095e-01 -1.878634000035529217e-01 1.767550758976640657e-01 2.198619851324178143e+00 -2.288384571102675125e-01 2.831450330802952386e+00 -6.697050527431986922e-01 4.269575864873399462e-01 -2.574717510277713117e-02 9.413500472238302275e-03 7.864404580690780300e-01 -1.131208673870720549e-02 0.000000000000000000e+00
-2.034298059285296612e-01 -1.886821921519979683e-01 1.785854224782898458e-01 2.194187361646857681e+00 -2.318966093693481945e-01 2.823564134682685633e+00 -6.644234050903263800e-01 4.176417824152154901e-01 -2.176721401170822467e-02 9.511167744027755264e-03 7.837364174562660990e-01 -9.086657785674523424e-03 0.000000000000000000e+00
-2.020624462021384238e-01 -1.895719224353751564e-01 1.805446322670596349e-01 2.189380222497918638e+00 -2.349987253776091300e-01 2.815007462804998806e+00 -6.585045295676252852e-01 4.075090869682229666e-01 -1.731547393353172204e-02 9.608541651978379228e-03 7.808078057845332376e-01 -6.483268017310750420e-03 0.000000000000000000e+00
-2.007431083221895562e-01 -1.903960967619243161e-01 1.823302881818184007e-01 2.184941391451639348e+00 -2.376624177651747161e-01 2.807098562739624104e+00 -6.528560314745944781e-01 3.981242404448381844e-01 -1.308277885501407667e-02 9.690604464255649780e-03 7.781071607021110559e-01 -3.899489673587564972e-03 0.000000000000000000e+00
-1.992523560182559161e-01 -1.912923599832705435e-01 1.842390590419423213e-01 2.180134671472090169e+00 -2.403268201821981975e-01 2.798521109328824696e+00 -6.465344194160460578e-01 3.879298928186102335e-01 -8.371247412500393281e-03 9.771056896311261508e-03 7.751864053555939105e-01 -9.028099190537478957e-04 0.000000000000000000e+00
-1.978202592997092557e-01 -1.921227760375575078e-01 1.859765491781848468e-01 2.175703086589126478e+00 -2.425784283204945879e-01 2.790596645162190192e+00 -6.405119469269409116e-01 3.785004050574530821e-01 -3.912716273544170065e-03 9.837596392265810646e-03 7.724966792336412924e-01 2.046129422011333694e-03 0.000000000000000000e+00
-1.962086967390125891e-01 -1.930258256221623059e-01 1.878315130406007505e-01 2.170912143145600659e+00 -2.447880792694911989e-01 2.782006888039958437e+00 -6.337834704328557667e-01 3.682706706782407080e-01 1.028645971043129492e-03 9.901351012346086902e-03 7.695917031165827593e-01 5.440301833773314964e-03 0.000000000000000000e+00
-1.946658358216693530e-01 -1.938628024184315124e-01 1.895177681422885452e-01 2.166502625793019554e+00 -2.466112659511954242e-01 2.774075911808405959e+00 -6.273816972254959712e-01 3.588202771025263971e-01 5.686647875646100303e-03 9.952506591816226086e-03 7.669201530690697988e-01 8.759851509516271978e-03 0.000000000000000000e+00
-1.929351683609585033e-01 -1.947731149133617445e-01 1.913156148979649473e-01 2.161744147509536695e+00 -2.483476735064344965e-01 2.765485090339039331e+00 -6.202387662867672180e-01 3.485804892901989693e-01 1.083054352113443919e-02 9.999644543110629627e-03 7.640388790857131074e-01 1.255918890113707012e-02 0.000000000000000000e+00
-1.912837855934255704e-01 -1.956164816238934456e-01 1.929479316780105258e-01 2.157372574371507312e+00 -2.497272675367412376e-01 2.757558840067990236e+00 -6.134538973565996089e-01 3.391323594014112319e-01 1.566218352881043607e-02 1.003561698347541289e-02 7.613927622266102313e-01 1.625351348172737742e-02 0.000000000000000000e+00
-1.894371747751645019e-01 -1.965332884549118864e-01 1.946861903966717600e-01 2.152663941670833303e+00 -2.509764579293984887e-01 2.748979484456452571e+00 -6.058957796039274868e-01 3.289072522645928864e-01 2.097985043542616168e-02 1.006648780587701686e-02 7.585425806489802802e-01 2.045933351977563541e-02 0.000000000000000000e+00
-1.876798070170793420e-01 -1.973824698438978176e-01 1.962623379738388796e-01 2.148346988286547798e+00 -2.518991498152454156e-01 2.741070652842855893e+00 -5.987256178430525599e-01 3.194838897739428751e-01 2.595956219971085055e-02 1.008753093967784502e-02 7.559286880390674312e-01 2.453132139066899892e-02 0.000000000000000000e+00
-1.857195112614452304e-01 -1.983052679749589819e-01 1.979384948339431571e-01 2.143707017372515899e+00 -2.526457394032086690e-01 2.732518447256689242e+00 -5.907481187977202675e-01 3.092977646575805206e-01 3.142463507266235467e-02 1.010233957175490742e-02 7.531172554552980625e-01 2.914860813951290069e-02 0.000000000000000000e+00
-1.838588606891147503e-01 -1.991592709843253983e-01 1.994565443092818358e-01 2.139462043618272524e+00 -2.530996001290271025e-01 2.724641918876207658e+00 -5.831917986787839014e-01 2.999211406440614458e-01 3.652765119541778738e-02 1.010876236729012050e-02 7.505422449973004895e-01 3.359993209876903364e-02 0.000000000000000000e+00
-1.817885317633028686e-01 -2.000864144037982073e-01 2.010690417433822486e-01 2.134909552841476099e+00 -2.533334874167083584e-01 2.716133102914107145e+00 -5.747974483438269555e-01 2.897971004706115794e-01 4.211256631742288370e-02 1.010796862044960158e-02 7.477764190471987149e-01 3.862731652716071273e-02 0.000000000000000000e+00
-1.798275324101031303e-01 -2.009438849562851515e-01 2.025274913910505847e-01 2.130754494784604880e+00 -2.533085261151808432e-01 2.708305413721187715e+00 -5.668556356571016197e-01 2.804885868019712514e-01 4.731438571662049952e-02 1.010012998028798209e-02 7.452468820648141534e-01 4.345846551451099105e-02 0.000000000000000000e+00
-1.776498863302842235e-01 -2.018741126143188125e-01 2.040746397995913952e-01 2.126309427357624848e+00 -2.530183286043099500e-01 2.699859288164235593e+00 -5.580433354785703237e-01 2.704498842967016370e-01 5.299357674121418782e-02 1.008405426609853064e-02 7.425337867042958173e-01 4.889837983753975853e-02 0.000000000000000000e+00
-1.755916547855880805e-01 -2.027333734186364256e-01 2.054723695324497390e-01 2.122262492573880444e+00 -2.525065978502136765e-01 2.692098415738890971e+00 -5.497180941739009397e-01 2.612302203399290423e-01 5.827023096704264660e-02 1.006236302707929492e-02 7.400559816260862123e-01 5.410868806271165732e-02 0.000000000000000000e+00
-1.733107025782974764e-01 -2.036643343221259117e-01 2.069534327103524918e-01 2.117944201430146833e+00 -2.516865176110760771e-01 2.683734512535794980e+00 -5.404933369215434436e-01 2.512984271076693088e-01 6.401746575748812340e-02 1.003156398519144954e-02 7.374020084417676202e-01 5.995728526095909366e-02 0.000000000000000000e+00
-1.711585016976178708e-01 -2.045234172975305964e-01 2.082896656856494944e-01 2.114023632394321339e+00 -2.506821561056931102e-01 2.676059814682243854e+00 -5.317880625293197605e-01 2.421877030842377876e-01 6.934565215040988662e-02 9.996471636343151612e-03 7.349819273801854180e-01 6.554498421854122736e-02 0.000000000000000000e+00
-1.687773025144259365e-01 -2.054532233422748377e-01 2.097036901366998718e-01 2.109852276296525275e+00 -2.493251809169532152e-01 2.667800698035885709e+00 -5.221526791263858547e-01 2.323850398753332380e-01 7.513629646662356443e-02 9.951375788650242485e-03 7.323940005909009843e-01 7.180228509795336111e-02 0.000000000000000000e+00
-1.665345287111429651e-01 -2.063099452671852407e-01 2.109780185144862208e-01 2.106076037633323850e+00 -2.478245069677109669e-01 2.660232637038741466e+00 -5.130719988890017902e-01 2.234028466640116950e-01 8.049297868320892668e-02 9.903379592082671434e-03 7.300375690793715622e-01 7.776453685690913609e-02 0.000000000000000000e+00
-1.640573570533274683e-01 -2.072357012958447597e-01 2.123250067359370719e-01 2.102070397603993612e+00 -2.459296628642348992e-01 2.652100163165398428e+00 -5.030342451348704946e-01 2.137492705418811423e-01 8.630239828510788413e-02 9.844632963208505005e-03 7.275214144814647899e-01 8.442439534103275689e-02 0.000000000000000000e+00
-1.617275395470295640e-01 -2.080876483325788950e-01 2.135373462546102663e-01 2.098456056268709347e+00 -2.439313464769776729e-01 2.644660082162916925e+00 -4.935841511647787727e-01 2.049145165864091067e-01 9.166520577220027555e-02 9.784270752626177819e-03 7.252342917373046927e-01 9.075734247897074281e-02 0.000000000000000000e+00
-1.591577542967088366e-01 -2.090070718084417467e-01 2.148171277879305507e-01 2.094635176482533723e+00 -2.414967284447708806e-01 2.636678463723363119e+00 -4.831486210123305813e-01 1.954311996817187091e-01 9.746929905191903387e-02 9.712393491221160691e-03 7.227964340754462480e-01 9.781750736444691507e-02 0.000000000000000000e+00
-1.567444928741547061e-01 -2.098516906416324490e-01 2.159677053965300964e-01 2.091199365592167680e+00 -2.390017426955659552e-01 2.629388244330128188e+00 -4.733361706864199769e-01 1.867622108593472441e-01 1.028163938885799933e-01 9.640242631626029512e-03 7.205840129998628552e-01 1.045162812899993188e-01 0.000000000000000000e+00
-1.540865455739311995e-01 -2.107615186707282040e-01 2.171809491065310460e-01 2.087580314733553877e+00 -2.360314046624836237e-01 2.621580670772676758e+00 -4.625136499380695931e-01 1.774675622731321234e-01 1.085919913446349305e-01 9.555957744314225177e-03 7.182297785962327152e-01 1.119685383893407882e-01 0.000000000000000000e+00
-1.513839831401987412e-01 -2.116655001680736170e-01 2.183596529983612422e-01 2.084073139288320498e+00 -2.327830102155465930e-01 2.613873796670317162e+00 -4.514917915821267669e-01 1.682794567752770032e-01 1.143434871928246110e-01 9.465431073197546827e-03 7.159216168794610979e-01 1.196238864889360431e-01 0.000000000000000000e+00
-1.488509674996558452e-01 -2.124937698345493731e-01 2.194173860082039296e-01 2.080938287632320360e+00 -2.295402411713194368e-01 2.606854308217564586e+00 -4.411447782464100742e-01 1.598961752036006378e-01 1.196262666891603210e-01 9.376540789735045636e-03 7.138328330574847946e-01 1.268673018245448647e-01 0.000000000000000000e+00
-1.462819582055659706e-01 -2.133155701710834906e-01 2.204462639782712730e-01 2.077905139995457340e+00 -2.260644176689785567e-01 2.599930720834898956e+00 -4.306335477399763079e-01 1.516112807894458847e-01 1.248785529910145797e-01 9.282676844877362637e-03 7.117854613904589511e-01 1.342794034480749854e-01 0.000000000000000000e+00
-1.434593516479548692e-01 -2.141976532987558135e-01 2.215285823162214951e-01 2.074737317550050975e+00 -2.220384003990139021e-01 2.592544413328766950e+00 -4.190644097800222401e-01 1.427510270665363346e-01 1.305292481919446690e-01 9.175576157164144070e-03 7.096153845762079859e-01 1.424969282090291500e-01 0.000000000000000000e+00
-1.408181344538556867e-01 -2.150037998277841145e-01 2.224980030571636902e-01 2.071925388399073142e+00 -2.180831238100244818e-01 2.585837595754944207e+00 -4.082188859777562961e-01 1.346832052483582509e-01 1.357037701899685977e-01 9.071854355083966426e-03 7.076579611749996834e-01 1.502547497539435950e-01 0.000000000000000000e+00
-1.379191725809804925e-01 -2.158676035243429214e-01 2.235164749034036225e-01 2.069003642124759068e+00 -2.135423416950201769e-01 2.578698232680398661e+00 -3.962925515365952611e-01 1.260675878387076954e-01 1.412589910658195169e-01 8.954421434579081657e-03 7.055881523757902007e-01 1.588434942037195707e-01 0.000000000000000000e+00
-1.352096035391098794e-01 -2.166552893011582381e-01 2.244277801647940052e-01 2.066423701515581968e+00 -2.091182516265170932e-01 2.572229456528473346e+00 -3.851241527416708887e-01 1.182327676487763130e-01 1.463357750518374800e-01 8.841547096846355536e-03 7.037252711932797666e-01 1.669385884559357325e-01 0.000000000000000000e+00
-1.322388784714671195e-01 -2.174973349460236349e-01 2.253841530596703835e-01 2.063758064210849064e+00 -2.040769361756722411e-01 2.565359091504797018e+00 -3.728556686794619601e-01 1.098771080510311110e-01 1.517752815783244280e-01 8.714618862728307561e-03 7.017600580458830395e-01 1.758867098500611070e-01 0.000000000000000000e+00
-1.294648040874707973e-01 -2.182637000434599628e-01 2.262387564436044163e-01 2.061419002988770899e+00 -1.991967575199122820e-01 2.559149460933475062e+00 -3.613767453014343212e-01 1.022905527313439922e-01 1.567355522666513679e-01 8.593321237750905020e-03 6.999961132978690381e-01 1.843098722590613969e-01 0.000000000000000000e+00
-1.264261121546101652e-01 -2.190813204992155538e-01 2.271344711242012093e-01 2.059018591858869485e+00 -1.936684708692482104e-01 2.552571328708436393e+00 -3.487779626850283643e-01 9.421273573669970702e-02 1.620381723131083529e-01 8.457646183927629291e-03 6.981408221244653767e-01 1.936091647324273413e-01 0.000000000000000000e+00
-1.235914302320006708e-01 -2.198235794381335761e-01 2.279340808587398404e-01 2.056927097492009082e+00 -1.883473047272250511e-01 2.546640740311214124e+00 -3.370018638188614357e-01 8.688913428514427606e-02 1.668631544180592119e-01 8.328680007397289142e-03 6.964802080267463724e-01 2.023503917993671741e-01 0.000000000000000000e+00
-1.204893519948045250e-01 -2.206134045412109779e-01 2.287712693301029998e-01 2.054797199585236989e+00 -1.823509712812949601e-01 2.540374795167495314e+00 -3.240895938526395237e-01 7.910298336413411346e-02 1.720101126988007323e-01 8.185138225385270999e-03 6.947386338318891630e-01 2.119875229017664786e-01 0.000000000000000000e+00
-1.175979137566587063e-01 -2.213288101356487569e-01 2.295176237543861686e-01 2.052957642549410266e+00 -1.766058391118399129e-01 2.534742406768092593e+00 -3.120303676730836195e-01 7.205638395546054564e-02 1.766822293571812530e-01 8.049275918047845910e-03 6.931853451261004162e-01 2.210361286927718938e-01 0.000000000000000000e+00
-1.144363016352056700e-01 -2.220883128583447386e-01 2.302980964474304337e-01 2.051102449405223460e+00 -1.701597423942180498e-01 2.528809593096382535e+00 -2.988185253737413727e-01 6.457864373343837061e-02 1.816532858479231738e-01 7.898670517363313645e-03 6.915624813368334012e-01 2.310011781491440319e-01 0.000000000000000000e+00
-1.114920070634051602e-01 -2.227742491787078893e-01 2.309931899320475379e-01 2.049516879485915766e+00 -1.640098899080815187e-01 2.523492911056021804e+00 -2.864911854514416989e-01 5.782252862066520477e-02 1.861549601965388767e-01 7.756706866356626560e-03 6.901203796065554785e-01 2.403457942953117488e-01 0.000000000000000000e+00
-1.082753834100701196e-01 -2.235002323795727552e-01 2.317192940094715825e-01 2.047936619484450382e+00 -1.571370815809403076e-01 2.517910823683268351e+00 -2.729981466305007598e-01 5.066550373410501351e-02 1.909330706663046051e-01 7.599946026543186704e-03 6.886196883322958096e-01 2.506241147196612284e-01 0.000000000000000000e+00
-1.052820908352820745e-01 -2.241541583102214241e-01 2.323651310983845530e-01 2.046604670106596302e+00 -1.506034840105177075e-01 2.512926405751191972e+00 -2.604183889711320088e-01 4.421268521878903707e-02 1.952477911063963401e-01 7.452688822721317136e-03 6.872924354240275147e-01 2.602527070618154692e-01 0.000000000000000000e+00
-1.020143220609806833e-01 -2.248443520696500608e-01 2.330389280321358836e-01 2.045298332173569378e+00 -1.433264705097871961e-01 2.507713059356316165e+00 -2.466598829237806045e-01 3.739198844958144252e-02 1.998137807953370704e-01 7.290621426376434761e-03 6.859183774596011585e-01 2.708328468614550344e-01 0.000000000000000000e+00
-9.897589155712054054e-02 -2.254638877472263658e-01 2.336376615187984451e-01 2.044217276414894258e+00 -1.364319362697914428e-01 2.503075856649875419e+00 -2.338441691918308474e-01 3.125471707273702604e-02 2.039253020442559627e-01 7.138894065052974955e-03 6.847095020617869343e-01 2.807327986739315273e-01 0.000000000000000000e+00
-9.566143654172971911e-02 -2.261154161706308285e-01 2.342617114215803098e-01 2.043179908047642712e+00 -1.287774619902815054e-01 2.498245557508444126e+00 -2.198399365996491772e-01 2.478115502924285729e-02 2.082634583019404850e-01 6.972446496923022895e-03 6.834650734634201141e-01 2.915989619746455763e-01 0.000000000000000000e+00
-9.232413155941271432e-02 -2.267461712088814640e-01 2.348606560770608309e-01 2.042280455494708491e+00 -1.209365100472599153e-01 2.493621075715733770e+00 -2.057142472170030711e-01 1.849464676281312517e-02 2.124755138820098033e-01 6.804060854921656701e-03 6.822900202114499102e-01 3.026094353169282991e-01 0.000000000000000000e+00
-8.922440340021781102e-02 -2.273092056685893370e-01 2.353919459854402485e-01 2.041570285713122601e+00 -1.135404715783354668e-01 2.489537201996818716e+00 -1.925727789494661724e-01 1.285904107423127551e-02 2.162489468305432982e-01 6.647136688431989904e-03 6.812671666157777972e-01 3.128964609490909599e-01 0.000000000000000000e+00
-8.610714536838852406e-02 -2.278534338946446580e-01 2.359030351100528389e-01 2.040973505648986830e+00 -1.059985924690329817e-01 2.485633655091022298e+00 -1.793370014898268694e-01 7.387087674932100306e-03 2.199083964844210648e-01 6.488975608451657238e-03 6.803045670397687150e-01 3.232990677725631201e-01 0.000000000000000000e+00
-8.271139466809776519e-02 -2.284211945266721444e-01 2.364345347243188289e-01 2.040452263732177585e+00 -9.767110930127875790e-02 2.481610886747102285e+00 -1.648969925195241937e-01 1.646003772314814364e-03 2.237409516091541928e-01 6.316468828693124100e-03 6.793302495549631281e-01 3.346948339455530497e-01 0.000000000000000000e+00
-7.956039197429656817e-02 -2.289248593924800290e-01 2.369051376242784501e-01 2.040084521160446585e+00 -8.984557383221680738e-02 2.478090900998807911e+00 -1.514783058272668737e-01 -3.477406988911452886e-03 2.271527272816544762e-01 6.156358751719720121e-03 6.784952819741960628e-01 3.453277376242898100e-01 0.000000000000000000e+00
-7.613000438038348971e-02 -2.294479095078775233e-01 2.373938704526209753e-01 2.039805854051701672e+00 -8.122553574159674383e-02 2.474489540997321768e+00 -1.368497034398945267e-01 -8.834338876849028022e-03 2.307087131271827740e-01 5.982196338806944694e-03 6.776611133417559385e-01 3.569658847459906137e-01 0.000000000000000000e+00
-7.294900023634777464e-02 -2.299093232572295142e-01 2.378261768445246727e-01 2.039655749229506654e+00 -7.314464234116613284e-02 2.471362402919902390e+00 -1.232669493797315108e-01 -1.359941442143551386e-02 2.338593658548009380e-01 5.820989788478483397e-03 6.769564409173209896e-01 3.678144378939964820e-01 0.000000000000000000e+00
-6.948822123277147156e-02 -2.303856403693609889e-01 2.382747793006034787e-01 2.039605517405176371e+00 -6.426410530903936547e-02 2.468190050984871764e+00 -1.084714833053088967e-01 -1.856432379542692288e-02 2.371259992478922385e-01 5.646102288347040754e-03 6.762644185080639581e-01 3.796773891012136248e-01 0.000000000000000000e+00
-6.628091329151074296e-02 -2.308033622920333539e-01 2.386710160522535207e-01 2.039659824726555826e+00 -5.595712880470937733e-02 2.465463311586571393e+00 -9.474391153849442970e-02 -2.296192056028530451e-02 2.400024795412867284e-01 5.484649707706938486e-03 6.756925046639693511e-01 3.907265781478433397e-01 0.000000000000000000e+00
-6.279353909486719287e-02 -2.312317990696947934e-01 2.390815984556986240e-01 2.039823572560604426e+00 -4.684754479026276286e-02 2.462729234194402039e+00 -7.980175522227887785e-02 -2.752276909996554180e-02 2.429644473056729037e-01 5.309957783468049683e-03 6.751461571663396333e-01 4.027992200013905122e-01 0.000000000000000000e+00
-5.956359109716029970e-02 -2.316045982563081085e-01 2.394439269113337043e-01 2.040067454210293008e+00 -3.834463713524405293e-02 2.460409220324469182e+00 -6.594909810801473371e-02 -3.154432751890474257e-02 2.455543714657750787e-01 5.149110655857019880e-03 6.747093987475666355e-01 4.140335986123216405e-01 0.000000000000000000e+00
-5.605372866524520326e-02 -2.319836049770456210e-01 2.398189430720301940e-01 2.040427674461276375e+00 -2.903967124975270764e-02 2.458118147872277337e+00 -5.088263042554133642e-02 -3.569469763022509873e-02 2.482007546409870091e-01 4.975530289284048682e-03 6.743101909001637528e-01 4.262978216167864765e-01 0.000000000000000000e+00
-5.280475123241571561e-02 -2.323104763229553449e-01 2.401494297446949422e-01 2.040844942723617272e+00 -2.037163732831137608e-02 2.456209915272241417e+00 -3.692494489578720257e-02 -3.933230104078592332e-02 2.504925379170543920e-01 4.816133856259001422e-03 6.740107850146116464e-01 4.377016771415875307e-01 0.000000000000000000e+00
-4.927614937512893312e-02 -2.326394493265632746e-01 2.404909431717155155e-01 2.041384040835208857e+00 -1.090451360618338583e-02 2.454367814597512965e+00 -2.175541704031693641e-02 -4.306137987360177111e-02 2.528089554332053623e-01 4.644588311206418983e-03 6.737618460317164049e-01 4.501413691723748500e-01 0.000000000000000000e+00
-4.601171658790422642e-02 -2.329196206521381984e-01 2.407915403684773303e-01 2.041957348625214053e+00 -2.102773176340555494e-03 2.452875168435578956e+00 -7.713151698966221395e-03 -4.630771082457031673e-02 2.547918120228240824e-01 4.487484173283711082e-03 6.736017234711754176e-01 4.616986560654781080e-01 0.000000000000000000e+00
-4.246833754674716327e-02 -2.331975484638285634e-01 2.411018312263188967e-01 2.042655392481784737e+00 7.491853320212182865e-03 2.451483857130557276e+00 7.536601283599430809e-03 -4.961051743540535047e-02 2.567688096580442725e-01 4.318863424092362832e-03 6.735041851962513260e-01 4.742953081530120185e-01 0.000000000000000000e+00
-3.919196242029218680e-02 -2.334305342840330422e-01 2.413744584236526824e-01 2.043366484161773577e+00 1.639551538308037237e-02 2.450409005974769627e+00 2.164278613215260202e-02 -5.245888473454277806e-02 2.584323532329624307e-01 4.164880958295067576e-03 6.734850770154299227e-01 4.859897811317679950e-01 0.000000000000000000e+00
-3.563748858160883937e-02 -2.336573304147412933e-01 2.416553221026184750e-01 2.044203926449000619e+00 2.608330158056304526e-02 2.449471896427530826e+00 3.695063607792806876e-02 -5.532585254941874142e-02 2.600571478140194515e-01 4.000100206515340776e-03 6.735416691885941498e-01 4.987265820716673126e-01 0.000000000000000000e+00
-3.235264213948375184e-02 -2.338428700004577254e-01 2.419017185664063263e-01 2.045033841610764291e+00 3.505676645074018438e-02 2.448816092709299674e+00 5.109977792292368093e-02 -5.777017669929912502e-02 2.613919241523674497e-01 3.850060207413798577e-03 6.736651732841465456e-01 5.105416962478038778e-01 0.000000000000000000e+00
-2.879087595553560947e-02 -2.340180878770177497e-01 2.421551757192197674e-01 2.045989313700959933e+00 4.480268599988512790e-02 2.448332208631882612e+00 6.644265675941209148e-02 -6.019775206263643097e-02 2.626566593540458072e-01 3.689973537129662400e-03 6.738765616956716720e-01 5.233998374648699548e-01 0.000000000000000000e+00
-2.522672622867200287e-02 -2.341667827406753721e-01 2.423949538655906233e-01 2.046998292662764563e+00 5.456506823940010520e-02 2.448084850799197909e+00 8.179479840306691507e-02 -6.239252553480877789e-02 2.637287148508571377e-01 3.532694369186093440e-03 6.741697757316893469e-01 5.363144709865592663e-01 0.000000000000000000e+00
-2.193550630775548821e-02 -2.342803536474407089e-01 2.426046354585593146e-01 2.047971822340135972e+00 6.358293574869255949e-02 2.448065104454442587e+00 9.596877422522752388e-02 -6.421245908355248388e-02 2.645467047796750126e-01 3.390183261724853767e-03 6.745127243010642371e-01 5.482810857392077519e-01 0.000000000000000000e+00
-1.864387944293682819e-02 -2.343713315693341237e-01 2.428033740332571910e-01 2.048981356827918709e+00 7.259933937467666354e-02 2.448245710348480930e+00 1.101403781695422662e-01 -6.583295099497366021e-02 2.651978476661995821e-01 3.250426861516165101e-03 6.749255808490538522e-01 5.602874814606392251e-01 0.000000000000000000e+00
-1.507836447978280932e-02 -2.344445127146800034e-01 2.430068228239674055e-01 2.050110282442629384e+00 8.235697690327548059e-02 2.448665872869546511e+00 1.254846135537109331e-01 -6.736299113668382799e-02 2.657131693371297398e-01 3.102327537029288002e-03 6.754516217433716996e-01 5.733345739570463451e-01 0.000000000000000000e+00
-1.178830521570910055e-02 -2.344889145755391091e-01 2.431838289931470554e-01 2.051180553181971788e+00 9.134665034998112887e-02 2.449261320034891831e+00 1.396354947757935117e-01 -6.856493399328543459e-02 2.660109107470007839e-01 2.968876638835147609e-03 6.760107524142338065e-01 5.854113437102832496e-01 0.000000000000000000e+00
-8.226242195355244063e-03 -2.345122074504433773e-01 2.433643080724746111e-01 2.052365140297636614e+00 1.010579054388651699e-01 2.450129793969985315e+00 1.549455917637387048e-01 -6.963810884999249717e-02 2.661384761632155094e-01 2.828040149953890865e-03 6.766963166578475741e-01 5.985256810242149950e-01 0.000000000000000000e+00
-4.940974178027247345e-03 -2.345108638333520401e-01 2.435207627380667483e-01 2.053477089393889621e+00 1.099889913870910618e-01 2.451136202015073540e+00 1.690543367839491828e-01 -7.041789906192451320e-02 2.660760250356533074e-01 2.701644808128184170e-03 6.774025869789365162e-01 6.106557805782806270e-01 0.000000000000000000e+00
-1.385805430247586626e-03 -2.344849787774034300e-01 2.436795898453649190e-01 2.054696639290757076e+00 1.196198723402170927e-01 2.452446695787274145e+00 1.843073921902962931e-01 -7.103346378076111356e-02 2.658113068232992315e-01 2.568821989429408842e-03 6.782474748347642191e-01 6.238186540030790095e-01 0.000000000000000000e+00
1.891528872548983980e-03 -2.344389856027960239e-01 2.438164869704178006e-01 2.055832001905228523e+00 1.284609730227987967e-01 2.453858953365353202e+00 1.983526707527788202e-01 -7.138813858131082268e-02 2.653826710458508931e-01 2.450205470670525128e-03 6.791015505963525767e-01 6.359852388640787613e-01 0.000000000000000000e+00
5.436397771608166181e-03 -2.343656125729444151e-01 2.439545372877945373e-01 2.057067488501700403e+00 1.379772949065616316e-01 2.455606447715893204e+00 2.135251322466373558e-01 -7.154037152712247605e-02 2.647170139313856918e-01 2.326219197319174051e-03 6.801073599610483189e-01 6.491784723253040124e-01 0.000000000000000000e+00
8.974646151491046456e-03 -2.342678932597848651e-01 2.440821744234089041e-01 2.058303582097884998e+00 1.474212994857073689e-01 2.457577387313212736e+00 2.286470103245412389e-01 -7.145292829720539807e-02 2.638426981455126441e-01 2.207079929166631902e-03 6.811963265307816595e-01 6.623801613229903795e-01 0.000000000000000000e+00
1.223404368755601559e-02 -2.341567575831069448e-01 2.441908887712858633e-01 2.059441341535133141e+00 1.560666455094454896e-01 2.459593696737835788e+00 2.425549696433165203e-01 -7.115711767912485941e-02 2.628473416880956481e-01 2.101615889181916719e-03 6.822761051947543454e-01 6.745696493693648099e-01 0.000000000000000000e+00
1.548633910503949621e-02 -2.340258424691632755e-01 2.442909311016374652e-01 2.060572075697345795e+00 1.646357044264412650e-01 2.461797074786229444e+00 2.564093994241812835e-01 -7.065510349126651046e-02 2.616711565926619354e-01 2.000623697181905941e-03 6.834271899969137642e-01 6.867582718883848969e-01 0.000000000000000000e+00
1.900084017930771252e-02 -2.338623244137714441e-01 2.443897019198390530e-01 2.061785222602209977e+00 1.738247494265903192e-01 2.464392757804639178e+00 2.713520966949932167e-01 -6.987756032150425900e-02 2.601908385007416502e-01 1.896449105701547479e-03 6.847551086954545285e-01 6.999570979878994015e-01 0.000000000000000000e+00
2.223618309985084598e-02 -2.336916704497202790e-01 2.444720724112147692e-01 2.062890467565811292e+00 1.822132401221332465e-01 2.466978664820593803e+00 2.850794104680771102e-01 -6.894523339694874631e-02 2.586347534758082212e-01 1.805241950112975672e-03 6.860550642025494694e-01 7.121315391741148693e-01 0.000000000000000000e+00
2.573082927110311585e-02 -2.334860551631995074e-01 2.445519035663089313e-01 2.064068345058407417e+00 1.911915550571934297e-01 2.469982616473775039e+00 2.998735699290898671e-01 -6.770260659350697818e-02 2.567424443632524422e-01 1.711965513155925926e-03 6.875437046728765100e-01 7.253061305077095344e-01 0.000000000000000000e+00
2.894637344603815873e-02 -2.332778271153767846e-01 2.446168451224855767e-01 2.065134617497071723e+00 1.993710383751858828e-01 2.472940433717719433e+00 3.134529284588630782e-01 -6.633948423430673091e-02 2.548033967735658933e-01 1.631146246264614588e-03 6.889924643058796816e-01 7.374497456043073162e-01 0.000000000000000000e+00
3.241799019682217731e-02 -2.330329744045591678e-01 2.446778026466371325e-01 2.066263823788443865e+00 2.081074764255328446e-01 2.476341488997273466e+00 3.280750477134567467e-01 -6.462871532312107481e-02 2.524935040020854782e-01 1.549471724954873007e-03 6.906427586543745223e-01 7.505817929394881238e-01 0.000000000000000000e+00
3.561096235622600303e-02 -2.327895855019800897e-01 2.447253466143845257e-01 2.067279412636817248e+00 2.160505496643287948e-01 2.479659203143117274e+00 3.414858281462278544e-01 -6.283493900970898993e-02 2.501692301607190139e-01 1.479608869235715619e-03 6.922401226762040505e-01 7.626781369267370270e-01 0.000000000000000000e+00
3.905672301398479401e-02 -2.325078591066875311e-01 2.447674416707641964e-01 2.068347974365337905e+00 2.245170266758371724e-01 2.483442475177024988e+00 3.559148349322771576e-01 -6.065939023165565352e-02 2.474424195205866539e-01 1.410057452520989147e-03 6.940506727432943501e-01 7.757503297164182188e-01 0.000000000000000000e+00
4.222443503573816009e-02 -2.322319895961917346e-01 2.447974768305102300e-01 2.069303110090636721e+00 2.321975982995931886e-01 2.487106344643414957e+00 3.691367306647344582e-01 -5.843571730046673990e-02 2.447311883728315873e-01 1.351678438705497748e-03 6.957962416797868199e-01 7.877831573116688135e-01 0.000000000000000000e+00
4.564130877812698495e-02 -2.319167878677088901e-01 2.448203275440812565e-01 2.070301812892807902e+00 2.403654540730095768e-01 2.491257410063890010e+00 3.833495886388102458e-01 -5.579369505154000569e-02 2.415835982804670490e-01 1.294877035746688212e-03 6.977675800976906872e-01 8.007775857975196754e-01 0.000000000000000000e+00
4.904217965762970588e-02 -2.315851495197767673e-01 2.448330669912792967e-01 2.071260953076729194e+00 2.483684623714825790e-01 2.495592342332109137e+00 3.974425710743187401e-01 -5.291195917618171651e-02 2.382189605592606174e-01 1.244847318030353018e-03 6.998215430884143773e-01 8.137252092272123649e-01 0.000000000000000000e+00
5.216648058900598406e-02 -2.312655028425451009e-01 2.448356665181640190e-01 2.072110007428910272e+00 2.556028872558959719e-01 2.499753380439522665e+00 4.103391949691364560e-01 -5.003772176376768827e-02 2.349186381783801014e-01 1.204843075439107365e-03 7.017913501886914318e-01 8.256309374594388295e-01 0.000000000000000000e+00
5.527585891719609401e-02 -2.309335604900336625e-01 2.448293418143763778e-01 2.072923086252543179e+00 2.626854059367751404e-01 2.504063200688137591e+00 4.231237330715754696e-01 -4.695906593174405119e-02 2.314322939953572522e-01 1.170850190800605322e-03 7.038315313207739177e-01 8.374889951081528894e-01 0.000000000000000000e+00
5.862678384998215586e-02 -2.305610525970559488e-01 2.448121367461692510e-01 2.073762479396077829e+00 2.701804840554813403e-01 2.508895753077526436e+00 4.368416425570599837e-01 -4.339317645591201505e-02 2.274452755273996818e-01 1.140936051804262649e-03 7.061212506469968231e-01 8.502771617675771720e-01 0.000000000000000000e+00
6.170322237146719235e-02 -2.302059501597145952e-01 2.447865577871768394e-01 2.074498386314320264e+00 2.769304996775669991e-01 2.513502476266416874e+00 4.493785399676352710e-01 -3.989068269759147439e-02 2.235723735121522004e-01 1.119755078611075821e-03 7.083075727438973290e-01 8.620246316520255858e-01 0.000000000000000000e+00
6.501727633970556808e-02 -2.298100493022617596e-01 2.447481180075122276e-01 2.075253186342159495e+00 2.840551045518484585e-01 2.518645633745668189e+00 4.628188814885063063e-01 -3.586873104627257697e-02 2.191684371755426852e-01 1.103872079496600375e-03 7.107544851534620678e-01 8.746852328952351430e-01 0.000000000000000000e+00
6.805836895501676809e-02 -2.294353497075358184e-01 2.447024190563558688e-01 2.075910988561607162e+00 2.904527642583145663e-01 2.523529452925093786e+00 4.750894960795873367e-01 -3.194567005636888418e-02 2.149103089086148444e-01 1.095850347010037451e-03 7.130858163717175291e-01 8.863071347342863504e-01 0.000000000000000000e+00
7.133270950577365321e-02 -2.290204103518113377e-01 2.446414912690605403e-01 2.076581651667259720e+00 2.971847665950622108e-01 2.528962271632797076e+00 4.882305648729606262e-01 -2.746873397756675883e-02 2.100891883872442190e-01 1.094435542680932899e-03 7.156896555485151579e-01 8.988232594883590609e-01 0.000000000000000000e+00
7.433609226775732270e-02 -2.286298117885868786e-01 2.445744942825617274e-01 2.077162534043037745e+00 3.032118698834009862e-01 2.534102559369799668e+00 5.002168204386484573e-01 -2.312900895155255501e-02 2.054484970297267843e-01 1.099870185817538410e-03 7.181647308866075941e-01 9.103050124750450278e-01 0.000000000000000000e+00
7.756844600707377135e-02 -2.281995207138540205e-01 2.444899092111822436e-01 2.077751350397931240e+00 3.095341544987961768e-01 2.539800973345644586e+00 5.130411727993841042e-01 -1.820443502480554102e-02 2.002156518038302746e-01 1.113126434247463164e-03 7.209231665646844700e-01 9.226620799330125244e-01 0.000000000000000000e+00
8.053179330500638555e-02 -2.277969226562961413e-01 2.444003531305227739e-01 2.078258861531346646e+00 3.151744963698392965e-01 2.545175555577313009e+00 5.247254924764841455e-01 -1.345256605445286670e-02 1.951954599909762056e-01 1.132259842278326122e-03 7.235406544420688313e-01 9.339895027345282985e-01 0.000000000000000000e+00
8.371938489171888709e-02 -2.273560323420752427e-01 2.442904949044337748e-01 2.078771313150169497e+00 3.210690045931148262e-01 2.551115686564626728e+00 5.372124556166204545e-01 -8.082852553728861120e-03 1.895523547991526669e-01 1.160511196076483313e-03 7.264530208311522630e-01 9.461714673508233586e-01 0.000000000000000000e+00
8.688296221550674547e-02 -2.269110115389317561e-01 2.441669051343334229e-01 2.079246381005320110e+00 3.267365113177223002e-01 2.557171078627449301e+00 5.495184902501993873e-01 -2.486028108223993505e-03 1.836997919875946739e-01 1.196561008553016217e-03 7.294439504723929657e-01 9.582574250098209179e-01 0.000000000000000000e+00
8.978108681851748596e-02 -2.264979371964502552e-01 2.440401573168629601e-01 2.079654033818707504e+00 3.317623696362166363e-01 2.562857237299489555e+00 5.607117230222888882e-01 2.882205569589605179e-03 1.781110152820088999e-01 1.236854323756725110e-03 7.322748241321199725e-01 9.693243906567269308e-01 0.000000000000000000e+00
9.265753758880959645e-02 -2.260835770673888523e-01 2.439009003306372159e-01 2.080034111464717839e+00 3.365885751861075192e-01 2.568630028388228403e+00 5.717421367832334900e-01 8.442249783875607413e-03 1.723450052058783655e-01 1.283885904652119509e-03 7.351722102400716219e-01 9.803028727764151462e-01 0.000000000000000000e+00
9.574855125050417415e-02 -2.256344908208485212e-01 2.437353991480307180e-01 2.080417372527303854e+00 3.415885028364358256e-01 2.574975263468447295e+00 5.835033219472959276e-01 1.468102296836027061e-02 1.658994895776140233e-01 1.342481820454830129e-03 7.383859133064974989e-01 9.920926869221959876e-01 0.000000000000000000e+00
9.857817426831418095e-02 -2.252206169150381965e-01 2.435687147721377621e-01 2.080747219584511143e+00 3.459914918513389281e-01 2.580910302732871475e+00 5.941831305507316863e-01 2.063583868220984080e-02 1.597687595901973179e-01 1.403592524945091900e-03 7.414205187896154570e-01 1.002877490651608028e+00 0.000000000000000000e+00
1.016174447735938985e-01 -2.247741606988683249e-01 2.433725744486351372e-01 2.081081831046125430e+00 3.505293398486273304e-01 2.587417389635094267e+00 6.055576913035418674e-01 2.729724720931167234e-02 1.529326913880728611e-01 1.477403829069481866e-03 7.447812949272409888e-01 1.014451721907146942e+00 0.000000000000000000e+00
1.043980213099340304e-01 -2.243651379257750877e-01 2.431765825057664032e-01 2.081372918220791846e+00 3.545012704642864776e-01 2.593489358465178363e+00 6.158722473634733463e-01 3.363979421074155679e-02 1.464437662340400959e-01 1.552596127860699947e-03 7.479510558356805561e-01 1.025031062758459566e+00 0.000000000000000000e+00
1.073827363499139792e-01 -2.239265956582182360e-01 2.429475397430888028e-01 2.081672517527269228e+00 3.585677536224851636e-01 2.600131143723107385e+00 6.268421407886459740e-01 4.071844309865853967e-02 1.392224717802359457e-01 1.641683547661704299e-03 7.514575068849335127e-01 1.036375662949006182e+00 0.000000000000000000e+00
1.103384183073546632e-01 -2.234936628406942460e-01 2.427005997072231858e-01 2.081959091822929153e+00 3.623883510780365746e-01 2.606831913756959551e+00 6.375977829041217237e-01 4.800875503658798282e-02 1.318059676185288076e-01 1.738606356695263132e-03 7.550380603915177735e-01 1.047597225097191220e+00 0.000000000000000000e+00
1.130401411642197179e-01 -2.231005204833751976e-01 2.424561936188682765e-01 2.082216138582005271e+00 3.656947346903609564e-01 2.613063118373431415e+00 6.473308377400343039e-01 5.492572507920194524e-02 1.247870734075702259e-01 1.835057130828578621e-03 7.584089565412854839e-01 1.057842738705862429e+00 0.000000000000000000e+00
1.159375404074831500e-01 -2.226828672073440929e-01 2.421729357725029286e-01 2.082490480618233164e+00 3.690371298107244513e-01 2.619856488815825557e+00 6.576599746069339281e-01 6.261979720552261763e-02 1.169986587996336702e-01 1.947064250723914590e-03 7.621312567968892004e-01 1.068816959767806329e+00 0.000000000000000000e+00
1.185845058336208319e-01 -2.223058142689702255e-01 2.418939883045037598e-01 2.082743248035380468e+00 3.719018929643458371e-01 2.626160547589794447e+00 6.669944208066889146e-01 6.990391729391763620e-02 1.096419426043986345e-01 2.057302735170707299e-03 7.656314494175804342e-01 1.078829779676231837e+00 0.000000000000000000e+00
1.212043738158357781e-01 -2.219380712859200522e-01 2.415976638911051522e-01 2.082999400020801417e+00 3.745543736686460790e-01 2.632490739438525296e+00 6.761333909824320809e-01 7.736102633987008981e-02 1.021265020081951747e-01 2.174077797669991211e-03 7.691926950062616397e-01 1.088727551025565843e+00 0.000000000000000000e+00
1.240114388859625688e-01 -2.215512440656409177e-01 2.412564619654800624e-01 2.083284641686193872e+00 3.771888235157261349e-01 2.639371445430661822e+00 6.858109854886437207e-01 8.563161458554408023e-02 9.380891729165985460e-02 2.307863931669318358e-03 7.731187270852564186e-01 1.099318143732483932e+00 0.000000000000000000e+00
1.267851593700030366e-01 -2.211781472960085426e-01 2.408935715785455456e-01 2.083583102762383454e+00 3.795737380288297658e-01 2.646269088539156655e+00 6.952516252368656779e-01 9.410089129329478330e-02 8.530957183072618299e-02 2.449198202809013594e-03 7.771153995121655722e-01 1.109767855217736798e+00 0.000000000000000000e+00
1.293155897623353701e-01 -2.208466732347609818e-01 2.405388338058717101e-01 2.083873831266533472e+00 3.815555262477490217e-01 2.652645239175913883e+00 7.037550320184613462e-01 1.020908739062369036e-01 7.730703907114699902e-02 2.586210558812484812e-03 7.808659292753241665e-01 1.119287590850334135e+00 0.000000000000000000e+00
1.318166246989585788e-01 -2.205287439936017835e-01 2.401645369845579192e-01 2.084183152471648981e+00 3.833266902526233366e-01 2.659024913881533170e+00 7.120530425009847786e-01 1.102441831954065199e-01 6.915603508079604111e-02 2.729437390816682758e-03 7.846749820034372158e-01 1.128684155282515089e+00 0.000000000000000000e+00
1.344923614267401757e-01 -2.202006531731440786e-01 2.397364499375367886e-01 2.084543272978704564e+00 3.850094974317128660e-01 2.665933925078567412e+00 7.208089835329473116e-01 1.192577850628342151e-01 6.016174113127159551e-02 2.891475398762817159e-03 7.888662649270039573e-01 1.138722941011568901e+00 0.000000000000000000e+00
1.369303164327742572e-01 -2.199141670566123197e-01 2.393197441773160516e-01 2.084903090037723672e+00 3.863452404188407741e-01 2.672304308259842998e+00 7.286724327045970284e-01 1.277432404742071259e-01 5.171019941190513336e-02 3.047318436282615752e-03 7.927946938509798924e-01 1.147857184076377157e+00 0.000000000000000000e+00
1.395361151468482719e-01 -2.196227395130756488e-01 2.388444097617986595e-01 2.085326998918676900e+00 3.875582951685503375e-01 2.679191709409718847e+00 7.369516679014352922e-01 1.371116170107254117e-01 4.239605981546201718e-02 3.222797345429568965e-03 7.971140082439521768e-01 1.157607283143266219e+00 0.000000000000000000e+00
1.419084325716605532e-01 -2.193719138794648360e-01 2.383830195529620943e-01 2.085753107569694009e+00 3.884643026808269894e-01 2.685532057719486332e+00 7.443725662789411057e-01 1.459177253397223040e-01 3.365663038225785719e-02 3.390741381226739914e-03 8.011586841495099698e-01 1.166472546937976640e+00 0.000000000000000000e+00
1.444419551234183974e-01 -2.191210114783727070e-01 2.378580956221210685e-01 2.086256897693039569e+00 3.892163815230578194e-01 2.692376693666536092e+00 7.521701022136113579e-01 1.556259628432267172e-01 2.403889042154561118e-02 3.578978756545179388e-03 8.056018355331709957e-01 1.175929165652738861e+00 0.000000000000000000e+00
1.467460117322602620e-01 -2.189098796077499631e-01 2.373497428200240233e-01 2.086764636352681279e+00 3.896998425443802816e-01 2.698668135997701167e+00 7.591417253152207278e-01 1.647406150292660965e-01 1.502528855411799924e-02 3.758426920043381365e-03 8.097593628899208973e-01 1.184519857539061860e+00 0.000000000000000000e+00
1.492038981408527198e-01 -2.187043982625190564e-01 2.367726919376799966e-01 2.087365143788021626e+00 3.899977891032593291e-01 2.705450126307392900e+00 7.664479080287714963e-01 1.747772868742045183e-01 5.117264034587121202e-03 3.958804824936624882e-03 8.143232886290169281e-01 1.193675272734536552e+00 0.000000000000000000e+00
1.514369773516040518e-01 -2.185368174499799088e-01 2.362152056754596441e-01 2.087969243779395967e+00 3.900672967607210495e-01 2.711675634782016342e+00 7.729646632161952802e-01 1.841877163888108460e-01 -4.156129197177671486e-03 4.149072080363274372e-03 8.185902719065691890e-01 1.201986732180564621e+00 0.000000000000000000e+00
1.538167065865797545e-01 -2.183801802608411058e-01 2.355838054049945729e-01 2.088681210634063312e+00 3.899227534505662618e-01 2.718378164487325055e+00 7.797770958636452976e-01 1.945366771610746726e-01 -1.433632878011437128e-02 4.360729668814899117e-03 8.232704446272470777e-01 1.210838413853715601e+00 0.000000000000000000e+00
1.559760082208727083e-01 -2.182597356033101621e-01 2.349750299216559202e-01 2.089395159460697649e+00 3.895879927952177191e-01 2.724523073396153627e+00 7.858347220791395138e-01 2.042295182645270935e-01 -2.385393388383949542e-02 4.561044115572792865e-03 8.276432219791026723e-01 1.218866779275868506e+00 0.000000000000000000e+00
1.582740098267749473e-01 -2.181563249809563843e-01 2.342869171417499286e-01 2.090233554319951281e+00 3.890104390773156950e-01 2.731130844870776286e+00 7.921464138626274076e-01 2.148778016985590511e-01 -3.429086219586019446e-02 4.783161633309758985e-03 8.324362461509727806e-01 1.227409134788406631e+00 0.000000000000000000e+00
1.605286619654903157e-01 -2.180814844527330376e-01 2.335685832820942331e-01 2.091142442630267162e+00 3.882138035650868346e-01 2.737684680609801191e+00 7.981989800720504791e-01 2.256742734024970720e-01 -4.485295907911446278e-02 5.010288702698786206e-03 8.372858624960071161e-01 1.235791301161376587e+00 0.000000000000000000e+00
1.625702796897702807e-01 -2.180389473065496575e-01 2.328780854511016685e-01 2.092047258687772526e+00 3.872857206679958253e-01 2.743683661393063744e+00 8.035533986017091568e-01 2.357692518305514462e-01 -5.471025037987908846e-02 5.224187871759335654e-03 8.418120379266512687e-01 1.243384506061410377e+00 0.000000000000000000e+00
1.645733191194193035e-01 -2.180223864707749870e-01 2.321608642671015854e-01 2.093017742494476252e+00 3.861758778081920696e-01 2.749632077222120330e+00 8.086851768642374649e-01 2.459841390866865929e-01 -6.466634495708589725e-02 5.441909093103069507e-03 8.463848186763718306e-01 1.250839759216978209e+00 0.000000000000000000e+00
1.666987845935018198e-01 -2.180346468726756803e-01 2.313532642097679837e-01 2.094146232845861100e+00 3.847714512824684796e-01 2.756016719195740095e+00 8.139923908635744443e-01 2.571818492983587445e-01 -7.555920644772817774e-02 5.681816734981225310e-03 8.513902299451757694e-01 1.258759867140819333e+00 0.000000000000000000e+00
1.686191690077302741e-01 -2.180741473190774826e-01 2.305791774173835684e-01 2.095260889827053497e+00 3.832923693532492848e-01 2.761854007557241975e+00 8.186600467271292203e-01 2.676351061168127932e-01 -8.570771441369329224e-02 5.906707165173506573e-03 8.560568871233217303e-01 1.265927099424495106e+00 0.000000000000000000e+00
1.706537203457013652e-01 -2.181480250588146153e-01 2.297091435512814694e-01 2.096549939754930314e+00 3.814956524940722460e-01 2.768115569665581255e+00 8.234665864415314784e-01 2.790817386666232802e-01 -9.679791614111010745e-02 6.153749686089282633e-03 8.611614345637038648e-01 1.273536416449124076e+00 0.000000000000000000e+00
1.724884206661392860e-01 -2.182457191914000116e-01 2.288766531047869701e-01 2.097817523300854248e+00 3.796603751275675620e-01 2.773836636871796379e+00 8.276715180656847304e-01 2.897574193703694179e-01 -1.071196627359847220e-01 6.384658756315412728e-03 8.659177736915580903e-01 1.280416426809234620e+00 0.000000000000000000e+00
1.744281606451105748e-01 -2.183839487527928780e-01 2.279424894279579727e-01 2.099276830135883287e+00 3.774840564552635058e-01 2.779970293140911153e+00 8.319763848097434522e-01 3.014368454889664317e-01 -1.183872309920008803e-01 6.637572195048322549e-03 8.711173959828559799e-01 1.287714287144378744e+00 0.000000000000000000e+00
1.761740304625274700e-01 -2.185415210362403604e-01 2.270501828911017927e-01 2.100704808743830476e+00 3.753057481636061787e-01 2.785572619368377634e+00 8.357211887765583214e-01 3.123183552554620324e-01 -1.288617098753916945e-01 6.873243226168919764e-03 8.759590228446200166e-01 1.294308939793687552e+00 0.000000000000000000e+00
1.780161948859128873e-01 -2.187450412459011617e-01 2.260507670402265579e-01 2.102340859553726737e+00 3.727663900245437034e-01 2.791577003348908015e+00 8.395312401900801857e-01 3.242108675507789917e-01 -1.402833420004689913e-01 7.130582089619484469e-03 8.812482605065992125e-01 1.301300003971254560e+00 0.000000000000000000e+00
1.796701945969909620e-01 -2.189636684920043819e-01 2.250976186693716130e-01 2.103935044002755106e+00 3.702590873618172296e-01 2.797059967393145108e+00 8.428202441363280562e-01 3.352809957014795117e-01 -1.508897805158728733e-01 7.369660094400242931e-03 8.861705811493926221e-01 1.307612095228905869e+00 0.000000000000000000e+00
1.814108287006561682e-01 -2.192340166741039154e-01 2.240316200245781042e-01 2.105754505762021722e+00 3.673697060438043671e-01 2.802935898718369234e+00 8.461378770642942193e-01 3.473688508627537641e-01 -1.624425733246366299e-01 7.629918552225538157e-03 8.915450399662543379e-01 1.314298493777767751e+00 0.000000000000000000e+00
1.829698820405215587e-01 -2.195142876762121442e-01 2.230167470794929829e-01 2.107519672426523272e+00 3.645472274581802452e-01 2.808301556942728539e+00 8.489768733653459964e-01 3.586097209288419685e-01 -1.731587340769520367e-01 7.870936711472310138e-03 8.965433938581695017e-01 1.320332417859560570e+00 0.000000000000000000e+00
1.846063603127713060e-01 -2.198511802971449547e-01 2.218836572351941816e-01 2.109525948545256213e+00 3.613249636385420516e-01 2.814052455727161561e+00 8.518124075569806219e-01 3.708720131415164101e-01 -1.848177870132099443e-01 8.132457570072139721e-03 9.019973480335699012e-01 1.326721341314660574e+00 0.000000000000000000e+00
1.861869514490901434e-01 -2.202230213914625201e-01 2.207153165846034160e-01 2.111631296115241696e+00 3.579342857897369612e-01 2.819740218196050918e+00 8.543984035544748279e-01 3.832178287438785524e-01 -1.965225131621626264e-01 8.393947219752945568e-03 9.074909833092127398e-01 1.332956733532917548e+00 0.000000000000000000e+00
1.875960541162004502e-01 -2.205967070498497939e-01 2.196056217442468594e-01 2.113662543811861916e+00 3.546597022556428058e-01 2.824936146968604067e+00 8.565683472106713214e-01 3.946825374995878710e-01 -2.073609130085125596e-01 8.634868111202093077e-03 9.125955307495948743e-01 1.338579199226292760e+00 0.000000000000000000e+00
1.890677326324571861e-01 -2.210342400221451120e-01 2.183695639631205165e-01 2.115958822893178493e+00 3.509591209659346234e-01 2.830508309496454267e+00 8.586865589626930806e-01 4.071716311685962264e-01 -2.191326176588810348e-01 8.894899784215809860e-03 9.181604721634244459e-01 1.344528035311257419e+00 0.000000000000000000e+00
1.903746634890143008e-01 -2.214681954397258734e-01 2.171972260616487349e-01 2.118167343455949592e+00 3.474046106465422667e-01 2.835601361213013316e+00 8.604286657897683988e-01 4.187592115190991726e-01 -2.300205523015064202e-01 9.133586637211461509e-03 9.233286025748321801e-01 1.349889244901695706e+00 0.000000000000000000e+00
1.917339730596374636e-01 -2.219704427409310565e-01 2.158933149316151767e-01 2.120656302828452411e+00 3.434077617195629983e-01 2.841066385195294863e+00 8.620882146230514076e-01 4.313709770458192816e-01 -2.418324706843348881e-01 9.390195732105506912e-03 9.289597235417502707e-01 1.355558715388311075e+00 0.000000000000000000e+00
1.929361879926964618e-01 -2.224629266098760438e-01 2.146585772289670846e-01 2.123042514376033196e+00 3.395873825839825777e-01 2.846065337641474624e+00 8.634142691088290134e-01 4.430612555458583457e-01 -2.527445069348255302e-01 9.624789015222463828e-03 9.341861771810306969e-01 1.360667590465464372e+00 0.000000000000000000e+00
1.940873399994273996e-01 -2.229826455026637233e-01 2.133940750318764623e-01 2.125513969087984734e+00 3.356443623886526950e-01 2.851022754384180402e+00 8.645454467818400879e-01 4.547934788330661449e-01 -2.636588068722427458e-01 9.856722258141242810e-03 9.394387297989940100e-01 1.365659153296600037e+00 0.000000000000000000e+00
1.952763299439075340e-01 -2.235755176143918721e-01 2.119907511547290957e-01 2.128286862779110500e+00 3.312380659269749117e-01 2.856349702979657401e+00 8.655553840462254511e-01 4.675450270275018361e-01 -2.754776494739052950e-01 1.010445345587015695e-02 9.451568695545303767e-01 1.370937405419082600e+00 0.000000000000000000e+00
1.963195217724215957e-01 -2.241497535247085060e-01 2.106647179241596390e-01 2.130934811620794456e+00 3.270492956424231323e-01 2.861229313409888508e+00 8.662914151924960837e-01 4.793490225060872967e-01 -2.863762367608910786e-01 1.032933036219752833e-02 9.504597559170961940e-01 1.375692745861528010e+00 0.000000000000000000e+00
1.973902715258143981e-01 -2.248000367883176420e-01 2.091952071184247641e-01 2.133898568372655902e+00 3.223834356621586572e-01 2.866478462176048403e+00 8.668807061627034072e-01 4.921667835431249860e-01 -2.981629882714185165e-01 1.056823671792365277e-02 9.562296275768074061e-01 1.380721193473761099e+00 0.000000000000000000e+00
1.983237607650347456e-01 -2.254251193347416860e-01 2.078087090166010342e-01 2.136721215730903012e+00 3.179623259909876154e-01 2.871292810153949215e+00 8.672380358019649016e-01 5.040207465816630705e-01 -3.090177665584723510e-01 1.078390075135502932e-02 9.615772550456864742e-01 1.385253094700748866e+00 0.000000000000000000e+00
1.992751900373724849e-01 -2.261279372175761526e-01 2.062744554894817839e-01 2.139872436404813172e+00 3.130523915023788462e-01 2.876478787031517825e+00 8.674279857667146487e-01 5.168805189848968418e-01 -3.207415343092192561e-01 1.101164575734073919e-02 9.673924670229562262e-01 1.390047716769273300e+00 0.000000000000000000e+00
2.000976721060358232e-01 -2.267993871171776754e-01 2.048288584668931100e-01 2.142867079163816690e+00 3.084117772233385679e-01 2.881241758484293758e+00 8.674249897104883145e-01 5.287621456092581607e-01 -3.315233419824050731e-01 1.121582282797654873e-02 9.727792429598595136e-01 1.394370426692635334e+00 0.000000000000000000e+00
2.009280766677869756e-01 -2.275499204171670398e-01 2.032314744907381399e-01 2.146203563104698731e+00 3.032705812905476250e-01 2.886379532615354293e+00 8.672341742183841129e-01 5.416394948756864114e-01 -3.431517685661269468e-01 1.142979429769950574e-02 9.786336699841806652e-01 1.398946270077609411e+00 0.000000000000000000e+00
2.016387782089022473e-01 -2.282624599580182490e-01 2.017285542843000878e-01 2.149367033779292946e+00 2.984231534104453409e-01 2.891105700056474603e+00 8.668912256490091117e-01 5.535256821634143565e-01 -3.538303787470722384e-01 1.162007715758566623e-02 9.840536688556826839e-01 1.403075767663886309e+00 0.000000000000000000e+00
2.023481888934497153e-01 -2.290541479561813976e-01 2.000702483025699474e-01 2.152883901516260856e+00 2.930651490736906339e-01 2.896211883810632770e+00 8.663450113094340876e-01 5.663953082626814739e-01 -3.653307072823612778e-01 1.181769515373985550e-02 9.899408527614118603e-01 1.407452007125159055e+00 0.000000000000000000e+00
2.029469497714491422e-01 -2.298017183003895070e-01 1.985121594366882625e-01 2.156212336191759782e+00 2.880231862692319567e-01 2.900916458401728626e+00 8.656844807800669894e-01 5.782624206591018279e-01 -3.758750941443667060e-01 1.199155588043539396e-02 9.953880824550599415e-01 1.411405736079490714e+00 0.000000000000000000e+00
2.035349509521343914e-01 -2.306278855982271947e-01 1.967952539282651903e-01 2.159905914208300359e+00 2.824599823402866861e-01 2.906007969422494064e+00 8.648061702525589034e-01 5.910981913230112239e-01 -3.872119045887247868e-01 1.216989820790283401e-02 1.001301565076553768e+00 1.415601146902746965e+00 0.000000000000000000e+00
2.040222351712494830e-01 -2.314036293806169819e-01 1.951844686191581135e-01 2.163395038523773906e+00 2.772350229033690994e-01 2.910706832584037507e+00 8.638524256871742413e-01 6.029218941936632659e-01 -3.975897107245456308e-01 1.232466947912846944e-02 1.006769966900867841e+00 1.419398281984981969e+00 0.000000000000000000e+00
2.044903458755667758e-01 -2.322561332731322703e-01 1.934120404315359809e-01 2.167259653271507602e+00 2.714803320177985313e-01 2.915800782300649985e+00 8.626715800598331318e-01 6.156974108379096311e-01 -4.087287814579656509e-01 1.248090548895364887e-02 1.012702890598319083e+00 1.423435501039487683e+00 0.000000000000000000e+00
2.048674087313893666e-01 -2.330524268743107974e-01 1.917513961216999185e-01 2.170904485251011096e+00 2.660834821272910489e-01 2.920509975333932307e+00 8.614511864903044991e-01 6.274528036266010522e-01 -4.189067173539759992e-01 1.261379514675400361e-02 1.018186139545710578e+00 1.427096681748074136e+00 0.000000000000000000e+00
2.052168505800753273e-01 -2.339228486630969550e-01 1.899265844343071552e-01 2.174935430912547041e+00 2.601477089069046400e-01 2.925623963433779728e+00 8.599959686916578416e-01 6.401401696387658546e-01 -4.298099651728692905e-01 1.274467599046648705e-02 1.024131779837366807e+00 1.430998345903094604e+00 0.000000000000000000e+00
2.054857867468933563e-01 -2.347312826741939085e-01 1.882192904537756117e-01 2.178730835369245611e+00 2.545894167023270427e-01 2.930359655596533663e+00 8.585378214158121413e-01 6.518015528409775161e-01 -4.397535428929526535e-01 1.285274727556136309e-02 1.029623484321219307e+00 1.434546342265352603e+00 0.000000000000000000e+00
2.057198048082681530e-01 -2.356099756941979484e-01 1.863458992095715638e-01 2.182921678039022595e+00 2.484846880212776554e-01 2.935510852928619130e+00 8.568421201707313584e-01 6.643732710828056387e-01 -4.503847488064944837e-01 1.295518743136694038e-02 1.035574783830192080e+00 1.438338550499570934e+00 0.000000000000000000e+00
2.058835551400154673e-01 -2.364214923207347274e-01 1.845954884808918561e-01 2.186862095651264326e+00 2.427745662251044045e-01 2.940289016178908810e+00 8.551771118572139008e-01 6.759144125618002930e-01 -4.600584817291255568e-01 1.303537354731354632e-02 1.041068419105834808e+00 1.441797597281420318e+00 0.000000000000000000e+00
2.060053682076771198e-01 -2.372984157540224404e-01 1.826774061181900000e-01 2.191207364354573528e+00 2.365097272220664237e-01 2.945494812302073218e+00 8.532743498373795976e-01 6.883409885242189885e-01 -4.703768993726376024e-01 1.310578294922711690e-02 1.047018253876208060e+00 1.445507247521846450e+00 0.000000000000000000e+00
2.060710123854047893e-01 -2.381700939017026564e-01 1.807378841453011198e-01 2.195629855902597072e+00 2.301661598668189868e-01 2.950735326982744322e+00 8.512793758648012910e-01 7.006811449092645860e-01 -4.805183499617138310e-01 1.315829715697211869e-02 1.052964426800082620e+00 1.449185605619463635e+00 0.000000000000000000e+00
2.060826769914752832e-01 -2.389674868811232644e-01 1.789295045838954490e-01 2.199779607318101071e+00 2.242418177859848427e-01 2.955607649195818976e+00 8.493642967249251940e-01 7.119877284752504920e-01 -4.897116486236947619e-01 1.318989514718698838e-02 1.058448274958719182e+00 1.452560230194757551e+00 0.000000000000000000e+00
2.060487594039219217e-01 -2.397554285173604249e-01 1.771048702552157628e-01 2.203992424294728636e+00 2.182535752659049422e-01 2.960516750544273989e+00 8.473874988267866559e-01 7.232069603574818872e-01 -4.987351041871554980e-01 1.320452692872291049e-02 1.063925664951712369e+00 1.455921672122655552e+00 0.000000000000000000e+00
2.059620616075164279e-01 -2.405954314102878022e-01 1.751110313167157095e-01 2.208626100635751044e+00 2.116956407410874874e-01 2.965880432511788900e+00 8.451863296068089504e-01 7.352546350758095706e-01 -5.083078367254452168e-01 1.320023050087055713e-02 1.069850466007838952e+00 1.459556620694504758e+00 0.000000000000000000e+00
2.058376965370912748e-01 -2.413555371170371944e-01 1.732558954545903585e-01 2.212965747221425694e+00 2.055788569352898776e-01 2.970876743688448229e+00 8.431093968516834014e-01 7.462708675039495532e-01 -5.169485294612348181e-01 1.317690183389984108e-02 1.075309480189310607e+00 1.462913268932440669e+00 0.000000000000000000e+00
2.056568471647576557e-01 -2.421593683544609188e-01 1.712316188466926348e-01 2.217733001646479352e+00 1.988853729311648166e-01 2.976341834398189778e+00 8.408214751591963632e-01 7.580838511512141276e-01 -5.260866341096237520e-01 1.312965881257805757e-02 1.081210579111735459e+00 1.466559802255031686e+00 0.000000000000000000e+00
2.054490081625335585e-01 -2.428803370430402953e-01 1.693507879527237636e-01 2.222192877933638400e+00 1.926455205864492370e-01 2.981438344000726826e+00 8.386846212795439071e-01 7.688682554064627528e-01 -5.343048163384718219e-01 1.306472553565596328e-02 1.086644026946742336e+00 1.469943348419977314e+00 0.000000000000000000e+00
2.051817942837667608e-01 -2.436353428636339746e-01 1.673013373420531302e-01 2.227086796201385610e+00 1.858204056111114610e-01 2.987018984703299740e+00 8.363546216418336066e-01 7.804133916270924454e-01 -5.429616211988561592e-01 1.297022388855288179e-02 1.092513500831222562e+00 1.473637286009971792e+00 0.000000000000000000e+00
2.048985392340994527e-01 -2.443054009181832575e-01 1.653999063538051373e-01 2.231660103049624588e+00 1.794613236428341807e-01 2.992227598223960783e+00 8.342007235312048907e-01 7.909364066213498967e-01 -5.507164133980306797e-01 1.285987643296382897e-02 1.097914324942875997e+00 1.477081685405825739e+00 0.000000000000000000e+00
2.045545330927583672e-01 -2.449988664305793040e-01 1.633309811696933844e-01 2.236672911819169940e+00 1.725089394417658184e-01 2.997935224905876161e+00 8.318763831108110240e-01 8.021830690628090066e-01 -5.588501068412961015e-01 1.271421816609330686e-02 1.103744517201277420e+00 1.480860311518484629e+00 0.000000000000000000e+00
2.042049426726604000e-01 -2.456058909095957532e-01 1.614142176417572017e-01 2.241352206742599940e+00 1.660326391026973880e-01 3.003266440585334873e+00 8.297507810867641442e-01 8.124146010757570258e-01 -5.660992979075192277e-01 1.255450964387801703e-02 1.109105327317552403e+00 1.484401117345799381e+00 0.000000000000000000e+00
2.037942799468212829e-01 -2.462242571301831440e-01 1.593316979336568129e-01 2.246476159576872078e+00 1.589531980292875346e-01 3.009112024773715532e+00 8.274827665234253393e-01 8.233277691697111766e-01 -5.736603451373902818e-01 1.235299469403498655e-02 1.114888048729523184e+00 1.488304912029692284e+00 0.000000000000000000e+00
2.033884384439484661e-01 -2.467558728527790846e-01 1.574051905730124434e-01 2.251254329453503011e+00 1.523599423902259886e-01 3.014574332108959087e+00 8.254332643275276160e-01 8.332369255327052304e-01 -5.803607918610024230e-01 1.213980656817954112e-02 1.120201321420340346e+00 1.491980207492055843e+00 0.000000000000000000e+00
2.029227625128979251e-01 -2.472859308230549169e-01 1.553152076906356704e-01 2.256481131470388313e+00 1.451534380324202012e-01 3.020565513421918702e+00 8.232743062108277554e-01 8.437850408202365315e-01 -5.873054504565747846e-01 1.187825294021473480e-02 1.125928715660664770e+00 1.496050449744078747e+00 0.000000000000000000e+00
2.024716807579712841e-01 -2.477295084179475526e-01 1.533847109116721619e-01 2.261350376566187315e+00 1.384410312543313815e-01 3.026165627439822092e+00 8.213513041667087622e-01 8.533403962324135339e-01 -5.934128777844536184e-01 1.160732311267771016e-02 1.131186994074971697e+00 1.499900049099788246e+00 0.000000000000000000e+00
2.019633253658827121e-01 -2.481570022412037113e-01 1.512936516246649044e-01 2.266671425565955467e+00 1.311029338327411864e-01 3.032309024282837218e+00 8.193584607230025574e-01 8.634865739324246725e-01 -5.996885503141979878e-01 1.128063439011445061e-02 1.136850339291079814e+00 1.504182278974580900e+00 0.000000000000000000e+00
2.014789198178212337e-01 -2.484996961526867720e-01 1.493651551570762959e-01 2.271623636191187678e+00 1.242668156666191237e-01 3.038051213936013184e+00 8.176151554734365501e-01 8.726559041445948184e-01 -6.051574847707302807e-01 1.094752391231327594e-02 1.142045900261715374e+00 1.508248260168859378e+00 0.000000000000000000e+00
2.009412025750259567e-01 -2.488111685682602714e-01 1.472794965022798386e-01 2.277030117029384293e+00 1.167914244811965041e-01 3.044349583330006936e+00 8.158460841403242236e-01 8.823676536917866020e-01 -6.107184980219518833e-01 1.055122577646077156e-02 1.147637340128391026e+00 1.512787751404954140e+00 0.000000000000000000e+00
2.004360988593458515e-01 -2.490400026837524816e-01 1.453591133393181689e-01 2.282056965837157669e+00 1.098241723651449675e-01 3.050235530415808416e+00 8.143382023311214191e-01 8.911182018225417556e-01 -6.155022677090340455e-01 1.015134901789347191e-02 1.152762194172085142e+00 1.517114322911896851e+00 0.000000000000000000e+00
1.998831005899321667e-01 -2.492206695149157269e-01 1.432856719850994498e-01 2.287539473752341124e+00 1.022007634213593086e-01 3.056689897274974754e+00 8.128564860796285707e-01 9.003567742230539350e-01 -6.202929616149504000e-01 9.679928933354713799e-03 1.158272673941622477e+00 1.521961941886113445e+00 0.000000000000000000e+00
1.993278430406485446e-01 -2.493282280998725675e-01 1.412212542800284076e-01 2.293057828376182439e+00 9.449632329072121806e-02 3.063223635645837106e+00 8.115481416150999161e-01 9.093371531558828158e-01 -6.246662050199968119e-01 9.167745839380930795e-03 1.163737879972628786e+00 1.526988392127529126e+00 0.000000000000000000e+00
1.988168492505565932e-01 -2.493587230151355916e-01 1.393253406451200604e-01 2.298180967951117815e+00 8.730813133097514722e-02 3.069324786584826104e+00 8.105113730027320162e-01 9.173868238667565178e-01 -6.283167996632500474e-01 8.657205374845131779e-03 1.168740361764233571e+00 1.531800724217302401e+00 0.000000000000000000e+00
1.983105704196423125e-01 -2.493202088289357965e-01 1.374402084001790647e-01 2.303330180961941309e+00 8.004308716317432015e-02 3.075491383334437501e+00 8.096529696043721636e-01 9.251988074503403325e-01 -6.315858299013223931e-01 8.109338523007540711e-03 1.173700099820342624e+00 1.536790023361511270e+00 0.000000000000000000e+00
1.977712437918096311e-01 -2.491967607360294490e-01 1.354119725647583983e-01 2.308935184874660429e+00 7.208076762752568811e-02 3.082243732497073285e+00 8.089423050674844351e-01 9.333833672704263673e-01 -6.346820875636757231e-01 7.472192836665594341e-03 1.179022826733029605e+00 1.542409160103523913e+00 0.000000000000000000e+00
1.972451970844409097e-01 -2.489851643478557253e-01 1.334000964180693805e-01 2.314565211064055106e+00 6.401824223314722673e-02 3.089067106197632917e+00 8.084761852976934948e-01 9.412709180499413408e-01 -6.373050349212946442e-01 6.788618161639749932e-03 1.184291225159478822e+00 1.548263453969790815e+00 0.000000000000000000e+00
1.967751233211085804e-01 -2.487075038420151485e-01 1.315592568095110271e-01 2.319781635338434178e+00 5.648045391490175149e-02 3.095426095840070779e+00 8.082819742751994330e-01 9.482768293505854373e-01 -6.392893562495128856e-01 6.114708888835751477e-03 1.189103690407306457e+00 1.553891645459509530e+00 0.000000000000000000e+00
1.963231521711471805e-01 -2.483477630826451954e-01 1.297356125767080148e-01 2.325014596492874119e+00 4.884566497670750351e-02 3.101839289864142923e+00 8.083299111748208921e-01 9.550111647990687791e-01 -6.408433107455739908e-01 5.398450153212989121e-03 1.193865555594422645e+00 1.559747537222430536e+00 0.000000000000000000e+00
1.958577322418637301e-01 -2.478613714372528143e-01 1.277812506204129561e-01 2.330698783971695054e+00 4.045769402945920135e-02 3.108843652067715180e+00 8.086749236940405927e-01 9.619895123824306893e-01 -6.420253547954056783e-01 4.573101681437856218e-03 1.198964710133597178e+00 1.566363761476568639e+00 0.000000000000000000e+00
1.954535291208509551e-01 -2.473202134553291465e-01 1.259984200640573426e-01 2.335957591868958350e+00 3.260034518560184225e-02 3.115356388050364078e+00 8.092797275775975852e-01 9.681312279093442497e-01 -6.426434744844130575e-01 3.764557652111393069e-03 1.203615122029093820e+00 1.572735108068474164e+00 0.000000000000000000e+00
1.950467767034659849e-01 -2.466302487228006490e-01 1.240919167622601543e-01 2.341664336879697217e+00 2.395593106205584633e-02 3.122456264033742990e+00 8.102650306018995829e-01 9.744497773326390444e-01 -6.427861533398141480e-01 2.836530276300144524e-03 1.208589241155089145e+00 1.579939225133247360e+00 0.000000000000000000e+00
1.947034079231398096e-01 -2.458934761654452683e-01 1.223567930698978012e-01 2.346937740772004677e+00 1.584522759231887790e-02 3.129045051272783429e+00 8.114996055042330569e-01 9.799621213149395382e-01 -6.424149752628842691e-01 1.930081657362480579e-03 1.213119411327368447e+00 1.586884083465901707e+00 0.000000000000000000e+00
