-6.550858327755981758e-04 4.608822455266503582e-04 1.579669337023886788e-03 2.414955089076187278e-04 -4.443094833765481866e-03 -8.988450361129940447e-03 0.000000000000000000e+00
-5.645059211692726731e-04 4.645153409409408241e-04 1.417139811411144423e-03 1.413315720384389351e-04 -4.097836813242494713e-03 -8.130415246476951907e-03 0.000000000000000000e+00
-5.678574085158649698e-04 5.432358010314941588e-04 1.490900374846726439e-03 6.910612547894601221e-05 -4.436597322200253046e-03 -8.629518324087426251e-03 0.000000000000000000e+00
-4.840006363448223770e-04 5.362090063495972281e-04 1.335736972355117125e-03 -1.005193216752076069e-05 -4.093809983373830619e-03 -7.804101409210728590e-03 0.000000000000000000e+00
-4.807502055679813147e-04 6.163717362619447471e-04 1.403481658735800108e-03 -8.709476861579190654e-05 -4.434209689257784248e-03 -8.281896747191153096e-03 0.000000000000000000e+00
-4.032580316037648327e-04 6.000237738348346284e-04 1.255270844137956754e-03 -1.472895234018167798e-04 -4.093193422922247748e-03 -7.486130545436564532e-03 0.000000000000000000e+00
-3.929956029568026921e-04 6.816248000037217203e-04 1.316605657884439839e-03 -2.285454364781003278e-04 -4.435244902316615168e-03 -7.940124860226438486e-03 0.000000000000000000e+00
-3.225297031297369443e-04 6.565378907917862605e-04 1.175934033975062354e-03 -2.714735291053926858e-04 -4.095637861379675115e-03 -7.175471582386405700e-03 0.000000000000000000e+00
-3.058868284739335586e-04 7.390538076127439737e-04 1.231597343491402929e-03 -3.563310117025153545e-04 -4.439421034438062463e-03 -7.608489670144269468e-03 0.000000000000000000e+00
-2.420641778117516019e-04 7.063742923877347479e-04 1.097934872638955950e-03 -3.836207020606607898e-04 -4.100763219420322514e-03 -6.871590951466943764e-03 0.000000000000000000e+00
-2.187069444485045810e-04 7.897475530108666320e-04 1.147659187691080218e-03 -4.717710509449801748e-04 -4.446141719038454454e-03 -7.281615417196851681e-03 0.000000000000000000e+00
-1.620942324237206744e-04 7.500617511174700880e-04 1.021478190580543677e-03 -4.848413055391631588e-04 -4.108029569202198417e-03 -6.574047655843351379e-03 0.000000000000000000e+00
-1.327278258660413712e-04 8.338736919175637752e-04 1.065935195965206361e-03 -5.760392018183679852e-04 -4.455174116923199534e-03 -6.963295975469740995e-03 0.000000000000000000e+00
-8.289214431694835739e-05 7.881255811499898734e-04 9.466965469881460926e-04 -5.762953042500740253e-04 -4.117052099580131852e-03 -6.282122721136929044e-03 0.000000000000000000e+00
-4.715719051107125637e-05 8.723546348721744614e-04 9.856100020744773538e-04 -6.699596461778867251e-04 -4.465619398846598642e-03 -6.648740622525961541e-03 0.000000000000000000e+00
-4.661413399775771182e-06 8.210698316626907634e-04 8.736787792581746093e-04 -6.588144261652217892e-04 -4.127330723749267349e-03 -5.995084508362502618e-03 0.000000000000000000e+00
3.669938842421061054e-05 9.053979792121302772e-04 9.078220232958400526e-04 -7.552451888308553407e-04 -4.477334935155674600e-03 -6.341585873452793010e-03 0.000000000000000000e+00
7.234554889581912285e-05 8.493519618479883349e-04 8.026496974839480991e-04 -7.336344291477558954e-04 -4.138381728842954743e-03 -5.713008263866337089e-03 0.000000000000000000e+00
1.196544163391821680e-04 9.337286302897318535e-04 8.316855361278352454e-04 -8.322145069872277645e-04 -4.489355372063741356e-03 -6.037141365819786998e-03 0.000000000000000000e+00
1.479477249398675198e-04 8.734138597978335916e-04 7.335943080123974447e-04 -8.014729953185195654e-04 -4.149664446131406947e-03 -5.434862029994880217e-03 0.000000000000000000e+00
2.004557370824111562e-04 9.576560363169228651e-04 7.582101225186710369e-04 -9.025219547735829906e-04 -4.501632572747826799e-03 -5.738772271810299586e-03 0.000000000000000000e+00
2.219413085742527603e-04 8.936588006556722696e-04 6.666231360095697944e-04 -8.633056285516360617e-04 -4.160641351861116277e-03 -5.160459149123219902e-03 0.000000000000000000e+00
2.799194221984047104e-04 9.776848965805107206e-04 6.866806154489923930e-04 -9.664786914056477940e-04 -4.512931935028774433e-03 -5.442874419523180407e-03 0.000000000000000000e+00
2.941177613940970659e-04 9.104703736118602286e-04 6.018775001143394920e-04 -9.200448754516088457e-04 -4.170822043064514872e-03 -4.889787193027128609e-03 0.000000000000000000e+00
3.568308688932930739e-04 9.941855161019197418e-04 6.178797048071726916e-04 -1.025552431163312406e-03 -4.523461049207533335e-03 -5.151990182860499701e-03 0.000000000000000000e+00
3.643527050985195803e-04 9.242166320415079461e-04 5.392926409636955576e-04 -9.722224850765570636e-04 -4.179654107686836539e-03 -4.622043858617530532e-03 0.000000000000000000e+00
4.320148164397852319e-04 1.007495793627410929e-03 5.512024669141746269e-04 -1.079929495753972901e-03 -4.531883294895955316e-03 -4.863136453580496621e-03 0.000000000000000000e+00
4.324493446689059439e-04 9.351688545842229416e-04 4.790048346376973853e-04 -1.020747881811168156e-03 -4.186611014212804349e-03 -4.357336018610435957e-03 0.000000000000000000e+00
5.043404108700799693e-04 1.018033783728722330e-03 4.873205363684351976e-04 -1.130954644949611065e-03 -4.538436768702691637e-03 -4.578806387460998550e-03 0.000000000000000000e+00
4.982769951090704197e-04 9.436746508284521440e-04 4.210612356490839314e-04 -1.066221125411992432e-03 -4.191239742578733996e-03 -4.095869900649695694e-03 0.000000000000000000e+00
5.745992335254024308e-04 1.025972260920882118e-03 4.256183649018474568e-04 -1.178521182785274846e-03 -4.541833462275324251e-03 -4.296130767704742226e-03 0.000000000000000000e+00
5.617180770303709103e-04 9.499635321768007401e-04 3.654467985319265200e-04 -1.109161313024742412e-03 -4.193036915335568438e-03 -3.836998003374336719e-03 0.000000000000000000e+00
6.417399443154059302e-04 1.031722966707726563e-03 3.668477853394913613e-04 -1.224204590422495187e-03 -4.542263181683381390e-03 -4.018245449097790356e-03 0.000000000000000000e+00
6.226201516030815952e-04 9.542763903780948631e-04 3.122274233604560578e-04 -1.150189604834928048e-03 -4.191652179825311464e-03 -3.581257115335745311e-03 0.000000000000000000e+00
7.065614217850180179e-04 1.035370655900647030e-03 3.102898279755683664e-04 -1.267401923764843730e-03 -4.538598329244969420e-03 -3.741907980287395574e-03 0.000000000000000000e+00
6.809347037741442232e-04 9.568233368139056338e-04 2.614061795792321785e-04 -1.189674984097166544e-03 -4.186524054321516530e-03 -3.328622974962058834e-03 0.000000000000000000e+00
7.680582756779130715e-04 1.037316213418626454e-03 2.566518206907064670e-04 -1.309751114184187770e-03 -4.531190497014669916e-03 -3.470379794036526633e-03 0.000000000000000000e+00
7.365553060050822332e-04 9.577964850367992611e-04 2.129253641858508406e-04 -1.227947207684820796e-03 -4.177424915435601349e-03 -3.078768341891136018e-03 0.000000000000000000e+00
8.270335996234945419e-04 1.037498452621854472e-03 2.053589163061309009e-04 -1.350591168920445284e-03 -4.518757243785920252e-03 -3.201297794727775425e-03 0.000000000000000000e+00
7.894041710823640479e-04 9.573256976778132810e-04 1.668992744505437553e-04 -1.265523732039142146e-03 -4.163959102738701290e-03 -2.832669258817199776e-03 0.000000000000000000e+00
8.825668961294774739e-04 1.036362017905190225e-03 1.569323638175301738e-04 -1.391287718405465057e-03 -4.501924746526775323e-03 -2.937329176137648545e-03 0.000000000000000000e+00
8.394397314396284671e-04 9.555765105984659336e-04 1.232373137565467847e-04 -1.302563848261328872e-03 -4.145924604757045273e-03 -2.590056260716622205e-03 0.000000000000000000e+00
9.354437919104618970e-04 1.033698899514934322e-03 1.108127423098403952e-04 -1.430975885194918362e-03 -4.479466706661217046e-03 -2.676126042721049814e-03 0.000000000000000000e+00
8.866309258347693234e-04 9.526146429291726392e-04 8.199335407502172934e-05 -1.339389122029466250e-03 -4.122980167549528119e-03 -2.351679186932020826e-03 0.000000000000000000e+00
9.848199564712611931e-04 1.030005110509546462e-03 6.751798363222039079e-05 -1.471061401948858816e-03 -4.452214455424652328e-03 -2.420703005048263634e-03 0.000000000000000000e+00
9.309513055267559789e-04 9.485552221091264613e-04 4.310284659653218498e-05 -1.376123299126064126e-03 -4.095045094445026734e-03 -2.117627782554754035e-03 0.000000000000000000e+00
1.031462716116315903e-03 1.024922816373785572e-03 2.656645742524221809e-05 -1.510620931998829519e-03 -4.418908089984352472e-03 -2.169238889315749930e-03 0.000000000000000000e+00
9.724063481812150744e-04 9.434346669908721950e-04 6.565242362865930659e-06 -1.412920686870933196e-03 -4.061921958241843100e-03 -1.888469450166407881e-03 0.000000000000000000e+00
1.074630118760105946e-03 1.018952480054902132e-03 -1.166648866227082415e-05 -1.550825946422307311e-03 -4.380545978778904725e-03 -1.924178731237402573e-03 0.000000000000000000e+00
1.010998397571405416e-03 9.373370069133413196e-04 -2.768548996842645771e-05 -1.449838831660166250e-03 -4.023673837163954659e-03 -1.664492815194318354e-03 0.000000000000000000e+00
1.115084622900497369e-03 1.011694285600162058e-03 -4.765540295229020451e-05 -1.590602140131736064e-03 -4.335966413356651117e-03 -1.684015471822952748e-03 0.000000000000000000e+00
1.046756175116819731e-03 9.302596653144590277e-04 -5.967161548012245298e-05 -1.486908038033085688e-03 -3.980243822553575228e-03 -1.446103174345125808e-03 0.000000000000000000e+00
1.152141468496209464e-03 1.003608983606130156e-03 -8.098233076386796014e-05 -1.631161428458760554e-03 -4.286379392411276967e-03 -1.451310910161707213e-03 0.000000000000000000e+00
1.079739184928568685e-03 9.222106781501260286e-04 -8.943641426914505921e-05 -1.524156656747877037e-03 -3.931627820084049318e-03 -1.234009095932409039e-03 0.000000000000000000e+00
1.186558098174222975e-03 9.942506775786341677e-04 -1.121793899971912367e-04 -1.671235294429251894e-03 -4.230697115721770984e-03 -1.224427063593491738e-03 0.000000000000000000e+00
1.110001920036435274e-03 9.131845073273581193e-04 -1.170450102599973619e-04 -1.561478202283694827e-03 -3.877981868179780633e-03 -1.028496634772890772e-03 0.000000000000000000e+00
1.217746333216057630e-03 9.840915332068878030e-04 -1.409302785393695689e-04 -1.711825010128897873e-03 -4.170273493866893944e-03 -1.005513793024270797e-03 0.000000000000000000e+00
1.137636418137841221e-03 9.031968658239908354e-04 -1.426115424621177130e-04 -1.598702775438276547e-03 -3.819481382453027152e-03 -8.297805688739501306e-04 0.000000000000000000e+00
1.246441099200135127e-03 9.725917643465809004e-04 -1.675693531788813306e-04 -1.751872602263837564e-03 -4.104017164434647924e-03 -7.940627764504437636e-04 0.000000000000000000e+00
1.162728664559686820e-03 8.921873336532881726e-04 -1.661553955110139924e-04 -1.635738182298673848e-03 -3.756295249052410412e-03 -6.385152532970561623e-04 0.000000000000000000e+00
1.272147313034932559e-03 9.602584803977964878e-04 -1.919691953797819650e-04 -1.792029375771164723e-03 -4.033484192840663951e-03 -5.912150264111293296e-04 0.000000000000000000e+00
1.185389814052043023e-03 8.801639309233277864e-04 -1.878240111796158907e-04 -1.672308921702558848e-03 -3.688760716336059176e-03 -4.547944563655370587e-04 0.000000000000000000e+00
1.295578359881685571e-03 9.464874137814216493e-04 -2.144673592684442909e-04 -1.831136443062320041e-03 -3.957654952626565859e-03 -3.964715854036793274e-04 0.000000000000000000e+00
1.205755402209657268e-03 8.670491531950486053e-04 -2.076043576563213477e-04 -1.708295509045498761e-03 -3.617040388075309920e-03 -2.794711103415448150e-04 0.000000000000000000e+00
1.316316527940356029e-03 9.318375970443493195e-04 -2.349507367549741321e-04 -1.869793526342533596e-03 -3.878232357746203007e-03 -2.109356472865808740e-04 0.000000000000000000e+00
1.223973378709469761e-03 8.528537884913700573e-04 -2.257596761307267830e-04 -1.743170405541505374e-03 -3.541575225912918512e-03 -1.119238019913204596e-04 0.000000000000000000e+00
1.335070452588793533e-03 9.156581996735968509e-04 -2.536946873496759292e-04 -1.906810504276101881e-03 -3.794183289669295078e-03 -3.429428792589561681e-05 0.000000000000000000e+00
1.240180823875627891e-03 8.374711166721504618e-04 -2.422461447403323476e-04 -1.776809656291788997e-03 -3.462643345704119469e-03 4.681922321148057620e-05 0.000000000000000000e+00
1.351510734237115763e-03 8.985602465460540422e-04 -2.707159799863190219e-04 -1.942573512955014792e-03 -3.707292302738363077e-03 1.329869813553319347e-04 0.000000000000000000e+00
1.254570752708100700e-03 8.209133531826284802e-04 -2.572409040435819083e-04 -1.808743838457971265e-03 -3.380625937271730663e-03 1.969574085449732337e-04 0.000000000000000000e+00
1.366279468486483739e-03 8.797894677488871107e-04 -2.862643990528268567e-04 -1.975836614180437323e-03 -3.616660228744628114e-03 2.912520423734576980e-04 0.000000000000000000e+00
1.267309281154649359e-03 8.031356228883346215e-04 -2.708513784126231894e-04 -1.838606096063344353e-03 -3.295932104323995304e-03 3.382806393994464145e-04 0.000000000000000000e+00
1.379163631375593391e-03 8.600393641847725590e-04 -3.002936904464292844e-04 -2.007040676542004576e-03 -3.523943378360705481e-03 4.396783111324520377e-04 0.000000000000000000e+00
1.278590948751504031e-03 7.841148052219193421e-04 -2.832516321196187903e-04 -1.865808625157505674e-03 -3.208987162348186928e-03 4.713427466840336422e-04 0.000000000000000000e+00
1.390765002757754498e-03 8.385299162149972840e-04 -3.130771281431576902e-04 -2.034810322943947369e-03 -3.428355843064778696e-03 5.788627665483936369e-04 0.000000000000000000e+00
1.288611841337633512e-03 7.638249696172993985e-04 -2.945178006520388081e-04 -1.890032421178133859e-03 -3.120163826910715699e-03 5.956687403636529154e-04 0.000000000000000000e+00
1.400935714146608890e-03 8.160652041022120606e-04 -3.247325660143129955e-04 -2.059362520051344347e-03 -3.331605628712264178e-03 7.091604783386884492e-04 0.000000000000000000e+00
1.297578324969128616e-03 7.422446647364910888e-04 -3.047943557240306856e-04 -1.910701504045597687e-03 -3.029868195404183950e-03 7.116908992392811939e-04 0.000000000000000000e+00
1.410249743592051352e-03 7.917657745905581912e-04 -3.353845025020341097e-04 -2.079449870096894415e-03 -3.232810902294769306e-03 8.302916412343819275e-04 0.000000000000000000e+00
1.305692944160344315e-03 7.193374279308717423e-04 -3.141892111735711257e-04 -1.927348281069107827e-03 -2.938484376272310072e-03 8.194040714359918098e-04 0.000000000000000000e+00
1.418592998756781909e-03 7.665078227397648103e-04 -3.451798767729052919e-04 -2.095249502090723581e-03 -3.133701790270393417e-03 9.430284456637405555e-04 0.000000000000000000e+00
1.313186125959805994e-03 6.952016653169468263e-04 -3.229083835242507750e-04 -1.939367038320760628e-03 -2.846380336749554374e-03 9.197385520758327715e-04 0.000000000000000000e+00
1.426522865987947530e-03 7.394161732236781415e-04 -3.542869127483028180e-04 -2.105362107143626815e-03 -3.033370300427051802e-03 1.047561295588028685e-03 0.000000000000000000e+00
1.320251182956977409e-03 6.697649508439484922e-04 -3.310248390734904511e-04 -1.946283165825235528e-03 -2.753901628319344042e-03 1.012631336009039984e-03 0.000000000000000000e+00
1.433958613223623724e-03 7.113885484110737956e-04 -3.627786707139091238e-04 -2.110089544120619109e-03 -2.933435921521621026e-03 1.144350597001908554e-03 0.000000000000000000e+00
1.327100554123550324e-03 6.430830781659624407e-04 -3.386634949532896233e-04 -1.947604759921617301e-03 -2.661409513749379840e-03 1.098529753739807546e-03 0.000000000000000000e+00
1.441423568002642153e-03 6.816276305445234662e-04 -3.708891956312743154e-04 -2.108021359941147921e-03 -2.833002140109286415e-03 1.234054374017912181e-03 0.000000000000000000e+00
1.333946321272566626e-03 6.152076889875124355e-04 -3.459982993782861893e-04 -1.942688391385338775e-03 -2.569145332771860524e-03 1.178441375168981509e-03 0.000000000000000000e+00
1.448850304763493746e-03 6.510045447270795815e-04 -3.786855478291051291e-04 -2.099388100673671431e-03 -2.733593389665500695e-03 1.317435273423539499e-03 0.000000000000000000e+00
1.340987480724364911e-03 5.861831400927330904e-04 -3.531215555092614977e-04 -1.931155287699937162e-03 -2.477366935332181441e-03 1.252651314665120807e-03 0.000000000000000000e+00
1.456725941906211741e-03 6.187536908293378435e-04 -3.863495863407895303e-04 -2.082892385080192810e-03 -2.634233003559582897e-03 1.395005939318627597e-03 0.000000000000000000e+00
1.348410992561915878e-03 5.560560423452098888e-04 -3.601383205243668950e-04 -1.912483584824542504e-03 -2.386310522641377219e-03 1.321820342025548101e-03 0.000000000000000000e+00
1.464991902174361815e-03 5.857662868914148557e-04 -3.939467077574698717e-04 -2.058781101523798895e-03 -2.536316060008481088e-03 1.467688795736554752e-03 0.000000000000000000e+00
1.356403744558795643e-03 5.249659496514014201e-04 -3.672136966827166393e-04 -1.886262366214808139e-03 -2.296121850230203876e-03 1.386996842722254542e-03 0.000000000000000000e+00
1.474083386465999124e-03 5.513147901565762510e-04 -4.016496754865039875e-04 -2.025933356555320586e-03 -2.438883810343295266e-03 1.536011304764661745e-03 0.000000000000000000e+00
1.365130488778384943e-03 4.928996138861552190e-04 -3.743696077110336695e-04 -1.852099276892893442e-03 -2.206923617180667208e-03 1.448402874761445247e-03 0.000000000000000000e+00
1.483949094767164634e-03 5.163351782932201761e-04 -4.094955406126477016e-04 -1.984652475000459049e-03 -2.343049521781104261e-03 1.601038884512018257e-03 0.000000000000000000e+00
1.374750410562231018e-03 4.599736008534249798e-04 -3.817510204947860419e-04 -1.809555932625883656e-03 -2.118801108846213310e-03 1.507182199571799330e-03 0.000000000000000000e+00
1.494963765539619738e-03 4.800828294761472215e-04 -4.176821458189705627e-04 -1.933813110063020702e-03 -2.247889866560992544e-03 1.663668596115330800e-03 0.000000000000000000e+00
1.385404218549171618e-03 4.263143637518174156e-04 -3.894125670398096428e-04 -1.758455481346565819e-03 -2.031729765537892973e-03 1.563881268778599676e-03 0.000000000000000000e+00
1.507058991183529706e-03 4.435228316471973020e-04 -4.261865408416165568e-04 -1.873953844943265779e-03 -2.154439485124726161e-03 1.724648185507771103e-03 0.000000000000000000e+00
1.397211441540147092e-03 3.920549060595079904e-04 -3.974651800751904940e-04 -1.698603529844078253e-03 -1.945704251412827546e-03 1.619590859120112469e-03 0.000000000000000000e+00
1.520571212440438580e-03 4.058283692791042618e-04 -4.351128607353038635e-04 -1.803998881588775305e-03 -2.061562458923749119e-03 1.784343447996272758e-03 0.000000000000000000e+00
1.410279785384764561e-03 3.572528451901146873e-04 -4.059267860539728101e-04 -1.629792810424746108e-03 -1.860663335477408253e-03 1.674725181571856680e-03 0.000000000000000000e+00
1.535403000943222351e-03 3.680977069399071766e-04 -4.445299596590179814e-04 -1.724671798141841350e-03 -1.970158905904018098e-03 1.844402128864608414e-03 0.000000000000000000e+00
1.424699232468948362e-03 3.220032469136713260e-04 -4.148335700879524079e-04 -1.551924820837768948e-03 -1.776459727766521723e-03 1.730000888350735622e-03 0.000000000000000000e+00
1.551822106051217731e-03 3.295589648682206718e-04 -4.544883987682712956e-04 -1.635293877395582740e-03 -1.879059236685076684e-03 1.904844756898560476e-03 0.000000000000000000e+00
1.440524113766640524e-03 2.864934188364920420e-04 -4.242761055521238056e-04 -1.465046756482735191e-03 -1.692955652336181060e-03 1.786517153178568407e-03 0.000000000000000000e+00
1.569730340546401925e-03 2.911055248281391172e-04 -4.649181691371573333e-04 -1.536410705030633039e-03 -1.789025308433611627e-03 1.966472661955043222e-03 0.000000000000000000e+00
1.457821055369873386e-03 2.507720146109615467e-04 -4.342337833858900265e-04 -1.369176645794389913e-03 -1.609817149784920076e-03 1.844663188906636719e-03 0.000000000000000000e+00
1.589302975351598868e-03 2.521340360975843353e-04 -4.759811738579700080e-04 -1.427692167327521133e-03 -1.698921757798732557e-03 2.030222886929333725e-03 0.000000000000000000e+00
1.476609930592016895e-03 2.149419517451789385e-04 -4.446600500142838808e-04 -1.264594990069589642e-03 -1.526806443685746473e-03 1.904547515821475301e-03 0.000000000000000000e+00
1.610433118340956482e-03 2.135582215989639820e-04 -4.875824417038543412e-04 -1.309925868270056526e-03 -1.609114084208496109e-03 2.096912832649566738e-03 0.000000000000000000e+00
1.496894100464503385e-03 1.791394397203660560e-04 -4.556264773296625492e-04 -1.151473695158777844e-03 -1.443635156788580787e-03 1.967326270406966060e-03 0.000000000000000000e+00
1.633249134245839951e-03 1.745707217900571706e-04 -4.996951539893157435e-04 -1.182710701431943789e-03 -1.518652594857616833e-03 2.166057790825570706e-03 0.000000000000000000e+00
1.518657225557898394e-03 1.434564196265697422e-04 -4.670427492677320380e-04 -1.030267615237612233e-03 -1.359977748404794795e-03 2.032878886392364137e-03 0.000000000000000000e+00
1.657598137294560847e-03 1.362048690093653480e-04 -5.122800736000465704e-04 -1.047290310953741255e-03 -1.427691599422686863e-03 2.238835522021087598e-03 0.000000000000000000e+00
1.541875548619293934e-03 1.079683678255061174e-04 -4.788948358457612020e-04 -9.013238730046779779e-04 -1.275380982641571848e-03 2.101738988692591903e-03 0.000000000000000000e+00
1.683546430297597207e-03 9.769887820246236920e-05 -5.253518868881534853e-04 -9.034319342804408848e-04 -1.335153717416659447e-03 2.315329089694895259e-03 0.000000000000000000e+00
1.566506640070408629e-03 7.270921649457640079e-05 -4.910751579978445136e-04 -7.650823796545580535e-04 -1.189479201151311116e-03 2.173707891977016970e-03 0.000000000000000000e+00
1.710915271869846432e-03 5.997687652692373916e-05 -5.387711556341101549e-04 -7.524508509089145036e-04 -1.241323701905105992e-03 2.395781775724969975e-03 0.000000000000000000e+00
1.592446562994245807e-03 3.789522688904534142e-05 -5.036311225566358907e-04 -6.223973214485312155e-04 -1.101642062869778727e-03 2.249809818521075755e-03 0.000000000000000000e+00
1.739742019074605461e-03 2.218982074317366049e-05 -5.524556280141201814e-04 -5.943011749369730978e-04 -1.144962290634321533e-03 2.479551677242897156e-03 0.000000000000000000e+00
1.619649189712885073e-03 3.417551322826284377e-06 -5.163273096462361877e-04 -4.736999728045532265e-04 -1.011684681773150629e-03 2.328738144352193729e-03 0.000000000000000000e+00
1.769798084335784394e-03 -1.462599163293276661e-05 -5.663295571136650608e-04 -4.305756670399674135e-04 -1.046240839553291835e-03 2.567435405780749136e-03 0.000000000000000000e+00
1.647970807215681788e-03 -3.053735439664806428e-05 -5.292001534391854722e-04 -3.199158323647921520e-04 -9.189117146384262469e-04 2.411503506246859274e-03 0.000000000000000000e+00
1.801084882839761037e-03 -5.141894566701443736e-05 -5.802570936355444520e-04 -2.613093815559963673e-04 -9.439301984279779845e-04 2.658251228842223313e-03 0.000000000000000000e+00
1.677313627343302027e-03 -6.403233598797908321e-05 -5.420472774910201075e-04 -1.617313493902372556e-04 -8.229846932366058354e-04 2.497013587582808114e-03 0.000000000000000000e+00
1.833335141333582163e-03 -8.713970646215263294e-05 -5.941636298275043693e-04 -8.824950483621307740e-05 -8.382214870934490136e-04 2.752774115497125251e-03 0.000000000000000000e+00
1.707541159132956732e-03 -9.697685690815416315e-05 -5.547807533041460015e-04 -1.548261590045285629e-07 -7.234092707970596337e-04 2.585084292531458772e-03 0.000000000000000000e+00
1.866513343919212753e-03 -1.227993086964640490e-04 -6.078206339303060535e-04 8.839844673236285644e-05 -7.279443770467075581e-04 2.849033367982922726e-03 0.000000000000000000e+00
1.738487209251876608e-03 -1.293814629801381955e-04 -5.672619467499417922e-04 1.637677696537664929e-04 -6.196811053147399662e-04 2.675146962246799376e-03 0.000000000000000000e+00
1.900352898711314686e-03 -1.573626533158400953e-04 -6.211920442298901612e-04 2.668085142394360787e-04 -6.133408777238003040e-04 2.947930933520748198e-03 0.000000000000000000e+00
1.770001795582759607e-03 -1.612485011265318846e-04 -5.793930549434223032e-04 3.292852045628791302e-04 -5.113345287899306868e-04 2.766913704403295426e-03 0.000000000000000000e+00
1.934764159010865514e-03 -1.918650066875249305e-04 -6.340165163605804288e-04 4.465884604334391383e-04 -4.931409745632109320e-04 3.047163272434039172e-03 0.000000000000000000e+00
1.801920590923440646e-03 -1.926016042378408955e-04 -5.909508106543281958e-04 4.951567020379243900e-04 -3.980839123909341026e-04 2.858918709867763752e-03 0.000000000000000000e+00
1.969461768481465570e-03 -2.252915625894080787e-04 -6.462103219610770832e-04 6.259513917772352443e-04 -3.677745809413934808e-04 3.147218442699273311e-03 0.000000000000000000e+00
1.834046192083119142e-03 -2.234277132207584948e-04 -6.018657521683623557e-04 6.603469955486218623e-04 -2.793364893167726848e-04 2.951025991550615402e-03 0.000000000000000000e+00
2.004310730980646271e-03 -2.586955058617168568e-04 -6.575584472836015770e-04 8.042232863125775566e-04 -2.360807135177722671e-04 3.245912306232945355e-03 0.000000000000000000e+00
1.866199261525744229e-03 -2.538041486828679361e-04 -6.118952684950051957e-04 8.237892232321186725e-04 -1.550441360551602088e-04 3.041536676241740622e-03 0.000000000000000000e+00
2.039070838995897528e-03 -2.911182444795823443e-04 -6.679403770693537190e-04 9.797629946683983349e-04 -9.831948124716660686e-05 3.343329094603886276e-03 0.000000000000000000e+00
1.898176530456652461e-03 -2.837654608504047715e-04 -6.209506953726573464e-04 9.843507509055271498e-04 -2.480104534718918785e-05 3.129890140316726743e-03 0.000000000000000000e+00
2.073524444806892908e-03 -3.235769741394833865e-04 -6.771114680144962872e-04 1.151813509999932705e-03 4.622734400028249979e-05 3.437047081811472893e-03 0.000000000000000000e+00
1.929769159814950785e-03 -3.133449601163684761e-04 -6.288064788365355096e-04 1.140952775376291584e-03 1.115070736692480580e-04 3.214592235974977896e-03 0.000000000000000000e+00
2.107465027535364820e-03 -3.552086120499897692e-04 -6.849887891584582889e-04 1.318715656518421042e-03 1.972380189112499238e-04 3.527004142167777800e-03 0.000000000000000000e+00
1.960766115653198027e-03 -3.425918870377797631e-04 -6.353837396028128026e-04 1.292377427981605820e-03 2.542072906663861431e-04 3.294959859129198421e-03 0.000000000000000000e+00
2.140630883496072445e-03 -3.870108397256155630e-04 -6.912710289030954414e-04 1.479764845274011975e-03 3.552012411462968089e-04 3.610479391652487990e-03 0.000000000000000000e+00
1.990962278714779321e-03 -3.716066288752262192e-04 -6.404580526959136044e-04 1.437633645871905230e-03 4.031913055353442132e-04 3.369250648187493979e-03 0.000000000000000000e+00
2.172841460678746894e-03 -4.180930035337926398e-04 -6.959226464798851097e-04 1.633271277614589678e-03 5.198957940470982919e-04 3.687521661958070851e-03 0.000000000000000000e+00
2.020140780400470071e-03 -4.004412862534112438e-04 -6.438956263284667525e-04 1.575842705507035646e-03 5.582976181641718938e-04 3.436416326406233068e-03 0.000000000000000000e+00
2.203788112131253862e-03 -4.494937564013534725e-04 -6.987020369449703505e-04 1.778619953223703476e-03 6.915845523205454981e-04 3.755767970755830021e-03 0.000000000000000000e+00
2.048070721039782494e-03 -4.291632182536475604e-04 -6.455486671154420097e-04 1.705606139294602031e-03 7.197103671781057699e-04 3.495107487718973616e-03 0.000000000000000000e+00
2.233330250772540271e-03 -4.803512508887441967e-04 -6.994830786048455984e-04 1.914487766088157628e-03 8.695083784875379251e-04 3.814534125600621550e-03 0.000000000000000000e+00
2.074558211093091575e-03 -4.578274614973065759e-04 -6.453189986880825124e-04 1.826371751366906437e-03 8.870647631571415559e-04 3.544440438418172690e-03 0.000000000000000000e+00
2.261118768885059249e-03 -5.116699128721591272e-04 -6.980918368336697100e-04 2.040019842934448491e-03 1.054019846463916110e-03 3.861736063303755628e-03 0.000000000000000000e+00
2.099372522555972842e-03 -4.865463460818619801e-04 -6.429913431083289499e-04 1.937087526570735463e-03 1.060026908723976646e-03 3.582542493381746240e-03 0.000000000000000000e+00
2.287048682942105504e-03 -5.425703462870190563e-04 -6.944811560176955556e-04 2.154233769497970741e-03 1.244208526040235796e-03 3.897279841440282055e-03 0.000000000000000000e+00
2.122343696727660434e-03 -5.153668041328884897e-04 -6.385146151228759948e-04 2.037216538023578494e-03 1.238390477326323236e-03 3.608812341302058968e-03 0.000000000000000000e+00
2.310767814574080092e-03 -5.740860081742960030e-04 -6.883755646067135636e-04 2.256542166400699045e-03 1.440192091582304101e-03 3.918444655586439396e-03 0.000000000000000000e+00
2.143193599973655661e-03 -5.443124637835305979e-04 -6.317875669030192931e-04 2.125658573446820299e-03 1.421478356844474433e-03 3.622041919694840573e-03 0.000000000000000000e+00
2.332209795118160567e-03 -6.053333316030085065e-04 -6.798425440007471732e-04 2.346155738764288401e-03 1.640816353314811238e-03 3.925619702252580723e-03 0.000000000000000000e+00
2.161773096521719950e-03 -5.734693504916288376e-04 -6.226899119071982458e-04 2.202385989960475854e-03 1.608837752608671678e-03 3.621326998725526991e-03 0.000000000000000000e+00
2.350974974274853968e-03 -6.372691878035185997e-04 -6.686320974778336979e-04 2.422421428163623602e-03 1.846083136024745386e-03 3.916407968267643369e-03 0.000000000000000000e+00
2.177895826440665039e-03 -6.028769435993119874e-04 -6.111562419394145351e-04 2.266559615797802962e-03 1.799989222813103140e-03 3.605575548945472164e-03 0.000000000000000000e+00
2.367062787561720338e-03 -6.690247400485960227e-04 -6.548564722578809061e-04 2.485222468393111228e-03 2.054592168699187482e-03 3.891519052244385435e-03 0.000000000000000000e+00
2.191363789217297409e-03 -6.325379657943219769e-04 -5.971303310717546164e-04 2.318080922154130974e-03 1.994164187032687607e-03 3.574365194172646198e-03 0.000000000000000000e+00
2.380096456936868499e-03 -7.015467492230698099e-04 -6.382527152601902287e-04 2.534000481938747384e-03 2.266549449337240674e-03 3.848629084752364093e-03 0.000000000000000000e+00
2.201986093732552496e-03 -6.624605846979325641e-04 -5.806156213546131983e-04 2.356700358005170415e-03 2.190434194452972605e-03 3.527119695587277448e-03 0.000000000000000000e+00
2.390110523566087164e-03 -7.339159084361890351e-04 -6.190188737557056342e-04 2.568790372462714799e-03 2.480211697043710473e-03 3.788848058958960152e-03 0.000000000000000000e+00
2.209681633458367156e-03 -6.926853911620733939e-04 -5.615363146159180197e-04 2.382579755614955275e-03 2.388537228438902815e-03 3.463364439943550366e-03 0.000000000000000000e+00
2.396657414561437216e-03 -7.670003157112526004e-04 -5.969215604937072595e-04 2.589557135304509927e-03 2.695236920878585352e-03 3.710199691990823112e-03 0.000000000000000000e+00
2.214248773546381721e-03 -7.231547901073720475e-04 -5.399222623165556012e-04 2.395349949073199980e-03 2.587390632402986057e-03 3.382787248402907565e-03 0.000000000000000000e+00
2.399973300465110815e-03 -7.998859996127816174e-04 -5.722219371462333726e-04 2.596783949598169272e-03 2.910707056560823958e-03 3.614478973525070415e-03 0.000000000000000000e+00
2.215585530603483844e-03 -7.538348568281172390e-04 -5.158041530117229989e-04 2.395494455758928609e-03 2.786264739132793267e-03 3.285425426041710395e-03 0.000000000000000000e+00
2.399530636341989931e-03 -8.334087614256524557e-04 -5.447106078812491425e-04 2.590160388000306568e-03 3.125922047397367010e-03 3.499664880278974266e-03 0.000000000000000000e+00
2.213583046371994656e-03 -7.845892533049625417e-04 -4.892823027483339526e-04 2.383436557846785320e-03 2.984299886089836207e-03 3.171944936328108255e-03 0.000000000000000000e+00
2.395654590553492058e-03 -8.666085303990489486e-04 -5.146892560775606640e-04 2.570800843834319949e-03 3.339774606914147626e-03 3.368020049631326174e-03 0.000000000000000000e+00
2.208221339224186730e-03 -8.154467867434456174e-04 -4.603315025040743969e-04 2.359778141419965891e-03 3.180955029450593941e-03 3.041898434009704388e-03 0.000000000000000000e+00
2.387843436931297303e-03 -9.001915919977232505e-04 -4.820569075701663930e-04 2.538692706600897964e-03 3.551843864846304655e-03 3.218406356039871241e-03 0.000000000000000000e+00
2.199360579932307935e-03 -8.461981920123706757e-04 -4.291324255392275910e-04 2.324727725230957276e-03 3.375392181639291778e-03 2.896442606571847378e-03 0.000000000000000000e+00
2.376524074412633691e-03 -9.332344976708539797e-04 -4.471189006805958988e-04 2.495235840459741894e-03 3.760969909882838635e-03 3.053017453126694036e-03 0.000000000000000000e+00
2.187060024742670805e-03 -8.767488145399460198e-04 -3.957780504684205169e-04 2.279247007507478884e-03 3.567106129420238858e-03 2.736096146972677445e-03 0.000000000000000000e+00
2.361181304843043560e-03 -9.663403436682704850e-04 -4.098085630391684608e-04 2.440590129573649847e-03 3.966840030941831685e-03 2.871169087113711882e-03 0.000000000000000000e+00
2.171317774644548892e-03 -9.069279308298316966e-04 -3.604144065034037281e-04 2.224167313809921609e-03 3.755478436796799713e-03 2.561888575465021134e-03 0.000000000000000000e+00
2.342364305650351808e-03 -9.985348168481122944e-04 -3.705485456581836257e-04 2.376201049735904292e-03 4.168697401064402897e-03 2.675784457827568019e-03 0.000000000000000000e+00
2.152159890421487254e-03 -9.365425782854319703e-04 -3.232086151726959455e-04 2.160516835770565081e-03 3.940011567418189031e-03 2.374883760944523914e-03 0.000000000000000000e+00
2.319635820424326145e-03 -1.030383061590256499e-03 -3.292916247780303118e-04 2.302560701316735958e-03 4.366470033266178774e-03 2.466399831902554851e-03 0.000000000000000000e+00
2.129648798006575361e-03 -9.653424912393071544e-04 -2.843737624269732089e-04 2.089073684825137889e-03 4.120306144659302561e-03 2.176430175212962226e-03 0.000000000000000000e+00
2.293651045175856829e-03 -1.060874492447017037e-03 -2.864732719406876127e-04 2.221721047282798622e-03 4.559226274774452747e-03 2.246262460885439793e-03 0.000000000000000000e+00
2.103906369218616623e-03 -9.930967396206691333e-04 -2.441501951787883318e-04 2.010815223036921395e-03 4.296198612277812856e-03 1.968023317300504615e-03 0.000000000000000000e+00
2.263959489979469608e-03 -1.090475014938752096e-03 -2.421231701648929313e-04 2.133769366135851442e-03 4.747508142131984243e-03 2.015200342078582452e-03 0.000000000000000000e+00
2.075110641324151572e-03 -1.019557385561919993e-03 -2.027031807605023106e-04 1.927250929471213681e-03 4.467415834742638481e-03 1.751099213697981938e-03 0.000000000000000000e+00
2.231337814103187545e-03 -1.118120147276802090e-03 -1.968160874475238797e-04 2.040814895697629083e-03 4.930592489716723037e-03 1.777143469099184969e-03 0.000000000000000000e+00
2.043463889808888601e-03 -1.044430547993024927e-03 -1.603390471362625691e-04 1.839431055838502971e-03 4.634191413377397595e-03 1.527591330491073762e-03 0.000000000000000000e+00
2.195455292672621184e-03 -1.144251381544003632e-03 -1.504653847771153519e-04 1.943647559995653751e-03 5.109148544141017823e-03 1.531670220534797622e-03 0.000000000000000000e+00
2.009204179901052933e-03 -1.067356699793076125e-03 -1.173922599150001300e-04 1.748463132683397703e-03 4.796728931329763412e-03 1.299615604459791740e-03 0.000000000000000000e+00
2.157171387890566283e-03 -1.167797240658852154e-03 -1.037484383562964352e-04 1.844019413942632468e-03 5.282812371930400985e-03 1.283117562066671269e-03 0.000000000000000000e+00
1.972582432611960646e-03 -1.088084905175701333e-03 -7.406687369808373500e-05 1.655671613757903060e-03 4.955266130991731188e-03 1.068598794167430199e-03 0.000000000000000000e+00
2.116249665913227940e-03 -1.189015243178270786e-03 -5.668337572918569212e-05 1.743140193259051784e-03 5.452726527812590263e-03 1.031827878237745466e-03 0.000000000000000000e+00
1.933975934478054937e-03 -1.106187872228492353e-03 -3.075481184272588209e-05 1.562469471899419204e-03 5.110302646671005533e-03 8.371510952096539171e-04 0.000000000000000000e+00
2.073629196248538697e-03 -1.206952742292377589e-03 -9.941075324398918056e-06 1.642588251098864305e-03 5.618756148312087362e-03 7.819210326003300793e-04 0.000000000000000000e+00
1.893745967212340231e-03 -1.121345238089155316e-03 1.227540498831281024e-05 1.470051164953467548e-03 5.262547512835169528e-03 6.069639944497051687e-04 0.000000000000000000e+00
2.029197126144632879e-03 -1.221745183718980776e-03 3.639725481058286860e-05 1.543599557129127220e-03 5.782845451252072166e-03 5.342253993283474500e-04 0.000000000000000000e+00
1.852311699196029782e-03 -1.133168689801511420e-03 5.462389207676332514e-05 1.380034115648243187e-03 5.412725665078887971e-03 3.807337426242618506e-04 0.000000000000000000e+00
1.983977073193865515e-03 -1.232469431410032623e-03 8.170598013564067674e-05 1.447777011971851380e-03 5.944578064869254774e-03 2.924074343715332702e-04 0.000000000000000000e+00
1.810150750116978902e-03 -1.141265809822933353e-03 9.596865624937611639e-05 1.293736170001835717e-03 5.561937567291952433e-03 1.605648957732075388e-04 0.000000000000000000e+00
1.937939543149219679e-03 -1.239151176441410929e-03 1.258140545545433087e-04 1.356646906810254904e-03 6.106294335343598334e-03 5.783519284041638286e-05 0.000000000000000000e+00
1.767749286536862696e-03 -1.145225852493991781e-03 1.358912243990678670e-04 1.212426862686299955e-03 5.711245564045785983e-03 -5.103056592714594331e-05 0.000000000000000000e+00
1.892246746676040647e-03 -1.240970701954668964e-03 1.681268171829092273e-04 1.271910137477405556e-03 6.268342410180594015e-03 -1.656734446131569172e-04 0.000000000000000000e+00
1.725677741912706731e-03 -1.144661721513839936e-03 1.740215578259901585e-04 1.137624903449818703e-03 5.861969175225745232e-03 -2.517889725524025124e-04 0.000000000000000000e+00
1.846953049418925685e-03 -1.237806868520929804e-03 2.083973127687266391e-04 1.194974265515291734e-03 6.433349199342242031e-03 -3.766307133721280564e-04 0.000000000000000000e+00
1.684523580158525657e-03 -1.139200605204504502e-03 2.100792961299696726e-04 1.070973775930461613e-03 6.015512319387461559e-03 -4.395436769339955418e-04 0.000000000000000000e+00
1.803213658718078038e-03 -1.228966836747003022e-03 2.460280320809860033e-04 1.127557467011541803e-03 6.601291903559403096e-03 -5.713944062002429547e-04 0.000000000000000000e+00
1.644852177511341162e-03 -1.128351371942060144e-03 2.434894930794101464e-04 1.013434698396764588e-03 6.173215009673160836e-03 -6.113187360639038559e-04 0.000000000000000000e+00
1.761275891882962963e-03 -1.214192327856356002e-03 2.807822350115868337e-04 1.071464347495165725e-03 6.775763912961974000e-03 -7.482478919622614910e-04 0.000000000000000000e+00
1.607437642006243061e-03 -1.111757755379527701e-03 2.740330966432141802e-04 9.671965384345782013e-04 6.337188673907867553e-03 -7.651458004682698544e-04 0.000000000000000000e+00
1.722235717052073012e-03 -1.192955220286173734e-03 3.120812742558737307e-04 1.027569876669964799e-03 6.956674535929519010e-03 -9.040598158400747764e-04 0.000000000000000000e+00
1.572829393917229979e-03 -1.089016269524567537e-03 3.012744575796449942e-04 9.333140897940239711e-04 6.508691419345513651e-03 -8.986269581880979018e-04 0.000000000000000000e+00
1.686520766595034360e-03 -1.164748373741086862e-03 3.395884540081522962e-04 9.984307211654552816e-04 7.148096689544747306e-03 -1.036360841430328250e-03 0.000000000000000000e+00
1.541763267354889777e-03 -1.059680095290560509e-03 3.247383870599862554e-04 9.134343791084020836e-04 6.689736203663088077e-03 -1.008924948151301848e-03 0.000000000000000000e+00
1.655174050320257217e-03 -1.129298564223613077e-03 3.629261282946938394e-04 9.849528746190827633e-04 7.349570375198677397e-03 -1.142912485711411463e-03 0.000000000000000000e+00
1.514969631560142416e-03 -1.023353382616054574e-03 3.441511664994401087e-04 9.090160395253121806e-04 6.882243825433675966e-03 -1.094250612115654775e-03 0.000000000000000000e+00
1.628628473336002358e-03 -1.085917233509370305e-03 3.815466809894835221e-04 9.893076528753041998e-04 7.565678030324818337e-03 -1.220528156476774484e-03 0.000000000000000000e+00
1.493130263144820669e-03 -9.796176688670055199e-04 3.591287117706426502e-04 9.216208236226819395e-04 7.088148916210457173e-03 -1.152218823798900615e-03 0.000000000000000000e+00
1.607972024690290658e-03 -1.034422515095334560e-03 3.952071138427770691e-04 1.012374715177344342e-03 7.795935379164564694e-03 -1.267616670370452781e-03 0.000000000000000000e+00
1.476896392903465083e-03 -9.280057838132460546e-04 3.692393825182743727e-04 9.523448441592918812e-04 7.309210329084603330e-03 -1.180306214552784283e-03 0.000000000000000000e+00
1.593702973464811157e-03 -9.739945480380374221e-04 4.033847106921784054e-04 1.056697842884091187e-03 8.045221280077008430e-03 -1.280932980173510316e-03 0.000000000000000000e+00
1.466979408804885976e-03 -8.681298487416833076e-04 3.741603379454339073e-04 1.002920352868308385e-03 7.547365941951156287e-03 -1.176539407955923267e-03 0.000000000000000000e+00
1.586658950120889422e-03 -9.045778253469749508e-04 4.058487747363448417e-04 1.122192423125056848e-03 8.312592273729713099e-03 -1.259110723799139464e-03 0.000000000000000000e+00
1.464004528834578212e-03 -7.994957204661146122e-04 3.735879673041342386e-04 1.074324366800105679e-03 7.804598946892227218e-03 -1.138915691490494098e-03 0.000000000000000000e+00
1.587475960123041485e-03 -8.250901946668109943e-04 4.019953992187297320e-04 1.211798345777559405e-03 8.603284621859774717e-03 -1.198521187730783311e-03 0.000000000000000000e+00
1.468597415911793158e-03 -7.216024812543020417e-04 3.671733259350828948e-04 1.167754578973223545e-03 8.082767445820149277e-03 -1.065205974521310495e-03 0.000000000000000000e+00
1.596681096976693137e-03 -7.356935553567423014e-04 3.918090134741591957e-04 1.324722591547811135e-03 8.915518514395870397e-03 -1.098749186307923509e-03 0.000000000000000000e+00
1.481248188011236033e-03 -6.339321939147213314e-04 3.545717496348244069e-04 1.284099035772534592e-03 8.383474392913647932e-03 -9.533028432389123452e-04 0.000000000000000000e+00
1.615046455631985456e-03 -6.349706070589156148e-04 3.746387818585328322e-04 1.463873869748333334e-03 9.255506533382806822e-03 -9.556248033304459710e-04 0.000000000000000000e+00
1.502425498555670647e-03 -5.359177210152998860e-04 3.354959766208309713e-04 1.423914515878976772e-03 8.708457809259328997e-03 -8.012354252799891441e-04 0.000000000000000000e+00
1.642700793229590062e-03 -5.231911034014880002e-04 3.504936727043439504e-04 1.627389428144887518e-03 9.620280433521699592e-03 -7.691336157955586117e-04 0.000000000000000000e+00
1.532538127592714128e-03 -4.269258968624400907e-04 3.097259868444779407e-04 1.587385962728227184e-03 9.059398785207228855e-03 -6.072047045551087763e-04 0.000000000000000000e+00
0.000000000000000000e+00 0.000000000000000000e+00 0.000000000000000000e+00 0.000000000000000000e+00 0.000000000000000000e+00 0.000000000000000000e+00 0.000000000000000000e+00
