-1.486288142946615709e-01 -3.003036050469097273e-01 1.515387434235912489e-01 1.575363660921114572e+00 -1.272253513859844531e-03 1.565740245040736722e+00 -5.007738538701520525e-01 8.522277275289784626e-01 2.485309866161566905e-01 -5.479175975399255272e-01 -1.166828478417665682e+00 2.427531920522024989e-01 0.000000000000000000e+00
-1.492839001274371691e-01 -2.998427228013830770e-01 1.531184127606151357e-01 1.575605156430022191e+00 -5.715348347625326397e-03 1.556751794679606782e+00 -5.016359856940380002e-01 8.485916471136659700e-01 2.492897212107203497e-01 -5.424699350826003297e-01 -1.172259995460882331e+00 2.422802479321180535e-01 0.000000000000000000e+00
-1.498484060486064418e-01 -2.993782074604421362e-01 1.545355525720262801e-01 1.575746488002060630e+00 -9.813185160867821111e-03 1.548621379433129830e+00 -5.023440536488628094e-01 8.451573011509271316e-01 2.503078476954576637e-01 -5.373480438056190689e-01 -1.177293902553349980e+00 2.416677042366429939e-01 0.000000000000000000e+00
-1.504162634571223067e-01 -2.988349716594106420e-01 1.560264529468730066e-01 1.575815594127539576e+00 -1.424978248306807416e-02 1.539991861109042404e+00 -5.030117747131729322e-01 8.413563710641387416e-01 2.517446231035551651e-01 -5.316967161039299894e-01 -1.182766299119299314e+00 2.408193209818846325e-01 0.000000000000000000e+00
-1.509002640934671291e-01 -2.982987626530610448e-01 1.573621899192281237e-01 1.575805542195372055e+00 -1.834359246644190478e-02 1.532187759699831675e+00 -5.035333548126649239e-01 8.377774820332357653e-01 2.533678197879587479e-01 -5.263846418356035173e-01 -1.187832696777066044e+00 2.398717016870072216e-01 0.000000000000000000e+00
-1.513810142990351104e-01 -2.976823909167991000e-01 1.587656715779639238e-01 1.575718447426756263e+00 -2.277780215569968902e-02 1.523905862952640522e+00 -5.039917847048084321e-01 8.338280807156753793e-01 2.554374954291136479e-01 -5.205250882261839296e-01 -1.193335053905278720e+00 2.386723970243604387e-01 0.000000000000000000e+00
-1.517842723306388752e-01 -2.970823671429642654e-01 1.600209424221018806e-01 1.575571157903354447e+00 -2.687099557862193677e-02 1.516419732407203957e+00 -5.043125291685949252e-01 8.301186967913586345e-01 2.576282117418127182e-01 -5.150177709604408793e-01 -1.198424487906474711e+00 2.374098422858243185e-01 0.000000000000000000e+00
-1.521772679335956779e-01 -2.964007423429605437e-01 1.613375480799863204e-01 1.575342612466876346e+00 -3.130624048093855194e-02 1.508479607546977519e+00 -5.045453227373815075e-01 8.260350055758310939e-01 2.602945686252000623e-01 -5.089435332776472976e-01 -1.203946419268699497e+00 2.358789241331922804e-01 0.000000000000000000e+00
-1.524997976367254149e-01 -2.957442044521687574e-01 1.625134821139613828e-01 1.575071138937770954e+00 -3.540187834231822706e-02 1.501304135964591113e+00 -5.046518824704981920e-01 8.222089086167414518e-01 2.630159197850976405e-01 -5.032365122196620355e-01 -1.209049302233400347e+00 2.343207585136573290e-01 0.000000000000000000e+00
-1.528056844651993484e-01 -2.950051506445560134e-01 1.637450794574527857e-01 1.574714807926068438e+00 -3.984129937675628952e-02 1.493695646294446844e+00 -5.046465894378316941e-01 8.180063738375692450e-01 2.662360810171668923e-01 -4.969443946701863069e-01 -1.214581087291658479e+00 2.324806806479807475e-01 0.000000000000000000e+00
-1.530477486430111000e-01 -2.942987763521682787e-01 1.648430143300917416e-01 1.574331187224007778e+00 -4.394206259617661203e-02 1.486824055342979900e+00 -5.045267138992645117e-01 8.140768796491572035e-01 2.694522475076011059e-01 -4.910337416573508085e-01 -1.219688364472157893e+00 2.306454131170230792e-01 0.000000000000000000e+00
-1.532664555874596046e-01 -2.935090287991574121e-01 1.659906735177828219e-01 1.573859416173062797e+00 -4.838820431521506649e-02 1.479542439925783048e+00 -5.042691529323402033e-01 8.097690834278995498e-01 2.731909262039089459e-01 -4.845185177875537264e-01 -1.225220016372361442e+00 2.285139521385781414e-01 0.000000000000000000e+00
-1.534285498198833253e-01 -2.927589670480399420e-01 1.670121517083633655e-01 1.573374574867523634e+00 -5.249623388441726490e-02 1.472968392269939697e+00 -5.039115569769698766e-01 8.057491749204795939e-01 2.768667542984906138e-01 -4.784009038685054782e-01 -1.230323032495116875e+00 2.264193260069603808e-01 0.000000000000000000e+00
-1.535612776457493667e-01 -2.919250933561223782e-01 1.680780869043285719e-01 1.572798535665705266e+00 -5.695140800134046444e-02 1.466005096294469956e+00 -5.033916413531590583e-01 8.013506980641046384e-01 2.810830709363043578e-01 -4.716606095970830026e-01 -1.235845363331505187e+00 2.240169882561407755e-01 0.000000000000000000e+00
-1.536441697900663150e-01 -2.911369677749723883e-01 1.690247834513167180e-01 1.572222240361455192e+00 -6.106846010092059629e-02 1.459722973573333027e+00 -5.027861383898160064e-01 7.972530918318815329e-01 2.851840726989174346e-01 -4.653333050317046138e-01 -1.240935596281028008e+00 2.216798979520281099e-01 0.000000000000000000e+00
-1.536913269805773863e-01 -2.902646131401002139e-01 1.700103934533911954e-01 1.571552280715277305e+00 -6.553407949976719493e-02 1.453074232950807065e+00 -5.019916508576180991e-01 7.927769838297308302e-01 2.898442051323923963e-01 -4.583638124589672902e-01 -1.246439551305894788e+00 2.190230119352673532e-01 0.000000000000000000e+00
-1.536959883939771621e-01 -2.894435433084375231e-01 1.708840722326493700e-01 1.570893466289112084e+00 -6.966141022351646228e-02 1.447079148442444563e+00 -5.011289531120005636e-01 7.886140635717734382e-01 2.943368247333015830e-01 -4.518245868498458884e-01 -1.251508745282806201e+00 2.164596694517956499e-01 0.000000000000000000e+00
-1.536592890055529514e-01 -2.885381453292253928e-01 1.717918942559452100e-01 1.570138221100281228e+00 -7.413874515867213688e-02 1.440737562568991770e+00 -5.000521039252270317e-01 7.840738399663791380e-01 2.994018908105233745e-01 -4.446252301855209699e-01 -1.256985802380663042e+00 2.135668273624538871e-01 0.000000000000000000e+00
-1.535869434566571323e-01 -2.876887933673774045e-01 1.725945439534291581e-01 1.569404586671133472e+00 -7.827712688751509162e-02 1.435024554305125433e+00 -4.989239555979558260e-01 7.798575233285657271e-01 3.042531050522114811e-01 -4.378723524779479792e-01 -1.262026234217801468e+00 2.107926290996751939e-01 0.000000000000000000e+00
-1.534672890403179502e-01 -2.867550647370876726e-01 1.734262294895569934e-01 1.568572372164146245e+00 -8.276648225957883298e-02 1.428987412939305646e+00 -4.975544915864098527e-01 7.752657675560783446e-01 3.096903478917720776e-01 -4.304401356658092981e-01 -1.267467738115106046e+00 2.076787446398568326e-01 0.000000000000000000e+00
-1.533193413153780826e-01 -2.858816508772898390e-01 1.741598237975693908e-01 1.567770899168827725e+00 -8.691614670571023993e-02 1.423552550909310765e+00 -4.961535024054600229e-01 7.710077724472050864e-01 3.148680656831039926e-01 -4.234724407268077306e-01 -1.272471684645310352e+00 2.047084045627937665e-01 0.000000000000000000e+00
-1.531188855782956715e-01 -2.849239948409729162e-01 1.749180339200880618e-01 1.566868377214054142e+00 -9.141777927845806673e-02 1.417813778637500466e+00 -4.944857643518251189e-01 7.663771345228026499e-01 3.206408668200140255e-01 -4.158077965305324031e-01 -1.277869779016846508e+00 2.013903055816367860e-01 0.000000000000000000e+00
-1.528969442697214187e-01 -2.840303360403172439e-01 1.755846570560976316e-01 1.566005071585502506e+00 -9.557842063031918300e-02 1.412653319488377246e+00 -4.928054761515532900e-01 7.620888459565298145e-01 3.261136628601271070e-01 -4.086246185698299005e-01 -1.282829916547119087e+00 1.982377719964986684e-01 0.000000000000000000e+00
-1.526170248475230140e-01 -2.830526511437367332e-01 1.762713376715466240e-01 1.565038592894096858e+00 -1.000913525653479574e-01 1.407210445068854066e+00 -4.908311083879093872e-01 7.574312435260901477e-01 3.321903306774152131e-01 -4.007256827766548235e-01 -1.288176745067671103e+00 1.947290073260488641e-01 0.000000000000000000e+00
-1.523229070861289169e-01 -2.821421807701248730e-01 1.768732151716609635e-01 1.564118548018645249e+00 -1.042621746084124723e-01 1.402320657875826937e+00 -4.888660283985671873e-01 7.531235804628869657e-01 3.379274454557184004e-01 -3.933268553466830464e-01 -1.293086149379177874e+00 1.914075627487724640e-01 0.000000000000000000e+00
-1.519660762172356239e-01 -2.811479952540229532e-01 1.774910948764681362e-01 1.563092995587481937e+00 -1.087856356576200056e-01 1.397168667692966437e+00 -4.865814023679290723e-01 7.484509311722885583e-01 3.442733588592139515e-01 -3.851951259847214981e-01 -1.298374388355747922e+00 1.877232791177295967e-01 0.000000000000000000e+00
-1.516017235121371043e-01 -2.802237786219814453e-01 1.780303875174318318e-01 1.562120773102405380e+00 -1.129652897653068422e-01 1.392546623834348907e+00 -4.843268034785815912e-01 7.441346128355426082e-01 3.502450981295530674e-01 -3.775809486911032020e-01 -1.303226268387708942e+00 1.842455069844655680e-01 0.000000000000000000e+00
-1.511697086956973191e-01 -2.792162828283540343e-01 1.785815899843460064e-01 1.561040843606651407e+00 -1.174971730602027975e-01 1.387683487380768410e+00 -4.817253944362785978e-01 7.394581685403907034e-01 3.568297639247737241e-01 -3.692155935225144292e-01 -1.308448460969245275e+00 1.803979049995735884e-01 0.000000000000000000e+00
-1.507372593510284131e-01 -2.782811139737698114e-01 1.790605948189837038e-01 1.560020095724840239e+00 -1.216837840744156019e-01 1.383326151362157974e+00 -4.791774483528589146e-01 7.351435812583533291e-01 3.630066997571037568e-01 -3.613868986030902009e-01 -1.313236158818935184e+00 1.767757396009567994e-01 0.000000000000000000e+00
-1.502329189401583331e-01 -2.772630801900410891e-01 1.795479153553521390e-01 1.558889141079890628e+00 -1.262222208431182935e-01 1.378747344974696976e+00 -4.762574919546688212e-01 7.304743940771718513e-01 3.697976273787513257e-01 -3.527904143413961857e-01 -1.318385780260767026e+00 1.727783514495046802e-01 0.000000000000000000e+00
-1.497346419450492627e-01 -2.763194055392126369e-01 1.799689765910012229e-01 1.557822919954478635e+00 -1.304134605856970275e-01 1.374651475074047280e+00 -4.734132359104641918e-01 7.261715247039308707e-01 3.761513971074621487e-01 -3.447484002186567142e-01 -1.323103436973787739e+00 1.690230446411407628e-01 0.000000000000000000e+00
-1.491600427115238603e-01 -2.752934332782917548e-01 1.803945949559030704e-01 1.556644398771693361e+00 -1.349552940479723517e-01 1.370355344306342538e+00 -4.701700050454520330e-01 7.215204470181619811e-01 3.831192917835457568e-01 -3.359209866009391643e-01 -1.328173429899026203e+00 1.648868392178682585e-01 0.000000000000000000e+00
-1.485983246344934894e-01 -2.743434697461149541e-01 1.807600417544349969e-01 1.555535237458668618e+00 -1.391483309633079202e-01 1.366518346302968201e+00 -4.670272086430495295e-01 7.172389495126687553e-01 3.896221985333010451e-01 -3.276673843295928590e-01 -1.332814787046816329e+00 1.610090269993606771e-01 0.000000000000000000e+00
-1.479565846901780835e-01 -2.733117467794072275e-01 1.811268895397744882e-01 1.554311032868246123e+00 -1.436905941449913016e-01 1.362500100853870411e+00 -4.634607033112153607e-01 7.126161013344547435e-01 3.967363007532296315e-01 -3.186125367547825715e-01 -1.337799425659117691e+00 1.567460218186867982e-01 0.000000000000000000e+00
-1.473339645385750019e-01 -2.723574703890291326e-01 1.814391169631349443e-01 1.553160843263411195e+00 -1.478822463248166130e-01 1.358918843738534665e+00 -4.600180349700699334e-01 7.083654299185793146e-01 4.033611802809109470e-01 -3.101494435741878886e-01 -1.342358890603387644e+00 1.527557076888801935e-01 0.000000000000000000e+00
-1.466274031167899838e-01 -2.713220997331284856e-01 1.817494067911105127e-01 1.551893441339646351e+00 -1.524208446540615824e-01 1.355176935758247270e+00 -4.561251925361602955e-01 7.037810644181168307e-01 4.105936600112936041e-01 -3.008682938857480949e-01 -1.347251517000026988e+00 1.483756565782973214e-01 0.000000000000000000e+00
-1.459464684130158396e-01 -2.703652763963145800e-01 1.820108129706897448e-01 1.550703766355549185e+00 -1.566073687083830990e-01 1.351848312783285211e+00 -4.523819531764857738e-01 6.995702738395652709e-01 4.173142801801630331e-01 -2.921982730884542523e-01 -1.351723763418596791e+00 1.442822614695478400e-01 0.000000000000000000e+00
-1.451784101373379265e-01 -2.693279601828959535e-01 1.822674647913804513e-01 1.549394015241364997e+00 -1.611385592053977689e-01 1.348377932989248684e+00 -4.481644714056954304e-01 6.950337786596971767e-01 4.246362421231724138e-01 -2.826951822126699820e-01 -1.356519184435448055e+00 1.397957172048754082e-01 0.000000000000000000e+00
-1.444418548313328443e-01 -2.683701636978591543e-01 1.824803901555663022e-01 1.548166068033680176e+00 -1.653159841208333702e-01 1.345299164647357548e+00 -4.441207941855463970e-01 6.908716573500667257e-01 4.314271697448197607e-01 -2.738212298549033696e-01 -1.360898752848083371e+00 1.356080545159155104e-01 0.000000000000000000e+00
-1.436148212317093498e-01 -2.673326652452372998e-01 1.826857490718724331e-01 1.546815476864759731e+00 -1.698347413646192905e-01 1.342097866852629773e+00 -4.395772083392758267e-01 6.863926198707169801e-01 4.388118491315009528e-01 -2.640982950311330790e-01 -1.365590976372694110e+00 1.310236307588042715e-01 0.000000000000000000e+00
-1.428254170606269857e-01 -2.663753395475594865e-01 1.828526483463229768e-01 1.545549953132720589e+00 -1.739987004673579918e-01 1.339265197593812573e+00 -4.352339254964928683e-01 6.822876233664688650e-01 4.456480504916795482e-01 -2.550237567090130053e-01 -1.369873073089432403e+00 1.267499646113916523e-01 0.000000000000000000e+00
-1.419428501644975082e-01 -2.653389775296542963e-01 1.830095807101405070e-01 1.544158665414315124e+00 -1.785006252138847671e-01 1.336327868417674924e+00 -4.303674979470774042e-01 6.778746988611803470e-01 4.530685493950219467e-01 -2.450861711013823385e-01 -1.374457571747949469e+00 1.220768659123591671e-01 0.000000000000000000e+00
-1.411034104330578798e-01 -2.643834010190558303e-01 1.831328180238970538e-01 1.542856101566053795e+00 -1.826465498186418124e-01 1.333737812156958302e+00 -4.257261740888009793e-01 6.738349498036391161e-01 4.599260560439213386e-01 -2.358148085299485996e-01 -1.378637403078828649e+00 1.177248695393845884e-01 0.000000000000000000e+00
-1.401679666411474179e-01 -2.633497021195408960e-01 1.832436307662068942e-01 1.541425125680858876e+00 -1.871260165253030294e-01 1.331061686114237252e+00 -4.205369381257542671e-01 6.694972595991453002e-01 4.673568081174606093e-01 -2.256655515499270959e-01 -1.383108317916853736e+00 1.129706276508887636e-01 0.000000000000000000e+00
-1.392813357153126486e-01 -2.623970874766117234e-01 1.833256241202819159e-01 1.540085736558829410e+00 -1.912489966928525575e-01 1.328710006927305232e+00 -4.155997370703700122e-01 6.655306143135267805e-01 4.742120510794332056e-01 -2.162014926288692851e-01 -1.387181489646075461e+00 1.085474666201602101e-01 0.000000000000000000e+00
-1.382965157588413874e-01 -2.613670823661021769e-01 1.833931421039141363e-01 1.538614675156880551e+00 -1.957012111482772099e-01 1.326289303922256968e+00 -4.100924530941406077e-01 6.612759481560162023e-01 4.816281557669768176e-01 -2.058465064546391443e-01 -1.391534959080027889e+00 1.037200044464440113e-01 0.000000000000000000e+00
-1.373655644533146314e-01 -2.604185271439930505e-01 1.834362449505106685e-01 1.537238551857754487e+00 -1.997962562427222366e-01 1.324171676139702214e+00 -4.048622710293340310e-01 6.573899300723998751e-01 4.884584981727577713e-01 -1.961942619130536136e-01 -1.395497210149847733e+00 9.923230337117310007e-02 0.000000000000000000e+00
-1.363341017371983155e-01 -2.593936043276192649e-01 1.834628114079359107e-01 1.535727930925755658e+00 -2.042151643327065891e-01 1.322002437250386464e+00 -3.990384370680351012e-01 6.532268100773607200e-01 4.958354543922771640e-01 -1.856373748386818401e-01 -1.399727907857547748e+00 9.433811236739358952e-02 0.000000000000000000e+00
-1.353616953890171004e-01 -2.584501696606283927e-01 1.834693766502987766e-01 1.534315010238884724e+00 -2.082770862909484322e-01 1.320113967800220056e+00 -3.935187361032232989e-01 6.494286763097169013e-01 5.026187920048181823e-01 -1.758018049455580267e-01 -1.403575243526330674e+00 8.979200484046585828e-02 0.000000000000000000e+00
-1.342870652702569945e-01 -2.574312171805734906e-01 1.834577101616365058e-01 1.532764184292462417e+00 -2.126576322697273369e-01 1.318189789068982654e+00 -3.873844108483347481e-01 6.453642264330652356e-01 5.099334302548297337e-01 -1.650496915185266089e-01 -1.407679707398360902e+00 8.483782613313234355e-02 0.000000000000000000e+00
-1.332760668726855890e-01 -2.564938801736601492e-01 1.834300246716680793e-01 1.531314345460802251e+00 -2.166813061068912916e-01 1.316525296253788335e+00 -3.815793521727209314e-01 6.416609012002283396e-01 5.166485909434643808e-01 -1.550359727932333065e-01 -1.411408399240580591e+00 8.023892975997219679e-02 0.000000000000000000e+00
-1.321609822497850917e-01 -2.554821858880599872e-01 1.833823692687157891e-01 1.529723743320670515e+00 -2.210172725202479427e-01 1.314841280781965382e+00 -3.751373985224146224e-01 6.377031775042615314e-01 5.238778748805392738e-01 -1.440932602559362730e-01 -1.415381968745033303e+00 7.523026444121132250e-02 0.000000000000000000e+00
-1.311142260746682719e-01 -2.545519262227455282e-01 1.833226976532356667e-01 1.528236835282637429e+00 -2.249975163428015179e-01 1.313395177607620257e+00 -3.690517092469336458e-01 6.341012521299294047e-01 5.305042191468198887e-01 -1.339069354024921832e-01 -1.418988288335164327e+00 7.058374741880919789e-02 0.000000000000000000e+00
-1.299620846061720625e-01 -2.535483172391393980e-01 1.832417153224717987e-01 1.526605673854178669e+00 -2.292838957352127949e-01 1.311943866697458549e+00 -3.623094176046936510e-01 6.302565130432092877e-01 5.376265771661277171e-01 -1.227809058360352368e-01 -1.422827900836785897e+00 6.552624638355900033e-02 0.000000000000000000e+00
-1.288823454212434938e-01 -2.526261065609892720e-01 1.831522789082026537e-01 1.525081517197430792e+00 -2.332155235552968442e-01 1.310709857601526140e+00 -3.559483574724985333e-01 6.267623791139981249e-01 5.441441313018788861e-01 -1.124278254864601589e-01 -1.426308652381519604e+00 6.083680253333616228e-02 0.000000000000000000e+00
-1.276957873230692708e-01 -2.516318558834106378e-01 1.830400995182054624e-01 1.523410281903001540e+00 -2.374462206710186152e-01 1.309485430537932649e+00 -3.489099223170417652e-01 6.230381480666039584e-01 5.511378586405357716e-01 -1.011238801144291183e-01 -1.430010046822566272e+00 5.573502644496339947e-02 0.000000000000000000e+00
-1.265857854030328355e-01 -2.507186713760832797e-01 1.829230545079454651e-01 1.521848803700717845e+00 -2.413242025391983958e-01 1.308456933903159758e+00 -3.422793169930170021e-01 6.196578642739936083e-01 5.575273147278538843e-01 -9.061018618398705704e-02 -1.433362034528594231e+00 5.100692098585318107e-02 0.000000000000000000e+00
-1.253680390698167779e-01 -2.497345798428763919e-01 1.827821242294060955e-01 1.520136978690588947e+00 -2.454944760330652898e-01 1.307451420110135487e+00 -3.349531605712907645e-01 6.160598004832421593e-01 5.643727039937935785e-01 -7.913622294348966746e-02 -1.436922547747975676e+00 4.586550957031946402e-02 0.000000000000000000e+00
-1.242304026516789367e-01 -2.488313829770524011e-01 1.826395126869439778e-01 1.518538275915150670e+00 -2.493139574155183169e-01 1.306621639541261537e+00 -3.280593683525389048e-01 6.127991592026036383e-01 5.706156862211573255e-01 -6.846835695306723035e-02 -1.440142842138099732e+00 4.110256247401044422e-02 0.000000000000000000e+00
-1.229839615524788016e-01 -2.478587912127058202e-01 1.824719433337650965e-01 1.516786403312886833e+00 -2.534179745799529648e-01 1.305827576764811093e+00 -3.204508835657506327e-01 6.093340537292742942e-01 5.772920979159312793e-01 -5.683047614747546022e-02 -1.443558878868344442e+00 3.592520670613907202e-02 0.000000000000000000e+00
-1.218212328879191148e-01 -2.469666038790525320e-01 1.823057879382540825e-01 1.515150665130588159e+00 -2.571742698290053752e-01 1.305189061511514037e+00 -3.133007620920786329e-01 6.061985144408422732e-01 5.833706299459828770e-01 -4.601517090120350872e-02 -1.446644683623419025e+00 3.113084471194011577e-02 0.000000000000000000e+00
-1.205490855748841822e-01 -2.460063453986547355e-01 1.821138187428743005e-01 1.513358635754816994e+00 -2.612077540218460392e-01 1.304597846485102908e+00 -3.054193698725845008e-01 6.028713607119789986e-01 5.898600877322333069e-01 -3.422179477746474519e-02 -1.449913980177600425e+00 2.592124180833816488e-02 0.000000000000000000e+00
-1.193636957608321392e-01 -2.451261814677314077e-01 1.819259947316946846e-01 1.511686326833114435e+00 -2.648965147381820984e-01 1.304143052028737371e+00 -2.980203094160173705e-01 5.998661831589063853e-01 5.957571253339959405e-01 -2.326603483142094045e-02 -1.452862765294590464e+00 2.109848802020544700e-02 0.000000000000000000e+00
-1.180681174009504536e-01 -2.441796940539499861e-01 1.817115273724262403e-01 1.509855190390052115e+00 -2.688541696908086642e-01 1.303746580443333691e+00 -2.898725345084881000e-01 5.966833727611253746e-01 6.020401881357653195e-01 -1.132394404734186379e-02 -1.455981992721345986e+00 1.585952168499077386e-02 0.000000000000000000e+00
-1.168623619987407963e-01 -2.433126449007549374e-01 1.815039230147699190e-01 1.508146894881006617e+00 -2.724712100788839741e-01 1.303467109332992147e+00 -2.822323248152142638e-01 5.938133506333742595e-01 6.077390865524257002e-01 -2.349969347243169749e-04 -1.458791494513325127e+00 1.101102574014945629e-02 0.000000000000000000e+00
-1.155460454708004403e-01 -2.423808073037105881e-01 1.812689722780149448e-01 1.506277101354664083e+00 -2.763494424366301772e-01 1.303256173685705566e+00 -2.738285369031442928e-01 5.907792112034470078e-01 6.137995090870647097e-01 1.184692542729807486e-02 -1.461758921757945862e+00 5.745537545399225128e-03 0.000000000000000000e+00
-1.143220720920909705e-01 -2.415279535152192181e-01 1.810432126018842180e-01 1.504533930949122578e+00 -2.798910176625430957e-01 1.303144249883714245e+00 -2.659554337725429929e-01 5.880491381909794812e-01 6.192846888262462102e-01 2.306157271932470984e-02 -1.464426876537987088e+00 8.735816610715470146e-04 0.000000000000000000e+00
-1.129870016395021770e-01 -2.406122953155456212e-01 1.807895179145345421e-01 1.502627120444846476e+00 -2.836852009522123907e-01 1.303109955595788350e+00 -2.573032062202822434e-01 5.851693289462223113e-01 6.251043615983418178e-01 3.527591138762093542e-02 -1.467239574123274437e+00 -4.416298189435083864e-03 0.000000000000000000e+00
-1.117468208156265491e-01 -2.397748241988734708e-01 1.805472717697942098e-01 1.500850310788554687e+00 -2.871478442979165102e-01 1.303156774818999830e+00 -2.492058982154099767e-01 5.825835326858098684e-01 6.303603763257221715e-01 4.660851070850556555e-02 -1.469763984520560340e+00 -9.309771388077018109e-03 0.000000000000000000e+00
-1.103953100813894334e-01 -2.388762639523274167e-01 1.802765557898078908e-01 1.498907737275599672e+00 -2.908551366006548733e-01 1.303289761800355162e+00 -2.403163663652663484e-01 5.798617820517488752e-01 6.359249182653883281e-01 5.894597896532592640e-02 -1.472420754024023504e+00 -1.462197777416077323e-02 0.000000000000000000e+00
-1.091407393286813327e-01 -2.380553505991447882e-01 1.800193148857643088e-01 1.497098993437141701e+00 -2.942357625379266040e-01 1.303486719208900135e+00 -2.320038915890724751e-01 5.774243238640538456e-01 6.409373869110810418e-01 7.038858764517683109e-02 -1.474799888983845841e+00 -1.953536018254565035e-02 0.000000000000000000e+00
-1.077744598601948489e-01 -2.371755611313959011e-01 1.797330504867114820e-01 1.495123156822961263e+00 -2.978524227666712321e-01 1.303777971251273593e+00 -2.228856774250750905e-01 5.748659581628692283e-01 6.462296206292865719e-01 8.284117936249427161e-02 -1.477297800928285776e+00 -2.486845469813241463e-02 0.000000000000000000e+00
-1.065071505790401996e-01 -2.363724255085075665e-01 1.794621991082988588e-01 1.493284550726897919e+00 -3.011483548709952274e-01 1.304116251890673039e+00 -2.143675067441862259e-01 5.725806996314721786e-01 6.509846947556230390e-01 9.438561650333787689e-02 -1.479530195712044582e+00 -2.980044594463421986e-02 0.000000000000000000e+00
-1.051279869476646062e-01 -2.355123861443227939e-01 1.791619054178524295e-01 1.491277510050355914e+00 -3.046722982493559329e-01 1.304555930201805491e+00 -2.050323781094019193e-01 5.701886483403630912e-01 6.559918370791355535e-01 1.069436943669576923e-01 -1.481868717465243179e+00 -3.515306475996262531e-02 0.000000000000000000e+00
-1.038493959989131021e-01 -2.347282713391008746e-01 1.788786537857328107e-01 1.489411701425198409e+00 -3.078812854117041198e-01 1.305027272948489525e+00 -1.963183152855808855e-01 5.680591181537084644e-01 6.604764671967746636e-01 1.185816001396846758e-01 -1.483952641018229990e+00 -4.010267032036178569e-02 0.000000000000000000e+00
-1.024586309961553476e-01 -2.338897414228858773e-01 1.785655766575896530e-01 1.487376891102254461e+00 -3.113096412547688985e-01 1.305606135715037919e+00 -1.867757929809066575e-01 5.658381083836095948e-01 6.651825391590535652e-01 1.312366253893617607e-01 -1.486129242577151954e+00 -4.547399576175339964e-02 0.000000000000000000e+00
-1.011700191548177141e-01 -2.331259164532685779e-01 1.782710588569376142e-01 1.485486858681076328e+00 -3.144298050816796142e-01 1.306201804455401572e+00 -1.778759913158093897e-01 5.638676354930599599e-01 6.693842084108716506e-01 1.429594360665918384e-01 -1.488063629634930773e+00 -5.044049575031774729e-02 0.000000000000000000e+00
-9.976908344067110523e-02 -2.323098512491663659e-01 1.779463262909233012e-01 1.483427496161024983e+00 -3.177614107103918784e-01 1.306910964933740260e+00 -1.681384590403141310e-01 5.618200640889525754e-01 6.737784242095021803e-01 1.557014801048872965e-01 -1.490078044683466940e+00 -5.582979336787818880e-02 0.000000000000000000e+00
-9.847150511570197662e-02 -2.315676065844298748e-01 1.776415319351992705e-01 1.481516794656979386e+00 -3.207912789057960623e-01 1.307622655832979541e+00 -1.590633547964624139e-01 5.600116445507342666e-01 6.776852815286482645e-01 1.675004821564288204e-01 -1.491861696823547412e+00 -6.081273421498457898e-02 0.000000000000000000e+00
-9.706125537210992527e-02 -2.307758408098393166e-01 1.773061474326972364e-01 1.479437344786882491e+00 -3.240240898080908316e-01 1.308452947474213923e+00 -1.491411156546133265e-01 5.581417392808487588e-01 6.817527274615264865e-01 1.803205068803931388e-01 -1.493711794832825568e+00 -6.621975017617245940e-02 0.000000000000000000e+00
-9.575556242794958095e-02 -2.300565033819084448e-01 1.769919582215236653e-01 1.477509996505813383e+00 -3.269625741843631417e-01 1.309272351545649915e+00 -1.399014613449083566e-01 5.564982027036199375e-01 6.853533212553135634e-01 1.921868036837296456e-01 -1.495343779948825835e+00 -7.121892798354990950e-02 0.000000000000000000e+00
-9.433696942919279904e-02 -2.292899955591686800e-01 1.766467783447507600e-01 1.475414747003722660e+00 -3.300962759746335351e-01 1.310215379991313656e+00 -1.298074233456139315e-01 5.548077279121785832e-01 6.890846762586235741e-01 2.050746391469501217e-01 -1.497029694076900563e+00 -7.664347087366187028e-02 0.000000000000000000e+00
-9.302378330323299305e-02 -2.285947938938517332e-01 1.763238699612265092e-01 1.473475379965401899e+00 -3.329426563113830895e-01 1.311135118543389488e+00 -1.204142045095522723e-01 5.533315044304339958e-01 6.923688865149095761e-01 2.169991925991321124e-01 -1.498509213220494241e+00 -8.165891893082403985e-02 0.000000000000000000e+00
-9.159726043724504552e-02 -2.278553777206280551e-01 1.759695830484782064e-01 1.471370017858258272e+00 -3.359760266118101413e-01 1.312182679838977517e+00 -1.101593948042011023e-01 5.518241885429627791e-01 6.957505684670919344e-01 2.299453512902253083e-01 -1.500028946096548133e+00 -8.710123842121228477e-02 0.000000000000000000e+00
-9.027700925428806811e-02 -2.271856127697841066e-01 1.756385582094047160e-01 1.469423734692433037e+00 -3.387299282401294853e-01 1.313195311174986557e+00 -1.006238882645235644e-01 5.505176084226562905e-01 6.987082751737339059e-01 2.419189568407351665e-01 -1.501355333477461862e+00 -9.213319807713293841e-02 0.000000000000000000e+00
-8.884305064106444438e-02 -2.264742242213730328e-01 1.752757795386908068e-01 1.467313645148312418e+00 -3.416633641616511063e-01 1.314339661771988466e+00 -9.022157272429563724e-02 5.491945499931049079e-01 7.017322945915189791e-01 2.549131023657202344e-01 -1.502709417733712804e+00 -9.759357712866327528e-02 0.000000000000000000e+00
-8.751595008694089406e-02 -2.258311411432070703e-01 1.749371160437375172e-01 1.465366040388390800e+00 -3.443247736754004862e-01 1.315438191525728273e+00 -8.055525504082476640e-02 5.480596106050540373e-01 7.043541766847019048e-01 2.669264888850131356e-01 -1.503882273877783504e+00 -1.026424977917763798e-01 0.000000000000000000e+00
-8.607452651893825191e-02 -2.251495135126625469e-01 1.745662268481062429e-01 1.463258019028449652e+00 -3.471577758155097726e-01 1.316672245899746185e+00 -7.001711828500281620e-02 5.469240387162441763e-01 7.070085493431839119e-01 2.799587176135863165e-01 -1.505069244775631976e+00 -1.081216188394781424e-01 0.000000000000000000e+00
-8.474058019766568528e-02 -2.245343058236750344e-01 1.742202285487279567e-01 1.461315330637064314e+00 -3.497269211482816331e-01 1.317850687274915167e+00 -6.023168656058892900e-02 5.459624711151574994e-01 7.092860847074198283e-01 2.920024308797926071e-01 -1.506088037050641759e+00 -1.131881246881641795e-01 0.000000000000000000e+00
-8.329172989290219153e-02 -2.238833012789479548e-01 1.738415430008988516e-01 1.459215942536390642e+00 -3.524605145379471338e-01 1.319168122548338706e+00 -4.957128158240791532e-02 5.450150182678481503e-01 7.115641527038736314e-01 3.050623065494321162e-01 -1.507108560380360229e+00 -1.186866618446883043e-01 0.000000000000000000e+00
-8.195074241217782662e-02 -2.232971181388552218e-01 1.734884214453895901e-01 1.457284787248690705e+00 -3.549378814732793153e-01 1.320420773863003827e+00 -3.967858688390188404e-02 5.442283537713523689e-01 7.134893518558915737e-01 3.171268257616545738e-01 -1.507973155628254291e+00 -1.237715601496526957e-01 0.000000000000000000e+00
-8.049401647027161488e-02 -2.226783644480258839e-01 1.731020718590488006e-01 1.455201894863610512e+00 -3.575721144768388982e-01 1.321815779802322455e+00 -2.890814966021396787e-02 5.434716498371200410e-01 7.153804625459572186e-01 3.302040785574069659e-01 -1.508826032967352404e+00 -1.292905786794351919e-01 0.000000000000000000e+00
-7.914560547770969900e-02 -2.221223084056806740e-01 1.727419335385244337e-01 1.453289411278785970e+00 -3.599584249994802754e-01 1.323137600144348003e+00 -1.892024071095380067e-02 5.428611201572194345e-01 7.169458686347054410e-01 3.422797830462077640e-01 -1.509536298030076384e+00 -1.343948265141947096e-01 0.000000000000000000e+00
-7.768061357553533719e-02 -2.215365421187892592e-01 1.723479868307669638e-01 1.451230630177262171e+00 -3.624947410594887565e-01 1.324605288940084558e+00 -8.053515649697307044e-03 5.422952650046047873e-01 7.184446956962022846e-01 3.553638934817670569e-01 -1.510222461484935330e+00 -1.399353001355091997e-01 0.000000000000000000e+00
-7.632420983097654155e-02 -2.210115761691378578e-01 1.719807731340842472e-01 1.449344367811047363e+00 -3.647908629097189603e-01 1.325992285782806812e+00 2.017459088475274942e-03 5.418619021162216498e-01 7.196439171350648145e-01 3.674410959986809666e-01 -1.510778529520544033e+00 -1.450599710868782088e-01 0.000000000000000000e+00
-7.485012644451054242e-02 -2.204602613789812815e-01 1.715791234585977432e-01 1.447318434454492042e+00 -3.672297467200622556e-01 1.327528297087571474e+00 1.296777606900407012e-02 5.414890595636104864e-01 7.207411395041773972e-01 3.805215445877414560e-01 -1.511297180142836760e+00 -1.506232979592969368e-01 0.000000000000000000e+00
-7.348499595573215748e-02 -2.199673617650951263e-01 1.712047538508867095e-01 1.445466335177599149e+00 -3.694366703372429228e-01 1.328976699962332919e+00 2.310950961894613770e-02 5.412336291255582799e-01 7.215677847065382622e-01 3.925904580157625334e-01 -1.511699184309384325e+00 -1.557696237392796612e-01 0.000000000000000000e+00
-7.200104686096499285e-02 -2.194510265868019061e-01 1.707952583102740618e-01 1.443481682702598690e+00 -3.717797198590240271e-01 1.330577738846844937e+00 3.412958074412615617e-02 5.410532665407327135e-01 7.222596739577409330e-01 4.056566254034774111e-01 -1.512051653679656216e+00 -1.613570022852931773e-01 0.000000000000000000e+00
-7.062629645040276183e-02 -2.189910529859484811e-01 1.704135072897792758e-01 1.441672126769972806e+00 -3.738985209678702404e-01 1.332084921046416737e+00 4.432971034275200867e-02 5.409763677642567270e-01 7.227081502853103245e-01 4.177074626255996015e-01 -1.512299727135197003e+00 -1.665262811849210212e-01 0.000000000000000000e+00
-6.913133268486314209e-02 -2.185109701564723339e-01 1.699958251439603052e-01 1.439738313659909785e+00 -3.761464108344312329e-01 1.333748589642532068e+00 5.540646726785328907e-02 5.409901829124114103e-01 7.229867169353325629e-01 4.307485962990677542e-01 -1.512485216305121005e+00 -1.721393592354538149e-01 0.000000000000000000e+00
-6.774592846631397047e-02 -2.180846557927205165e-01 1.696064125769204955e-01 1.437979858178563219e+00 -3.781781405999691259e-01 1.335312470911310667e+00 6.565251766993158988e-02 5.410920821136205872e-01 7.230522306981481684e-01 4.427714370402304755e-01 -1.512579891681873345e+00 -1.773329727695422686e-01 0.000000000000000000e+00
-6.623886947513044077e-02 -2.176411329610733192e-01 1.691802260360788790e-01 1.436105904333619954e+00 -3.803325800850938521e-01 1.337037119096818438e+00 7.677212652144792260e-02 5.412990430198333369e-01 7.229150779020092621e-01 4.557770508026596779e-01 -1.512599998548103564e+00 -1.829731484841665701e-01 0.000000000000000000e+00
-6.484165803359029367e-02 -2.172490780550138112e-01 1.687827608560036885e-01 1.434407300803775875e+00 -3.822782843365066796e-01 1.338656709955938551e+00 8.705160375639592329e-02 5.415798067777549685e-01 7.225936343584367094e-01 4.677620080773159938e-01 -1.512541808478285343e+00 -1.881925946808288008e-01 0.000000000000000000e+00
-6.332108682114985510e-02 -2.168432496857347069e-01 1.683476479952683846e-01 1.432603301922187100e+00 -3.843398467954304287e-01 1.340441053403934824e+00 9.820071960055248850e-02 5.419811118645163628e-01 7.220335715811931898e-01 4.807210830996960782e-01 -1.512396000408603669e+00 -1.938616490485236821e-01 0.000000000000000000e+00
-6.191080703576509053e-02 -2.164859968405445922e-01 1.679417212092144118e-01 1.430973509111762354e+00 -3.862005101309078370e-01 1.342115778585506680e+00 1.085010693605440030e-01 5.424406070210957553e-01 7.213214423057054958e-01 4.926582366327855178e-01 -1.512185610682487358e+00 -1.991084425806296521e-01 0.000000000000000000e+00
-6.037540403482186818e-02 -2.161178991336046851e-01 1.674971912495553938e-01 1.429248837313620513e+00 -3.881706690368118551e-01 1.343960180714371289e+00 1.196659561117808801e-01 5.430347582602925716e-01 7.203376705990307549e-01 5.055603532973514946e-01 -1.511875618731602033e+00 -2.048078736295082525e-01 0.000000000000000000e+00
-5.895070480235291982e-02 -2.157958958866910137e-01 1.670823576794674414e-01 1.427696912492782744e+00 -3.899471287645783768e-01 1.345690181602722024e+00 1.299746365725572839e-01 5.436725853413665321e-01 7.192316597983205995e-01 5.174397828138134203e-01 -1.511513695139460101e+00 -2.100835957489551875e-01 0.000000000000000000e+00
-5.739888269630170209e-02 -2.154663369218227931e-01 1.666278692806991701e-01 1.426061618615387161e+00 -3.918261880012634535e-01 1.347595026359620585e+00 1.411417620435855003e-01 5.444602152337574275e-01 7.178188528400335500e-01 5.302737558439870602e-01 -1.511039519307371792e+00 -2.158153176260509953e-01 0.000000000000000000e+00
-5.595835858253506157e-02 -2.151798435029863010e-01 1.662035931751470463e-01 1.424596571858904426e+00 -3.935191436535996345e-01 1.349381543512799153e+00 1.514462147361314293e-01 5.452757750280805560e-01 7.163168299852289422e-01 5.420855743582746467e-01 -1.510526860797531290e+00 -2.211215495847362045e-01 0.000000000000000000e+00
-5.438862824198865964e-02 -2.148887379781581619e-01 1.657386750060098890e-01 1.423060161153873793e+00 -3.953081689620332462e-01 1.351348016174754196e+00 1.626020300949052311e-01 5.462549194923618234e-01 7.144747214592208628e-01 5.548411172943453762e-01 -1.509890365297002379e+00 -2.268870769629191819e-01 0.000000000000000000e+00
-5.293080718661878625e-02 -2.146379659635472004e-01 1.653044412226239990e-01 1.421690984508079403e+00 -3.969179861118181663e-01 1.353192679363660833e+00 1.728897880963676803e-01 5.472473797620934777e-01 7.125748223375585333e-01 5.665754045313980969e-01 -1.509227770817790582e+00 -2.322254166574966028e-01 0.000000000000000000e+00
-5.134150421126718739e-02 -2.143858319274496160e-01 1.648284600487660290e-01 1.420263292340751882e+00 -3.986169078696168988e-01 1.355222902250590167e+00 1.840206529646788158e-01 5.484182385353467692e-01 7.102996838183037731e-01 5.792413320967876311e-01 -1.508429088806875873e+00 -2.380266969733139393e-01 0.000000000000000000e+00
-4.986489428067517049e-02 -2.141708899757044371e-01 1.643837999987517451e-01 1.418998697350682292e+00 -4.001437143133026453e-01 1.357127449766411642e+00 1.942792327074480963e-01 5.495865007265373636e-01 7.080005768492383389e-01 5.908881344920311474e-01 -1.507617756780783136e+00 -2.433987256556808809e-01 0.000000000000000000e+00
-4.825446116233421401e-02 -2.139573317541054731e-01 1.638962175570478907e-01 1.417688771482412236e+00 -4.017528283975111414e-01 1.359224362599061209e+00 2.053719145036301819e-01 5.509466103847544538e-01 7.052940062333910021e-01 6.034542600955700165e-01 -1.506658885630300038e+00 -2.492372569372456603e-01 0.000000000000000000e+00
-4.675756706186971062e-02 -2.137781923143851071e-01 1.634405910797182282e-01 1.416537297787253458e+00 -4.031964635542997222e-01 1.361191688869468175e+00 2.155889655781510761e-01 5.522894760749131882e-01 7.025951587847045765e-01 6.150037905319984954e-01 -1.505699748163708218e+00 -2.546445392145425535e-01 0.000000000000000000e+00
-4.512431792762387067e-02 -2.136036215925950499e-01 1.629408959257289125e-01 1.415354587085821514e+00 -4.047151161491573390e-01 1.363357746660293746e+00 2.266298156016175180e-01 5.538385037229578423e-01 6.994539602789560107e-01 6.274589288971083034e-01 -1.504580954189766118e+00 -2.605222189641314690e-01 0.000000000000000000e+00
-4.360566070206597228e-02 -2.134601651729684801e-01 1.624738531764611804e-01 1.414324319470583902e+00 -4.060750938975621338e-01 1.365390625546686110e+00 2.367930375326051384e-01 5.553544415944582369e-01 6.963553723506490378e-01 6.389014002577154683e-01 -1.503475342863219488e+00 -2.659662861539850987e-01 0.000000000000000000e+00
-4.194806256477141143e-02 -2.133239603039591148e-01 1.619615731028611338e-01 1.413277029159630160e+00 -4.075027854969848207e-01 1.367629461068707197e+00 2.477691727415826939e-01 5.570895243341583702e-01 6.927824754321987299e-01 6.512355645303085083e-01 -1.502199022910799098e+00 -2.718844792416568734e-01 0.000000000000000000e+00
-4.040618701615211750e-02 -2.132159919361336087e-01 1.614826782670153726e-01 1.412375705286625482e+00 -4.087781664796263925e-01 1.369731200057399789e+00 2.578664315013204367e-01 5.587768699113190296e-01 6.892846796564886525e-01 6.625612562771157066e-01 -1.500948136146788903e+00 -2.773667960826667334e-01 0.000000000000000000e+00
-3.872264058585452029e-02 -2.131182930579311463e-01 1.609573263801272192e-01 1.411472273352345042e+00 -4.101133201970430520e-01 1.372046529147094684e+00 2.687643529980336954e-01 5.606971422153206319e-01 6.852787527447916638e-01 6.747632611806135827e-01 -1.499514556531999165e+00 -2.833273167869139186e-01 0.000000000000000000e+00
-3.715613394578411166e-02 -2.130455838414365699e-01 1.604662512221293746e-01 1.410707190972690483e+00 -4.113027993981943631e-01 1.374220237039071701e+00 2.787836144273457273e-01 5.625539647063511062e-01 6.813825480700055337e-01 6.859625193546692312e-01 -1.498119725911070121e+00 -2.888492814386524055e-01 0.000000000000000000e+00
-3.544521867391426523e-02 -2.129856069649096462e-01 1.599274800664952645e-01 1.409954740121781569e+00 -4.125441231000994691e-01 1.376616018814796671e+00 2.895908719336985349e-01 5.646561974918324900e-01 6.769475859066966805e-01 6.980227775091475406e-01 -1.496531416636946998e+00 -2.948533115372087843e-01 0.000000000000000000e+00
-3.385277211092001942e-02 -2.129477117380206008e-01 1.594238489439386286e-01 1.409332342800333038e+00 -4.136457651629692478e-01 1.378865828633317747e+00 2.995203016104908689e-01 5.666803996573744895e-01 6.726553691778156541e-01 7.090859481515002782e-01 -1.494993973739644266e+00 -3.004161890011935454e-01 0.000000000000000000e+00
-3.211303009184541396e-02 -2.129255219172774272e-01 1.588713933159245084e-01 1.408738041625396065e+00 -4.147907274536035693e-01 1.381345380310560644e+00 3.102235793210329495e-01 5.689632613437903830e-01 6.677908391306770497e-01 7.209932742803807360e-01 -1.493251467438405422e+00 -3.064653929697404022e-01 0.000000000000000000e+00
-3.049338090213252889e-02 -2.129221043659546009e-01 1.583550660062782722e-01 1.408264341652591511e+00 -4.158024121353767200e-01 1.383674118454912838e+00 3.200515092707796327e-01 5.711525129178899318e-01 6.631043414024100358e-01 7.319109697481879229e-01 -1.491573010161382884e+00 -3.120704149579756614e-01 0.000000000000000000e+00
-2.872358281779674449e-02 -2.129367303575875336e-01 1.577887364491646072e-01 1.407833765985551544e+00 -4.168486529749300118e-01 1.386241553860693587e+00 3.306389394739032705e-01 5.736122750797144620e-01 6.578158361097310447e-01 7.436561093666825828e-01 -1.489678969994118640e+00 -3.181657249028945200e-01 0.000000000000000000e+00
-2.707561201058106271e-02 -2.129672677119841817e-01 1.572595362957254217e-01 1.407513850153186752e+00 -4.177675646895684380e-01 1.388653057366940446e+00 3.403539181039169637e-01 5.759640460593361544e-01 6.527383863334401681e-01 7.544189420171014682e-01 -1.487860829917921457e+00 -3.238139566798163282e-01 0.000000000000000000e+00
-2.527452712774130167e-02 -2.130186866576511961e-01 1.566792792020898772e-01 1.407252540771630756e+00 -4.187114948879964160e-01 1.391311308595782670e+00 3.508124845997943608e-01 5.785989776418605235e-01 6.470265715854925936e-01 7.659907764276593367e-01 -1.485815921674904061e+00 -3.299567707606794742e-01 0.000000000000000000e+00
-2.359721350039799964e-02 -2.130827189936391752e-01 1.561372319245988571e-01 1.407090809422240518e+00 -4.195344795812330219e-01 1.393808322183365478e+00 3.604032267649558419e-01 5.811105382868869684e-01 6.415613655544865068e-01 7.765894917759023075e-01 -1.483859696696186559e+00 -3.356491444326693552e-01 0.000000000000000000e+00
-2.176387835906441748e-02 -2.131698587001013279e-01 1.555430682947713528e-01 1.407002559917404305e+00 -4.203727010683264709e-01 1.396561096298862603e+00 3.707216776979815331e-01 5.839165113904217774e-01 6.354331655701055404e-01 7.879791659678986315e-01 -1.481666583538506110e+00 -3.418400618607220220e-01 0.000000000000000000e+00
-2.005633719993146075e-02 -2.132668355570094820e-01 1.549882875414672068e-01 1.407002405091245301e+00 -4.210961103391235305e-01 1.399146180591394062e+00 3.801772977273351062e-01 5.865849322236539320e-01 6.295843311840734202e-01 7.984047758452863519e-01 -1.479574004711976309e+00 -3.475773430865933822e-01 0.000000000000000000e+00
-1.818982385601224799e-02 -2.133896348657059461e-01 1.543804669075369007e-01 1.407090803537977663e+00 -4.218240547161702381e-01 1.401995213959376985e+00 3.903429830823310076e-01 5.895596831612723854e-01 6.230416101760209990e-01 8.096013042792246095e-01 -1.477233618746014887e+00 -3.538174291262716209e-01 0.000000000000000000e+00
-1.645133664676037138e-02 -2.135190163286860843e-01 1.538132049607869589e-01 1.407254571307631430e+00 -4.224437358214849780e-01 1.404670360921623784e+00 3.996526951734619137e-01 5.923818349684294438e-01 6.168138079668707974e-01 8.198447539380510074e-01 -1.475006417126381475e+00 -3.596002836962969851e-01 0.000000000000000000e+00
-1.455098374804905670e-02 -2.136763789820019244e-01 1.531920129165570688e-01 1.407521379821870866e+00 -4.230570766992087783e-01 1.407618291855144532e+00 4.096551620431496676e-01 5.955209029453057967e-01 6.098645554184178863e-01 8.308398808145521786e-01 -1.472521421513228512e+00 -3.658898379532234402e-01 0.000000000000000000e+00
-1.278098195246629709e-02 -2.138376274831284563e-01 1.526126198616136465e-01 1.407850665026433745e+00 -4.235684112279987090e-01 1.410385205559547828e+00 4.188085465782928618e-01 5.984935233540522592e-01 6.032629785502749975e-01 8.408923818232196812e-01 -1.470161061839091454e+00 -3.717186320520526333e-01 0.000000000000000000e+00
-1.084621779345543158e-02 -2.140294924898159812e-01 1.519786033452530660e-01 1.408297253486867184e+00 -4.240615522025619200e-01 1.413432368831981867e+00 4.286356442901988473e-01 6.017942452090964123e-01 5.959103902547298048e-01 8.516752547608414936e-01 -1.467532521843183169e+00 -3.780582870269862950e-01 0.000000000000000000e+00
-9.044297202531990931e-03 -2.142220940940538221e-01 1.513876525345987378e-01 1.408792410188905109e+00 -4.244596361149528541e-01 1.416291287541849631e+00 4.376226145467257411e-01 6.049138055309879469e-01 5.889406313658835934e-01 8.615282184248349573e-01 -1.465041001485359651e+00 -3.839332869707283158e-01 0.000000000000000000e+00
-7.074835434050525361e-03 -2.144473856566432302e-01 1.507414422126376607e-01 1.409418361580682344e+00 -4.248274106958942475e-01 1.419438505984548904e+00 4.472646558523848404e-01 6.083711878371561577e-01 5.811938952290063298e-01 8.720910476773888753e-01 -1.462271713425840503e+00 -3.903228429265873101e-01 0.000000000000000000e+00
-5.240789241967406219e-03 -2.146708133698639887e-01 1.501395764604692984e-01 1.410078708576230966e+00 -4.251067471852110202e-01 1.422389531976099519e+00 4.560754580028030247e-01 6.116340262256939608e-01 5.738624790641275730e-01 8.817359518812200037e-01 -1.459650630280984629e+00 -3.962440154257286240e-01 0.000000000000000000e+00
-3.236478510986759947e-03 -2.149295088757257055e-01 1.494820180131856968e-01 1.410882931862543543e+00 -4.253428278987287925e-01 1.425635444282332465e+00 4.655208581514734267e-01 6.152450729267596730e-01 5.657261224597718297e-01 8.920682179624003227e-01 -1.456741659422291058e+00 -4.026837053891083595e-01 0.000000000000000000e+00
-1.370279249461015718e-03 -2.151833130244085734e-01 1.488701227446906916e-01 1.411706721085775662e+00 -4.254978720347839527e-01 1.428676980958574205e+00 4.741460712634266716e-01 6.186472612193358867e-01 5.580397069215852213e-01 9.014968734857168320e-01 -1.453993010861220236e+00 -4.086508507065671481e-01 0.000000000000000000e+00
6.687915895348818095e-04 -2.154744312688881558e-01 1.482021823676213379e-01 1.412686484080444060e+00 -4.255961915160311193e-01 1.432020310053178092e+00 4.833861084025384280e-01 6.224066459931189010e-01 5.495239830199474262e-01 9.115911861234986535e-01 -1.450947153522496480e+00 -4.151399423081678641e-01 0.000000000000000000e+00
2.566968119991534271e-03 -2.157581967297385606e-01 1.475812316722486806e-01 1.413670834831349588e+00 -4.256209925613783085e-01 1.435150200193494818e+00 4.918166777283204949e-01 6.259442560271257783e-01 5.414898918014512397e-01 9.207955369040032867e-01 -1.448072670599919398e+00 -4.211525943907533098e-01 0.000000000000000000e+00
4.640492564798427179e-03 -2.160817737038780439e-01 1.469041202042341843e-01 1.414822648341349520e+00 -4.255747652173780260e-01 1.438587247275306291e+00 5.008404994764312779e-01 6.298483836061546937e-01 5.326007927149847276e-01 9.306418426652715015e-01 -1.444891125203656257e+00 -4.276907214459251261e-01 0.000000000000000000e+00
6.570261724613377964e-03 -2.163951186639944124e-01 1.462753137253976488e-01 1.415963601116725812e+00 -4.254632581437087779e-01 1.441801839511281269e+00 5.090678030320131553e-01 6.335170211657932260e-01 5.242270152994485954e-01 9.396140989567758339e-01 -1.441892805290390767e+00 -4.337481146348239336e-01 0.000000000000000000e+00
8.677726752148742784e-03 -2.167503272760444022e-01 1.455903249362391905e-01 1.417282316773244233e+00 -4.252660201247975280e-01 1.445328843653449047e+00 5.178675863534211166e-01 6.375604320698333716e-01 5.149755931466768466e-01 9.492055402017233190e-01 -1.438578368155732701e+00 -4.403340454315626817e-01 0.000000000000000000e+00
1.063849286780194081e-02 -2.170929191630821820e-01 1.449549411966363777e-01 1.418574694201225839e+00 -4.250118128341311419e-01 1.448623803512578245e+00 5.258834349184505763e-01 6.413557695183325080e-01 5.062707848076439809e-01 9.579380454160932867e-01 -1.435457942306486823e+00 -4.464351477518525013e-01 0.000000000000000000e+00
1.277912375129801326e-02 -2.174799300028077975e-01 1.442636701677332822e-01 1.420054459046499851e+00 -4.246566115929848451e-01 1.452234282904230733e+00 5.344491263800404957e-01 6.455343358476941518e-01 4.966642301235100199e-01 9.672650347647959723e-01 -1.432011945013978771e+00 -4.530679168942629564e-01 0.000000000000000000e+00
1.477008603001279258e-02 -2.178515366316830237e-01 1.436232121150373686e-01 1.421492092692371756e+00 -4.242534202874495008e-01 1.455603533552418227e+00 5.422457302083292241e-01 6.494517792321734539e-01 4.876373124506319101e-01 9.757503986300063437e-01 -1.428771410599570135e+00 -4.592113967653985718e-01 0.000000000000000000e+00
1.694292749069153947e-02 -2.182696296352168164e-01 1.429272894685574835e-01 1.423125363969986346e+00 -4.237335244934024026e-01 1.459291055214376298e+00 5.505706719073760746e-01 6.537596420324583990e-01 4.776880089342050439e-01 9.848066110748754376e-01 -1.425196782626411363e+00 -4.658890734616905061e-01 0.000000000000000000e+00
1.896306827109200954e-02 -2.186700709214702276e-01 1.422833938422290168e-01 1.424701206675493381e+00 -4.231752268752382307e-01 1.462727471540782531e+00 5.581407405954399437e-01 6.577943976629556655e-01 4.683484361493515102e-01 9.930379093720922423e-01 -1.421838003859603461e+00 -4.720732664079907992e-01 0.000000000000000000e+00
2.116685638322326340e-02 -2.191195646778715811e-01 1.415846918052840464e-01 1.426479826628717085e+00 -4.224836423229176852e-01 1.466483239511538361e+00 5.662157446261828486e-01 6.622271627183652365e-01 4.580649059161192582e-01 1.001814157007366646e+00 -1.418135810470229963e+00 -4.787941861824828726e-01 0.000000000000000000e+00
2.321492710426304590e-02 -2.195487278961252287e-01 1.409391431381686044e-01 1.428185432768011687e+00 -4.217639319557395794e-01 1.469978346999257335e+00 5.735524205342148463e-01 6.663743037468639052e-01 4.484229311894876169e-01 1.009784332359701331e+00 -1.414660784721839981e+00 -4.850171614121573938e-01 0.000000000000000000e+00
2.544825735503558617e-02 -2.200290791470139729e-01 1.402396600595637588e-01 1.430099920534099844e+00 -4.208944235772520415e-01 1.473792881124857956e+00 5.813719275478782533e-01 6.709256460498093100e-01 4.378183568868467823e-01 1.018275089126119193e+00 -1.410834088551505161e+00 -4.917787276827868537e-01 0.000000000000000000e+00
2.752281556612867774e-02 -2.204869066085112794e-01 1.395943410608756763e-01 1.431926292285466751e+00 -4.200073588140948999e-01 1.477337321563276129e+00 5.884689855368304690e-01 6.751801124702381252e-01 4.278846328627963214e-01 1.025977749946955342e+00 -1.407244546876241786e+00 -4.980381216403682587e-01 0.000000000000000000e+00
2.978393433501373699e-02 -2.209985765213834386e-01 1.388962492240420066e-01 1.433966312128401199e+00 -4.189533389676309838e-01 1.481199057626579885e+00 5.960248396025760176e-01 6.798453049097844536e-01 4.169688681867798064e-01 1.034174293991946714e+00 -1.403294546347436222e+00 -5.048378709831266020e-01 0.000000000000000000e+00
3.188330685756970984e-02 -2.214851228674653005e-01 1.382532578809336776e-01 1.435903399654971935e+00 -4.178933120589070072e-01 1.484781600119961631e+00 6.028764207180501433e-01 6.842017703999633271e-01 4.067544469838355603e-01 1.041603048694668354e+00 -1.399592619274171668e+00 -5.111310205075247914e-01 0.000000000000000000e+00
3.417035554051181534e-02 -2.220276932137523196e-01 1.375587767249159821e-01 1.438057633424469905e+00 -4.166491035328667714e-01 1.488678879961401913e+00 6.101642941991064495e-01 6.889742216524126217e-01 3.955418730043294140e-01 1.049500586328271146e+00 -1.395522110706040042e+00 -5.179656239710496157e-01 0.000000000000000000e+00
3.629269923723947577e-02 -2.225430600178852081e-01 1.369202621097931061e-01 1.440094849962493484e+00 -4.154107130555404481e-01 1.492287692302703972e+00 6.167652718560041603e-01 6.934272933111340631e-01 3.850583393732323056e-01 1.056649509379452345e+00 -1.391709529289482550e+00 -5.242894331374973182e-01 0.000000000000000000e+00
3.860346705181355587e-02 -2.231171460260595041e-01 1.362318865451863925e-01 1.442351392128894183e+00 -4.139705209639581440e-01 1.496206136958290411e+00 6.237781739545098514e-01 6.983016770543061247e-01 3.735600082087606744e-01 1.064239851381314494e+00 -1.387519844262570023e+00 -5.311555284809122979e-01 0.000000000000000000e+00
4.074666065178721153e-02 -2.236614584898430347e-01 1.356000989782833732e-01 1.444477050702341003e+00 -4.125490426071136696e-01 1.499828178877985252e+00 6.301238210418961261e-01 7.028458288223083938e-01 3.628197458485800109e-01 1.071103283563639375e+00 -1.383598605873537224e+00 -5.375066017590196532e-01 0.000000000000000000e+00
4.307887044690537209e-02 -2.242667918214460432e-01 1.349202564342826260e-01 1.446823206441105292e+00 -4.109082262537988584e-01 1.503753798580237833e+00 6.368586891225974655e-01 7.078154205744506822e-01 3.510508375173566620e-01 1.078382368613098441e+00 -1.379292540706988035e+00 -5.444000277931216880e-01 0.000000000000000000e+00
4.524064354342709204e-02 -2.248402611719376720e-01 1.342975665223754278e-01 1.449025592431065768e+00 -4.092993885011901867e-01 1.507375125578963360e+00 6.429449443198100855e-01 7.124447934973354712e-01 3.400664964432700277e-01 1.084955050183414205e+00 -1.375264376400188837e+00 -5.507744370202807271e-01 0.000000000000000000e+00
4.759161851770194601e-02 -2.254775303597411906e-01 1.336289344248975941e-01 1.451448013859229391e+00 -4.074533053651654413e-01 1.511291533547231003e+00 6.493960525863634592e-01 7.175038674621044832e-01 3.280395278024177408e-01 1.091915354850390818e+00 -1.370843262674548368e+00 -5.576909659768392036e-01 0.000000000000000000e+00
4.976951434414261105e-02 -2.260804073033405026e-01 1.330177781829581796e-01 1.453714573475027194e+00 -4.056533161423523381e-01 1.514897109096176475e+00 6.552195203630124531e-01 7.222126691645007757e-01 3.168242906618214949e-01 1.098192159223598585e+00 -1.366710169820799736e+00 -5.640844168057924657e-01 0.000000000000000000e+00
5.213657713170433139e-02 -2.267494320433890986e-01 1.323629217107002987e-01 1.456199795943420305e+00 -4.035987239736531507e-01 1.518788628148420861e+00 6.613851377607095072e-01 7.273542345440350276e-01 3.045553738359356721e-01 1.104830487714784537e+00 -1.362176670697157865e+00 -5.710189553892225378e-01 0.000000000000000000e+00
5.432794092092162880e-02 -2.273819700091834206e-01 1.317657913796285440e-01 1.458517876865574436e+00 -4.016045597866204631e-01 1.522362993342593507e+00 6.669430217976503039e-01 7.321362731764086140e-01 2.931230890664977551e-01 1.110806820938004202e+00 -1.357940380351168930e+00 -5.774267207090348908e-01 0.000000000000000000e+00
5.670803737785849730e-02 -2.280835167584064904e-01 1.311275386643683538e-01 1.461051877347513184e+00 -3.993380103372832224e-01 1.526211622427345871e+00 6.728188206897194323e-01 7.373541381211735635e-01 2.806259393351919762e-01 1.117116182455538009e+00 -1.353295694252016235e+00 -5.843740424656973520e-01 0.000000000000000000e+00
5.891002347159104979e-02 -2.287459773431044230e-01 1.305469230430137406e-01 1.463408577705518354e+00 -3.971475761428302498e-01 1.529738742122933148e+00 6.781089238790528606e-01 7.422033549920443729e-01 2.689908548487447426e-01 1.122787916629079952e+00 -1.348958070626549599e+00 -5.907908625332159991e-01 0.000000000000000000e+00
6.130013399515713696e-02 -2.294798932515406120e-01 1.299279041692580350e-01 1.465977368077981069e+00 -3.946673644457865393e-01 1.533527590181892108e+00 6.836946379493850090e-01 7.474903289670968842e-01 2.562825164429958225e-01 1.128765914327980679e+00 -1.344204860712976179e+00 -5.977450419296854722e-01 0.000000000000000000e+00
6.350981562861550411e-02 -2.301725786427026854e-01 1.293663678546421170e-01 1.468359947833596024e+00 -3.922788272173476365e-01 1.536990954621835659e+00 6.887155621315386167e-01 7.524002659108215418e-01 2.444592796255344869e-01 1.134128988131182236e+00 -1.339767501704686170e+00 -6.041651909485666883e-01 0.000000000000000000e+00
6.590647304317694133e-02 -2.309395789584139380e-01 1.287694462941484097e-01 1.470949504968900534e+00 -3.895835902964690511e-01 1.540701154313826482e+00 6.940081953239075618e-01 7.577497575924637685e-01 2.315547994055009440e-01 1.139769696478024619e+00 -1.334907099557237187e+00 -6.111197698191995764e-01 0.000000000000000000e+00
6.812072181672332305e-02 -2.316627337485213101e-01 1.282295240318318541e-01 1.473344854917973734e+00 -3.869961996640660651e-01 1.544083941562229390e+00 6.987591415505544079e-01 7.627139564433985663e-01 2.195587234332934123e-01 1.144820514643414278e+00 -1.330371869378886629e+00 -6.175371890979636236e-01 0.000000000000000000e+00
7.052069511718843386e-02 -2.324626197481340917e-01 1.276573020946856207e-01 1.475941638867571903e+00 -3.840854926075052411e-01 1.547698420535754460e+00 7.037601586035597823e-01 7.681184424015509160e-01 2.064760777363336963e-01 1.150122335741543989e+00 -1.325406538684488433e+00 -6.244851766448985542e-01 0.000000000000000000e+00
7.273628064779191771e-02 -2.332164546049622089e-01 1.271414979416738977e-01 1.478337133323330832e+00 -3.812992278683724479e-01 1.550983845961796170e+00 7.082410602956725754e-01 7.731303118359982296e-01 1.943228752598116227e-01 1.154857702475813985e+00 -1.320775168390786236e+00 -6.308931417017927812e-01 0.000000000000000000e+00
7.513581128413390764e-02 -2.340498633663878614e-01 1.265967873337926486e-01 1.480927293711331139e+00 -3.781733058209750808e-01 1.554483510842075145e+00 7.129489298916873441e-01 7.785829344308536903e-01 1.810783093685750522e-01 1.159815310003050826e+00 -1.315706240729983767e+00 -6.378270144949502729e-01 0.000000000000000000e+00
7.734939433050590230e-02 -2.348344526196928239e-01 1.261075050310443146e-01 1.483310730269177924e+00 -3.751890059348852446e-01 1.557655455778403253e+00 7.171605859975932473e-01 7.836356168090066188e-01 1.687844919864969206e-01 1.164232828461219782e+00 -1.310980195059529230e+00 -6.442183347950314332e-01 0.000000000000000000e+00
7.974504892105939435e-02 -2.357010611500918729e-01 1.255928157749667540e-01 1.485881531113012244e+00 -3.718492313279710970e-01 1.561023475828034579e+00 7.215783041928438557e-01 7.891285862943766549e-01 1.553967811866685533e-01 1.168845556627291726e+00 -1.305809934119249283e+00 -6.511301033511414094e-01 0.000000000000000000e+00
8.195327026028358108e-02 -2.365165079368353185e-01 1.251324842724626796e-01 1.488241309254432210e+00 -3.686682762985205031e-01 1.564065374262044283e+00 7.255221794511422795e-01 7.942152239764281862e-01 1.429787273397380432e-01 1.172942696806323903e+00 -1.300990944126751092e+00 -6.574969225691937869e-01 0.000000000000000000e+00
8.434111369721487839e-02 -2.374166995288330417e-01 1.246504273648925132e-01 1.490780001961033108e+00 -3.651164324336741984e-01 1.567283780618084155e+00 7.296500125617378929e-01 7.997412832383425929e-01 1.294655816525669412e-01 1.177206284553486526e+00 -1.295720415171429662e+00 -6.643777318776314944e-01 0.000000000000000000e+00
8.654047427714718632e-02 -2.382628977208454124e-01 1.242212949393532856e-01 1.493104729686264065e+00 -3.617410402520349066e-01 1.570180223224656002e+00 7.333283040803280084e-01 8.048547522683763278e-01 1.169408682039789760e-01 1.180981182240619320e+00 -1.290809945595487118e+00 -6.707117942142759581e-01 0.000000000000000000e+00
8.891699835155982001e-02 -2.391961322185162664e-01 1.237741760386726897e-01 1.495599965526723807e+00 -3.579800703421520680e-01 1.573233240677782696e+00 7.371709126381761346e-01 8.104059784025920976e-01 1.033217287054226663e-01 1.184895895884981343e+00 -1.285441412312050780e+00 -6.775525229483079226e-01 0.000000000000000000e+00
9.110405837630249082e-02 -2.400728810330562124e-01 1.233783979882042692e-01 1.497879212534231286e+00 -3.544129642127318292e-01 1.575969336824755374e+00 7.405867496313389697e-01 8.155391548246925248e-01 9.070793251837150351e-02 1.188347086341614789e+00 -1.280440927891263403e+00 -6.838449733929199414e-01 0.000000000000000000e+00
9.346523968114553438e-02 -2.410392213767244829e-01 1.229685894251651007e-01 1.500319802663804936e+00 -3.504461241817899975e-01 1.578840505911869085e+00 7.441461310072572388e-01 8.211078246640483025e-01 7.700184081022420912e-02 1.191909596931813864e+00 -1.274975455544148373e+00 -6.906353683823495127e-01 0.000000000000000000e+00
9.563655745579008327e-02 -2.419461493075543146e-01 1.226081750186616970e-01 1.502543969977614857e+00 -3.466906457449931978e-01 1.581402394487334107e+00 7.473034416376006517e-01 8.262533847852175928e-01 6.431707138012221492e-02 1.195036148051566993e+00 -1.269886287859061325e+00 -6.968768192920864468e-01 0.000000000000000000e+00
9.797892176144043508e-02 -2.429446841244024269e-01 1.222376264730035134e-01 1.504920171027350762e+00 -3.425219483439287949e-01 1.584078178945161675e+00 7.505860539972322165e-01 8.318313756883886079e-01 5.054453380277745822e-02 1.198247654010093477e+00 -1.264325873819085011e+00 -7.036066273667167525e-01 0.000000000000000000e+00
1.001310816518619223e-01 -2.438812267026878589e-01 1.219144178578308174e-01 1.507080687863121327e+00 -3.385819367765106058e-01 1.586453062706106198e+00 7.534895653756911171e-01 8.369818626575745713e-01 3.780743325725532955e-02 1.201049033160747737e+00 -1.259149354450243452e+00 -7.097868921504090212e-01 0.000000000000000000e+00
1.024507174722862485e-01 -2.449116097642781154e-01 1.215851262330527871e-01 1.509383248564438063e+00 -3.342154667432444271e-01 1.588919462538008753e+00 7.564993368816441688e-01 8.425611851412905251e-01 2.398855667694310689e-02 1.203907137642620917e+00 -1.253494797665732685e+00 -7.164445285594981394e-01 0.000000000000000000e+00
1.045803662702928238e-01 -2.458769522555174225e-01 1.213007524706258139e-01 1.511472322249263200e+00 -3.300951605985851245e-01 1.591095892713221716e+00 7.591547082255348800e-01 8.477090089493863889e-01 1.121843293390423213e-02 1.206383344824176529e+00 -1.248232258193681554e+00 -7.225528879937584970e-01 0.000000000000000000e+00
1.068740173154686807e-01 -2.469378267479644395e-01 1.210142791986851263e-01 1.513694043296545999e+00 -3.255359343238106717e-01 1.593342155174107155e+00 7.618999612562158408e-01 8.532812740562137899e-01 -2.625743676763825363e-03 1.208890577832431479e+00 -1.242485422877399603e+00 -7.291269011446189774e-01 0.000000000000000000e+00
1.089779236846872973e-01 -2.479309234875851087e-01 1.207701290035063380e-01 1.515704858519582920e+00 -3.212397357115328589e-01 1.595310178491407660e+00 7.643137173102091397e-01 8.584188446941128925e-01 -1.540918322525297590e-02 1.211042012519052191e+00 -1.237138061724629701e+00 -7.351520367948143342e-01 0.000000000000000000e+00
1.112418831746667669e-01 -2.490213985025238608e-01 1.205280058333414450e-01 1.517838627885718772e+00 -3.164922275694008746e-01 1.597325378833486242e+00 7.668003108200160955e-01 8.639756634666176938e-01 -2.925708826144712837e-02 1.213196776157035250e+00 -1.231299613666848813e+00 -7.416292440400504837e-01 0.000000000000000000e+00
1.133169938159909185e-01 -2.500409558880857808e-01 1.203253026525809427e-01 1.519765878815189986e+00 -3.120248117346582362e-01 1.599076478047184224e+00 7.689799084351643943e-01 8.690950580300771389e-01 -4.203386990721114103e-02 1.215024503613156615e+00 -1.225868629255850273e+00 -7.475591716812755028e-01 0.000000000000000000e+00
1.155483316300941060e-01 -2.511590760353625829e-01 1.201284865651334188e-01 1.521806693710887615e+00 -3.070942192449415131e-01 1.600853621516283409e+00 7.712180955942941063e-01 8.746280415108256268e-01 -5.586339913188376194e-02 1.216830393148339295e+00 -1.219940166353224775e+00 -7.539267898476549323e-01 0.000000000000000000e+00
1.175917955199029946e-01 -2.522035065833556078e-01 1.199681475179971563e-01 1.523646124766726118e+00 -3.024600278315641155e-01 1.602381212846774483e+00 7.731719237280306745e-01 8.797213370956021850e-01 -6.861301653452911431e-02 1.218335878112561055e+00 -1.214426490790379454e+00 -7.597488594647316962e-01 0.000000000000000000e+00
1.197872508125756158e-01 -2.533477579648996114e-01 1.198176821332200409e-01 1.525589772326721771e+00 -2.973508792874230977e-01 1.603912883067309281e+00 7.751696940197536634e-01 8.852216302739700504e-01 -8.240166623646882904e-02 1.219792494070779831e+00 -1.208408678833181815e+00 -7.659921080082044975e-01 0.000000000000000000e+00
1.217964549924766687e-01 -2.544151146646926875e-01 1.197002898733050408e-01 1.527338235459405169e+00 -2.925541503560933343e-01 1.605212498671769072e+00 7.769072068939485431e-01 8.902808373967936451e-01 -9.510294726532908527e-02 1.220977867071974199e+00 -1.202813111066816321e+00 -7.716930037956825084e-01 0.000000000000000000e+00
1.239536263803672350e-01 -2.555829119053515397e-01 1.195965414349487443e-01 1.529182254873347802e+00 -2.872713379841629333e-01 1.606495616233835744e+00 7.786767442802519090e-01 8.957399181572925917e-01 -1.088279474172162420e-01 1.222089869985136801e+00 -1.196707414793646063e+00 -7.777979011205256032e-01 0.000000000000000000e+00
1.259262088129791957e-01 -2.566709968105272410e-01 1.195224745612506606e-01 1.530837926487105705e+00 -2.823160718531712021e-01 1.607564215028003174e+00 7.802081284860745702e-01 9.007568475978110500e-01 -1.214594536255162449e-01 1.222957394710230128e+00 -1.191030886930142252e+00 -7.833635083246276443e-01 0.000000000000000000e+00
1.280424584788924236e-01 -2.578600120537055118e-01 1.194657911855214749e-01 1.532581066680364756e+00 -2.768633453253586119e-01 1.608596042906240919e+00 7.817598192952093239e-01 9.061654614556531318e-01 -1.350968357775397255e-01 1.223725849842772551e+00 -1.184837705815162900e+00 -7.893134762530554793e-01 0.000000000000000000e+00
1.299764344133704785e-01 -2.589661999259340042e-01 1.194350363736787490e-01 1.534143536152264176e+00 -2.717530426786876063e-01 1.609433194001450573e+00 7.830965264253472169e-01 9.111318574144873228e-01 -1.476365960862866533e-01 1.224278855243127628e+00 -1.179080883644793243e+00 -7.947290809087589336e-01 0.000000000000000000e+00
1.320500636096190172e-01 -2.601731526682263818e-01 1.194250952983543501e-01 1.535786124403363040e+00 -2.661342865303755190e-01 1.610215115034050903e+00 7.844444854110909082e-01 9.164814156751567298e-01 -1.611629244208536704e-01 1.224709488391393375e+00 -1.172801416110495376e+00 -8.005087396854760895e-01 0.000000000000000000e+00
1.339438095768313575e-01 -2.612944979063155371e-01 1.194373707033426629e-01 1.537256175568316507e+00 -2.608717390175403494e-01 1.610822079028500609e+00 7.855988991646130071e-01 9.213888891948730508e-01 -1.735885682768909533e-01 1.224951436576426911e+00 -1.166965098581586702e+00 -8.057588288794311771e-01 0.000000000000000000e+00
1.359730067029759903e-01 -2.625162430900345178e-01 1.194737679581532458e-01 1.538799775125445635e+00 -2.550888935662882773e-01 1.611356304427828956e+00 7.867558429211707338e-01 9.266698044784456023e-01 -1.869785427636456721e-01 1.225046378269288416e+00 -1.160599211469915737e+00 -8.113498692719435246e-01 0.000000000000000000e+00
1.378253184021720201e-01 -2.636494117798360293e-01 1.195283918502300091e-01 1.540179809241093878e+00 -2.496761679012093893e-01 1.611737038170453218e+00 7.877413456825543836e-01 9.315099000225828263e-01 -1.992673001396527699e-01 1.224981663454799419e+00 -1.154683798056631794e+00 -8.164181977215005936e-01 0.000000000000000000e+00
1.398092954753658856e-01 -2.648818812112460619e-01 1.196100978303656498e-01 1.541627586253065729e+00 -2.437315898363401345e-01 1.612029445604824751e+00 7.887235860716028668e-01 9.367134504764886849e-01 -2.124968191707305998e-01 1.224747837911090542e+00 -1.148232822948132892e+00 -8.218038418149404833e-01 0.000000000000000000e+00
1.416194462254828645e-01 -2.660231470210689952e-01 1.197060664866150259e-01 1.542921322423067565e+00 -2.381696522690481821e-01 1.612190010500597959e+00 7.895546920687894765e-01 9.414775127715041547e-01 -2.246253874071695300e-01 1.224381253787040880e+00 -1.142238713124636984e+00 -8.266733652891231632e-01 0.000000000000000000e+00
1.435573857686320842e-01 -2.672622981975104062e-01 1.198318805411695692e-01 1.544277969329877820e+00 -2.320633579337045838e-01 1.612247845693438375e+00 7.903774091085422615e-01 9.465938446997098632e-01 -2.376679525297233919e-01 1.223822256274233355e+00 -1.135702516861255562e+00 -8.318334396382334184e-01 0.000000000000000000e+00
1.453251350551689469e-01 -2.684075240500043980e-01 1.199677717655686371e-01 1.545490396192564120e+00 -2.263521123696587978e-01 1.612196815127511229e+00 7.910696978339083474e-01 9.512732184720609219e-01 -2.496124963348378412e-01 1.223159262320858032e+00 -1.129629976943656855e+00 -8.364863815367652444e-01 0.000000000000000000e+00
1.472173818018449876e-01 -2.696484947519590669e-01 1.201358985827515463e-01 1.546762306330041525e+00 -2.200837699594782038e-01 1.612031141682898072e+00 7.917514004939414374e-01 9.562933437058874775e-01 -2.624433401507306751e-01 1.222283215480276519e+00 -1.123009225315665383e+00 -8.414025769090516249e-01 0.000000000000000000e+00
1.489430595437576943e-01 -2.707931564734729069e-01 1.203099201405775365e-01 1.547899931233491344e+00 -2.142218007842524585e-01 1.611779352710345670e+00 7.923215832833272465e-01 9.608793736820312459e-01 -2.741797579166553867e-01 1.221329803810028203e+00 -1.116858455041045639e+00 -8.458202951043023443e-01 0.000000000000000000e+00
1.507900125931766200e-01 -2.720309633419938367e-01 1.205183174533462631e-01 1.549094905499006636e+00 -2.077884515849102165e-01 1.611402721996973542e+00 7.928801147429440643e-01 9.657931056303090678e-01 -2.867710503924953969e-01 1.220141634489689375e+00 -1.110152748574280590e+00 -8.504705072627168905e-01 0.000000000000000000e+00
1.524745361733351456e-01 -2.731701639471983412e-01 1.207283967494762328e-01 1.550165879274937097e+00 -2.017729392655227549e-01 1.610963178320039546e+00 7.933459681966262833e-01 9.702767370625393628e-01 -2.982748410372015879e-01 1.218904329847238621e+00 -1.103923814521666991e+00 -8.546335606787287542e-01 0.000000000000000000e+00
1.542777498320532237e-01 -2.743991307839453442e-01 1.209744247815572188e-01 1.551293436741948639e+00 -1.951716473619633518e-01 1.610391783913839303e+00 7.938019679542751561e-01 9.750751541356167396e-01 -3.106012821426333836e-01 1.217413625427066659e+00 -1.097133685848346474e+00 -8.589979490731506351e-01 0.000000000000000000e+00
1.559226020095645648e-01 -2.755274821558874043e-01 1.212179142746366289e-01 1.552306871440345404e+00 -1.889984323522901910e-01 1.609780465177775399e+00 7.941824670950201615e-01 9.794475985923362105e-01 -3.218471456357654414e-01 1.215899884663465658e+00 -1.090826588017739018e+00 -8.628862308436936468e-01 0.000000000000000000e+00
1.576838779014475278e-01 -2.767416744837437603e-01 1.214986965096482158e-01 1.553378335787840570e+00 -1.822226684393282170e-01 1.609032217285813138e+00 7.945565746491489723e-01 9.841201147248802572e-01 -3.338797069149070929e-01 1.214113036730076978e+00 -1.083951304768563384e+00 -8.669405607082030230e-01 0.000000000000000000e+00
1.592913155434537709e-01 -2.778534322391232880e-01 1.217727296062914299e-01 1.554345532326275148e+00 -1.758854797654203495e-01 1.608267071485344868e+00 7.948720260802689674e-01 9.883721843003280272e-01 -3.448423432261091826e-01 1.212330716170541445e+00 -1.077565710264825727e+00 -8.705328321235836775e-01 0.000000000000000000e+00
1.610135512605058439e-01 -2.790463874594094618e-01 1.220848108805473037e-01 1.555373102202945113e+00 -1.689288052294908304e-01 1.607363011669504793e+00 7.951870780372252145e-01 9.929098779026866994e-01 -3.565550588583321634e-01 1.210258244210241863e+00 -1.070605538755903696e+00 -8.742557981694597524e-01 0.000000000000000000e+00
1.625863806544230739e-01 -2.801354037289340293e-01 1.223860853381269487e-01 1.556306416292739137e+00 -1.624201138101453168e-01 1.606464384711316695e+00 7.954587204684133717e-01 9.970323846911021137e-01 -3.672085021669762028e-01 1.208215865970259983e+00 -1.064141247841954518e+00 -8.775301547297122973e-01 0.000000000000000000e+00
1.642729014210181082e-01 -2.813001521026751162e-01 1.227256737921351010e-01 1.557304847013904592e+00 -1.552720171206005695e-01 1.605428023869886367e+00 7.957384189618988968e-01 1.001424336802806403e+00 -3.785708789577992839e-01 1.205865892624374158e+00 -1.057095189387877276e+00 -8.808953250831363935e-01 0.000000000000000000e+00
1.658146646883729980e-01 -2.823598321979656767e-01 1.230504121791950872e-01 1.558218281393012994e+00 -1.485822809169374814e-01 1.604419098921735065e+00 7.959888226833936598e-01 1.005408159477455765e+00 -3.888887639690934428e-01 1.203572910925815975e+00 -1.050551536273443443e+00 -8.838289301819131083e-01 0.000000000000000000e+00
1.674698387386932552e-01 -2.834891307621892897e-01 1.234133383074897811e-01 1.559203234267632077e+00 -1.412327105417388040e-01 1.603276186436023654e+00 7.962583345857096040e-01 1.009645248771771975e+00 -3.998745697817791545e-01 1.200957420419249022e+00 -1.043419590874211433e+00 -8.868134016575104361e-01 0.000000000000000000e+00
1.689848083702533976e-01 -2.845124841448053443e-01 1.237574894739892212e-01 1.560112250307157389e+00 -1.343504667163051280e-01 1.602181935823907999e+00 7.965114014682943555e-01 1.013481066268840269e+00 -4.098302648848224372e-01 1.198423688958147659e+00 -1.036796042927075279e+00 -8.893825531611099233e-01 0.000000000000000000e+00
1.706134368435894000e-01 -2.855984013783147146e-01 1.241390361549787047e-01 1.561101557960032693e+00 -1.267847886859803097e-01 1.600961407667431224e+00 7.967971586532598405e-01 1.017552174048217184e+00 -4.204075417862900288e-01 1.195552268670824425e+00 -1.029576812423115717e+00 -8.919576967771619680e-01 0.000000000000000000e+00
1.721065671067342207e-01 -2.865780190471817201e-01 1.244981648667493473e-01 1.562023178783655375e+00 -1.196966397697698525e-01 1.599809188843632324e+00 7.970779889902088744e-01 1.021230532145834591e+00 -4.299738827379635531e-01 1.192788306933485476e+00 -1.022872570694950189e+00 -8.941376272874463904e-01 0.000000000000000000e+00
1.737145391314245113e-01 -2.876124415622770547e-01 1.248933719805921244e-01 1.563035553498832719e+00 -1.119007043906052878e-01 1.598541572173261871e+00 7.974078214912151408e-01 1.025126537083538736e+00 -4.401158659592581124e-01 1.189674405828910375e+00 -1.015565722191127174e+00 -8.962788088038700085e-01 0.000000000000000000e+00
1.751914355243279764e-01 -2.885404473460903008e-01 1.252626113631103988e-01 1.563987898342992011e+00 -1.045914940615206845e-01 1.597361265958709087e+00 7.977427805773198433e-01 1.028637914980808254e+00 -4.492650227261707485e-01 1.186691665408021734e+00 -1.008779854575550639e+00 -8.980440851324290596e-01 0.000000000000000000e+00
1.767851384977927875e-01 -2.895144418941283382e-01 1.256659960738025772e-01 1.565044596185876102e+00 -9.654627278144367608e-02 1.596080332978535576e+00 7.981462494824669296e-01 1.032347365484152402e+00 -4.589387556488015996e-01 1.183346468762773052e+00 -1.001383723596182440e+00 -8.997203453015522046e-01 0.000000000000000000e+00
1.782521179065976735e-01 -2.903825717428700215e-01 1.260401564117480111e-01 1.566047516538744411e+00 -8.899890683949251979e-02 1.594903793570579653e+00 7.985629676140368893e-01 1.035682375538231392e+00 -4.676430313556168006e-01 1.180157067041294194e+00 -9.945150982497319436e-01 -9.010444024165125132e-01 0.000000000000000000e+00
1.798387768567185629e-01 -2.912871495682169964e-01 1.264460051864843559e-01 1.567169708961869468e+00 -8.068631456576280669e-02 1.593644682846780514e+00 7.990702998016970815e-01 1.039196017122427484e+00 -4.768208836832750208e-01 1.176595355399422171e+00 -9.870288858464920656e-01 -9.022293759435431326e-01 0.000000000000000000e+00
1.813027813855531412e-01 -2.920866452886831111e-01 1.268195931537884902e-01 1.568244033328669573e+00 -7.288171561887057948e-02 1.592505767155290020e+00 7.995978054346145614e-01 1.042344938795336962e+00 -4.850517825063282995e-01 1.173211942392530904e+00 -9.800763043466766966e-01 -9.030847167066493597e-01 0.000000000000000000e+00
1.828902573456761826e-01 -2.929117354833499220e-01 1.272215885530072199e-01 1.569455831674447133e+00 -6.427843099701080476e-02 1.591307245967559236e+00 8.002418909442501338e-01 1.045651186709643188e+00 -4.936995991980337450e-01 1.169446765243377095e+00 -9.724980797277743561e-01 -9.037450474989344729e-01 0.000000000000000000e+00
1.843588547615879758e-01 -2.936333379646042241e-01 1.275887618789423028e-01 1.570623586253420356e+00 -5.619566355119065548e-02 1.590242039993037926e+00 8.009106106939690717e-01 1.048604299463404832e+00 -5.014283589975527811e-01 1.165882923072633082e+00 -9.654600773359947041e-01 -9.041032426655501997e-01 0.000000000000000000e+00
1.859555358585646689e-01 -2.943690315199609664e-01 1.279805708924164620e-01 1.571948308844968167e+00 -4.728014503679478509e-02 1.589143290806730002e+00 8.017240732489337995e-01 1.051693832644005733e+00 -5.095181102828318931e-01 1.161930525698846361e+00 -9.577887752369941277e-01 -9.042108343735892895e-01 0.000000000000000000e+00
1.874367840465759050e-01 -2.950029637138756877e-01 1.283351426420512864e-01 1.573232407880740702e+00 -3.889667064388113715e-02 1.588189987963491090e+00 8.025656987324260028e-01 1.054441415940640558e+00 -5.167155028658527716e-01 1.158200635434135872e+00 -9.506637540565963107e-01 -9.040423894346417688e-01 0.000000000000000000e+00
1.890518305022078904e-01 -2.956379343209346033e-01 1.287097814239098192e-01 1.574696281750489035e+00 -2.964116411049833033e-02 1.587234363160160644e+00 8.035848904815994231e-01 1.057302250162630797e+00 -5.242118352812350501e-01 1.154075665221712121e+00 -9.428969110534891618e-01 -9.035614225417736289e-01 0.000000000000000000e+00
1.905542560007635611e-01 -2.961738520419499032e-01 1.290452774005306502e-01 1.576120196266368012e+00 -2.093270630123900133e-02 1.586433127734880655e+00 8.046325114754092622e-01 1.059834516885132638e+00 -5.308482329806307742e-01 1.150194773723194341e+00 -9.356830734507370906e-01 -9.028358443027814095e-01 0.000000000000000000e+00
1.921969567939931511e-01 -2.966970431453513912e-01 1.293957710732349942e-01 1.577747585694512900e+00 -1.131242586771730174e-02 1.585663994119085096e+00 8.058927193032348057e-01 1.062457464242751559e+00 -5.377225841234249959e-01 1.145915073851436983e+00 -9.278192913839510281e-01 -9.017363582467421423e-01 0.000000000000000000e+00
1.937294949215858653e-01 -2.971239690422138313e-01 1.297054970600794721e-01 1.579334971657241127e+00 -2.253027082510072887e-03 1.585056789414529987e+00 8.071809569015333530e-01 1.064764494116060112e+00 -5.437680263769322231e-01 1.141898893769542900e+00 -9.205147065670544748e-01 -9.004222879858698736e-01 0.000000000000000000e+00
