-2.083055209499641847e-01 -1.451515233279221384e-01 1.001974179008266325e-01 2.360357984807201159e+00 1.874133907949548927e-03 3.140762137365716189e+00 -7.868055108755006577e-01 6.972797555650155354e-01 -4.254133525292580487e-03 2.483060140024776104e-03 8.785128611719514868e-01 1.169730180719118391e-03 0.000000000000000000e+00
-2.085083490900514758e-01 -1.451424118639075556e-01 1.009410774371139602e-01 2.364421393072088762e+00 3.684609574190922388e-03 3.139841634108367696e+00 -7.881924185921866943e-01 6.960044342980037380e-01 -8.046341759511133063e-03 4.964604566882268623e-03 8.842222790749179051e-01 2.279741574736462040e-03 0.000000000000000000e+00
-2.086583386249293293e-01 -1.451099108969364504e-01 1.016641361084948542e-01 2.368081158658814189e+00 5.300418309988952359e-03 3.138911327457516443e+00 -7.894427727239788917e-01 6.944476169037707702e-01 -1.113254598874924284e-02 7.257110329425371306e-03 8.893689710395504822e-01 3.258350806056451755e-03 0.000000000000000000e+00
-2.087796710738542560e-01 -1.450513414729252548e-01 1.024853436139650520e-01 2.371949664455227591e+00 6.992376077409545587e-03 3.137818984315685622e+00 -7.907555114043062217e-01 6.923616294009389271e-01 -1.403765526386213658e-02 9.743020884054372915e-03 8.948123391496179968e-01 4.279841612264571014e-03 0.000000000000000000e+00
-2.088577197016736331e-01 -1.449714614489776010e-01 1.033438231518568756e-01 2.375720965189988210e+00 8.625640914283305705e-03 3.136642217860922788e+00 -7.920155194950498911e-01 6.898758348394589124e-01 -1.650187822051263353e-02 1.223170747203058961e-02 9.001212176246364827e-01 5.272589784274224825e-03 0.000000000000000000e+00
-2.088903624523149039e-01 -1.448810311477528312e-01 1.041680385079404719e-01 2.379117329479881970e+00 1.008187624982692654e-02 3.135482851181514707e+00 -7.931231947714412200e-01 6.872337127219912967e-01 -1.839152417197831291e-02 1.453172470123420719e-02 9.049027902038192517e-01 6.172915603410796329e-03 0.000000000000000000e+00
-2.088822471417327020e-01 -1.447675040412623737e-01 1.050935347925866792e-01 2.382706727797782698e+00 1.160552316962970565e-02 3.134150537284834392e+00 -7.942541727073706426e-01 6.840063609549787982e-01 -2.003189824541240505e-02 1.702669364461003101e-02 9.099557388980811234e-01 7.141166594506599338e-03 0.000000000000000000e+00
-2.088342377103571124e-01 -1.446505434424255054e-01 1.059761474834504807e-01 2.385939322419746489e+00 1.296392500677390203e-02 3.132852973385801931e+00 -7.952274249277399010e-01 6.807023101485719652e-01 -2.118211752021781358e-02 1.933298490683484777e-02 9.145048840931271350e-01 8.037304696858749847e-03 0.000000000000000000e+00
-2.087466289500032601e-01 -1.445238403245293346e-01 1.068844503976509874e-01 2.389095943764957042e+00 1.427763911243662420e-02 3.131492678302763455e+00 -7.961255094263419707e-01 6.770949252940051677e-01 -2.199065322716586834e-02 2.164259887863845613e-02 9.189447731044526613e-01 8.944013260084454631e-03 0.000000000000000000e+00
-2.086065739450415901e-01 -1.443777743573834427e-01 1.078956198250271697e-01 2.392431992553613274e+00 1.565211105289598947e-02 3.129950850225635683e+00 -7.970062167988312130e-01 6.728562381030350759e-01 -2.249212646042786368e-02 2.414862514202461424e-02 9.236333347825644857e-01 9.947229163609206185e-03 0.000000000000000000e+00
-2.084348362759490536e-01 -1.442366715700327817e-01 1.088526141463337094e-01 2.395435552371963706e+00 1.687726234435116268e-02 3.128466827020501828e+00 -7.977266018736975939e-01 6.686461798937832768e-01 -2.261622976722543754e-02 2.646571260963725969e-02 9.278501174735687140e-01 1.090092691561529714e-02 0.000000000000000000e+00
-2.082022447977537050e-01 -1.440790649866884876e-01 1.099130840730108971e-01 2.398609098466064626e+00 1.815927766852354353e-02 3.126796014444513716e+00 -7.983992497860243898e-01 6.637740598375377887e-01 -2.239385581620378929e-02 2.898021105424123181e-02 9.322997270228730038e-01 1.197295224380497125e-02 0.000000000000000000e+00
-2.079443903211811717e-01 -1.439309618354572828e-01 1.109121617597889908e-01 2.401466425692373896e+00 1.930280700763109536e-02 3.125197949231953487e+00 -7.989149043520908933e-01 6.590005433206524987e-01 -2.187014518783980677e-02 3.130537747069198073e-02 9.362997949801722397e-01 1.300581349951096706e-02 0.000000000000000000e+00
-2.076178265689447300e-01 -1.437694649563393268e-01 1.120145195646233272e-01 2.404485597928233354e+00 2.050066692095597887e-02 3.123409081816876043e+00 -7.993527280352998865e-01 6.535405970327993197e-01 -2.096746673635752067e-02 3.382885784219116093e-02 9.405187747790756392e-01 1.417985454220748766e-02 0.000000000000000000e+00
-2.072721965297780744e-01 -1.436210390544031545e-01 1.130491246300727726e-01 2.407203310181319278e+00 2.157006870310862467e-02 3.121706543330803552e+00 -7.996386183783199542e-01 6.482418385699232344e-01 -1.983176168949296603e-02 3.616254429353556871e-02 9.443085861683128135e-01 1.532199070698540139e-02 0.000000000000000000e+00
-2.068495415247127434e-01 -1.434626230285169501e-01 1.141865963763892267e-01 2.410074287139573723e+00 2.269141945290975571e-02 3.119809145868169598e+00 -7.998137877990200151e-01 6.422316166218322575e-01 -1.828353298977547503e-02 3.869545600036391336e-02 9.483025288551047982e-01 1.663039654905482806e-02 0.000000000000000000e+00
-2.064148819185725459e-01 -1.433199700901574836e-01 1.152502979079084861e-01 2.412658775858730120e+00 2.369434667845293774e-02 3.118011197682617919e+00 -7.998466112594552202e-01 6.364451002053082007e-01 -1.657151988301808210e-02 4.103794336687319189e-02 9.518884752628965495e-01 1.791008498413533198e-02 0.000000000000000000e+00
-2.058954535366782634e-01 -1.431707575919251019e-01 1.164157268819765861e-01 2.415389045872282203e+00 2.474852097229041092e-02 3.116015755931112796e+00 -7.997365561274076828e-01 6.299278789646934884e-01 -1.441955256417948306e-02 4.358045077600422590e-02 9.556658363740375695e-01 1.938149813116092288e-02 0.000000000000000000e+00
-2.053707857303551931e-01 -1.430392743704593239e-01 1.175021759203340732e-01 2.417846297921555365e+00 2.569343049910344234e-02 3.114131578010055801e+00 -7.994946745214011052e-01 6.236901564804826492e-01 -1.216585249170010208e-02 4.593186805454367583e-02 9.590544425450543420e-01 2.082504171349775640e-02 0.000000000000000000e+00
-2.047532614394858841e-01 -1.429048919946190599e-01 1.186890036462284331e-01 2.420441770372727674e+00 2.668906881576482704e-02 3.112047167395600944e+00 -7.990752266497137546e-01 6.167021549381692669e-01 -9.444101857638997899e-03 4.848408767927509661e-02 9.626208812978612750e-01 2.248808802630596071e-02 0.000000000000000000e+00
-2.041380572501328983e-01 -1.427893428472165049e-01 1.197920561570262749e-01 2.422777852728856374e+00 2.758460586008659732e-02 3.110085492443524835e+00 -7.985389325851989240e-01 6.100490459029332957e-01 -6.683202755553674379e-03 5.084441406389869633e-02 9.658187385558011373e-01 2.412002320803608227e-02 0.000000000000000000e+00
-2.034225818738846780e-01 -1.426744969926097284e-01 1.209935473263693689e-01 2.425245424272696404e+00 2.853173967890709761e-02 3.107921915841829197e+00 -7.977914498462409520e-01 6.026314764767900511e-01 -3.432148854839445207e-03 5.340618777904078407e-02 9.691827104867347664e-01 2.599900611216848095e-02 0.000000000000000000e+00
-2.027166421303404631e-01 -1.425790345604766862e-01 1.221072537546575298e-01 2.427465993098728347e+00 2.938688373698328249e-02 3.105891224849478327e+00 -7.969425672487783219e-01 5.955978683008090746e-01 -1.977397109385048424e-04 5.577525682218041625e-02 9.721962769972412044e-01 2.784198640731437233e-02 0.000000000000000000e+00
-2.019026425512689682e-01 -1.424880273570144906e-01 1.233172017906912638e-01 2.429811229670549189e+00 3.029521621217678984e-02 3.103657332463452434e+00 -7.958462769860471520e-01 5.877855518220889142e-01 3.549727416966463878e-03 5.834638072946219528e-02 9.753636410606996154e-01 2.996192297226088833e-02 0.000000000000000000e+00
-2.011061695153820439e-01 -1.424161749044862424e-01 1.244358326736443449e-01 2.431921985235617978e+00 3.111932723740462592e-02 3.101565949160633995e+00 -7.946684274149323768e-01 5.804057327043975478e-01 7.224223931003415089e-03 6.072388450311680397e-02 9.781995747264977670e-01 3.203689996846090932e-02 0.000000000000000000e+00
-2.001946103163010082e-01 -1.423523021533221466e-01 1.256480928402226582e-01 2.434151476250181911e+00 3.199926763098925875e-02 3.099270795841770454e+00 -7.932086156634053919e-01 5.722375513250155254e-01 1.142922213418406940e-02 6.330389671053672507e-02 9.811786533008877154e-01 3.441796988126270829e-02 0.000000000000000000e+00
-1.993081287032429372e-01 -1.423069840567760258e-01 1.267661901434367355e-01 2.436157822987471633e+00 3.280192694332040304e-02 3.097126819615102722e+00 -7.916869519955613832e-01 5.645448107792399028e-01 1.551118229500314527e-02 6.568938996746157000e-02 9.838435454456754270e-01 3.674410377420321561e-02 0.000000000000000000e+00
-1.982991873635742697e-01 -1.422733071857145704e-01 1.279750245073031367e-01 2.438276847028026939e+00 3.366398423606487000e-02 3.094779067521404414e+00 -7.898461084710712843e-01 5.560544201974718659e-01 2.014162048232392976e-02 6.827779113231524644e-02 9.866403972224767616e-01 3.940784326958170214e-02 0.000000000000000000e+00
-1.973235691148329807e-01 -1.422568873824409108e-01 1.290874104957245860e-01 2.440184061140870497e+00 3.445496790662350151e-02 3.092590421082551000e+00 -7.879673149010476552e-01 5.480813486574518389e-01 2.459882004073499218e-02 7.067069962840027975e-02 9.891409057489793932e-01 4.200266098818678656e-02 0.000000000000000000e+00
-1.962189462687511099e-01 -1.422553956757872384e-01 1.302873581115723822e-01 2.442198820199726672e+00 3.530978485265734435e-02 3.090198593129894977e+00 -7.857343209060434486e-01 5.393054006278000800e-01 2.961741395693473500e-02 7.326674073663112796e-02 9.917637865275711340e-01 4.496533615473746748e-02 0.000000000000000000e+00
-1.951553733302333615e-01 -1.422696026483064036e-01 1.313891223928227159e-01 2.444012189031028903e+00 3.609913208197790269e-02 3.087973213293319308e+00 -7.834868126830984991e-01 5.310837230000210463e-01 3.441856077012950266e-02 7.566635706971180930e-02 9.941065027594866432e-01 4.784465854035786780e-02 0.000000000000000000e+00
-1.939560035278357075e-01 -1.423022372832461746e-01 1.325751072548485010e-01 2.445927756832240174e+00 3.695733261169209527e-02 3.085545511781778938e+00 -7.808473537267208719e-01 5.220545416402164740e-01 3.979375195629075712e-02 7.826925581774958618e-02 9.965615378103761524e-01 5.112445793608814265e-02 0.000000000000000000e+00
-1.928060043348483465e-01 -1.423483619207176198e-01 1.336617348459723242e-01 2.447652292410868125e+00 3.775488583636033013e-02 3.083290970919310148e+00 -7.782208776806575079e-01 5.136152504618642922e-01 4.490755388146117077e-02 8.067474774998525944e-02 9.987531862294567464e-01 5.430253706174500289e-02 0.000000000000000000e+00
-1.915141841218104546e-01 -1.424158580857264322e-01 1.348289708721782387e-01 2.449474532618256095e+00 3.862744609326762557e-02 3.080835926193840280e+00 -7.751672305957454379e-01 5.043674235765641667e-01 5.060405545314061726e-02 8.328348880766441031e-02 1.001048564772996086e+00 5.791202331685946919e-02 0.000000000000000000e+00
-1.902795188467699683e-01 -1.424946357895899574e-01 1.358962384357802478e-01 2.451115109544798720e+00 3.944320608622398083e-02 3.078559906177158023e+00 -7.721529982949664195e-01 4.957406125679568731e-01 5.600028561191372489e-02 8.569391591029512645e-02 1.003095736702940055e+00 6.140150503654145248e-02 0.000000000000000000e+00
-1.888968268376524928e-01 -1.425978880250105552e-01 1.370403578695482405e-01 2.452848885039183191e+00 4.034074309912183409e-02 3.076085604623382874e+00 -7.686739112259142193e-01 4.863051326943469976e-01 6.198733805852074674e-02 8.830745065793640936e-02 1.005237650588663545e+00 6.535563346503660276e-02 0.000000000000000000e+00
-1.875795831025543758e-01 -1.427095798606601851e-01 1.380844157940113726e-01 2.454410423360737781e+00 4.118447136137781683e-02 3.073795645593591530e+00 -7.652647321354765220e-01 4.775202297855298261e-01 6.763603588863320581e-02 9.072173102176933623e-02 1.007146937353168514e+00 6.916765312105159491e-02 0.000000000000000000e+00
-1.861088665144536580e-01 -1.428482603759450020e-01 1.392014511113117414e-01 2.456061285160851426e+00 4.211770701305850295e-02 3.071310490329996590e+00 -7.613556777084309335e-01 4.679295541993956364e-01 7.387995022237858755e-02 9.333882774736861065e-02 1.009143575801428216e+00 7.347551592133651222e-02 0.000000000000000000e+00
-1.847113262987180593e-01 -1.429926885297670147e-01 1.402188002499727970e-01 2.457548439704772214e+00 4.299911887777696506e-02 3.069014240957476769e+00 -7.575456262949090691e-01 4.590151217930597549e-01 7.975195410989432965e-02 9.575579623942685747e-02 1.010921568724192365e+00 7.761968586074403931e-02 0.000000000000000000e+00
-1.831547034475839442e-01 -1.431667595635006951e-01 1.413051279626460488e-01 2.459120988151736853e+00 4.397842435615606504e-02 3.066526516314790562e+00 -7.531982821314637810e-01 4.492989447405555947e-01 8.622290292656908939e-02 9.837511504006066221e-02 1.012779190163549892e+00 8.229312577729118450e-02 0.000000000000000000e+00
-1.816793901379714360e-01 -1.433433455466427975e-01 1.422926517126549828e-01 2.460538337664835762e+00 4.490697697304835145e-02 3.064231671689533254e+00 -7.489828310210044915e-01 4.402828461596059451e-01 9.228945073171512803e-02 1.007934900140695783e-01 1.014432547147298358e+00 8.677763105925402620e-02 0.000000000000000000e+00
-1.800401907648848387e-01 -1.435516106898835076e-01 1.433451722079569779e-01 2.462037769362955153e+00 4.594224409927472053e-02 3.061749592379097606e+00 -7.441956658035326910e-01 4.304715609666722176e-01 9.895520978212868357e-02 1.034135911182735845e-01 1.016159074481996605e+00 9.182246543456952514e-02 0.000000000000000000e+00
-1.784897995289902173e-01 -1.437594047702780986e-01 1.443001208588027551e-01 2.463389678891504175e+00 4.692707184598443604e-02 3.059463956198657630e+00 -7.395715526238008097e-01 4.213807940066595092e-01 1.051883383134590844e-01 1.058319827370393373e-01 1.017694320271400166e+00 9.665405550797535883e-02 0.000000000000000000e+00
-1.767705909718738089e-01 -1.440010413984064708e-01 1.453159977881996190e-01 2.464820389420243618e+00 4.802809371799465765e-02 3.056996098579546572e+00 -7.343391068720676040e-01 4.115027633389057860e-01 1.120200122997849768e-01 1.084513098600515396e-01 1.019296078509028369e+00 1.020791559974405516e-01 0.000000000000000000e+00
-1.750113663535537711e-01 -1.442591292545242210e-01 1.463119189132574549e-01 2.466217363817014174e+00 4.916690962104164342e-02 3.054539005109830008e+00 -7.288764974231243254e-01 4.016013967221001568e-01 1.189255890063602994e-01 1.110695883633845416e-01 1.020836317725475562e+00 1.077023207706019753e-01 0.000000000000000000e+00
-1.733524302835300623e-01 -1.445118354478567291e-01 1.472129638033172760e-01 2.467477834907542800e+00 5.025380709605808960e-02 3.052282539948888207e+00 -7.236278729677689814e-01 3.924472132386299106e-01 1.253593867258284700e-01 1.134851254063568571e-01 1.022204583314531012e+00 1.130713284296073762e-01 0.000000000000000000e+00
-1.716606740194520642e-01 -1.447779737399972066e-01 1.480960675047210684e-01 2.468711283936254830e+00 5.137685196762120654e-02 3.050039171394837378e+00 -7.181817085385568955e-01 3.832852067194575385e-01 1.318436513479532834e-01 1.158989896512694490e-01 1.023523247528283830e+00 1.186118852747059249e-01 0.000000000000000000e+00
-1.697916405136349616e-01 -1.450810281348399178e-01 1.490320531223117972e-01 2.470018121302558711e+00 5.263646195576132669e-02 3.047625955005514697e+00 -7.120583688231648667e-01 3.733574415183466000e-01 1.389184719418035119e-01 1.185116838386916921e-01 1.024897438650764769e+00 1.248090528089419032e-01 0.000000000000000000e+00
-1.680338725849196135e-01 -1.453737270558793926e-01 1.498766267109450934e-01 2.471198337391226296e+00 5.384049640432486683e-02 3.045416043531460115e+00 -7.062014117958081982e-01 3.641972992119372199e-01 1.454886235090833146e-01 1.209208376174262245e-01 1.026117565904184570e+00 1.307088451179569122e-01 0.000000000000000000e+00
-1.660952777666981628e-01 -1.457042812540209897e-01 1.507701919940832580e-01 2.472449627546863482e+00 5.519166711449940976e-02 3.043043541974918664e+00 -6.996351218121087401e-01 3.542846141604987786e-01 1.526422736711996464e-01 1.235274980805037420e-01 1.027388759271506524e+00 1.372949590070205728e-01 0.000000000000000000e+00
-1.642747485534214735e-01 -1.460215498699578007e-01 1.515750087696057236e-01 2.473580181855834947e+00 5.648370888509912646e-02 3.040875466795216919e+00 -6.933689700832613712e-01 3.451502712271496409e-01 1.592726126791152996e-01 1.259301770488380212e-01 1.028516741151209724e+00 1.435554515185515634e-01 0.000000000000000000e+00
-1.622697667308045100e-01 -1.463777861295461613e-01 1.524249296149468580e-01 2.474779436502655194e+00 5.793386321052551580e-02 3.038553021065619753e+00 -6.863593969361183600e-01 3.352783658299030578e-01 1.664779281663792965e-01 1.285288147391316638e-01 1.029691261770961708e+00 1.505338323914270915e-01 0.000000000000000000e+00
-1.603898012400747086e-01 -1.467174399186239042e-01 1.531890936769551570e-01 2.475863778055867215e+00 5.932037024133895997e-02 3.036435508550707318e+00 -6.796868468249247508e-01 3.261930916396386104e-01 1.731434209006841307e-01 1.309231796514378487e-01 1.030733489863564278e+00 1.571552997439615296e-01 0.000000000000000000e+00
-1.583224432688383199e-01 -1.470964956037547899e-01 1.539947105924707738e-01 2.477014774021087717e+00 6.087584984662441911e-02 3.034172410995083169e+00 -6.722402489428996875e-01 3.163863671100716757e-01 1.803733706280312710e-01 1.335118221652653037e-01 1.031818794586798926e+00 1.645231845710179441e-01 0.000000000000000000e+00
-1.563864186684134627e-01 -1.474562364066710485e-01 1.547176896400585810e-01 2.478056035092267351e+00 6.236243616534764556e-02 3.032114276949917198e+00 -6.651651620329407377e-01 3.073725655055622452e-01 1.870496491647508641e-01 1.358959755192667151e-01 1.032781527320862480e+00 1.715046780134174831e-01 0.000000000000000000e+00
-1.542600086915866531e-01 -1.478559835517611054e-01 1.554784779233471803e-01 2.479161897531229730e+00 6.402918410427460572e-02 3.029920553798443272e+00 -6.572837365239329044e-01 2.976554563466765058e-01 1.942782673115528436e-01 1.384724340711070423e-01 1.033783874576140960e+00 1.792628324534681905e-01 0.000000000000000000e+00
-1.522713534981650352e-01 -1.482334384030218610e-01 1.561600799955262797e-01 2.480162939401401090e+00 6.562066226288720827e-02 3.027930875141581435e+00 -6.498110396632250652e-01 2.887349319593470742e-01 2.009413632008767436e-01 1.408443701736077358e-01 1.034673436959254955e+00 1.866022880358880198e-01 0.000000000000000000e+00
-1.500899534819382652e-01 -1.486508510638636926e-01 1.568761472996753059e-01 2.481226743955239566e+00 6.740312962059391566e-02 3.025816071535123442e+00 -6.415032420636955779e-01 2.791299085928400925e-01 2.081430834206687841e-01 1.434065475241025067e-01 1.035600150439575096e+00 1.947454689905369074e-01 0.000000000000000000e+00
-1.480520807221852031e-01 -1.490435751217319971e-01 1.575164836677195035e-01 2.482190142852890968e+00 6.910344209468233245e-02 3.023904092920323361e+00 -6.336388607856644484e-01 2.703235505924910242e-01 2.147699603191677298e-01 1.457642273923928644e-01 1.036422667742246118e+00 2.024397242091825477e-01 0.000000000000000000e+00
-1.458190428023283802e-01 -1.494764233939886999e-01 1.581879655363980786e-01 2.483214241819972301e+00 7.100574312090124351e-02 3.021878776568375002e+00 -6.249090187323846912e-01 2.608537159408191308e-01 2.219200152138123272e-01 1.483097599860746518e-01 1.037279872718115392e+00 2.109662672027483588e-01 0.000000000000000000e+00
-1.437353940560866516e-01 -1.498819928594678497e-01 1.587874832581790685e-01 2.484142201003320061e+00 7.281778711345943123e-02 3.020053778469622419e+00 -6.166598772558642416e-01 2.521817976412485951e-01 2.284879030941655564e-01 1.506510614136609971e-01 1.038041470210850914e+00 2.190110609998756341e-01 0.000000000000000000e+00
-1.414547491296262727e-01 -1.503271837645941134e-01 1.594151300033089247e-01 2.485129118109820290e+00 7.484230763664800890e-02 3.018127811357327772e+00 -6.075186433931945018e-01 2.428677579133463327e-01 2.355624573719066195e-01 1.531777188531168732e-01 1.038836224059157765e+00 2.279134925365493280e-01 0.000000000000000000e+00
-1.393287062333509740e-01 -1.507431543034827293e-01 1.599745244245489029e-01 2.486023519284738192e+00 7.676812509590025257e-02 3.016399376679240074e+00 -5.988925980434005591e-01 2.343497370352687625e-01 2.420495183131761152e-01 1.555004613768567190e-01 1.039542960433437413e+00 2.363035651690054140e-01 0.000000000000000000e+00
-1.370037975516778805e-01 -1.511985417955135080e-01 1.605591293551485443e-01 2.486974766322545438e+00 7.891671415397816247e-02 3.014583428092550310e+00 -5.893463639579570312e-01 2.252132469282907556e-01 2.490246035242027478e-01 1.580057469485647015e-01 1.040281321845661910e+00 2.455779237966654593e-01 0.000000000000000000e+00
-1.348386955701781631e-01 -1.516225222085688107e-01 1.610793620055491204e-01 2.487837052652593250e+00 8.095733787697012573e-02 3.012961271387631257e+00 -5.803521365874596549e-01 2.168679154021480038e-01 2.554095322376677135e-01 1.603076835262883248e-01 1.040939255792965978e+00 2.543070168358886329e-01 0.000000000000000000e+00
-1.324734087457928311e-01 -1.520851175479198680e-01 1.616222242692241517e-01 2.488754255075757982e+00 8.323014935092709621e-02 3.011265327921005319e+00 -5.704133525573384933e-01 2.079277668465360496e-01 2.622630441449322891e-01 1.627892836090514272e-01 1.041627949250860441e+00 2.639437318193676441e-01 0.000000000000000000e+00
-1.302725202976010299e-01 -1.525147893385853382e-01 1.621044833592955037e-01 2.489585520080539904e+00 8.538544196375896789e-02 3.009759061893239274e+00 -5.610605305460619752e-01 1.997731176544429721e-01 2.685253342901989804e-01 1.650681339090754041e-01 1.042242806567532654e+00 2.730046547304146309e-01 0.000000000000000000e+00
-1.278700977910757486e-01 -1.529825510326222049e-01 1.626069129526939161e-01 2.490469526477579798e+00 8.778211457851980981e-02 3.008194086695787917e+00 -5.507377186867513652e-01 1.910496838325362601e-01 2.752345028663811810e-01 1.675234019865603219e-01 1.042887957341604110e+00 2.829976840229893598e-01 0.000000000000000000e+00
-1.254499100580003801e-01 -1.534517505025976003e-01 1.630890388727380125e-01 2.491336510197748488e+00 9.024223069423475962e-02 3.006700905447114547e+00 -5.402214947532737455e-01 1.824452100875720018e-01 2.818608471326617959e-01 1.699640726123202439e-01 1.043513001249445793e+00 2.931706930709830905e-01 0.000000000000000000e+00
-1.232007295615656500e-01 -1.538858665190222796e-01 1.635163796253917279e-01 2.492121744727511690e+00 9.256914428931928285e-02 3.005389190639481178e+00 -5.303438635596834372e-01 1.746133360195965267e-01 2.878984996399802654e-01 1.722033583253997635e-01 1.044073530079880241e+00 3.027201562392483059e-01 0.000000000000000000e+00
-1.209377967215413546e-01 -1.543204017425665875e-01 1.639271862963562754e-01 2.492892508047036770e+00 9.494896508977879179e-02 3.004143374194533589e+00 -5.203059766474975589e-01 1.668913007018300310e-01 2.938558578404333321e-01 1.744289953378926061e-01 1.044619611261401015e+00 3.124194887978578028e-01 0.000000000000000000e+00
-1.184714942450086350e-01 -1.547911903104592646e-01 1.643540008634480909e-01 2.493711058972872596e+00 9.758600080932477994e-02 3.002870823341180717e+00 -5.092533587809643381e-01 1.586543431872966814e-01 3.002138886268883589e-01 1.768240093957144932e-01 1.045196318795457824e+00 3.230941375266815352e-01 0.000000000000000000e+00
-1.161820855497657373e-01 -1.552251347855062302e-01 1.647316705325259645e-01 2.494451510462892152e+00 1.000734187160698951e-01 3.001769320089819892e+00 -4.988904996367617417e-01 1.511727746712075438e-01 3.059904181893249309e-01 1.790194361745917340e-01 1.045716367577322892e+00 3.330984020301051007e-01 0.000000000000000000e+00
-1.136887852792892728e-01 -1.556940605749053408e-01 1.651236761029210021e-01 2.495237033390792281e+00 1.028245349572420864e-01 3.000657779836349626e+00 -4.874937014888493514e-01 1.432037810966066138e-01 3.121432524137892628e-01 1.813805115732719242e-01 1.046267974818105406e+00 3.440967246999143136e-01 0.000000000000000000e+00
-1.113757624679909408e-01 -1.561255747555179985e-01 1.654701306672079764e-01 2.495946457932035401e+00 1.054149922987823729e-01 2.999709786444019421e+00 -4.768185201278076213e-01 1.359778011437594025e-01 3.177209770008513345e-01 1.835432813392821050e-01 1.046767517259577174e+00 3.543952685037916051e-01 0.000000000000000000e+00
-1.088583055281884260e-01 -1.565911723348502871e-01 1.658293880656923625e-01 2.496697809865840778e+00 1.082748214950060017e-01 2.998769522045614533e+00 -4.650895259234215096e-01 1.282945148198535446e-01 3.236481083229316713e-01 1.858675218911351179e-01 1.047299750003429342e+00 3.657073448395257720e-01 0.000000000000000000e+00
-1.065244200993328560e-01 -1.570185882267305100e-01 1.661466822889603456e-01 2.497375171201584365e+00 1.109625355591603579e-01 2.997983780894509565e+00 -4.541154047300183794e-01 1.213385960462971813e-01 3.290095842294793460e-01 1.879951545755130515e-01 1.047784112426687786e+00 3.762888162197103314e-01 0.000000000000000000e+00
-1.039858693170386955e-01 -1.574786910489309744e-01 1.664755388093127064e-01 2.498091096998154015e+00 1.139240452064544940e-01 2.997223618166139580e+00 -4.420709923840260291e-01 1.139544659365912815e-01 3.346941015762532334e-01 1.902800802117738110e-01 1.048302763048980513e+00 3.879000321248877170e-01 0.000000000000000000e+00
-1.016337257631158980e-01 -1.579005065185378476e-01 1.667658311649040381e-01 2.498734936639861015e+00 1.167021285920135654e-01 2.996608461156406999e+00 -4.308119129539843550e-01 1.072823236219396653e-01 3.398225508874188616e-01 1.923700624562407202e-01 1.048777205197178208e+00 3.987524135669606173e-01 0.000000000000000000e+00
-9.907664755410307278e-02 -1.583539978861205344e-01 1.670665696300349945e-01 2.499413407756699179e+00 1.197575100923726765e-01 2.996037769729938294e+00 -4.184656312984315618e-01 1.002137448118945451e-01 3.452451463409835775e-01 1.946127270549532495e-01 1.049287799757173678e+00 4.106511510013256538e-01 0.000000000000000000e+00
-9.670869855455997699e-02 -1.587688827553286885e-01 1.673320859708904984e-01 2.500021795480256603e+00 1.226179834894409737e-01 2.995600986408567756e+00 -4.069361744387196000e-01 9.383842844548909157e-02 3.501244569321724232e-01 1.966625455012304402e-01 1.049757381636381881e+00 4.217616593320545060e-01 0.000000000000000000e+00
-9.413581025360055754e-02 -1.592139550201052411e-01 1.676072067211149541e-01 2.500660718894397672e+00 1.257579142511366932e-01 2.995227544413053167e+00 -3.943059665214507237e-01 8.709716045579309063e-02 3.552698173162598394e-01 1.988604357041160453e-01 1.050265512772369014e+00 4.339320059080939984e-01 0.000000000000000000e+00
-9.175432312423066616e-02 -1.596207121131117679e-01 1.678501842499180441e-01 2.501231312526621675e+00 1.286918593802037769e-01 2.994976608603109547e+00 -3.825211790922274924e-01 8.103097883529698786e-02 3.598848091692581352e-01 2.008675270596542439e-01 1.050735227809631800e+00 4.452872920325147144e-01 0.000000000000000000e+00
-8.916791132599174996e-02 -1.600566649379185080e-01 1.681021426899985127e-01 2.501827867668641847e+00 1.319060712006652203e-01 2.994808194576081828e+00 -3.696220251943742041e-01 7.463206852610909658e-02 3.647345586723471644e-01 2.030176301657297122e-01 1.051246155264763393e+00 4.577160983923463378e-01 0.000000000000000000e+00
-8.677503620999683920e-02 -1.604542986916606684e-01 1.683248828689442589e-01 2.502358067101919215e+00 1.349034489521336866e-01 2.994749602388072862e+00 -3.575976531355846699e-01 6.888668546485904320e-02 3.690704512431048911e-01 2.049794477827366068e-01 1.051720797150042852e+00 4.693021141357088255e-01 0.000000000000000000e+00
-8.417740847736510101e-02 -1.608796606134085816e-01 1.685561643024247602e-01 2.502909377490142973e+00 1.381806029354564203e-01 2.994792720902237360e+00 -3.444483285428319719e-01 6.284023620356472828e-02 3.736112740597448134e-01 2.070792504337231887e-01 1.052239647509417564e+00 4.819723693378697993e-01 0.000000000000000000e+00
-8.157469759232043038e-02 -1.612995187696315003e-01 1.687776580744663468e-01 2.503435735656284411e+00 1.414857160716573858e-01 2.994948564833284532e+00 -3.311747674852272283e-01 5.698332911047840343e-02 3.779839182535458253e-01 2.091515725912115320e-01 1.052764689718326707e+00 4.947629994213024185e-01 0.000000000000000000e+00
-7.916820476179951827e-02 -1.616817224495732952e-01 1.689740098119655309e-01 2.503898831819272530e+00 1.445583700657313564e-01 2.995193383803647080e+00 -3.188172006845551576e-01 5.174628108348642425e-02 3.818690708098078090e-01 2.110396539355368362e-01 1.053255843202364428e+00 5.066717902887825087e-01 0.000000000000000000e+00
-7.675825974569262800e-02 -1.620587568671797152e-01 1.691631276337653145e-01 2.504339148991565178e+00 1.476490492745017313e-01 2.995536292746944440e+00 -3.063623619250679386e-01 4.667463200494517683e-02 3.856054858191890755e-01 2.129032009083197674e-01 1.053754386958427380e+00 5.186752565330148279e-01 0.000000000000000000e+00
-7.414405692651651614e-02 -1.624611388425026004e-01 1.693604591966451078e-01 2.504789690979901451e+00 1.510142772076528139e-01 2.996019330099391365e+00 -2.927647940313413688e-01 4.136896180680243312e-02 3.894825157341263999e-01 2.148937973098563325e-01 1.054303996828392487e+00 5.317813713370809214e-01 0.000000000000000000e+00
-7.172811269188056338e-02 -1.628270231636900212e-01 1.695361397823367811e-01 2.505180114745355624e+00 1.541331750413537094e-01 2.996569498790000008e+00 -2.801200053071042917e-01 3.664888328166527459e-02 3.928998840449162699e-01 2.167043806664603334e-01 1.054821182712085914e+00 5.439704931988054160e-01 0.000000000000000000e+00
-6.910819524758611554e-02 -1.632173242510297773e-01 1.697200840876978978e-01 2.505574541096994512e+00 1.575218279976500213e-01 2.997279114085001694e+00 -2.663253634927118529e-01 3.173018495407324557e-02 3.964236456412544296e-01 2.186359880498515984e-01 1.055393296293261951e+00 5.572697204714158747e-01 0.000000000000000000e+00
-6.668772993573536534e-02 -1.635716991735898795e-01 1.698845110160840388e-01 2.505911568140061441e+00 1.606556636931166793e-01 2.998039545904479297e+00 -2.535080019298376341e-01 2.737059233020813429e-02 3.995099830285473441e-01 2.203910112082138328e-01 1.055933385362330057e+00 5.696285189840921692e-01 0.000000000000000000e+00
-6.406366172522921787e-02 -1.639491716773403829e-01 1.700574014798668099e-01 2.506246384901297475e+00 1.640531362626989065e-01 2.998977896284713562e+00 -2.395364596400366697e-01 2.284574431891980145e-02 4.026702231360896889e-01 2.222612493732355754e-01 1.056532396870516033e+00 5.831022498871299975e-01 0.000000000000000000e+00
-6.163997997820803293e-02 -1.642918227914069440e-01 1.702126667695979811e-01 2.506526451320048032e+00 1.671880768025499897e-01 2.999950459554876048e+00 -2.265641520359902295e-01 1.885484970321934725e-02 4.054143443233073629e-01 2.239581656855636482e-01 1.057099383866594078e+00 5.956143798995675587e-01 0.000000000000000000e+00
-5.901305666491365315e-02 -1.646567382580874095e-01 1.703767320109159655e-01 2.506797462233621765e+00 1.705790271706177919e-01 3.001119529279662412e+00 -2.124339852137614448e-01 1.473485419248810047e-02 4.081968150302222043e-01 2.257638721284214445e-01 1.057729887254670320e+00 6.092456367810836770e-01 0.000000000000000000e+00
-5.658731628654047052e-02 -1.649875778267531345e-01 1.705248371864214185e-01 2.507017058894647654e+00 1.737007581546308188e-01 3.002305004148117629e+00 -1.993247245506576948e-01 1.112022574781571134e-02 4.105882005310588223e-01 2.274001183021661099e-01 1.058327700340365940e+00 6.218943869574421468e-01 0.000000000000000000e+00
-5.395874355171263043e-02 -1.653395175133607342e-01 1.706822085169749925e-01 2.507220786613681973e+00 1.770695422690762300e-01 3.003704195345770156e+00 -1.850564561811515185e-01 7.410398136700049182e-03 4.129842465638031701e-01 2.291389461121492721e-01 1.058993490612885724e+00 6.356639950575879716e-01 0.000000000000000000e+00
-5.153194664421478083e-02 -1.656585930651372218e-01 1.708250536203419490e-01 2.507376377839855230e+00 1.801634318329652373e-01 3.005102101575612306e+00 -1.718284351781870500e-01 4.178910927842470480e-03 4.150130426822256080e-01 2.307120087890318361e-01 1.059625924792752194e+00 6.484322545878637989e-01 0.000000000000000000e+00
-4.890270912270513332e-02 -1.659980494039103582e-01 1.709776773959856278e-01 2.507508951134759467e+00 1.834939357645533065e-01 3.006731025632450649e+00 -1.574411235079543059e-01 8.889056954425797723e-04 4.170101471836760165e-01 2.323808121071027633e-01 1.060331263007459723e+00 6.623224373063628656e-01 0.000000000000000000e+00
-4.647573167308454573e-02 -1.663055385802811592e-01 1.711170448953032441e-01 2.507597344053891675e+00 1.865450534978183583e-01 3.008339480188960913e+00 -1.441128344899483549e-01 -1.953207076248048447e-03 4.186671660139233975e-01 2.338881779288443929e-01 1.061001846969941598e+00 6.751928956434706253e-01 0.000000000000000000e+00
-4.384670788963231092e-02 -1.666323752872949648e-01 1.712668043701640053e-01 2.507655493330236851e+00 1.898212027871579721e-01 3.010194686993794111e+00 -1.296272188859780572e-01 -4.819600126865307595e-03 4.202581384491368421e-01 2.354846764233196610e-01 1.061750195236253802e+00 6.891839455882563525e-01 0.000000000000000000e+00
-4.142027397536622579e-02 -1.669285364073828382e-01 1.714043033773804126e-01 2.507673692382200947e+00 1.928145748867526876e-01 3.012010678343181702e+00 -1.162172207567771093e-01 -7.266782493579672202e-03 4.215351241918297021e-01 2.369238653211553081e-01 1.062462257932713872e+00 7.021390924480285234e-01 0.000000000000000000e+00
-3.879219178149028585e-02 -1.672434771704386647e-01 1.715528529208553143e-01 2.507654064198059363e+00 1.960199500943238249e-01 3.014088920685889850e+00 -1.016530169335142370e-01 -9.701259189210567624e-03 4.227089124422820365e-01 2.384449464225108783e-01 1.063257544413238831e+00 7.162124340704977277e-01 0.000000000000000000e+00
-3.636691786661788023e-02 -1.675286921531554118e-01 1.716899725446620617e-01 2.507599287084969042e+00 1.989406012061243345e-01 3.016107948570652120e+00 -8.818010162356018644e-02 -1.174859548612800647e-02 4.235981419302596862e-01 2.398135116171889458e-01 1.064014281636984860e+00 7.292343596946037065e-01 0.000000000000000000e+00
-3.374037045970092880e-02 -1.678318321239715138e-01 1.718388716799501281e-01 2.507499541439516477e+00 2.020592651585664257e-01 3.018402803197933082e+00 -7.355810720464260599e-02 -1.374885624958909099e-02 4.243491533576619901e-01 2.412569782175255362e-01 1.064859502387948798e+00 7.433702856026898065e-01 0.000000000000000000e+00
-3.131675510788265587e-02 -1.681065671041975240e-01 1.719769295331660675e-01 2.507369486268306247e+00 2.048923973553185007e-01 3.020619072194809185e+00 -6.004109161151251900e-02 -1.539209530178983591e-02 4.248437023720896821e-01 2.425524895745514165e-01 1.065663910195207231e+00 7.564410802327987682e-01 0.000000000000000000e+00
-2.869225341109294183e-02 -1.683988520454760274e-01 1.721274973785802409e-01 2.507187069659560841e+00 2.079081921531518162e-01 3.023124118263384563e+00 -4.538147171981916222e-02 -1.695118678592247990e-02 4.251623495965175525e-01 2.439152956833721686e-01 1.066562460746999896e+00 7.706203490876257778e-01 0.000000000000000000e+00
-2.627070487731408832e-02 -1.686636600571533029e-01 1.722676497551842156e-01 2.506979966920212632e+00 2.106393066282450377e-01 3.025530453148967069e+00 -3.183932046330685550e-02 -1.818671460058350620e-02 4.252559597088336751e-01 2.451353730025215283e-01 1.067417402035942597e+00 7.837219698073524254e-01 0.000000000000000000e+00
-2.364860145295658370e-02 -1.689453259011487463e-01 1.724210330845371009e-01 2.506713377802325837e+00 2.135370739515076721e-01 3.028236617737182890e+00 -1.716276037036706600e-02 -1.930379416457405836e-02 4.251385143047612392e-01 2.464154380252249477e-01 1.068371878970626909e+00 7.979246744797722224e-01 0.000000000000000000e+00
-2.122943848155126392e-02 -1.692008488472545591e-01 1.725642494674835825e-01 2.506427884855867205e+00 2.161520900418643087e-01 3.030824368400113489e+00 -3.614381634137769916e-03 -2.012864797498265315e-02 4.248257260347316766e-01 2.475577343957872101e-01 1.069279817165262214e+00 8.110389452146766764e-01 0.000000000000000000e+00
-1.861009155341105878e-02 -1.694730391476611808e-01 1.727214227305145511e-01 2.506075751487892411e+00 2.189164968560444180e-01 3.033722131371432873e+00 1.105863494612112710e-02 -2.079811257756893073e-02 4.242639322027792481e-01 2.487520289866332057e-01 1.070293283118091798e+00 8.252455114706770400e-01 0.000000000000000000e+00
-1.619356175597691863e-02 -1.697199804767178521e-01 1.728684971746863308e-01 2.505711117568376611e+00 2.214019514984961745e-01 3.036481437041989473e+00 2.459427602212494943e-02 -2.120996835955508281e-02 4.235399518604412439e-01 2.498142807216817696e-01 1.071256681642428044e+00 8.383541895672924626e-01 0.000000000000000000e+00
-1.357714557813050754e-02 -1.699830753591992372e-01 1.730301864102318787e-01 2.505273257552127930e+00 2.240191762349503790e-01 3.039558936605122774e+00 3.924334313799887619e-02 -2.143239640603634283e-02 4.225318122297918588e-01 2.509208907336369365e-01 1.072331200563247711e+00 8.525449100148069226e-01 0.000000000000000000e+00
-1.116344466099894114e-02 -1.702222085132990004e-01 1.731817159165881526e-01 2.504829337110639820e+00 2.263622410629340109e-01 3.042478619368742976e+00 5.274739246557163391e-02 -2.142956471678353347e-02 4.213926450735105966e-01 2.519008175014884054e-01 1.073352189946156887e+00 8.656298193986932121e-01 0.000000000000000000e+00
-8.550220724643640968e-03 -1.704774732260279646e-01 1.733484598980113700e-01 2.504305605651001798e+00 2.288183703470405561e-01 3.045723635720869016e+00 6.735188492270036131e-02 -2.120070555238865243e-02 4.199316348994930337e-01 2.529167968125968224e-01 1.074490358417029334e+00 8.797847869085733130e-01 0.000000000000000000e+00
-6.139499727125932033e-03 -1.707096437348653295e-01 1.735048577371350875e-01 2.503782941995926770e+00 2.310070966980966034e-01 3.048791214890016921e+00 8.080551728188654914e-02 -2.078212736924465315e-02 4.183739519779055005e-01 2.538122514396223273e-01 1.075570869450301892e+00 8.928277515052909230e-01 0.000000000000000000e+00
-3.529534054838939783e-03 -1.709576170290517394e-01 1.736769911344606676e-01 2.503174450268078832e+00 2.332901441335484272e-01 3.052189168939712260e+00 9.534546969447288411e-02 -2.010395131706137206e-02 4.164595386283018730e-01 2.547358190609050332e-01 1.076774285367881445e+00 9.069275250015792489e-01 0.000000000000000000e+00
-1.121923486647458806e-03 -1.711837020819239052e-01 1.738384455325756583e-01 2.502574135655795562e+00 2.353134599184310005e-01 3.055391184513593483e+00 1.087300429576419647e-01 -1.926920011813284747e-02 4.144809430964275787e-01 2.555446543734757325e-01 1.077915982527198446e+00 9.199104353157154801e-01 0.000000000000000000e+00
1.484559986745563609e-03 -1.714258253905706630e-01 1.740161290052001375e-01 2.501882200635712650e+00 2.374114916639067374e-01 3.058927051098371930e+00 1.231848574391298384e-01 -1.813880474869190157e-02 4.121079334071124922e-01 2.563729806962743996e-01 1.079186776420357097e+00 9.339351076692635756e-01 0.000000000000000000e+00
3.888938268399241838e-03 -1.716467858173553740e-01 1.741826662859857766e-01 2.501205900769468471e+00 2.392593852021480672e-01 3.062248855489812627e+00 1.364818293471921073e-01 -1.688807819046600836e-02 4.097065610521881673e-01 2.570931327445454273e-01 1.080391191023345465e+00 9.468398542054059508e-01 0.000000000000000000e+00
6.491906527065032656e-03 -1.718836611639309453e-01 1.743657439485218064e-01 2.500433055913995783e+00 2.411626698144386793e-01 3.065906149176046647e+00 1.508321397230295846e-01 -1.530878621334619272e-02 4.068764197617609213e-01 2.578245865826925276e-01 1.081730361577491584e+00 9.607705169724741756e-01 0.000000000000000000e+00
8.892923415157003020e-03 -1.721004601860500194e-01 1.745371383981593194e-01 2.499683096492826273e+00 2.428262268199548046e-01 3.069332466493628342e+00 1.640232426553828171e-01 -1.364289884860946447e-02 4.040514716354595137e-01 2.584540746406032152e-01 1.082998758625669300e+00 9.735792565513193830e-01 0.000000000000000000e+00
1.149211544198497706e-02 -1.723336541880174100e-01 1.747253496721159483e-01 2.498831877528697287e+00 2.445251985297440811e-01 3.073094047978841559e+00 1.782486507760955852e-01 -1.161316334172446917e-02 4.007606034764485958e-01 2.590859428987381530e-01 1.084407970316484615e+00 9.873960026027593928e-01 0.000000000000000000e+00
1.388961710302623331e-02 -1.725473802457530847e-01 1.749012429770512855e-01 2.498011265643011569e+00 2.459967275944547893e-01 3.076608310744366026e+00 1.913157835597056322e-01 -9.533550780752030746e-03 3.975116801046063575e-01 2.596228361744981061e-01 1.085741281916232870e+00 1.000091091782085329e+00 0.000000000000000000e+00
1.648496973095547879e-02 -1.727775949133754374e-01 1.750940114630218369e-01 2.497085386098246929e+00 2.474843159969184470e-01 3.080456134753031261e+00 2.053976805871766953e-01 -7.058015111104029571e-03 3.937631477122651713e-01 2.601537040482918006e-01 1.087221133954962449e+00 1.013775611885403105e+00 0.000000000000000000e+00
1.887877150497006828e-02 -1.729893744679853185e-01 1.752738445098396824e-01 2.496197472284924057e+00 2.487574019376390666e-01 3.084041223369510920e+00 2.183230999112809323e-01 -4.566721017943324926e-03 3.900906485690458503e-01 2.605961549738948224e-01 1.088620092475581114e+00 1.026339540381042470e+00 0.000000000000000000e+00
2.146990251089563734e-02 -1.732182792487081402e-01 1.754704560808128810e-01 2.495200674679463937e+00 2.500266633278629413e-01 3.087956645147194923e+00 2.322414289135507348e-01 -1.645188439305303191e-03 3.858827208886663751e-01 2.610234258812844099e-01 1.090171583547634215e+00 1.039872193723198501e+00 0.000000000000000000e+00
2.385974019539133587e-02 -1.734292398105589383e-01 1.756534274325204092e-01 2.494249506147036666e+00 2.510961230225148277e-01 3.091595221635733637e+00 2.450076078492249843e-01 1.255127405919816402e-03 3.817881107126692708e-01 2.613696701125083344e-01 1.091636721621341177e+00 1.052287850725147855e+00 0.000000000000000000e+00
2.644650025592924086e-02 -1.736576978803345828e-01 1.758529497614439441e-01 2.493186494975992318e+00 2.521429106006243259e-01 3.095558823504300783e+00 2.587447087393149325e-01 4.616726028598765533e-03 3.771251819600498489e-01 2.616921289862464972e-01 1.093259851726717358e+00 1.065651127021974842e+00 0.000000000000000000e+00
2.883205415674370414e-02 -1.738690412695553800e-01 1.760380914118238604e-01 2.492176322298557345e+00 2.530049165630963159e-01 3.099233047788153783e+00 2.713345864108259731e-01 7.922808535634059610e-03 3.726105912801476183e-01 2.619404854026531893e-01 1.094791369090594602e+00 1.077901601457311953e+00 0.000000000000000000e+00
3.141387688696905406e-02 -1.740988328605568569e-01 1.762394011106981351e-01 2.491051766734976969e+00 2.538251200048753375e-01 3.103225398024798132e+00 2.848709182442374921e-01 1.172331834231287069e-02 3.674926614552878057e-01 2.621557021082451810e-01 1.096486670861511747e+00 1.091076325948961312e+00 0.000000000000000000e+00
3.399307422727259470e-02 -1.743295204310240376e-01 1.764411038466605353e-01 2.489897477350665689e+00 2.545271634499828295e-01 3.107224938124529601e+00 2.982967455371676180e-01 1.574828581550682602e-02 3.621415718769915859e-01 2.623149924309455816e-01 1.098219057150608302e+00 1.104146920841988289e+00 0.000000000000000000e+00
3.637129606966159334e-02 -1.745439152193430377e-01 1.766273510435985294e-01 2.488806612086445380e+00 2.550696005573889202e-01 3.110918542001670062e+00 3.105867013356652939e-01 1.966353521297872081e-02 3.569940809640317347e-01 2.624115653099745593e-01 1.099851441740772318e+00 1.116114700727613762e+00 0.000000000000000000e+00
3.874694303919949678e-02 -1.747598946635816608e-01 1.768132754255142824e-01 2.487692626063046752e+00 2.555106434579625940e-01 3.114609617189605828e+00 3.227741920112221496e-01 2.376896240030939786e-02 3.516487171820792401e-01 2.624594855648391678e-01 1.101515384789853780e+00 1.127985474970532920e+00 0.000000000000000000e+00
4.131743503639451198e-02 -1.749961629322071277e-01 1.770139773990881404e-01 2.486461091233265641e+00 2.558739345673823884e-01 3.118600554977688510e+00 3.358570041557500385e-01 2.843042017254578460e-02 3.456348999665168620e-01 2.624559735211516864e-01 1.103353764890335542e+00 1.140731497105706760e+00 0.000000000000000000e+00
4.368723183378739328e-02 -1.752164966525700251e-01 1.771981748949595925e-01 2.485302846247250841e+00 2.561040792333937333e-01 3.122273015324033008e+00 3.478192912716270291e-01 3.292823293758061209e-02 3.398803414830735559e-01 2.624015285216163562e-01 1.105083288281260234e+00 1.152388685829201398e+00 0.000000000000000000e+00
4.625109030081292483e-02 -1.754580169796630118e-01 1.773961221935774213e-01 2.484026130219743500e+00 2.562398473351494843e-01 3.126234157918166723e+00 3.606505678511969792e-01 3.801050345156314209e-02 3.334273690037570237e-01 2.622867296338771137e-01 1.106991909255492734e+00 1.164895556098486162e+00 0.000000000000000000e+00
4.861426949404237113e-02 -1.756841334637496144e-01 1.775769486285255216e-01 2.482828807415237815e+00 2.562605230906287446e-01 3.129870258910651515e+00 3.723723382311262542e-01 4.289506962471552332e-02 3.272689421410033273e-01 2.621286377336672913e-01 1.108786014302852063e+00 1.176323846126288597e+00 0.000000000000000000e+00
5.117039136462481208e-02 -1.759329682803394690e-01 1.777703384210785886e-01 2.481512376694664734e+00 2.561703011413065667e-01 3.133782435921368403e+00 3.849341694874073294e-01 4.839429753864740030e-02 3.203801433492954320e-01 2.619005379863020289e-01 1.110764343518617414e+00 1.188573854508435002e+00 0.000000000000000000e+00
5.352605923529805965e-02 -1.761663770216105318e-01 1.779460548494894157e-01 2.480280988011104526e+00 2.559841779108964488e-01 3.137364815298421039e+00 3.964006758768525152e-01 5.365937949730165829e-02 3.138237070616292090e-01 2.616376007629271361e-01 1.112621964957974718e+00 1.199758332138440853e+00 0.000000000000000000e+00
5.607359142562640120e-02 -1.764236963915266909e-01 1.781328808333285108e-01 2.478930836627244449e+00 2.556721511772135358e-01 3.141209841425071758e+00 4.086790469246083246e-01 5.956597118947477842e-02 3.065086693374541316e-01 2.612956675237177451e-01 1.114668138202509873e+00 1.211737497037726374e+00 0.000000000000000000e+00
5.842067319215344529e-02 -1.766659355414020582e-01 1.783015729729719723e-01 2.477670529911544683e+00 2.552829469449173772e-01 -3.138463441358533501e+00 4.198760747012511008e-01 6.520476955047281586e-02 2.995611478437099073e-01 2.609267864232281409e-01 1.116587811295266297e+00 1.222663914358103510e+00 0.000000000000000000e+00
6.095814773793614694e-02 -1.769339288642474417e-01 1.784797166303551119e-01 2.476291740852257117e+00 2.547530783934703891e-01 -3.134703579317920319e+00 4.318541410465869257e-01 7.151352353438311660e-02 2.918251975092478467e-01 2.604692220584389206e-01 1.118700496988026094e+00 1.234355191543551333e+00 0.000000000000000000e+00
6.349002053832049353e-02 -1.772077931164003084e-01 1.786524629650240725e-01 2.474900499310353386e+00 2.541126479961692830e-01 -3.130994399811805717e+00 4.436717519362454176e-01 7.802630062492869889e-02 2.838756616553612666e-01 2.599516699900956129e-01 1.120846738510520968e+00 1.245892538017992601e+00 0.000000000000000000e+00
6.582166447650071583e-02 -1.774665872579844206e-01 1.788066254579762648e-01 2.473606015580426920e+00 2.534244360505235605e-01 -3.127619871541539531e+00 4.544333861641738359e-01 8.421879930487864707e-02 2.763483699923066084e-01 2.594199698784613317e-01 1.122857291975476235e+00 1.256400972205281796e+00 0.000000000000000000e+00
6.814773357897326023e-02 -1.777313939663134335e-01 1.789551531462597045e-01 2.472303070845002448e+00 2.526446192480440445e-01 -3.124295840627029364e+00 4.650513428512924596e-01 9.058228124919007196e-02 2.686422470620535297e-01 2.588364879283817643e-01 1.124895542315768493e+00 1.266771188331995868e+00 0.000000000000000000e+00
7.066088015869291528e-02 -1.780256677391065800e-01 1.791091560761780832e-01 2.470883088268783112e+00 2.516980791265996942e-01 -3.120755852273352726e+00 4.763882531641916995e-01 9.766730507896642655e-02 2.600937662790079319e-01 2.581455141388038776e-01 1.127134461844198077e+00 1.277845810567035834e+00 0.000000000000000000e+00
7.297416374088756819e-02 -1.783042916744661532e-01 1.792443397512283876e-01 2.469565685523898768e+00 2.507324094937337655e-01 -3.117547452191601565e+00 4.866980155341609215e-01 1.043806098772165764e-01 2.520218581730324647e-01 2.574535749533308771e-01 1.129228771725436564e+00 1.287918951074151552e+00 0.000000000000000000e+00
7.547267510535314583e-02 -1.786142483991867980e-01 1.793826698743832271e-01 2.468132496638705486e+00 2.495888506127768025e-01 -3.114139914752029448e+00 4.976957722822385466e-01 1.118386177400369497e-01 2.430836237644542486e-01 2.566451557596804989e-01 1.131526680272011198e+00 1.298666270811220880e+00 0.000000000000000000e+00
7.777142907325688970e-02 -1.789085031589510155e-01 1.795022802833337594e-01 2.466804958668522563e+00 2.484448462622657061e-01 -3.111060648560094233e+00 5.076858221633437918e-01 1.188926656773843377e-01 2.346557841787892951e-01 2.558441601275687205e-01 1.133674253375051233e+00 1.308430617789941852e+00 0.000000000000000000e+00
8.025301991349126363e-02 -1.792366054687053456e-01 1.796224680415522967e-01 2.465363107501315376e+00 2.471119949214806155e-01 -3.107799869282579230e+00 5.183302107242814261e-01 1.267157513137625313e-01 2.253367177343295058e-01 2.549169805940576516e-01 1.136028487778681262e+00 1.318836520275262991e+00 0.000000000000000000e+00
8.253529897070181753e-02 -1.795482939819568469e-01 1.797241854006699224e-01 2.464029440844730079e+00 2.457976628602507319e-01 -3.104861766248458110e+00 5.279898288931351713e-01 1.341008634641203956e-01 2.165638656294450737e-01 2.540064791068731842e-01 1.138226394626323579e+00 1.328281154765119876e+00 0.000000000000000000e+00
8.499804792349784088e-02 -1.798959954990698995e-01 1.798237064593925516e-01 2.462582780344942268e+00 2.442850583824842658e-01 -3.101759495604319294e+00 5.382718943877675688e-01 1.422760689308774917e-01 2.068784813770447872e-01 2.529608388391240137e-01 1.140633359619537268e+00 1.338335919460714063e+00 0.000000000000000000e+00
8.726170939571063767e-02 -1.802269440283766067e-01 1.799051565934335628e-01 2.461246704541100172e+00 2.428088604660647576e-01 -3.098973375619732185e+00 5.475911605693090101e-01 1.499820420583194980e-01 1.977724678197914088e-01 2.519405152464874176e-01 1.142878271260419520e+00 1.347450721449564792e+00 0.000000000000000000e+00
8.970292844665113396e-02 -1.805968107519358712e-01 1.799814725297863016e-01 2.459799125885556492e+00 2.411255007911283776e-01 -3.096041700522504492e+00 5.574983528509992459e-01 1.585001295154242762e-01 1.877315515618658281e-01 2.507754155590913858e-01 1.145334371575745136e+00 1.357141831498308582e+00 0.000000000000000000e+00
9.194566068920713431e-02 -1.809488883060493269e-01 1.800402992949273751e-01 2.458463689830578947e+00 2.394963581058475732e-01 -3.093417289715891361e+00 5.664682122975223111e-01 1.665161778175355545e-01 1.783048934093667270e-01 2.496450867686776653e-01 1.147622692742395589e+00 1.365917213606228753e+00 0.000000000000000000e+00
9.436304205130051359e-02 -1.813424172836806680e-01 1.800908539233492256e-01 2.457018735283705624e+00 2.376526166826140596e-01 -3.090665344714341956e+00 5.759934739893814992e-01 1.753631157349947178e-01 1.679246904285647268e-01 2.483611435176368287e-01 1.150123534164034567e+00 1.375237212157069955e+00 0.000000000000000000e+00
9.676668158773729655e-02 -1.817494279918626388e-01 1.801269758306620894e-01 2.455576001993538870e+00 2.357288895485374347e-01 -3.088010665749195915e+00 5.853150038578496250e-01 1.843776330640471417e-01 1.573724472413438047e-01 2.470148323628177101e-01 1.152646213506612005e+00 1.384358805206700405e+00 0.000000000000000000e+00
9.897278478319733452e-02 -1.821372520881820167e-01 1.801469668049032191e-01 2.454247265819939461e+00 2.338850700754488976e-01 -3.085648132072234429e+00 5.937383826486885008e-01 1.928431230896228699e-01 1.474839969558252584e-01 2.457172737007038699e-01 1.154992857901135483e+00 1.392602487202986294e+00 0.000000000000000000e+00
1.013482902968433214e-01 -1.825710108928194630e-01 1.801535017471988243e-01 2.452811417583151687e+00 2.318163357655853574e-01 -3.083185654002623455e+00 6.026657646758248887e-01 2.021672162506401860e-01 1.366153702311030393e-01 2.442522521402944735e-01 1.157553354131192203e+00 1.401340052423427185e+00 0.000000000000000000e+00
1.035268392426155482e-01 -1.829846653065876072e-01 1.801449908394382737e-01 2.451490040551312255e+00 2.298429196647582273e-01 -3.081003759596530056e+00 6.107208948669330395e-01 2.109132203627853142e-01 1.264415622347820900e-01 2.428448713727284769e-01 1.159932888565178066e+00 1.409224607146715602e+00 0.000000000000000000e+00
1.056911741074068739e-01 -1.834114077735886361e-01 1.801220239964267666e-01 2.450172890801280978e+00 2.278108638245051054e-01 -3.078910887437463106e+00 6.185971937908423257e-01 2.197894031179649099e-01 1.161360609225567941e-01 2.413849098183902253e-01 1.162326271436832092e+00 1.416934458502494998e+00 0.000000000000000000e+00
1.080188909147570264e-01 -1.838890660692368284e-01 1.800802160037477950e-01 2.448751474141054096e+00 2.255454319363181526e-01 -3.076745227048629072e+00 6.269258972049289724e-01 2.295491062095351142e-01 1.048270805115900650e-01 2.397438366651697683e-01 1.164933772460128747e+00 1.425087726179772751e+00 0.000000000000000000e+00
1.101513087288849002e-01 -1.843443190380908148e-01 1.800254560315538988e-01 2.447444619790053455e+00 2.233976338609937606e-01 -3.074840513558493971e+00 6.344257583087555830e-01 2.386867947390036715e-01 9.425939099004665422e-02 2.381746189271110314e-01 1.167352854836302134e+00 1.432429661830957768e+00 0.000000000000000000e+00
1.124429704256654505e-01 -1.848535557574461918e-01 1.799480466266652479e-01 2.446035283339843769e+00 2.210121952811481272e-01 -3.072880563245560026e+00 6.423454667584331812e-01 2.487217188844767501e-01 8.267623814485580702e-02 2.364158839879794971e-01 1.169984990099682154e+00 1.440182789554451004e+00 0.000000000000000000e+00
1.147142562848022518e-01 -1.853803566052313334e-01 1.798512318766778972e-01 2.444632802345592548e+00 2.185678892460520828e-01 -3.071029545721774667e+00 6.500489265275963824e-01 2.588951773409043922e-01 7.095633197768980160e-02 2.345956633171807915e-01 1.172627911165476711e+00 1.447724195971282546e+00 0.000000000000000000e+00
1.167921618596726302e-01 -1.858822732635262709e-01 1.797441211548983508e-01 2.443344666594882586e+00 2.162619317922720441e-01 -3.069417691739538601e+00 6.569687511460038376e-01 2.684043768424390075e-01 6.002232464820589364e-02 2.328615626181325116e-01 1.175075356207259558e+00 1.454498212520008105e+00 0.000000000000000000e+00
1.188512975461306770e-01 -1.863996897437663891e-01 1.796195263369985140e-01 2.442063036450012437e+00 2.139103012001761783e-01 -3.067899345078261231e+00 6.637040187008687031e-01 2.780240975292119221e-01 4.898112508484642191e-02 2.310757799491798548e-01 1.177529059677604018e+00 1.461091267272662808e+00 0.000000000000000000e+00
1.210600515642100555e-01 -1.869780170934551289e-01 1.794643285667892330e-01 2.440682233304656279e+00 2.113136979754588474e-01 -3.066360311126830940e+00 6.707922882582235680e-01 2.885659543881816114e-01 3.690408901550035203e-02 2.290832860453666520e-01 1.180192487083792319e+00 1.468029334544537212e+00 0.000000000000000000e+00
1.232446581697175109e-01 -1.875756096724073008e-01 1.792875036972668423e-01 2.439309462029054743e+00 2.086679195436245138e-01 -3.064931794747975946e+00 6.776616459739739362e-01 2.992300170516722368e-01 2.471120543873639441e-02 2.270303050952950097e-01 1.182859909231615658e+00 1.474752351558387797e+00 0.000000000000000000e+00
1.252392037337108077e-01 -1.881443471372616083e-01 1.791046836581258739e-01 2.438049806853235246e+00 2.061845952476293320e-01 -3.063711015532012194e+00 6.838097530875036911e-01 3.091774230658225764e-01 1.335921497616454623e-02 2.250823359159565273e-01 1.185323732714102407e+00 1.480768698776986136e+00 0.000000000000000000e+00
1.272117159891205385e-01 -1.887299247020328141e-01 1.789026770946982592e-01 2.436797440507155077e+00 2.036636155009317051e-01 -3.062584178461708717e+00 6.897721047150002782e-01 3.192210024848384231e-01 1.918274933183861108e-03 2.230837000968793338e-01 1.187787822512698321e+00 1.486602353144804489e+00 0.000000000000000000e+00
1.293229289110912061e-01 -1.893834771306261711e-01 1.786617377558070430e-01 2.435448993789040451e+00 2.008922199704987754e-01 -3.061469047533943666e+00 6.960224772143890348e-01 3.302056431645473689e-01 -1.057061899874245370e-02 2.208618247994262040e-01 1.190455510976630604e+00 1.492716438375408350e+00 0.000000000000000000e+00
1.312469765406879540e-01 -1.900049775970225341e-01 1.784185506806701960e-01 2.434212255724303109e+00 1.982985276016560050e-01 -3.060537304475198450e+00 7.015982044306334764e-01 3.404380407048498425e-01 -2.218160187732443056e-02 2.187585600390224982e-01 1.192914673927209623e+00 1.498169393865400156e+00 0.000000000000000000e+00
1.333035919022289018e-01 -1.906982542215959475e-01 1.781321786633882909e-01 2.432881006001286206e+00 1.954522477484452736e-01 -3.059633093441160412e+00 7.074290624793074800e-01 3.516191893834930138e-01 -3.484400075426963284e-02 2.164237833561068469e-01 1.195573174485381251e+00 1.503870156494823807e+00 0.000000000000000000e+00
1.351757163926634309e-01 -1.913566129313034048e-01 1.778463918302276292e-01 2.431660150394513220e+00 1.927932119430848523e-01 -3.058894614585046412e+00 7.126196966019263668e-01 3.620242929204870452e-01 -4.660398749584171441e-02 2.142173876824898238e-01 1.198020220053000573e+00 1.508943212055315675e+00 0.000000000000000000e+00
1.371744149452787664e-01 -1.920899563378823949e-01 1.775132043255638892e-01 2.430346379201400175e+00 1.898799818827479058e-01 -3.058197905604322919e+00 7.180359670479022904e-01 3.733830411543249128e-01 -5.941552339383138204e-02 2.117720731695790781e-01 1.200661676380195830e+00 1.514234779983248735e+00 0.000000000000000000e+00
1.389911510300471664e-01 -1.927858720495523315e-01 1.771836043378119951e-01 2.429141670035014577e+00 1.871623788854410719e-01 -3.057649970570157194e+00 7.228441712379858330e-01 3.839442392207113031e-01 -7.130267607745444103e-02 2.094641611241595813e-01 1.203089147713803042e+00 1.518930066143113100e+00 0.000000000000000000e+00
1.409277824742945773e-01 -1.935604099062501471e-01 1.768023281472381192e-01 2.427845441155786155e+00 1.841890834708594937e-01 -3.057158349770991990e+00 7.278469193456997832e-01 3.954633430416855111e-01 -8.424004633695036937e-02 2.069095238485010868e-01 1.205704904536478939e+00 1.523812838843718653e+00 0.000000000000000000e+00
1.426857567319091413e-01 -1.942942450860713488e-01 1.764278539523946310e-01 2.426657006441345299e+00 1.814191551453490092e-01 -3.056797313283419637e+00 7.322768880819646720e-01 4.061634915379467303e-01 -9.623132861919581060e-02 2.045019596440421916e-01 1.208104678994749381e+00 1.528133950870426583e+00 0.000000000000000000e+00
1.445571548809578000e-01 -1.951097265072100628e-01 1.759975619739081454e-01 2.425378465754000068e+00 1.783925319438468549e-01 -3.056505527171901715e+00 7.368737704395506016e-01 4.178232435539908085e-01 -1.092687005776240561e-01 2.018407626352668738e-01 1.210686214197417510e+00 1.532614985720593959e+00 0.000000000000000000e+00
1.462530854456925433e-01 -1.958816023532153061e-01 1.755774463380420092e-01 2.424206123984467887e+00 1.755761915541809159e-01 -3.056327256779282298e+00 7.409307634651499663e-01 4.286447323274187871e-01 -1.213406766408988702e-01 1.993355769320998006e-01 1.213049902822917359e+00 1.536566450987999044e+00 0.000000000000000000e+00
1.480553287497255177e-01 -1.967384220206332135e-01 1.750973236719487458e-01 2.422944826061889767e+00 1.725020273535333715e-01 -3.056231213241471067e+00 7.451259079722973855e-01 4.404265569899292743e-01 -1.344524839517948767e-01 1.965694846658889994e-01 1.215587495867599399e+00 1.540648943781036229e+00 0.000000000000000000e+00
1.498206548542861394e-01 -1.976161731184430392e-01 1.745911229329821235e-01 2.421692382309307945e+00 1.694054241689317841e-01 -3.056233955297455562e+00 7.491171874979991596e-01 4.522634757974909325e-01 -1.475919881380278742e-01 1.937503289149583585e-01 1.218098723617489609e+00 1.544528903173172596e+00 0.000000000000000000e+00
1.514163243105495216e-01 -1.984451567652352755e-01 1.741005658174998860e-01 2.420544226921620190e+00 1.665280989057835725e-01 -3.056323316180548755e+00 7.526207756490800316e-01 4.632345010661268470e-01 -1.597390653440426966e-01 1.911010994863316104e-01 1.220390773209666158e+00 1.547930958307694338e+00 0.000000000000000000e+00
1.529789795869002933e-01 -1.992918336519821643e-01 1.735876442362417338e-01 2.419403330280808895e+00 1.636338883296719615e-01 -3.056494576694098964e+00 7.559537217533141007e-01 4.742437759859189916e-01 -1.718977273007995521e-01 1.884075783598254672e-01 1.222655658558724268e+00 1.551163103764668927e+00 0.000000000000000000e+00
1.546337082647381012e-01 -2.002288238670214549e-01 1.730066566469999900e-01 2.418175694664672637e+00 1.604802119642068092e-01 -3.056770714296046076e+00 7.593737532251938482e-01 4.862086596838588459e-01 -1.850754478486751342e-01 1.854401844047182946e-01 1.225076205673497176e+00 1.554474877738236893e+00 0.000000000000000000e+00
1.561255637991200984e-01 -2.011114648113056236e-01 1.724470340439031579e-01 2.417049802579660511e+00 1.575535486001662377e-01 -3.057107564417434364e+00 7.623584244378730501e-01 4.972833817874397488e-01 -1.972382377051213886e-01 1.826563654725016639e-01 1.227277441472502284e+00 1.557360013305174373e+00 0.000000000000000000e+00
1.577025204583983597e-01 -2.020864504810293560e-01 1.718155708216276278e-01 2.415838063373608957e+00 1.543670804651924300e-01 -3.057559283213547197e+00 7.654081433601772622e-01 5.093083863469881623e-01 -2.104059713989092639e-01 1.795929645600971292e-01 1.229623819550916375e+00 1.560302406835548217e+00 0.000000000000000000e+00
1.591211917162851375e-01 -2.030035421552779662e-01 1.712094138680667343e-01 2.414726568427552067e+00 1.514117266711156873e-01 -3.058054946195432056e+00 7.680555917998249660e-01 5.204289814003456582e-01 -2.225458580699810618e-01 1.767217273650986409e-01 1.231751552103835357e+00 1.562850918840699599e+00 0.000000000000000000e+00
1.606174893731459052e-01 -2.040150310173546033e-01 1.705276448125375710e-01 2.413529992820236281e+00 1.481959587426908698e-01 -3.058675304844068688e+00 7.707455842378867494e-01 5.324930012698636528e-01 -2.356733780313085003e-01 1.735649660117300208e-01 1.234012176395149041e+00 1.565433785623913110e+00 0.000000000000000000e+00
1.619609831687365276e-01 -2.049645356660330375e-01 1.698753120240078796e-01 2.412432014995245844e+00 1.452152295800588355e-01 -3.059322566676453192e+00 7.730686596567628577e-01 5.436393291172540998e-01 -2.477619988513963811e-01 1.706093898339600679e-01 1.236055753057621498e+00 1.567657658292183731e+00 0.000000000000000000e+00
1.633751408543383798e-01 -2.060096911776541639e-01 1.691438957767074924e-01 2.411249667786418804e+00 1.419737356527117633e-01 -3.060102766141438391e+00 7.754157035254496400e-01 5.557201269016396328e-01 -2.608188118857823756e-01 1.673632794260193069e-01 1.238219837759419795e+00 1.569896977294776841e+00 0.000000000000000000e+00
1.646418275239421303e-01 -2.069891555341651368e-01 1.684460236117860110e-01 2.410164408858369800e+00 1.389705929314626331e-01 -3.060894066025391602e+00 7.774284540983043001e-01 5.668716812026693974e-01 -2.728272715570585483e-01 1.643266599273268957e-01 1.240168472729030746e+00 1.571809659589671782e+00 0.000000000000000000e+00
1.659718750379154950e-01 -2.080653545844276531e-01 1.676656550978752325e-01 2.408995231142219140e+00 1.357061452606727059e-01 -3.061826347992858910e+00 7.794467973094482138e-01 5.789467199011976151e-01 -2.857806207830950740e-01 1.609943796133652405e-01 1.242223234668081266e+00 1.573718879775149571e+00 0.000000000000000000e+00
1.671606535158983997e-01 -2.090717575390100003e-01 1.669231013070660297e-01 2.407921439238155159e+00 1.326832649758942217e-01 -3.062753825064455704e+00 7.811652020028218013e-01 5.900823951042276638e-01 -2.976788255852420573e-01 1.578802454821947310e-01 1.244065476352143707e+00 1.575335418556827571e+00 0.000000000000000000e+00
1.684061254146790865e-01 -2.101751470984093428e-01 1.660949375921577653e-01 2.406764031321074526e+00 1.293987876030686657e-01 -3.063828865927912037e+00 7.828748182645982601e-01 6.021287382420104084e-01 -3.104966199117933368e-01 1.544662394122812699e-01 1.245999197619650278e+00 1.576933581526984041e+00 0.000000000000000000e+00
1.695164096287946620e-01 -2.112050152498004263e-01 1.653088302615810523e-01 2.405700593370430074e+00 1.263587113589639266e-01 -3.064884531816471025e+00 7.843162542046034913e-01 6.132270626107521050e-01 -3.222539434922750967e-01 1.512783523636723471e-01 1.247723328109367369e+00 1.578270754710313195e+00 0.000000000000000000e+00
1.706765236484379666e-01 -2.123318012976591895e-01 1.644340736781066403e-01 2.404553487719831573e+00 1.230565208722764758e-01 -3.066094011114150142e+00 7.857351864333977920e-01 6.252209414750602434e-01 -3.349011623510069757e-01 1.477863656080900256e-01 1.249522160267661608e+00 1.579575037854179298e+00 0.000000000000000000e+00
1.717083132736476614e-01 -2.133810380460267053e-01 1.636056962041926854e-01 2.403498794082640444e+00 1.200012629248661256e-01 -3.067269335878957559e+00 7.869189615379380554e-01 6.362598773514931416e-01 -3.464855136186881790e-01 1.445287203836778389e-01 1.251116062180073873e+00 1.580651221250680027e+00 0.000000000000000000e+00
1.727838931427427005e-01 -2.145263241705432644e-01 1.626860331685725802e-01 2.402360374238864615e+00 1.166841292731559676e-01 -3.068603911017878882e+00 7.880705789723154719e-01 6.481775232295977629e-01 -3.589286011798653586e-01 1.409636298561728340e-01 1.252767355213977529e+00 1.581684261437521943e+00 0.000000000000000000e+00
1.737378200872072842e-01 -2.155903804963919812e-01 1.618169088032517522e-01 2.401312890396942290e+00 1.136158424524631450e-01 -3.069890507791554146e+00 7.890174658978932332e-01 6.591346334815380015e-01 -3.703072232533377584e-01 1.376404708689447087e-01 1.254218378533907163e+00 1.582519561913425354e+00 0.000000000000000000e+00
1.747294944867628930e-01 -2.167491380874116136e-01 1.608539806559349250e-01 2.400181138258100866e+00 1.102857008374709125e-01 -3.071341366502783554e+00 7.899238061958744339e-01 6.709510126591923251e-01 -3.825086289455903454e-01 1.340065875615315816e-01 1.255707351899370661e+00 1.583302398115854270e+00 0.000000000000000000e+00
1.756069793214967145e-01 -2.178229368040553171e-01 1.599458814779754490e-01 2.399138836120629836e+00 1.072067538352650118e-01 -3.072731058812274263e+00 7.906565749698096779e-01 6.818033941012652255e-01 -3.936480991531738916e-01 1.306223839286917987e-01 1.257002313979421526e+00 1.583918653592098380e+00 0.000000000000000000e+00
1.765170671321745488e-01 -2.189891974188757084e-01 1.589417624332940537e-01 2.398011756239965209e+00 1.038663286199570379e-01 -3.074288817058153267e+00 7.913445360584044908e-01 6.934940720754677601e-01 -4.055725360920581224e-01 1.269251007425779842e-01 1.258315385554885202e+00 1.584477517946851544e+00 0.000000000000000000e+00
1.773201724258721967e-01 -2.200671285270771604e-01 1.579965727049573443e-01 2.396972604465875900e+00 1.007788394440130020e-01 -3.075773158402154372e+00 7.918874880256443483e-01 7.042182888900806459e-01 -4.164379670234723552e-01 1.234845712526830147e-01 1.259440704273498080e+00 1.584898297399083944e+00 0.000000000000000000e+00
1.781509898214681531e-01 -2.212346805488866475e-01 1.569533594694978995e-01 2.395847480034029253e+00 9.743037159898371158e-02 -3.077429187757596107e+00 7.923833020415897987e-01 7.157569003660396723e-01 -4.280456209506917631e-01 1.197287567792363200e-01 1.260562028250476141e+00 1.585258223620408247e+00 0.000000000000000000e+00
1.789422728660347017e-01 -2.224001469013554833e-01 1.558908009562952057e-01 2.394722506880119006e+00 9.407908085859384428e-02 -3.079132702771964603e+00 7.927915646366989755e-01 7.272068951567263184e-01 -4.394748430848758325e-01 1.159449291800733056e-01 1.261578290522450407e+00 1.585526936574397361e+00 0.000000000000000000e+00
1.796382786432713929e-01 -2.234724692922382405e-01 1.548932847429536075e-01 2.393683373979040407e+00 9.098349580728282149e-02 -3.080745386697569366e+00 7.930971623717856245e-01 7.376906285249050788e-01 -4.498555786978957194e-01 1.124284163753270227e-01 1.262418651004424852e+00 1.585700042045252500e+00 0.000000000000000000e+00
1.803023402310348355e-01 -2.245398149402024757e-01 1.538803678002126640e-01 2.392643070909419745e+00 8.788669976372442960e-02 -3.082394797848969414e+00 7.933414408227731363e-01 7.480866773141929826e-01 -4.600658054221233861e-01 1.088904401566703900e-01 1.263162205580774744e+00 1.585808299543564059e+00 0.000000000000000000e+00
1.809868420869017724e-01 -2.256885974005777840e-01 1.527662162419358705e-01 2.391513994587125325e+00 8.453125588107202049e-02 -3.084221130894033713e+00 7.935447065929734922e-01 7.592432583317799688e-01 -4.709235797654036659e-01 1.050348153989945493e-01 1.263853828515868472e+00 1.585859964868711725e+00 0.000000000000000000e+00
1.815879045919395196e-01 -2.267402668644796226e-01 1.517228994080011273e-01 2.390468908685255300e+00 8.143432330003097519e-02 -3.085941463460200040e+00 7.936837236018755570e-01 7.694383716168213816e-01 -4.807504444507142427e-01 1.014562259737141897e-01 1.264384063888903231e+00 1.585854771704585886e+00 0.000000000000000000e+00
1.822072214375557164e-01 -2.278680182490219197e-01 1.505771789134014993e-01 2.389332933666173719e+00 7.808061362534601813e-02 -3.087840405736264948e+00 7.937904497825605254e-01 7.803643894630349909e-01 -4.911736574831209179e-01 9.755981323946810724e-02 1.264837067590325770e+00 1.585800576376402926e+00 0.000000000000000000e+00
1.827949136532772967e-01 -2.289815169987834409e-01 1.494161027739838166e-01 2.388191980746537268e+00 7.472939283976920422e-02 -3.089774288874993502e+00 7.938604909192296111e-01 7.911585142562623796e-01 -5.013522591694035135e-01 9.364452535099609953e-02 1.265158244817789157e+00 1.585704436261051287e+00 0.000000000000000000e+00
1.833111454001588314e-01 -2.299947054335702012e-01 1.483313649977965887e-01 2.387133672608880097e+00 7.163913484763284600e-02 -3.091588370234024552e+00 7.939015036000167669e-01 8.009998265904867409e-01 -5.105226546460097659e-01 9.001531922024741394e-02 1.265334679240007087e+00 1.585587390331142155e+00 0.000000000000000000e+00
1.838037924862808148e-01 -2.309918442159007712e-01 1.472347512663673696e-01 2.386069386466614706e+00 6.855302581095168435e-02 -3.093428771983039560e+00 7.939281352109175405e-01 8.107171687759678891e-01 -5.194667480089865119e-01 8.637305527777895675e-02 1.265391537729280369e+00 1.585451036483330078e+00 0.000000000000000000e+00
1.843128710880173049e-01 -2.320517736963366995e-01 1.460341398435999749e-01 2.384908820772106974e+00 6.521576696013742236e-02 -3.095450536999005742e+00 7.939502394479652780e-01 8.210977046519059019e-01 -5.288910093165042348e-01 8.241424135024094655e-02 1.265314439215722508e+00 1.585290980501816271e+00 0.000000000000000000e+00
1.847619109848255281e-01 -2.330091919987871130e-01 1.449148195949410689e-01 2.383829714109984010e+00 6.214189575642059538e-02 -3.097341075806676169e+00 7.939736086865306630e-01 8.305372791356917528e-01 -5.373338957623279288e-01 7.874944040704769110e-02 1.265110307918167809e+00 1.585140911374390393e+00 0.000000000000000000e+00
1.852280515869683675e-01 -2.340212005953997698e-01 1.436910045958730009e-01 2.382650778002334935e+00 5.882070939141925692e-02 -3.099413919949322249e+00 7.940126905755277020e-01 8.406016977902374121e-01 -5.461911034947408705e-01 7.476967905306053375e-02 1.264740394842755800e+00 1.584985782240893037e+00 0.000000000000000000e+00
1.856418025390557947e-01 -2.349299819416542090e-01 1.425516392692871281e-01 2.381552766975530755e+00 5.576467522812400546e-02 -3.101348742338473574e+00 7.940709472243731026e-01 8.497370061194817747e-01 -5.540914374474881221e-01 7.108894075521882128e-02 1.264258096369342610e+00 1.584859148931059947e+00 0.000000000000000000e+00
1.860746141002940224e-01 -2.358844218295071959e-01 1.413075395378356469e-01 2.380351208619035486e+00 5.246593932609489030e-02 -3.103466338730262120e+00 7.941690847105424833e-01 8.594584762046526549e-01 -5.623400462917904630e-01 6.709561808561828600e-02 1.263578457659154219e+00 1.584750358800530279e+00 0.000000000000000000e+00
1.864622582421383290e-01 -2.367352023943790629e-01 1.401508004298743781e-01 2.379230020823966285e+00 4.943396827882162725e-02 -3.105440016506832102e+00 7.943024425021282253e-01 8.682626870313727707e-01 -5.696556166481836492e-01 6.340578342817827784e-02 1.262800548304742199e+00 1.584686442934368333e+00 0.000000000000000000e+00
1.868720692988694865e-01 -2.376214076884811954e-01 1.388893579772548514e-01 2.378001208249404641e+00 4.616520185368599982e-02 -3.107597189333162646e+00 7.945048427449742379e-01 8.776095169301966203e-01 -5.772454925968550921e-01 5.940643119542221573e-02 1.261790011829111657e+00 1.584668200280901162e+00 0.000000000000000000e+00
1.872743638477240291e-01 -2.384681154912726420e-01 1.376200628409127158e-01 2.376756326300624167e+00 4.291509373253976634e-02 -3.109772782437071115e+00 7.947793480743341465e-01 8.867515497411934122e-01 -5.844773731159924601e-01 5.540705815672013895e-02 1.260601309876554721e+00 1.584714672441922989e+00 0.000000000000000000e+00
1.876417610141537518e-01 -2.392117985302205652e-01 1.364420752666351544e-01 2.375591678960816910e+00 3.993376233888001892e-02 -3.111796491094251493e+00 7.951085147850679435e-01 8.950000254274412814e-01 -5.908211559906156873e-01 5.171718604857730717e-02 1.259339637310129545e+00 1.584826392049652144e+00 0.000000000000000000e+00
1.880080264567275672e-01 -2.399166664688691109e-01 1.352586333348192171e-01 2.374411150220196554e+00 3.697242943699396989e-02 -3.113834032052179790e+00 7.955211050169483933e-01 9.030596829924026903e-01 -5.968367042608867523e-01 4.803090088552768033e-02 1.257916177707482319e+00 1.585014810696775189e+00 0.000000000000000000e+00
1.884066394436132441e-01 -2.406334558800851953e-01 1.339711758227710992e-01 2.373113137954751650e+00 3.378942571888199353e-02 -3.116056070205520001e+00 7.960750425236849948e-01 9.115695479396418444e-01 -6.029699642513391966e-01 4.404355784481219643e-02 1.256186055105312338e+00 1.585318144744935154e+00 0.000000000000000000e+00
1.888104307940522419e-01 -2.412988009664328304e-01 1.326787932861546171e-01 2.371793713511399559e+00 3.063508441694118289e-02 -3.118292295838737349e+00 7.967526838630555330e-01 9.198433236562454374e-01 -6.086949616466824642e-01 4.006477020909859216e-02 1.254256594895549970e+00 1.585736793668295341e+00 0.000000000000000000e+00
1.891909668018403878e-01 -2.418640506113984845e-01 1.314821119529675786e-01 2.370555628849856156e+00 2.775177095278813511e-02 -3.120368578857896757e+00 7.975015647615859571e-01 9.272619583468247884e-01 -6.136022354293170222e-01 3.640174193250592105e-02 1.252291847801343838e+00 1.586238932691830028e+00 0.000000000000000000e+00
1.895818581023241967e-01 -2.423796994155028861e-01 1.302824906441200359e-01 2.369296983405487111e+00 2.489813456478362497e-02 -3.122455671042211556e+00 7.983802747632575691e-01 9.344643443568895202e-01 -6.181372658705857059e-01 3.274993222200520832e-02 1.250146804701339542e+00 1.586863310809399019e+00 0.000000000000000000e+00
1.900204687405954163e-01 -2.428789537453809877e-01 1.289802260377373444e-01 2.367909207258319881e+00 2.184334271874721622e-02 -3.124728215423607125e+00 7.994930100457199318e-01 9.420144726262914547e-01 -6.226162367709082712e-01 2.880875133371596161e-02 1.247613472714401706e+00 1.587691953382577292e+00 0.000000000000000000e+00
1.904423661010302415e-01 -2.432822457940151117e-01 1.277762437625921121e-01 2.366604387264755083e+00 1.906008795317415405e-02 -3.126835872485423717e+00 8.006805801548134705e-01 9.487450796492485905e-01 -6.263408007134385613e-01 2.518653600082875268e-02 1.245077877040537295e+00 1.588609012903946072e+00 0.000000000000000000e+00
1.909214126779761322e-01 -2.436533600450263570e-01 1.264705879661607302e-01 2.365163835315003737e+00 1.608830588131660022e-02 -3.129129678652199598e+00 8.021554387664993069e-01 9.557697662355779666e-01 -6.299186244799054313e-01 2.128193196563607156e-02 1.242111515060352556e+00 1.589781735889962411e+00 0.000000000000000000e+00
1.913872781793740097e-01 -2.439315962085737977e-01 1.252646725760054591e-01 2.363808121063620593e+00 1.338849910470418791e-02 -3.131256111428786237e+00 8.037053319418983044e-01 9.619991663413822724e-01 -6.327847184450486884e-01 1.769793715558069802e-02 1.239164460998070760e+00 1.591044207404714417e+00 0.000000000000000000e+00
1.919212357327351459e-01 -2.441595485539273802e-01 1.239581703302590765e-01 2.362309730332178503e+00 1.051454346373237314e-02 -3.133569041507919373e+00 8.056040992200975692e-01 9.684631243601953265e-01 -6.354030718497875041e-01 1.383969500989601364e-02 1.235739768994283505e+00 1.592621864034477364e+00 0.000000000000000000e+00
1.924441845601697898e-01 -2.442990902007086962e-01 1.227526114683137881e-01 2.360898324536696791e+00 7.912023941804235960e-03 -3.135712209609159640e+00 8.075723750027478109e-01 9.741614901446379315e-01 -6.373614939364043996e-01 1.030288600481088328e-02 1.232360350729027498e+00 1.594284874977177191e+00 0.000000000000000000e+00
1.930468486322770849e-01 -2.443695208672452823e-01 1.214476643401504047e-01 2.359337412929059852e+00 5.151435674375370866e-03 -3.138042417656999650e+00 8.099541065446329569e-01 9.800357577190801361e-01 -6.389727063959024234e-01 6.500558798747549903e-03 1.228456955519298344e+00 1.596326054794668714e+00 0.000000000000000000e+00
