1.092074694679451285e-03 -1.138874113191357118e-03 3.172804267780215959e-03 -4.298337313271005655e-03 4.428917784990993312e-03 -9.698008269232838430e-03 0.000000000000000000e+00
1.061016771456840813e-03 -9.866922936811461931e-04 2.901613714982570480e-03 -3.830875883418016770e-03 4.081171227971580606e-03 -8.869467615578274788e-03 0.000000000000000000e+00
1.206009496795001912e-03 -1.001140518911536326e-03 3.111743757974877456e-03 -3.999478724755256565e-03 4.414255981968207010e-03 -9.518510230524190874e-03 0.000000000000000000e+00
1.164955826097352487e-03 -8.632739488824148211e-04 2.840964625247355269e-03 -3.550268663408573389e-03 4.068365915530947063e-03 -8.701967992031933719e-03 0.000000000000000000e+00
1.317239020031751862e-03 -8.714205904218341736e-04 3.041646397423491965e-03 -3.690706939246446439e-03 4.400889130867557952e-03 -9.335091924734362223e-03 0.000000000000000000e+00
1.265883168136222592e-03 -7.475049040999159899e-04 2.772833234109511880e-03 -3.261856937297302750e-03 4.056613495071026421e-03 -8.531836824801963814e-03 0.000000000000000000e+00
1.424590731365721341e-03 -7.501491377900904034e-04 2.964357633774394873e-03 -3.374939025548862048e-03 4.388226065670686182e-03 -9.149806745313293632e-03 0.000000000000000000e+00
1.363519350477793157e-03 -6.389662196562007068e-04 2.698033578976438696e-03 -2.966911472546129858e-03 4.044303418284656004e-03 -8.358894653681669951e-03 0.000000000000000000e+00
1.528778516908441132e-03 -6.361364887255693823e-04 2.879693211934847286e-03 -3.051808846645798212e-03 4.373991113411968001e-03 -8.959932411748416925e-03 0.000000000000000000e+00
1.457720716364324653e-03 -5.372339911351442510e-04 2.617231310360373930e-03 -2.666478276041495121e-03 4.030365578225225676e-03 -8.182544553644310881e-03 0.000000000000000000e+00
1.628621528511453587e-03 -5.296181096602348148e-04 2.789541333101247522e-03 -2.724434159206978734e-03 4.357719600035725449e-03 -8.767924375246760604e-03 0.000000000000000000e+00
1.548255307296103611e-03 -4.419373911815904776e-04 2.531234145627170307e-03 -2.362017886413880774e-03 4.013731421264488120e-03 -8.002881991336918688e-03 0.000000000000000000e+00
1.724900011124935739e-03 -4.295726847952652250e-04 2.693512390355007335e-03 -2.392391926630210719e-03 4.337767201847420040e-03 -8.570505626731561577e-03 0.000000000000000000e+00
1.634996331432408967e-03 -3.526759525717682031e-04 2.440596695778063374e-03 -2.054586894218779491e-03 3.993624102166748457e-03 -7.819172394012197103e-03 0.000000000000000000e+00
1.816495352110619743e-03 -3.360938329091678334e-04 2.593371870877547725e-03 -2.058779081274053624e-03 4.313899233024276469e-03 -8.369926315092923730e-03 0.000000000000000000e+00
1.717769552005796174e-03 -2.690716158560424454e-04 2.346011463527808427e-03 -1.745644019226944010e-03 3.969383975079399107e-03 -7.631299887264963999e-03 0.000000000000000000e+00
1.904197218250983092e-03 -2.483654324831885418e-04 2.488725746092268487e-03 -1.723394556035984237e-03 4.285048428777304963e-03 -8.163230324060410936e-03 0.000000000000000000e+00
1.796448245410892097e-03 -1.907676280716863459e-04 2.247983981950335552e-03 -1.436411171271245735e-03 3.940454950279725921e-03 -7.438562058625253215e-03 0.000000000000000000e+00
1.986973764389679542e-03 -1.663470443608594529e-04 2.381221462622734597e-03 -1.389266700948965649e-03 4.251309502272704322e-03 -7.952519400668434102e-03 0.000000000000000000e+00
1.870974754612758639e-03 -1.174341262012434939e-04 2.147171836134609268e-03 -1.128312985019697123e-03 3.906784488079573237e-03 -7.241011490329407607e-03 0.000000000000000000e+00
2.065630726870534839e-03 -8.938466114172261001e-05 2.270353581315914804e-03 -1.056194154804401819e-03 4.211993549344761334e-03 -7.734639396289377800e-03 0.000000000000000000e+00
1.941247719061636734e-03 -4.874347981098647864e-05 2.043981021709773138e-03 -8.226275280733830186e-04 3.868116142048627637e-03 -7.037714101922665222e-03 0.000000000000000000e+00
2.139229826297467385e-03 -1.739362651453912889e-05 2.157788783539477118e-03 -7.272810972747123515e-04 4.167533968664649535e-03 -7.512079473020794040e-03 0.000000000000000000e+00
2.007258275772194622e-03 1.564245804064334777e-05 1.938900282828087684e-03 -5.206523340328672589e-04 3.824549430568424668e-03 -6.828273197738266020e-03 0.000000000000000000e+00
2.208629690984925675e-03 5.015754397252880636e-05 2.042805862974367281e-03 -4.022386620929907508e-04 4.117703448034859548e-03 -7.280973237847376822e-03 0.000000000000000000e+00
2.068964767527145532e-03 7.595386454251062958e-05 1.832447153673283369e-03 -2.238119931652349237e-04 3.776362795136822825e-03 -6.612691393135916584e-03 0.000000000000000000e+00
2.272960155736566956e-03 1.134088394186827387e-04 1.927135797229140302e-03 -8.430616107535371384e-05 4.063196528781620742e-03 -7.044353213273346626e-03 0.000000000000000000e+00
2.126407264958676824e-03 1.325220626577361394e-04 1.724923489531793308e-03 6.672168266241840229e-05 3.723839353166447097e-03 -6.389847328212461264e-03 0.000000000000000000e+00
2.333090857541131324e-03 1.727343438411854670e-04 1.809977429922365877e-03 2.268225439987503478e-04 4.004078312347836288e-03 -6.798189085410077936e-03 0.000000000000000000e+00
2.179619472419971893e-03 1.855335895454834905e-04 1.616773832095352859e-03 3.495846297409954673e-04 3.667567610516897503e-03 -6.159761768576466068e-03 0.000000000000000000e+00
2.388261068474006876e-03 2.283678206199679650e-04 1.692961001758724882e-03 5.281336540301495575e-04 3.941324803069967686e-03 -6.545729823455692653e-03 0.000000000000000000e+00
2.228662809376488751e-03 2.352609018176354816e-04 1.508363070947732476e-03 6.234710570574009125e-04 3.608053609990946597e-03 -5.921825299098681938e-03 0.000000000000000000e+00
2.439379653905393575e-03 2.805210881029474024e-04 1.575210907233282054e-03 8.199140386677683523e-04 3.875436737734716530e-03 -6.282856956400850734e-03 0.000000000000000000e+00
2.273616638739192619e-03 2.819100420731190937e-04 1.400062134973623085e-03 8.871662938645386021e-04 3.546046021943638493e-03 -5.675987123949566282e-03 0.000000000000000000e+00
2.485727279210162011e-03 3.294980030644767410e-04 1.458306694010286231e-03 1.099252723007815291e-03 3.807294438035846440e-03 -6.012757419507019918e-03 0.000000000000000000e+00
2.314628263165252609e-03 3.256761336275504348e-04 1.292060869350908359e-03 1.139563633369533591e-03 3.482453379545447092e-03 -5.421522534832412532e-03 0.000000000000000000e+00
2.528240800030209789e-03 3.753906142052176875e-04 1.341369449687240811e-03 1.366337645237081233e-03 3.737791914227628354e-03 -5.731587956987249655e-03 0.000000000000000000e+00
2.351785328009253773e-03 3.667412134961689496e-04 1.184778789604989946e-03 1.379371337267620845e-03 3.418014992438322963e-03 -5.158560453059291007e-03 0.000000000000000000e+00
2.566297076693618839e-03 4.185394677691522958e-04 1.225933880931423525e-03 1.618602067962271462e-03 3.668019595470362049e-03 -5.443087883381325653e-03 0.000000000000000000e+00
2.385258530304079638e-03 4.052987667171326081e-04 1.078421722151529094e-03 1.605641210588260037e-03 3.353744810308256774e-03 -4.886925818860410331e-03 0.000000000000000000e+00
2.600810553022636640e-03 4.589508472337411327e-04 1.111036620250221985e-03 1.856232829402060247e-03 3.598876809985718239e-03 -5.143153972856584488e-03 0.000000000000000000e+00
2.415209817078017851e-03 4.415038970266849105e-04 9.732226850911185334e-04 1.817254877827245707e-03 3.290632231032653010e-03 -4.606328780353052821e-03 0.000000000000000000e+00
2.631237521955570591e-03 4.970337878548169996e-04 9.980914086988312839e-04 2.076917738529360236e-03 3.531501360444888604e-03 -4.835494986269228690e-03 0.000000000000000000e+00
2.441808057939344467e-03 4.755053675241649458e-04 8.694859839522006695e-04 2.013339406620850980e-03 3.229651593244842189e-03 -4.317481249196619686e-03 0.000000000000000000e+00
2.658478631812760673e-03 5.326755248208914217e-04 8.862096612176073585e-04 2.280760612805465826e-03 3.466972628958231439e-03 -4.516511485685104077e-03 0.000000000000000000e+00
2.465236833673854766e-03 5.074768007405361381e-04 7.673264951499059183e-04 2.192951381908336828e-03 3.171797901410311482e-03 -4.019865960514401593e-03 0.000000000000000000e+00
2.682057000860070539e-03 5.663307367107517365e-04 7.767468474779437582e-04 2.465882423976495375e-03 3.406348856829222171e-03 -4.190448333232676958e-03 0.000000000000000000e+00
2.485687844787892731e-03 5.375478717501991355e-04 6.669368748417892068e-04 2.355344588455210442e-03 3.118004644411698223e-03 -3.713876601346033368e-03 0.000000000000000000e+00
2.702838130677176487e-03 5.978535679175278617e-04 6.688175224659753670e-04 2.632381883283407831e-03 3.350723169149638636e-03 -3.854026658704157171e-03 0.000000000000000000e+00
2.503356650814657358e-03 5.658541348059209497e-04 5.685290601716297409e-04 2.499748163536708034e-03 3.069251505916525957e-03 -3.400083003986642538e-03 0.000000000000000000e+00
2.720397764347161351e-03 6.277264372107071999e-04 5.635631578712052558e-04 2.778660221033568689e-03 3.300970536204594907e-03 -3.510774646228176366e-03 0.000000000000000000e+00
2.518450048873549507e-03 5.925501655001941259e-04 4.722495506913615415e-04 2.625601991368853305e-03 3.026479381117219702e-03 -3.079082440056168934e-03 0.000000000000000000e+00
2.735573637368704514e-03 6.557177538087377577e-04 4.602319775893204401e-04 2.904837424565265280e-03 3.258180884048833548e-03 -3.158410514664256041e-03 0.000000000000000000e+00
2.531136947609091692e-03 6.177389184821580059e-04 3.782397325851616365e-04 2.732278917935815343e-03 2.990325339846222619e-03 -2.751243001331005189e-03 0.000000000000000000e+00
2.747969765881742854e-03 6.823713023602628880e-04 3.598767981670136784e-04 3.009766987581485864e-03 3.222967712166013854e-03 -2.800742614294637889e-03 0.000000000000000000e+00
2.541646400079314999e-03 6.415969727145420798e-04 2.865732002206300422e-04 2.819435605535325351e-03 2.961709171773296845e-03 -2.417370260568096896e-03 0.000000000000000000e+00
2.758372306187483608e-03 7.074225566006675514e-04 2.616912114052349914e-04 3.093495564129078446e-03 3.196242481328326335e-03 -2.435268042284333134e-03 0.000000000000000000e+00
2.550138345264837958e-03 6.642180857286961171e-04 1.974066116455786002e-04 2.886603507557872206e-03 2.941090405444768408e-03 -2.078218145954435769e-03 0.000000000000000000e+00
2.766427352479658430e-03 7.314391201341807758e-04 1.667070362063594047e-04 3.155359648853384158e-03 3.178445415061403878e-03 -2.066431102363264216e-03 0.000000000000000000e+00
2.556803471943262102e-03 6.857430811314513264e-04 1.108463781508972623e-04 2.933643510319328129e-03 2.929006184084315123e-03 -1.735010735720354802e-03 0.000000000000000000e+00
2.772855636949688590e-03 7.540990691412563507e-04 7.411541289631395912e-05 3.195285489512755817e-03 3.170192979164099256e-03 -1.691611037368589976e-03 0.000000000000000000e+00
2.561807714309055628e-03 7.063029319187008603e-04 2.690792965526211944e-05 2.960276006716000552e-03 2.925822045360071400e-03 -1.388249240340533319e-03 0.000000000000000000e+00
2.777320511379747364e-03 7.760146656292654654e-04 -1.512912337092719994e-05 3.213062945824241012e-03 3.171595292443374348e-03 -1.315402938701693003e-03 0.000000000000000000e+00
2.565311447276046736e-03 7.260048332838331397e-04 -5.429104395215933465e-05 2.966459627636197638e-03 2.931730218752370831e-03 -1.039213712335174122e-03 0.000000000000000000e+00
2.780478624781270412e-03 7.968263015222798451e-04 -1.017886744807405819e-04 3.208664520838233614e-03 3.183018067799636697e-03 -9.357340727140783798e-04 0.000000000000000000e+00
2.567456263172212833e-03 7.449991159008684249e-04 -1.327070810263064615e-04 2.952248958521863642e-03 2.946814311234557948e-03 -6.890904197836000833e-04 0.000000000000000000e+00
2.782009442029328289e-03 8.171528765971713959e-04 -1.850221430171328230e-04 3.182219493559124146e-03 3.204227740970289062e-03 -5.568000596678501779e-04 0.000000000000000000e+00
2.568371258165089849e-03 7.633623305641212831e-04 -2.083115589884831920e-04 2.917652631086120607e-03 2.970945550583081740e-03 -3.386464463019933646e-04 0.000000000000000000e+00
2.782490591487960917e-03 8.366406144064142403e-04 -2.655648429750745443e-04 3.133720111978099965e-03 3.235262160947716126e-03 -1.768568943332216037e-04 0.000000000000000000e+00
2.568173603072311691e-03 7.812254983058375402e-04 -2.810582554398921573e-04 2.862903516912318480e-03 3.003920829111716984e-03 1.075460617472323577e-05 0.000000000000000000e+00
2.781612858001093064e-03 8.558838855492467701e-04 -3.426105363937281822e-04 3.063730385044038940e-03 3.275536618093877195e-03 1.998349348006911441e-04 0.000000000000000000e+00
2.566960725823384110e-03 7.986832697359225186e-04 -3.509229100808752833e-04 2.788274805813450996e-03 3.045308993371076411e-03 3.580950611854483157e-04 0.000000000000000000e+00
2.779880613237913772e-03 8.744899006917772333e-04 -4.169089392035418840e-04 2.972142095578611531e-03 3.324784457716667418e-03 5.751558410915791342e-04 0.000000000000000000e+00
2.564812842144624516e-03 8.158303456641258222e-04 -4.178901373438348443e-04 2.694124205159909025e-03 3.094564109257014195e-03 7.022036181454360815e-04 0.000000000000000000e+00
2.776982391120008664e-03 8.930860403217888432e-04 -4.877470535497030468e-04 2.859926492238429319e-03 3.382104893595805351e-03 9.450973923068595184e-04 0.000000000000000000e+00
2.561801095821596153e-03 8.327753933270454212e-04 -4.820040545377435315e-04 2.580917859820175408e-03 3.151039592322657512e-03 1.042143218780600122e-03 0.000000000000000000e+00
2.773350787018940417e-03 9.112096944755565531e-04 -5.557703335681840606e-04 2.726988775609839877e-03 3.446847966811716901e-03 1.311211416108015726e-03 0.000000000000000000e+00
2.557960340652754017e-03 8.495578862783292884e-04 -5.431795510940362615e-04 2.449195084637700859e-03 3.213813248307495485e-03 1.376584066677066787e-03 0.000000000000000000e+00
2.768691732298787789e-03 9.294958244150386406e-04 -6.203776262158067212e-04 2.574706445447993985e-03 3.517954721564464649e-03 1.669771607727410512e-03 0.000000000000000000e+00
2.553337978891706550e-03 8.662926119132330349e-04 -6.015400290176053932e-04 2.299589499324738995e-03 3.282042317747091431e-03 1.704854993852311651e-03 0.000000000000000000e+00
2.763337033220500394e-03 9.474409408064543570e-04 -6.821668965014404673e-04 2.402952250626810837e-03 3.594351177013344056e-03 2.022251466204938453e-03 0.000000000000000000e+00
2.547949032288304716e-03 8.829787780901821037e-04 -6.569988174029983696e-04 2.132804519060726989e-03 3.354594266453680973e-03 2.025810211511824832e-03 0.000000000000000000e+00
2.757005830301112459e-03 9.656881362377078837e-04 -7.406399785291895022e-04 2.213481401469152843e-03 3.674855092520523669e-03 2.365334419196951643e-03 0.000000000000000000e+00
2.541789510629485771e-03 8.996863802031018764e-04 -7.096907761058590669e-04 1.949570382464571594e-03 3.430354237668353790e-03 2.338961334542366544e-03 0.000000000000000000e+00
2.749987852486673878e-03 9.836581531538213241e-04 -7.963079155653418617e-04 2.006215569425151557e-03 3.758158933716782002e-03 2.700315953601650776e-03 0.000000000000000000e+00
2.534850925450457537e-03 9.164353243700795737e-04 -7.596001196379376097e-04 1.750806907617530328e-03 3.508074984039044608e-03 2.643299767264517541e-03 0.000000000000000000e+00
2.741990535202805390e-03 1.001974765239443954e-03 -8.487123897532034000e-04 1.783296543984569382e-03 3.842907492999536601e-03 3.024062915462977230e-03 0.000000000000000000e+00
2.527119963725482643e-03 9.332333853367402732e-04 -8.067781474743185299e-04 1.537481468950829822e-03 3.586497377597197556e-03 2.938212871167245055e-03 0.000000000000000000e+00
2.733213181651449053e-03 1.020035383187956057e-03 -8.984639975213315477e-04 1.544421756116243216e-03 3.927582265470519474e-03 3.338579264977381555e-03 0.000000000000000000e+00
2.518567945672081643e-03 9.500535962673750667e-04 -8.512117300455701585e-04 1.310750702988805472e-03 3.664231607621637465e-03 3.222672573775398064e-03 0.000000000000000000e+00
2.723423699598798153e-03 1.038440594045175747e-03 -9.451229457822507563e-04 1.292137954040484260e-03 4.010982958797537634e-03 3.640907625678035942e-03 0.000000000000000000e+00
2.509130676454321418e-03 9.668875195391612998e-04 -8.930300221213216538e-04 1.071577369980758476e-03 3.739916677485854990e-03 3.496615959445170674e-03 0.000000000000000000e+00
2.712761731637744478e-03 1.056498737229072393e-03 -9.891077433352990500e-04 1.026457612382181139e-03 4.091259250787793178e-03 3.932178408919018153e-03 0.000000000000000000e+00
2.498768531631473389e-03 9.836972077600369957e-04 -9.322955547354516703e-04 8.211430132565311624e-04 3.812232805960213966e-03 3.759538698196562834e-03 0.000000000000000000e+00
2.701000169492345782e-03 1.074816263362698976e-03 -1.030166858957931586e-03 7.499946532210088890e-04 4.167377693844454001e-03 4.210395179724102377e-03 0.000000000000000000e+00
2.487444147959344543e-03 1.000401238293979755e-03 -9.690248216730756869e-04 5.608150213305407306e-04 3.879829221926645033e-03 4.010917989581086474e-03 0.000000000000000000e+00
2.688192444963793948e-03 1.092665953583982219e-03 -1.068712119126680182e-03 4.627077658820866191e-04 4.237310255748916177e-03 4.476759610660074884e-03 0.000000000000000000e+00
2.475086653553615346e-03 1.016922111756690672e-03 -1.003282979324948698e-03 2.919029101384751357e-04 3.941346221992159116e-03 4.250346861637277485e-03 0.000000000000000000e+00
2.674216534477802387e-03 1.110587813964281079e-03 -1.104429787923605355e-03 1.677570473912481930e-04 4.300331177467420218e-03 4.729117135058080734e-03 0.000000000000000000e+00
2.461644161349196835e-03 1.033153285261656507e-03 -1.035140908469012189e-03 1.584013743904932880e-05 3.995497223712174417e-03 4.477521698591502286e-03 0.000000000000000000e+00
2.659036384875496095e-03 1.127818755361331693e-03 -1.137765222674891330e-03 -1.350802278805574019e-04 4.354305566771632385e-03 4.968977468766899719e-03 0.000000000000000000e+00
2.447047141272570836e-03 1.049014707493023391e-03 -1.064711493499903572e-03 -2.660497591078225810e-04 4.041148709149400275e-03 4.692506609524249583e-03 0.000000000000000000e+00
2.642585122374044304e-03 1.144881694554455986e-03 -1.168450109047675101e-03 -4.424067737387460397e-04 4.398861661644382082e-03 5.194466794464336346e-03 0.000000000000000000e+00
2.431256493561601006e-03 1.064328416264970212e-03 -1.091980697310312998e-03 -5.520322563166146779e-04 4.077078924118460179e-03 4.894539591718372051e-03 0.000000000000000000e+00
2.624770832503786622e-03 1.160960282337419880e-03 -1.196897923909395756e-03 -7.543943469965341819e-04 4.431757571128791540e-03 5.406862274465629170e-03 0.000000000000000000e+00
2.414164046928957141e-03 1.078962336761690732e-03 -1.117102017459320473e-03 -8.407924610143169275e-04 4.102152201459929870e-03 5.083978446002834772e-03 0.000000000000000000e+00
2.605594461891652669e-03 1.176569692404372258e-03 -1.222873978520749860e-03 -1.067471342280690294e-03 4.453117339517032036e-03 5.604594723064071360e-03 0.000000000000000000e+00
2.395801644071229863e-03 1.092754859871813977e-03 -1.140050028847094943e-03 -1.130413419589970658e-03 4.115607133088783343e-03 5.260022379219186917e-03 0.000000000000000000e+00
2.584924319400314086e-03 1.190793297442260812e-03 -1.246670232192964578e-03 -1.381545966977704154e-03 4.460504946567134255e-03 5.788314720054588136e-03 0.000000000000000000e+00
2.376043101256081203e-03 1.105537963048408567e-03 -1.160981382978931720e-03 -1.419501195487171685e-03 4.116392496081644481e-03 5.422873457722854340e-03 0.000000000000000000e+00
2.562809515100711311e-03 1.204198382928345357e-03 -1.268235633158143472e-03 -1.693363584831963919e-03 4.454733383582265560e-03 5.957538116981631049e-03 0.000000000000000000e+00
2.354901629175870648e-03 1.117087833503394023e-03 -1.179891500475205302e-03 -1.706221034529775693e-03 4.103859939369236542e-03 5.572144281909885422e-03 0.000000000000000000e+00
2.539074233443391893e-03 1.215782667492948388e-03 -1.287715804570849221e-03 -2.002447452040811982e-03 4.433158928187630465e-03 6.111906769940222972e-03 0.000000000000000000e+00
2.332317117897664271e-03 1.127239036662397442e-03 -1.196911363684910468e-03 -1.989023485181817819e-03 4.077403995212947052e-03 5.707841215790709910e-03 0.000000000000000000e+00
2.513833192041972642e-03 1.226129788186147707e-03 -1.305124424477416278e-03 -2.305668450130582414e-03 4.397133392084029424e-03 6.251392169486225114e-03 0.000000000000000000e+00
2.308257160825263887e-03 1.135763696425456937e-03 -1.212079384492664724e-03 -2.266168219946962381e-03 4.036426343541066331e-03 5.829569336124329482e-03 0.000000000000000000e+00
2.486946684014529341e-03 1.234185114531743954e-03 -1.320553274021668555e-03 -2.602332565343701276e-03 4.344264817389476008e-03 6.375399455068375687e-03 0.000000000000000000e+00
2.282710741183302527e-03 1.142424252182361322e-03 -1.225404563481052866e-03 -2.535773941545471644e-03 3.980516547887447132e-03 5.936866178807509442e-03 0.000000000000000000e+00
2.458520611024000990e-03 1.240548910978189756e-03 -1.334069091756789893e-03 -2.889528124494944450e-03 4.276212703886006494e-03 6.484104439936189124e-03 0.000000000000000000e+00
2.255668996774734536e-03 1.147033538222014259e-03 -1.237028571858450610e-03 -2.796432484905686522e-03 3.909558291260051277e-03 6.029831462329271474e-03 0.000000000000000000e+00
2.428367935967901126e-03 1.244085444987969025e-03 -1.345682353459581870e-03 -3.166350686729657582e-03 4.190365356064873481e-03 6.576404729569329533e-03 0.000000000000000000e+00
2.227142691285349807e-03 1.149336951414559049e-03 -1.246926245589863314e-03 -3.046200109752206231e-03 3.823310303778360009e-03 6.107798819846577132e-03 0.000000000000000000e+00
2.396700005640933773e-03 1.245470439615092850e-03 -1.355543457790930884e-03 -3.430284270681482894e-03 4.089271093017821102e-03 6.652997380853786780e-03 0.000000000000000000e+00
2.197084286568257161e-03 1.149120515039347978e-03 -1.255211725016580626e-03 -3.283625480544394293e-03 3.721653627106746853e-03 6.170708271344027551e-03 0.000000000000000000e+00
2.363294757663891854e-03 1.243531431520505937e-03 -1.363610448316038282e-03 -3.680278293195726746e-03 3.970300244420243985e-03 6.712484181631284130e-03 0.000000000000000000e+00
2.165585339313019775e-03 1.146112989248632141e-03 -1.261840817503634415e-03 -3.506824134136721227e-03 3.604817462009357598e-03 6.217838022693822353e-03 0.000000000000000000e+00
2.328433751255631901e-03 1.238945989394585334e-03 -1.369979058541276329e-03 -3.913727072450967626e-03 3.836253357740737613e-03 6.755264389523896185e-03 0.000000000000000000e+00
2.132591293703522961e-03 1.140141531766447613e-03 -1.266938336446782332e-03 -3.714626335440840421e-03 3.472900150511826212e-03 6.249143148283398119e-03 0.000000000000000000e+00
2.291820655755893998e-03 1.230505930419623084e-03 -1.374638171359632288e-03 -4.129942782660656064e-03 3.684527248021041146e-03 6.780150086609593174e-03 0.000000000000000000e+00
2.098146145209811575e-03 1.130949240329803818e-03 -1.270507471217541262e-03 -3.905368629081529264e-03 3.326215928844078462e-03 6.264229794504583282e-03 0.000000000000000000e+00
2.253838284344361620e-03 1.218959278593556572e-03 -1.377673173395294048e-03 -4.326430793499369543e-03 3.518479737472546276e-03 6.787555017886637287e-03 0.000000000000000000e+00
2.062294303697781439e-03 1.118329322581990137e-03 -1.272554587526480985e-03 -4.077599142472188021e-03 3.165125327264206589e-03 6.262519660766630025e-03 0.000000000000000000e+00
2.214135068644401683e-03 1.203073041789681774e-03 -1.379043377723043751e-03 -4.502573382828778392e-03 3.335448237865801246e-03 6.776126383946534659e-03 0.000000000000000000e+00
2.025052859970732921e-03 1.102045496627512833e-03 -1.273075822090491416e-03 -4.229962213407212346e-03 2.989979834241207612e-03 6.243596907614445968e-03 0.000000000000000000e+00
2.173129927220712743e-03 1.183653980197318933e-03 -1.378880339067578564e-03 -4.656480381338923280e-03 3.139210078877852084e-03 6.746811162993360256e-03 0.000000000000000000e+00
1.986438244938465436e-03 1.081947897532853364e-03 -1.272164272340087221e-03 -4.361539428503924398e-03 2.801440547807843018e-03 6.207503960726779013e-03 0.000000000000000000e+00
2.130453167065088360e-03 1.159422180399383162e-03 -1.377027997888163879e-03 -4.787204790767773943e-03 2.926891389336105931e-03 6.697650518050490831e-03 0.000000000000000000e+00
1.946483248360969531e-03 1.057791452541478883e-03 -1.269750310515044278e-03 -4.470981858142764054e-03 2.599886855859434576e-03 6.153552084997349070e-03 0.000000000000000000e+00
2.086562846043693575e-03 1.131314276476336200e-03 -1.373714052617214243e-03 -4.893690159567753994e-03 2.702800405975924747e-03 6.630316258404045371e-03 0.000000000000000000e+00
1.905228013336646153e-03 1.029438591819531457e-03 -1.265851744589263639e-03 -4.557417909974326165e-03 2.386031347868300401e-03 6.081650958743800572e-03 0.000000000000000000e+00
2.041043090954264283e-03 1.097969513260355079e-03 -1.368662180598834155e-03 -4.974709981524938485e-03 2.463801529219100672e-03 6.542259976387798659e-03 0.000000000000000000e+00
1.862674139171655030e-03 9.967468728450668003e-04 -1.260532037399203498e-03 -4.620477666814615247e-03 2.160577215405190543e-03 5.992036585651616676e-03 0.000000000000000000e+00
1.994375584392665823e-03 1.060428773284771697e-03 -1.362140415414520023e-03 -5.029916904616626994e-03 2.214453704396213141e-03 6.435813855732774869e-03 0.000000000000000000e+00
1.818854655652651919e-03 9.595475689375687622e-04 -1.253696354145822367e-03 -4.659039392466368668e-03 1.924037026864056088e-03 5.884065180790765126e-03 0.000000000000000000e+00
1.946093431316908706e-03 1.017354507139911490e-03 -1.353874206584837481e-03 -5.058380244927995761e-03 1.951621646495205198e-03 6.308568303178718750e-03 0.000000000000000000e+00
1.773768753663279574e-03 9.177421209405345337e-04 -1.245381937871187228e-03 -4.673074257325993131e-03 1.677249106864842076e-03 5.758221388650230921e-03 0.000000000000000000e+00
1.896707914677081552e-03 9.698357439902050015e-04 -1.344098607678145818e-03 -5.060110515221261096e-03 1.679888824436925887e-03 6.163019055548168978e-03 0.000000000000000000e+00
1.727418278395620455e-03 8.712589120494496076e-04 -1.235581650676109700e-03 -4.662275111201097388e-03 1.420791312004343609e-03 5.614629305817242511e-03 0.000000000000000000e+00
1.845675876222335754e-03 9.165474066872847381e-04 -1.332504062706296732e-03 -5.034391195362530880e-03 1.395990626443133209e-03 5.996805741978583626e-03 0.000000000000000000e+00
1.679826790861316255e-03 8.199776607052955413e-04 -1.224175946216432553e-03 -4.626239691038591673e-03 1.155357188203698371e-03 5.453059476880239842e-03 0.000000000000000000e+00
1.793546787030420031e-03 8.587486683170331148e-04 -1.319464350735988223e-03 -4.982570556157028818e-03 1.104967913266197144e-03 5.813570844483750832e-03 0.000000000000000000e+00
1.630908269403597011e-03 7.638880251832347312e-04 -1.211242207132201543e-03 -4.565586678900501738e-03 8.815039211715891554e-04 5.274485160210673484e-03 0.000000000000000000e+00
1.739712832292822364e-03 7.950154958328847776e-04 -1.304449750356317939e-03 -4.902861029434824047e-03 8.028185173816204667e-04 5.609975432944169782e-03 0.000000000000000000e+00
1.580673611076527374e-03 7.029583422714924534e-04 -1.196696718549744576e-03 -4.480408260052470837e-03 5.998724601217197971e-04 5.079215193838582110e-03 0.000000000000000000e+00
1.684733600584520374e-03 7.267696802675527312e-04 -1.287932121794038709e-03 -4.797990806697960409e-03 4.950436152721948702e-04 5.390631791661659733e-03 0.000000000000000000e+00
1.529100131502758586e-03 6.372349029586943381e-04 -1.180508386425277445e-03 -4.371157188593599585e-03 3.111723544253486295e-04 4.867900697623772643e-03 0.000000000000000000e+00
1.627893932198976046e-03 6.526030891501055642e-04 -1.269386223544471948e-03 -4.666520588860301189e-03 1.773015192712001920e-04 5.152417995794689176e-03 0.000000000000000000e+00
1.476070042807753335e-03 5.667239514206834361e-04 -1.162642707959654631e-03 -4.238705066803127863e-03 1.576400483305206990e-05 4.641436618851413343e-03 0.000000000000000000e+00
1.569801764680162082e-03 5.740341504490431568e-04 -1.249254122765497410e-03 -4.511326103145307798e-03 -1.449825048065456201e-04 4.900279998012235794e-03 0.000000000000000000e+00
1.421536225162278733e-03 4.915332411514483635e-04 -1.143100865747287420e-03 -4.083925856557257816e-03 -2.858240461316441383e-04 4.400827758086700570e-03 0.000000000000000000e+00
1.509687250616592591e-03 4.897002995765953326e-04 -1.226997155537340456e-03 -4.331369928396000546e-03 -4.760756018997724937e-04 4.631296425448239162e-03 0.000000000000000000e+00
1.365368193856741907e-03 4.117499288171233562e-04 -1.121803886586919541e-03 -3.907803117121133596e-03 -5.932449426517827362e-04 4.147065640896174799e-03 0.000000000000000000e+00
1.448151254512419772e-03 4.012095320500841389e-04 -1.203075249335966435e-03 -4.130036531497793817e-03 -8.107445838656524018e-04 4.350694771978247388e-03 0.000000000000000000e+00
1.307525713276885826e-03 3.275496010603229369e-04 -1.098700597629564957e-03 -3.711525144280969357e-03 -9.059067806518328325e-04 3.881299937492643792e-03 0.000000000000000000e+00
1.384302625744571191e-03 3.072848130935834643e-04 -1.176973187545643507e-03 -3.906464752815530517e-03 -1.153519374758271709e-03 4.055974850822430255e-03 0.000000000000000000e+00
1.247825950650788274e-03 2.390827022528685397e-04 -1.073814191485944480e-03 -3.496514817372897710e-03 -1.223654982346999986e-03 3.605043096794213753e-03 0.000000000000000000e+00
1.318826830222441515e-03 2.096499803757034819e-04 -1.149114720734478734e-03 -3.664595011152904647e-03 -1.498846906577533389e-03 3.752491257860812723e-03 0.000000000000000000e+00
1.186192279604397770e-03 1.465912439305994130e-04 -1.047065425476861877e-03 -3.264215836020767370e-03 -1.546046620042762498e-03 3.319586957804432359e-03 0.000000000000000000e+00
1.250681126477581895e-03 1.069419279926542288e-04 -1.118964879339379159e-03 -3.403224257874981618e-03 -1.852089757745201126e-03 3.437714577525952109e-03 0.000000000000000000e+00
1.122446656628056649e-03 5.032977701624474776e-05 -1.018399668081287901e-03 -3.015838957908911766e-03 -1.872918755894126264e-03 3.026301840120870779e-03 0.000000000000000000e+00
1.180666003279706722e-03 1.181725002186162499e-06 -1.087078317769579749e-03 -3.127438925965009275e-03 -2.206955329392190635e-03 3.117803798366569623e-03 0.000000000000000000e+00
1.056437479633659526e-03 -4.940818856638551360e-05 -9.878406154068819500e-04 -2.753399677764889475e-03 -2.204019030477066821e-03 2.727024564965763176e-03 0.000000000000000000e+00
1.107658383247750455e-03 -1.090182395254712944e-04 -1.052765761738377881e-03 -2.835208120549381761e-03 -2.569148705046764292e-03 2.789767527208386610e-03 0.000000000000000000e+00
9.880369669883481976e-04 -1.522044932179278387e-04 -9.553811274064794024e-04 -2.478586069754484811e-03 -2.538870570480966649e-03 2.423428443454778147e-03 0.000000000000000000e+00
1.032376610755225688e-03 -2.215865584097864716e-04 -1.016690522709501332e-03 -2.532150968379554001e-03 -2.932879711320612870e-03 2.460174240404233714e-03 0.000000000000000000e+00
9.170594025239287017e-04 -2.578174491567886140e-04 -9.209403328212240059e-04 -2.192814775947127259e-03 -2.877648686800071687e-03 2.116872006646008941e-03 0.000000000000000000e+00
9.538016912321312102e-04 -3.377166799642949968e-04 -9.781200787707389210e-04 -2.216209353433029605e-03 -3.303210097095554687e-03 2.125926158558666401e-03 0.000000000000000000e+00
8.433695990195944070e-04 -3.657151849955075917e-04 -8.845519330686335557e-04 -1.897834545356857916e-03 -3.219823550946188107e-03 1.809281265395590310e-03 0.000000000000000000e+00
8.726738015075452548e-04 -4.552565909297090485e-04 -9.378320733570699730e-04 -1.893473343753449001e-03 -3.674246378100320953e-03 1.794138214791018981e-03 0.000000000000000000e+00
7.667468432557833502e-04 -4.755347116721375667e-04 -8.461893438206635754e-04 -1.595353883860006761e-03 -3.565517644134708064e-03 1.502242610359250108e-03 0.000000000000000000e+00
7.878610174852640480e-04 -5.753767104341445116e-04 -8.950300886605699890e-04 -1.561302264546426954e-03 -4.051586365703130355e-03 1.461299140007588093e-03 0.000000000000000000e+00
6.872040253541877863e-04 -5.866482864209654480e-04 -8.058611390104331029e-04 -1.286770703693207452e-03 -3.913872142797814035e-03 1.197341526246065158e-03 0.000000000000000000e+00
7.002078808439338165e-04 -6.958923845533093733e-04 -8.504720861873538151e-04 -1.225574643236804206e-03 -4.429189484033813073e-03 1.134174243180963160e-03 0.000000000000000000e+00
6.044702188897632666e-04 -6.985897999310930473e-04 -7.636196339790568555e-04 -9.741364622888326608e-04 -4.264949216386426656e-03 8.965658940720544479e-04 0.000000000000000000e+00
6.086000560935611592e-04 -8.177981619317820083e-04 -8.034394114607434911e-04 -8.837202270504107560e-04 -4.812226763081461911e-03 8.097015375239102752e-04 0.000000000000000000e+00
5.185536603228568797e-04 -8.107386204195266011e-04 -7.194265683143352685e-04 -6.581425220746339733e-04 -4.618115068055317352e-03 6.011442221516283269e-04 0.000000000000000000e+00
5.139739107742069546e-04 -9.387926506190802378e-04 -7.547684507737129067e-04 -5.416395524076023094e-04 -5.194568739772975619e-03 4.945176764665770719e-04 0.000000000000000000e+00
4.292902767828732369e-04 -9.225693690554370718e-04 -6.733340152880462615e-04 -3.405597183920860971e-04 -4.973257928704288844e-03 3.125604806093473798e-04 0.000000000000000000e+00
4.152416431986716283e-04 -1.059826248207718091e-03 -7.036301707090686364e-04 -1.960135122054396106e-04 -5.581143213125638880e-03 1.851634599920881641e-04 0.000000000000000000e+00
3.367152716073629204e-04 -1.033334381053796491e-03 -6.254183789434208940e-04 -2.233404570262109701e-05 -5.329447829724998087e-03 3.250909731811191250e-05 0.000000000000000000e+00
3.134031905816236918e-04 -1.178602550971241669e-03 -6.509504956722644842e-04 1.473479091842477828e-04 -5.965977742268258055e-03 -1.120095488198469269e-04 0.000000000000000000e+00
2.408153835113946428e-04 -1.142403968952321325e-03 -5.757092821117443249e-04 2.952979570194358416e-04 -5.686037974164115383e-03 -2.378258958535273138e-04 0.000000000000000000e+00
2.074658103073390158e-04 -1.295942431243479742e-03 -5.959215528867495282e-04 4.923373922505192013e-04 -6.353632971697997789e-03 -4.004020779331263213e-04 0.000000000000000000e+00
1.416388918366595639e-04 -1.249066907660106862e-03 -5.242461679686033493e-04 6.119446892070001809e-04 -6.042335467130399707e-03 -4.974154447163758874e-04 0.000000000000000000e+00
9.853852994096135021e-05 -1.409531134382191464e-03 -5.394995701981514236e-04 8.331267160688327067e-04 -6.737819360118635359e-03 -6.740348760232439673e-04 0.000000000000000000e+00
3.930510653701868584e-05 -1.352600852691704381e-03 -4.711333329938255376e-04 9.268523068532985576e-04 -6.397425647072019217e-03 -7.449886164585528547e-04 0.000000000000000000e+00
-1.424603570363003335e-05 -1.520039089702274193e-03 -4.809009952655846076e-04 1.174141930997407712e-03 -7.122640410067937466e-03 -9.363845693672878667e-04 0.000000000000000000e+00
-6.606609055875845016e-05 -1.452267594785505711e-03 -4.164780939235473989e-04 1.239483984944556028e-03 -6.750278227804162867e-03 -9.794852662090569595e-04 0.000000000000000000e+00
-1.296074987394146838e-04 -1.625288425745663456e-03 -4.210554792035414717e-04 1.510696987447879280e-03 -7.501889573591657978e-03 -1.182259398317730970e-03 0.000000000000000000e+00
-1.741718745778553235e-04 -1.547316200831372335e-03 -3.603429917731632015e-04 1.549862449733652170e-03 -7.099624441139873454e-03 -1.200396044646057092e-03 0.000000000000000000e+00
-2.484029165754075841e-04 -1.725774675631897015e-03 -3.592756884638892423e-04 1.846812594291868947e-03 -7.879247556743962377e-03 -1.414759518174601993e-03 0.000000000000000000e+00
-2.847614513776242084e-04 -1.637017613569380359e-03 -3.028484677366632960e-04 1.858052286890732319e-03 -7.444284475913498511e-03 -1.406765459130321361e-03 0.000000000000000000e+00
-3.690902282789676470e-04 -1.819433412655280247e-03 -2.964985826439253680e-04 2.178658252656617833e-03 -8.248270183643047204e-03 -1.629445410100682778e-03 0.000000000000000000e+00
-3.974020023970181725e-04 -1.720587625760328088e-03 -2.441187775340525334e-04 2.164295289037276859e-03 -7.782628350094800140e-03 -1.598178855571230628e-03 0.000000000000000000e+00
-4.923797926622008880e-04 -1.906647231554259303e-03 -2.320800184791305121e-04 2.510698629577312602e-03 -8.612073073817505531e-03 -1.829263764186350727e-03 0.000000000000000000e+00
-5.116973874967900571e-04 -1.797345123628474317e-03 -1.842619711151793904e-04 2.469431975946179136e-03 -8.113378081053834734e-03 -1.774283135673737632e-03 0.000000000000000000e+00
-6.165488080333014764e-04 -1.985521360836267624e-03 -1.669086008767722840e-04 2.839633487807802226e-03 -8.964242915191267258e-03 -2.010650126172519592e-03 0.000000000000000000e+00
-6.270490462202404913e-04 -1.866535439937117014e-03 -1.234606378287539385e-04 2.773965751477369679e-03 -8.434533806111588206e-03 -1.934528019178927138e-03 0.000000000000000000e+00
-7.421596173490807580e-04 -2.056348420089032514e-03 -1.003797169586290172e-04 3.170662173800131711e-03 -9.307384060794454683e-03 -2.176374562395722023e-03 0.000000000000000000e+00
-7.428530251948062268e-04 -1.927476197072452990e-03 -6.187205152259622754e-05 3.078828871970529235e-03 -8.744364132924342670e-03 -2.078784460012972346e-03 0.000000000000000000e+00
-8.673027771063934743e-04 -2.117433636464494118e-03 -3.349539219513197885e-05 3.500564877260359253e-03 -9.635047144126662744e-03 -2.323202098597709764e-03 0.000000000000000000e+00
-8.584203979117299710e-04 -1.979561155534270700e-03 3.778577739171895544e-07 3.385505446887648873e-03 -9.040935075207201521e-03 -2.206938906777367038e-03 0.000000000000000000e+00
-9.922798985008418615e-04 -2.168972581983147352e-03 3.441284951635759093e-05 3.835586267429746954e-03 -9.949311976376939981e-03 -2.454031792006539092e-03 0.000000000000000000e+00
-9.729043839394324600e-04 -2.022144923057134225e-03 6.305970421000006709e-05 3.695285337787623803e-03 -9.322069649250863677e-03 -2.318866778971973019e-03 0.000000000000000000e+00
-1.115154774583793085e-03 -2.209626587617807836e-03 1.023337863550188853e-04 4.172376633879260055e-03 -1.024386712385183529e-02 -2.566021637899762453e-03 0.000000000000000000e+00
-1.085445438970877863e-03 -2.054738657499055599e-03 1.260584089379374051e-04 4.009978950475279191e-03 -9.585703541246104464e-03 -2.414849853908052069e-03 0.000000000000000000e+00
-1.235866721923023492e-03 -2.239425607784728545e-03 1.708427607822887717e-04 4.517913064112200061e-03 -1.051983656221278096e-02 -2.661699862127386851e-03 0.000000000000000000e+00
-1.195115365962701182e-03 -2.076845358071233161e-03 1.891403899348248485e-04 4.331259145203603111e-03 -9.829581948087362520e-03 -2.494591044916560918e-03 0.000000000000000000e+00
-1.352439504319458141e-03 -2.257393294287757257e-03 2.389300926925602697e-04 4.869007572207983969e-03 -1.077146131541084628e-02 -2.738799441054151629e-03 0.000000000000000000e+00
-1.300818613564708182e-03 -2.088049623275134437e-03 2.521049722106899482e-04 4.661391813130855155e-03 -1.005122203982056206e-02 -2.558262421481050097e-03 0.000000000000000000e+00
-1.464606593130995948e-03 -2.263589632307383415e-03 3.071992050627941895e-04 5.233574079339220475e-03 -1.099931129690778775e-02 -2.799637032205426479e-03 0.000000000000000000e+00
-1.401475302708093951e-03 -2.088019702736920724e-03 3.147621374034181851e-04 5.002328704637903911e-03 -1.024813736691410071e-02 -2.605898193366540383e-03 0.000000000000000000e+00
-1.570284866015514424e-03 -2.257341454028616301e-03 3.745868220930981263e-04 5.608239449032659252e-03 -1.119778762868550714e-02 -2.842034959589456733e-03 0.000000000000000000e+00
-1.495952105375258911e-03 -2.076539032795532425e-03 3.768536461440513685e-04 5.356368286520307720e-03 -1.041796765300784244e-02 -2.637420056474715224e-03 0.000000000000000000e+00
-1.668920710157867360e-03 -2.238651832619065196e-03 4.417223236665712705e-04 6.001732920725366682e-03 -1.136648391116601431e-02 -2.868003428147636313e-03 0.000000000000000000e+00
-1.583026711558049859e-03 -2.053458864496426894e-03 4.381935985992985172e-04 5.726222891608401255e-03 -1.055822878742684878e-02 -2.652849841734195024e-03 0.000000000000000000e+00
-1.758557505123270470e-03 -2.207315836141032772e-03 5.074849007469239837e-04 6.410358193238430147e-03 -1.150067632150353347e-02 -2.875628529194207417e-03 0.000000000000000000e+00
-1.661410519199518765e-03 -2.018698397738438732e-03 4.985729000039212933e-04 6.114440847715840732e-03 -1.066601202598382869e-02 -2.652105348259325979e-03 0.000000000000000000e+00
-1.838386449364293185e-03 -2.163301070282563909e-03 5.724685632631648646e-04 6.843521555045306570e-03 -1.159922620486542044e-02 -2.866227865059078894e-03 0.000000000000000000e+00
-1.729832764919947419e-03 -1.972272260999996529e-03 5.577748793431369645e-04 6.523744846815837661e-03 -1.073883063792280268e-02 -2.634966782760317372e-03 0.000000000000000000e+00
-1.906528186799733016e-03 -2.106805292713176403e-03 6.355925915307591989e-04 7.297660681222062351e-03 -1.165789471609546268e-02 -2.838190693706055256e-03 0.000000000000000000e+00
-1.787032259687348912e-03 -1.914321808870134145e-03 6.154957793459980842e-04 6.956811021909814485e-03 -1.077390492611041140e-02 -2.600901783912368259e-03 0.000000000000000000e+00
-1.961927310901806498e-03 -2.037738431211633117e-03 6.974445357123548739e-04 7.782650625896003760e-03 -1.167448149051963924e-02 -2.792212210243283366e-03 0.000000000000000000e+00
-1.831681231606124838e-03 -1.845005374694175249e-03 6.715344699980696497e-04 7.416631928527372963e-03 -1.076859352283587867e-02 -2.549562095106150394e-03 0.000000000000000000e+00
-2.003000367437862694e-03 -1.956770829192322481e-03 7.569942576696742087e-04 8.294721919175351843e-03 -1.164594888261838435e-02 -2.726917982221355174e-03 0.000000000000000000e+00
-1.862546497526151867e-03 -1.764635415876236735e-03 7.256622661005740493e-04 7.906141002802513640e-03 -1.072023769941488069e-02 -2.480325471450939290e-03 0.000000000000000000e+00
-2.028371173876053479e-03 -1.863646778004157678e-03 8.146762132606177875e-04 8.844160329581463031e-03 -1.156857625071339157e-02 -2.641982155656696918e-03 0.000000000000000000e+00
0.000000000000000000e+00 0.000000000000000000e+00 0.000000000000000000e+00 0.000000000000000000e+00 0.000000000000000000e+00 0.000000000000000000e+00 0.000000000000000000e+00
