-1.465876915592445873e-01 -3.024958463443154777e-01 1.553549573346724166e-01 1.568237643967645312e+00 8.637551538761556458e-03 1.556963390293678362e+00 -4.932940330535282580e-01 8.435184583951195192e-01 2.428681740322666816e-01 -5.514172575283986522e-01 -1.163676627267556718e+00 2.438039422602932549e-01 0.000000000000000000e+00
-1.454956168645651360e-01 -3.036347204575068348e-01 1.585277616024526326e-01 1.563939306654374306e+00 1.306646932375254977e-02 1.547265382024445524e+00 -4.887286092863190601e-01 8.361028197607666135e-01 2.399232504988570991e-01 -5.510133558595745606e-01 -1.164215384756079885e+00 2.441384352932071955e-01 0.000000000000000000e+00
-1.444346000931082952e-01 -3.046214127511879810e-01 1.614293753174352031e-01 1.560108430770956289e+00 1.714764055172413038e-02 1.538395914408867249e+00 -4.844210128021431694e-01 8.291584940603304865e-01 2.375628908247198190e-01 -5.504552571636348590e-01 -1.164814596001347624e+00 2.443054987173392256e-01 0.000000000000000000e+00
-1.432285905963132933e-01 -3.056225532700995173e-01 1.645411190754100805e-01 1.556108952046201033e+00 2.156189653369233739e-02 1.528877404178343058e+00 -4.796494603665618639e-01 8.215351954399786605e-01 2.353824276822173989e-01 -5.496515484361624848e-01 -1.165567737957622141e+00 2.443364246754977653e-01 0.000000000000000000e+00
-1.420636347702159408e-01 -3.064858272189819322e-01 1.673820837006574358e-01 1.552558683382792459e+00 2.563026244922328445e-02 1.520175436186311124e+00 -4.751440575924202880e-01 8.144115058401257823e-01 2.337094298854294205e-01 -5.487261998259008733e-01 -1.166353903111413404e+00 2.442287330989176830e-01 0.000000000000000000e+00
-1.407463957501841889e-01 -3.073572478094037663e-01 1.704237300980809278e-01 1.548867976443546013e+00 3.003115158009084240e-02 1.510840344261576762e+00 -4.701502310743582158e-01 8.066071122656486292e-01 2.322537460335922788e-01 -5.475266787814155878e-01 -1.167297860559792122e+00 2.439678598253876285e-01 0.000000000000000000e+00
-1.394805125820479663e-01 -3.081047527135036823e-01 1.731965633321904396e-01 1.545606119506248710e+00 3.408776507516186882e-02 1.502308507436774798e+00 -4.654338393628550952e-01 7.993292922177073212e-01 2.312276300655848882e-01 -5.462401056587982140e-01 -1.168248475910895978e+00 2.435977137233802381e-01 0.000000000000000000e+00
-1.380559218506822450e-01 -3.088549018512937727e-01 1.761609209659648345e-01 1.542231180480699848e+00 3.847599114083255500e-02 1.493158700691461505e+00 -4.602056213793524475e-01 7.913717003015232621e-01 2.304491880789547587e-01 -5.446537271764653187e-01 -1.169358215137132007e+00 2.430597884726978519e-01 0.000000000000000000e+00
-1.366924025002044518e-01 -3.094938680709499734e-01 1.788589545449412732e-01 1.539264269008153718e+00 4.252029455911721101e-02 1.484799806037779835e+00 -4.552664229531506179e-01 7.839642508875223070e-01 2.300302728394851837e-01 -5.430120548119995449e-01 -1.170451709080718494e+00 2.424389390435731373e-01 0.000000000000000000e+00
-1.351636239832960107e-01 -3.101300045596755428e-01 1.817386477568761205e-01 1.536212460161507920e+00 4.689428567252917901e-02 1.475839873626031418e+00 -4.497900316455661351e-01 7.758788272390145790e-01 2.298907231983648991e-01 -5.410432131076176043e-01 -1.171705392163873150e+00 2.416347809076668796e-01 0.000000000000000000e+00
-1.337059032669316860e-01 -3.106672385508106871e-01 1.843558790672364944e-01 1.533545981885466425e+00 5.092465125075440469e-02 1.467657329072387107e+00 -4.446172407022507267e-01 7.683654505926558187e-01 2.300406591677364165e-01 -5.390527332193788546e-01 -1.172921125201494386e+00 2.407744966517872398e-01 0.000000000000000000e+00
-1.320772817384202324e-01 -3.111968566604709219e-01 1.871454204003377420e-01 1.530821547726259446e+00 5.528237085079013013e-02 1.458889404697140346e+00 -4.388832884277419910e-01 7.601780944534252127e-01 2.304948612916493111e-01 -5.367106161987086344e-01 -1.174296115272302377e+00 2.397176378179461387e-01 0.000000000000000000e+00
-1.305290264311241288e-01 -3.116387940516525124e-01 1.896766545459649123e-01 1.528459529839845565e+00 5.929610227205461825e-02 1.450886522705803428e+00 -4.334673508769023575e-01 7.525816937600831036e-01 2.311758315823826404e-01 -5.343777536628263602e-01 -1.175614380011891447e+00 2.386286878929695376e-01 0.000000000000000000e+00
-1.288041264199991931e-01 -3.120683667364477776e-01 1.923701669363199196e-01 1.526067137913215355e+00 6.363386947390203829e-02 1.442316017079071866e+00 -4.274643860427820297e-01 7.443163070009131133e-01 2.321870338482858731e-01 -5.316671217263165827e-01 -1.177090437046067972e+00 2.373290319914972135e-01 0.000000000000000000e+00
-1.271691300885667841e-01 -3.124210426890195458e-01 1.948107636320979830e-01 1.524012551018996575e+00 6.762749357606878675e-02 1.434496844685059669e+00 -4.217967464794162846e-01 7.366591196556900867e-01 2.333624199953923117e-01 -5.289984012874617836e-01 -1.178492325043885680e+00 2.360217527914045821e-01 0.000000000000000000e+00
-1.253526347364561644e-01 -3.127571365219287136e-01 1.974041355029755307e-01 1.521953771937722522e+00 7.194139280909306322e-02 1.426126918369966745e+00 -4.155178448668500613e-01 7.283397373054188995e-01 2.348881449838988722e-01 -5.259286087884410543e-01 -1.180048809542982413e+00 2.344916668766131862e-01 0.000000000000000000e+00
-1.236348651844503682e-01 -3.130262081377847561e-01 1.997501469665033391e-01 1.520208127918495578e+00 7.591077678417246233e-02 1.418495618482701781e+00 -4.095911463084468962e-01 7.206431351760625992e-01 2.365221274707169918e-01 -5.229307216388524582e-01 -1.181516344461670753e+00 2.329758954526809644e-01 0.000000000000000000e+00
-1.217306679661993851e-01 -3.132745735702679446e-01 2.022388727125956076e-01 1.518484733362459593e+00 8.019582521294976729e-02 1.410332388158641370e+00 -4.030271200116740671e-01 7.122922609459011456e-01 2.385269551393283116e-01 -5.195068618729057341e-01 -1.183134614298057441e+00 2.312244009827630897e-01 0.000000000000000000e+00
-1.199342197207884930e-01 -3.134653411983396309e-01 2.044868566945459432e-01 1.517048322191188348e+00 8.413628016322949321e-02 1.402893826100016117e+00 -3.968350374506444123e-01 7.045770166889143704e-01 2.405846465555783187e-01 -5.161865324943357702e-01 -1.184650485590530433e+00 2.295095249778338342e-01 0.000000000000000000e+00
-1.179472459563988135e-01 -3.136316882427004904e-01 2.068680781571686778e-01 1.515659055490239382e+00 8.838758966550219753e-02 1.394941306699347683e+00 -3.899813590958118859e-01 6.962168213949375684e-01 2.430286294879440145e-01 -5.124181928413873433e-01 -1.186312031794630739e+00 2.275478904531519075e-01 0.000000000000000000e+00
-1.160762712017860548e-01 -3.137491223689017339e-01 2.090152499933032870e-01 1.514530742505219685e+00 9.229437415358177077e-02 1.387700295209018275e+00 -3.835185329204620630e-01 6.885027755604412603e-01 2.454759413716722793e-01 -5.087823121631566137e-01 -1.187859994178239509e+00 2.256428647463909754e-01 0.000000000000000000e+00
-1.140106404749155200e-01 -3.138385070300434565e-01 2.112856035746192018e-01 1.513474548350415283e+00 9.650636770292653210e-02 1.379965655812728897e+00 -3.763682449992220014e-01 6.801544313333154346e-01 2.483252574219481090e-01 -5.046748855244137522e-01 -1.189547772519077062e+00 2.234792793872969752e-01 0.000000000000000000e+00
-1.120693927558538833e-01 -3.138872505098544430e-01 2.133295845963289750e-01 1.512651920822341900e+00 1.003744838449751597e-01 1.372927941710806232e+00 -3.696304141518079178e-01 6.724608918392127599e-01 2.511290334175833028e-01 -5.007304776338974417e-01 -1.191112113343389733e+00 2.213926427389494300e-01 0.000000000000000000e+00
-1.099301629295564159e-01 -3.139046441363689821e-01 2.154873733798684521e-01 1.511924639725067188e+00 1.045420178136398093e-01 1.365415862237785438e+00 -3.621811863982063451e-01 6.641447718612768503e-01 2.543458656982902077e-01 -4.962936179683118398e-01 -1.192809612222206050e+00 2.190373430708833780e-01 0.000000000000000000e+00
-1.079229046537842213e-01 -3.138890016783283388e-01 2.174262736626965398e-01 1.511403987391034320e+00 1.083665672442082339e-01 1.358587589040047172e+00 -3.551650219273653764e-01 6.564901145190893406e-01 2.574741478727515798e-01 -4.920477402423984459e-01 -1.194375550943172826e+00 2.167771681880035495e-01 0.000000000000000000e+00
-1.057142749627992956e-01 -3.138388441343558100e-01 2.194690795256709070e-01 1.511001748728941330e+00 1.124842706922430935e-01 1.351306615802199795e+00 -3.474119607828994316e-01 6.482261259194916914e-01 2.610264052927540046e-01 -4.872871733463137178e-01 -1.196067190867591057e+00 2.142375444829903719e-01 0.000000000000000000e+00
-1.036453101952721501e-01 -3.137628902698132993e-01 2.213015266793441904e-01 1.510777936735776095e+00 1.162606334873799163e-01 1.344693924409063879e+00 -3.401151324226777128e-01 6.406282604875501718e-01 2.644475020290697476e-01 -4.827470163199465980e-01 -1.197620879047543330e+00 2.118115378879826816e-01 0.000000000000000000e+00
-1.013723500395355831e-01 -3.136494814303946166e-01 2.232286624765733307e-01 1.510693630574700741e+00 1.203238300161615371e-01 1.337649571195790532e+00 -3.320580381502656331e-01 6.324349122358668973e-01 2.682996313878147632e-01 -4.776725625998823888e-01 -1.199292012631568038e+00 2.090968113412967899e-01 0.000000000000000000e+00
-9.924594277457690628e-02 -3.135169593677368804e-01 2.249535859661051240e-01 1.510760352257363159e+00 1.240476693693279842e-01 1.331259723867578071e+00 -3.244791477410908787e-01 6.249108163661205584e-01 2.719834489656671739e-01 -4.728454166765456157e-01 -1.200820134465055533e+00 2.065122800824021332e-01 0.000000000000000000e+00
-9.691285191703577495e-02 -3.133442250238956950e-01 2.267635633960274899e-01 1.510987174801361910e+00 1.280517476816758204e-01 1.324461534782167993e+00 -3.161151574425607458e-01 6.168066840109548421e-01 2.761046907525646077e-01 -4.674630682449546493e-01 -1.202456513796854587e+00 2.036291085967687486e-01 0.000000000000000000e+00
-9.473323244461580306e-02 -3.131586914343502115e-01 2.283803372281228428e-01 1.511336759431102905e+00 1.317193152921927179e-01 1.318301773013591527e+00 -3.082536723522150135e-01 6.093729358811894592e-01 2.800214017677440381e-01 -4.623562904071595314e-01 -1.203946685584808440e+00 2.008929768928213178e-01 0.000000000000000000e+00
-9.234497137614179618e-02 -3.129303236137302435e-01 2.300732982298815676e-01 1.511864893085133055e+00 1.356606400952626856e-01 1.311756043190135834e+00 -2.995845836613026947e-01 6.013747973374089506e-01 2.843785996272227834e-01 -4.566759342495886886e-01 -1.205535660649204255e+00 1.978496329123764497e-01 0.000000000000000000e+00
-9.011630856676530743e-02 -3.126950627119126080e-01 2.315816613008293001e-01 1.512488364142190456e+00 1.392686937052536322e-01 1.305834217891037152e+00 -2.914409033639493440e-01 5.940469764400014840e-01 2.884995750980112739e-01 -4.512969480588738258e-01 -1.206976031324773713e+00 1.949684255080469664e-01 0.000000000000000000e+00
-8.767692891285991386e-02 -3.124145416238096606e-01 2.331568722080625822e-01 1.513308278180858224e+00 1.431441304429883488e-01 1.299551360934636302e+00 -2.824657175952460797e-01 5.861722754127461910e-01 2.930634342580800134e-01 -4.453248758933984197e-01 -1.208504952106588259e+00 1.917708512109729257e-01 0.000000000000000000e+00
-8.540331227412072124e-02 -3.121326315817365415e-01 2.345569343430362053e-01 1.514195444474722763e+00 1.466901764649319873e-01 1.293875373810686735e+00 -2.740411237371598308e-01 5.789653620288282010e-01 2.973607109930320735e-01 -4.396811714903297585e-01 -1.209884602709303758e+00 1.887507599557957938e-01 0.000000000000000000e+00
-8.291758499491055923e-02 -3.118031335786720648e-01 2.360152410370464915e-01 1.515294697197730578e+00 1.504974709029678337e-01 1.287862616391179715e+00 -2.647635360266780702e-01 5.712291453782569750e-01 3.021003387850460520e-01 -4.334273035920103156e-01 -1.211342283931958530e+00 1.854063789036310972e-01 0.000000000000000000e+00
-8.060295673174530662e-02 -3.114774574450445144e-01 2.373073019063973998e-01 1.516434260831100111e+00 1.539799242825132808e-01 1.282441093856347303e+00 -2.560600592681900878e-01 5.641576537357696486e-01 3.065470188571512988e-01 -4.275265042752081079e-01 -1.212650961291623641e+00 1.822532128177340727e-01 0.000000000000000000e+00
-7.807471593171509683e-02 -3.111020668308392967e-01 2.386486713560846407e-01 1.517800598476337193e+00 1.577177161967409091e-01 1.276709505899360053e+00 -2.464809184985272961e-01 5.565760335864775588e-01 3.114345852477191645e-01 -4.209973986782289956e-01 -1.214026084520485993e+00 1.787672514641180377e-01 0.000000000000000000e+00
-7.572293060370584306e-02 -3.107353256173431277e-01 2.398334501456896306e-01 1.519179969813604814e+00 1.611357311891792321e-01 1.271550945446300762e+00 -2.375014883168366786e-01 5.496535790964937052e-01 3.160043033621862119e-01 -4.148471277463136042e-01 -1.215254068099121509e+00 1.754865033172494371e-01 0.000000000000000000e+00
-7.315663352701222422e-02 -3.103167861495739754e-01 2.410593840266210541e-01 1.520798571881567085e+00 1.648037507846495942e-01 1.266107857562919436e+00 -2.276261873892002352e-01 5.422400377014992001e-01 3.210109130534806177e-01 -4.080527713047625848e-01 -1.216537312270376203e+00 1.718655862753936392e-01 0.000000000000000000e+00
-7.077137499670814458e-02 -3.099114873828568428e-01 2.421378057487725832e-01 1.522404213092155345e+00 1.681574955949578509e-01 1.261220931744059026e+00 -2.183744822755626369e-01 5.354796698533603738e-01 3.256783691799534086e-01 -4.016607186353816639e-01 -1.217675813636384996e+00 1.684624159421654610e-01 0.000000000000000000e+00
-6.817056444368550794e-02 -3.094525365356231017e-01 2.432488423690228052e-01 1.524260445921557405e+00 1.717563724049435692e-01 1.256077777771202442e+00 -2.082056177720154055e-01 5.282491209147679445e-01 3.307776568771829684e-01 -3.946078358310112222e-01 -1.218857191895944103e+00 1.647111371649502831e-01 0.000000000000000000e+00
-6.575535462660749009e-02 -3.090110326385964168e-01 2.442220650541139237e-01 1.526077700799384651e+00 1.750470046359762222e-01 1.251471448990849389e+00 -1.986860818764998871e-01 5.216632234075428975e-01 3.355183499336329422e-01 -3.879818244598667865e-01 -1.219897822091892570e+00 1.611903882695950863e-01 0.000000000000000000e+00
-6.312411710465191950e-02 -3.085139988507415998e-01 2.452201564628127550e-01 1.528154618537914011e+00 1.785785059964211108e-01 1.246635954004580160e+00 -1.882306612396601186e-01 5.146275512817171105e-01 3.406838171839505769e-01 -3.806804354362783305e-01 -1.220969478114540374e+00 1.573145900666619024e-01 0.000000000000000000e+00
-6.068230904671257503e-02 -3.080384934832174348e-01 2.460896424467649557e-01 1.530167957944534862e+00 1.818081575896659530e-01 1.242318472755383540e+00 -1.784484544368787617e-01 5.082279418927430070e-01 3.454737787205670596e-01 -3.738281885305316243e-01 -1.221904913447430907e+00 1.536807733382760388e-01 0.000000000000000000e+00
-5.802383041489981436e-02 -3.075058179583965434e-01 2.469758521079825631e-01 1.532448718557340328e+00 1.852751302186241844e-01 1.237801961269698436e+00 -1.677107387244906045e-01 5.014008285697839629e-01 3.506803918097265438e-01 -3.662852840855866376e-01 -1.222858058801570280e+00 1.496844670960167378e-01 0.000000000000000000e+00
-5.555859358122595959e-02 -3.069983411576560073e-01 2.477431786031324690e-01 1.534641669939248665e+00 1.884469281200344959e-01 1.233782095309184035e+00 -1.576717865478687863e-01 4.951985927070984839e-01 3.554968517991889954e-01 -3.592147245494807239e-01 -1.223681241894513771e+00 1.459418269475875052e-01 0.000000000000000000e+00
-5.287653658036588905e-02 -3.064320104209452555e-01 2.485199254506104127e-01 1.537107552363225160e+00 1.918532769768637181e-01 1.229591646975951358e+00 -1.466602146516363947e-01 4.885904578047712277e-01 3.607199764871071856e-01 -3.514402582477532677e-01 -1.224509618151582879e+00 1.418301558958573738e-01 0.000000000000000000e+00
-5.039084873557799632e-02 -3.058944625491950564e-01 2.491868623254522019e-01 1.539462896951680371e+00 1.949712816212754163e-01 1.225877770374605324e+00 -1.363710834577368525e-01 4.825961482441936123e-01 3.655408306923684236e-01 -3.441592424065039180e-01 -1.225214157417963357e+00 1.379826454571278505e-01 0.000000000000000000e+00
-4.768801060490081983e-02 -3.052966089812775285e-01 2.498556798479181773e-01 1.542095278834963779e+00 1.983220047904250549e-01 1.222023743715901167e+00 -1.250915143320584233e-01 4.762194087510806528e-01 3.707568980033977279e-01 -3.361603714934237042e-01 -1.225910574043018952e+00 1.337590467382087367e-01 0.000000000000000000e+00
-4.518465395408616248e-02 -3.047307548464716076e-01 2.504242089080898070e-01 1.544595026998500487e+00 2.013912562963415809e-01 1.218623660711914525e+00 -1.145594445900948027e-01 4.704429457676715387e-01 3.755607079776828172e-01 -3.286768222512737592e-01 -1.226490743686492690e+00 1.298103278556778095e-01 0.000000000000000000e+00
-4.246425618973900112e-02 -3.041030284092609004e-01 2.509877720659610123e-01 1.547373687219534055e+00 2.046922268325461758e-01 1.215112886065686348e+00 -1.030216819967332137e-01 4.643065565629381775e-01 3.807473473586666657e-01 -3.204635335809284946e-01 -1.227050007515409380e+00 1.254793038762875845e-01 0.000000000000000000e+00
-3.994580614086545162e-02 -3.035104782437607063e-01 2.514600216166523738e-01 1.549999289210902909e+00 2.077187062136633955e-01 1.212033803625630179e+00 -9.225454667667808140e-02 4.587572279309992118e-01 3.855136067615811957e-01 -3.127854404211483086e-01 -1.227500880687959928e+00 1.214327887251019089e-01 0.000000000000000000e+00
-3.721023250349674710e-02 -3.028547604899519685e-01 2.519202535942416943e-01 1.552904126635468174e+00 2.109768870977122290e-01 1.208875393110965923e+00 -8.046588934149578876e-02 4.528724741597647818e-01 3.906484476593632404e-01 -3.043650576865357671e-01 -1.227916999608284820e+00 1.169972523176829038e-01 0.000000000000000000e+00
-3.467909555588765541e-02 -3.022370215714698105e-01 2.522984933268268559e-01 1.555636405553403989e+00 2.139672124375584517e-01 1.206124150109634918e+00 -6.947220639764818684e-02 4.475590017318659131e-01 3.953571827827322416e-01 -2.965003435133682363e-01 -1.228233782619949643e+00 1.128561117240153427e-01 0.000000000000000000e+00
-3.193112579000591256e-02 -3.015546502691095476e-01 2.526583701249938696e-01 1.558646172540985475e+00 2.171901801497244655e-01 1.203323407495340280e+00 -5.744368147203381819e-02 4.419334401137233748e-01 4.004197188569182941e-01 -2.878827537000354098e-01 -1.228503028206156644e+00 1.083199744064186204e-01 0.000000000000000000e+00
-2.938947938992659756e-02 -3.009130532963950055e-01 2.529449433252144996e-01 1.561465608146520800e+00 2.201518893214977624e-01 1.200906037234772183e+00 -4.623250565209999913e-02 4.368639465311894843e-01 4.050521544150567088e-01 -2.798394745757780688e-01 -1.228681992631410091e+00 1.040871212027114495e-01 0.000000000000000000e+00
-2.663110708373911395e-02 -3.002056307397943380e-01 2.532066345366197346e-01 1.564559103710649879e+00 2.233481318028260887e-01 1.198470769192487850e+00 -3.397281834386675636e-02 4.315076637887675925e-01 4.100216130091445255e-01 -2.710321511795338312e-01 -1.228799438035482527e+00 9.945281310943165920e-02 0.000000000000000000e+00
-2.408096873847427599e-02 -2.995414126540656419e-01 2.534040411482653132e-01 1.567445707218207751e+00 2.262892222082708571e-01 1.196392551046533415e+00 -2.255380776798747780e-02 4.266896724816779951e-01 4.145593731905306001e-01 -2.628182965874569232e-01 -1.228836988606852643e+00 9.513093542391018453e-02 0.000000000000000000e+00
-2.131454138599461756e-02 -2.988099735339314611e-01 2.535707481844716726e-01 1.570601066867061135e+00 2.294676676233322610e-01 1.194326119944170150e+00 -1.007507650039252134e-02 4.216088937540248271e-01 4.194171121768897059e-01 -2.538310766595778256e-01 -1.228800370141864162e+00 9.040184376295878899e-02 0.000000000000000000e+00
-1.875773791405135546e-02 -2.981242304528000098e-01 2.536815945626225699e-01 1.573534710377380463e+00 2.323966738074165761e-01 1.192591109208449796e+00 1.541604996766131244e-03 4.170493955202410064e-01 4.238426201183285169e-01 -2.454546360829515939e-01 -1.228693843698260846e+00 8.599341334200975850e-02 0.000000000000000000e+00
-1.598488227710166687e-02 -2.973701313836587534e-01 2.537557099755188839e-01 1.576729995866893219e+00 2.355668667865806754e-01 1.190899498171081206e+00 1.422938829818566273e-02 4.122530756865219193e-01 4.285691984210016070e-01 -2.362951262773012040e-01 -1.228499166622576189e+00 8.117152716182592098e-02 0.000000000000000000e+00
-1.342307456279261124e-02 -2.966638284517400526e-01 2.537826179051741460e-01 1.579690271873609220e+00 2.384926888319407468e-01 1.189511248930740672e+00 2.603303215628344561e-02 4.079584954021738263e-01 4.328658093656807537e-01 -2.277641557784231274e-01 -1.228246166319018506e+00 7.667880769237586658e-02 0.000000000000000000e+00
-1.064575405141286388e-02 -2.958878137861107871e-01 2.537674887818032188e-01 1.582903334819433461e+00 2.416642841243841211e-01 1.188195845992038979e+00 3.891677300932790823e-02 4.034514947313781463e-01 4.374444490697997345e-01 -2.184420766329801811e-01 -1.227892232210147094e+00 7.176703150302343737e-02 0.000000000000000000e+00
-8.080442604136817142e-03 -2.951618089528269540e-01 2.537131977378510594e-01 1.585869794447069658e+00 2.445960143431364919e-01 1.187156632279703805e+00 5.089621670828994859e-02 3.994276913508638116e-01 4.415960508931240369e-01 -2.097645823398773257e-01 -1.227490893833871999e+00 6.719208693491719731e-02 0.000000000000000000e+00
-5.299963979355546730e-03 -2.943649826513046741e-01 2.536114090633703189e-01 1.589078458967907892e+00 2.477790324109361286e-01 1.186220898206989727e+00 6.396471852314784823e-02 3.952178994577210669e-01 4.460086425032763202e-01 -2.002876403770463276e-01 -1.226975039530723732e+00 6.219201031067182750e-02 0.000000000000000000e+00
-2.732507716183333896e-03 -2.936199835354038057e-01 2.534787019823440124e-01 1.592030707926429756e+00 2.507258467221706866e-01 1.185531807787206127e+00 7.610830865261045131e-02 3.914701660137070993e-01 4.500000551870324550e-01 -1.914716450625024713e-01 -1.226424297817295228e+00 5.753672566261846394e-02 0.000000000000000000e+00
4.950172584599424341e-05 -2.928028306588066343e-01 2.532936798393268796e-01 1.595212927419988880e+00 2.539300744631409756e-01 1.184975007727538276e+00 8.934763144545093683e-02 3.875612114552023924e-01 4.542315518430597443e-01 -1.818494443069644528e-01 -1.225746257003761164e+00 5.245082867224529904e-02 0.000000000000000000e+00
2.617872984011084241e-03 -2.920394683282425130e-01 2.530853682803383964e-01 1.598130580051075000e+00 2.569010200137240574e-01 1.184636361281236283e+00 1.016432963955354457e-01 3.840943416376508823e-01 4.580481280012520529e-01 -1.729029374542499498e-01 -1.225045046688743255e+00 4.771691419300733844e-02 0.000000000000000000e+00
5.400363575499045159e-03 -2.912028277138360988e-01 2.528198034373633218e-01 1.601264300163053100e+00 2.601362821746717735e-01 1.184459504386903062e+00 1.150411355298844862e-01 3.804929488955366979e-01 4.620820181043949759e-01 -1.631432676521933911e-01 -1.224203354626223872e+00 4.254642854851052591e-02 0.000000000000000000e+00
7.968537178571356849e-03 -2.904216022155302612e-01 2.525387451819234297e-01 1.604127203679965419e+00 2.631402030037834905e-01 1.184470258993077785e+00 1.274763750882244029e-01 3.773112037621917936e-01 4.657099092993552958e-01 -1.540742553893352240e-01 -1.223351409393507394e+00 3.773542803928238432e-02 0.000000000000000000e+00
1.075015003657244991e-02 -2.895657183299810145e-01 2.521961346455297015e-01 1.607190934065009458e+00 2.664157396218773677e-01 1.184670093927878476e+00 1.410180582109513137e-01 3.740198029709628225e-01 4.695327438861096603e-01 -1.441865541178730947e-01 -1.222346865030329521e+00 3.248246346358797665e-02 0.000000000000000000e+00
1.331711076239583402e-02 -2.887670350602450919e-01 2.518452117354488262e-01 1.609979208870822909e+00 2.694610486152484441e-01 1.185028188989063924e+00 1.535800059805301487e-01 3.711268776578370288e-01 4.729587674704420763e-01 -1.350029843162495191e-01 -1.221344184879914696e+00 2.759577300334734376e-02 0.000000000000000000e+00
1.609699137563374780e-02 -2.878925451595533147e-01 2.514283027962452843e-01 1.612951350966401520e+00 2.727858330729651115e-01 1.185603344830155503e+00 1.672522256085630099e-01 3.681511946138369962e-01 4.765553665225943369e-01 -1.249951328677327833e-01 -1.220176255583860447e+00 2.226125328045846716e-02 0.000000000000000000e+00
1.866180421777837231e-02 -2.870767148138891889e-01 2.510104126589014495e-01 1.615645475171561429e+00 2.758803971822221257e-01 1.186305548448300939e+00 1.799276240405792149e-01 3.655503182037520005e-01 4.797670056391751814e-01 -1.157049450763435600e-01 -1.219023373147965161e+00 1.730012434685820888e-02 0.000000000000000000e+00
2.143878660889838098e-02 -2.861836287735674000e-01 2.505226656053517464e-01 1.618505401663799859e+00 2.792625020758179311e-01 1.187250645840607799e+00 1.937150753200284348e-01 3.628915846189850192e-01 4.831257844059830830e-01 -1.055862229026954674e-01 -1.217693789973743002e+00 1.188583462694305440e-02 0.000000000000000000e+00
2.400058770471997713e-02 -2.853508533802403546e-01 2.500406615508140029e-01 1.621086319523620034e+00 2.824135416681405886e-01 1.188292789059388399e+00 2.064903755824362142e-01 3.605854868520581569e-01 4.861114543040709890e-01 -9.619732338102675306e-02 -1.216391770516803472e+00 6.851390220919409239e-03 0.000000000000000000e+00
2.677393849173891754e-02 -2.844396436857647981e-01 2.494848912172458189e-01 1.623813308299229874e+00 2.858603896349523055e-01 1.189604000475496415e+00 2.203788605357403507e-01 3.582483299689182554e-01 4.892184311898120086e-01 -8.597561177459825399e-02 -1.214900799780522567e+00 1.357993823544403509e-03 0.000000000000000000e+00
2.933189883239167156e-02 -2.835900857994864688e-01 2.489417116661517826e-01 1.626262503383867575e+00 2.890742028832598010e-01 1.190980584542173482e+00 2.332401143223304385e-01 3.562392079530488087e-01 4.919668134347734423e-01 -7.649587349262264302e-02 -1.213450974883083289e+00 -3.748759437226933857e-03 0.000000000000000000e+00
3.210059056469045935e-02 -2.826605899750714301e-01 2.483213340399359759e-01 1.628837209829315569e+00 2.925921576048242656e-01 1.192650356149900892e+00 2.472138537200307129e-01 3.542237942191041045e-01 4.948120015853598730e-01 -6.618028545776884208e-02 -1.211801279745833737e+00 -9.319750960083708624e-03 0.000000000000000000e+00
3.465392854358216590e-02 -2.817942973631581971e-01 2.477197940109183705e-01 1.631136799328640308e+00 2.958741999225713570e-01 1.194355211143753204e+00 2.601469296322688751e-01 3.525134122985143503e-01 4.973129761650532110e-01 -5.661752728999919909e-02 -1.210205646778712785e+00 -1.449791607925511247e-02 0.000000000000000000e+00
3.741726557680266629e-02 -2.808468564223517427e-01 2.470376271144169300e-01 1.633539751579267119e+00 2.994685510995847011e-01 1.196377462609958142e+00 2.741908766142063802e-01 3.508233369812364111e-01 4.998837255653065803e-01 -4.621596076382788326e-02 -1.208398425662984943e+00 -2.014606047120364937e-02 0.000000000000000000e+00
3.996521460909097101e-02 -2.799638776442615606e-01 2.463806282970139316e-01 1.635672556098327846e+00 3.028231453660383821e-01 1.198403272821469967e+00 2.871813103584221483e-01 3.494128935784168721e-01 5.021273056256441158e-01 -3.657796829526351046e-02 -1.206658981996999724e+00 -2.539483264877578222e-02 0.000000000000000000e+00
4.272222043939208347e-02 -2.789981895080238528e-01 2.456399883184847421e-01 1.637886037499796998e+00 3.064980004585589057e-01 1.200768607240666919e+00 3.012792862209746070e-01 3.480472578609378753e-01 5.044153604761856258e-01 -2.609932406148040077e-02 -1.204697830170265327e+00 -3.111883551989954103e-02 0.000000000000000000e+00
4.526400995002156924e-02 -2.780985031278207509e-01 2.449302975423788831e-01 1.639835607882261570e+00 3.099283546962272595e-01 1.203107568575209285e+00 3.143123971216588708e-01 3.469375852137290828e-01 5.063926244275149813e-01 -1.639381629809331942e-02 -1.202817105808451581e+00 -3.643749903132943724e-02 0.000000000000000000e+00
4.801399780250824312e-02 -2.771148449746669296e-01 2.441339896268135412e-01 1.641841823451686722e+00 3.136865136299440415e-01 1.205807884528810936e+00 3.284487225039084968e-01 3.458989856781118366e-01 5.083865331356571815e-01 -5.845984491576448200e-03 -1.200704020641528036e+00 -4.223709406551941214e-02 0.000000000000000000e+00
5.054884872795870066e-02 -2.761984096502968500e-01 2.433743895071756036e-01 1.643592630359304252e+00 3.171945886139830861e-01 1.208451184296075454e+00 3.415095968589568209e-01 3.450903833921364905e-01 5.100890920205447543e-01 3.919359872181728613e-03 -1.198684945061084361e+00 -4.762500600707518517e-02 0.000000000000000000e+00
5.329083926316150605e-02 -2.751964348850574060e-01 2.425256771174224002e-01 1.645375926903288821e+00 3.210374961069826227e-01 1.211475247211538431e+00 3.556677934516587203e-01 3.443768892465906006e-01 5.117819303674537856e-01 1.452770499246387043e-02 -1.196424320769770677e+00 -5.349906552205729166e-02 0.000000000000000000e+00
5.581795922688698869e-02 -2.742632014997206658e-01 2.417188989699480817e-01 1.646913408372239651e+00 3.246239934845798203e-01 1.214413460082705676e+00 3.687413844009121422e-01 3.438691908742806391e-01 5.132020610187382204e-01 2.434529126614855959e-02 -1.194270089764005727e+00 -5.895564540784506424e-02 0.000000000000000000e+00
5.855117240853843774e-02 -2.732431661165327097e-01 2.408204349724267501e-01 1.648457830128355894e+00 3.285515757500503398e-01 1.217752039347683057e+00 3.829051070528760037e-01 3.434824665944875566e-01 5.145839753083807366e-01 3.500629545557484151e-02 -1.191864589509391559e+00 -6.490402792318640535e-02 0.000000000000000000e+00
6.106974035421051938e-02 -2.722931125202653346e-01 2.399692232423811800e-01 1.649768580831344700e+00 3.322158073576719772e-01 1.220974711921458455e+00 3.959761679990938532e-01 3.432751062141112253e-01 5.157143540330646481e-01 4.486857186100511735e-02 -1.189578931503831205e+00 -7.042874312098817979e-02 0.000000000000000000e+00
6.379316405380931754e-02 -2.712546719262201589e-01 2.390241002965989292e-01 1.651060718785385184e+00 3.362267903164695149e-01 1.224615619547136491e+00 4.101288385325338459e-01 3.432122556123853863e-01 5.167800179432600061e-01 5.557380533047272947e-02 -1.187033482133933227e+00 -7.645044995127997511e-02 0.000000000000000000e+00
6.630229473026363896e-02 -2.702877844066809976e-01 2.381310702744776076e-01 1.652132296155365943e+00 3.399667069939553699e-01 1.228112235506581662e+00 4.231819564309073356e-01 3.433042012490203354e-01 5.176142531547274217e-01 6.547332021808288660e-02 -1.184620258712157925e+00 -8.204281360195896100e-02 0.000000000000000000e+00
6.901505646190138343e-02 -2.692312856694519252e-01 2.371419625311423085e-01 1.653158753767748124e+00 3.440579662447431630e-01 1.232044413915500680e+00 4.373067636414423309e-01 3.435658568261206192e-01 5.183547450958241321e-01 7.621498489902493734e-02 -1.181938322336393732e+00 -8.813777400698473430e-02 0.000000000000000000e+00
7.151382499353285682e-02 -2.682475884616918882e-01 2.362096669764068568e-01 1.653979896781004655e+00 3.478701990507033770e-01 1.235803952613697243e+00 4.503264255786217363e-01 3.439556770306809730e-01 5.188871109977304386e-01 8.614433135203317105e-02 -1.179401794556147687e+00 -9.379733254091777994e-02 0.000000000000000000e+00
7.421482516302520260e-02 -2.671727721983291892e-01 2.351795001174489252e-01 1.654729891434225664e+00 3.520375767445478310e-01 1.240014347793421345e+00 4.644067247094387785e-01 3.445380770715676944e-01 5.192985693861480456e-01 9.691427131361129987e-02 -1.176588963812805977e+00 -9.996462273667443277e-02 0.000000000000000000e+00
7.670226931098454715e-02 -2.661723709600352095e-01 2.342104752957758496e-01 1.655290706455556204e+00 3.559174059664744760e-01 1.244025265783002432e+00 4.773773844825607848e-01 3.452238743417767042e-01 5.195237396563143761e-01 1.068661630897227571e-01 -1.173933525889888196e+00 -1.056909267454275991e-01 0.000000000000000000e+00
7.939046175594834109e-02 -2.650797050064512272e-01 2.331417631766491694e-01 1.655753414221438291e+00 3.601547162222233922e-01 1.248502025393662507e+00 4.913958982760879279e-01 3.461267192408271631e-01 5.195988407990546065e-01 1.176566510035865348e-01 -1.170994061836713174e+00 -1.119305134424015136e-01 0.000000000000000000e+00
8.186554840950195644e-02 -2.640627828946945366e-01 2.321384801973242207e-01 1.656045317131576766e+00 3.640960624442155513e-01 1.252752372255299784e+00 5.043018765242345269e-01 3.471061966002447208e-01 5.195121549055721211e-01 1.276238476335875283e-01 -1.168224507461085304e+00 -1.177231301622976289e-01 0.000000000000000000e+00
8.453976494397975883e-02 -2.629521950807302555e-01 2.310340504094006153e-01 1.656213074178968014e+00 3.683963936216829715e-01 1.257481489390357865e+00 5.182420933817135644e-01 3.483248591150649442e-01 5.192481024834907366e-01 1.384270271745212111e-01 -1.165164535368584220e+00 -1.240340978988640624e-01 0.000000000000000000e+00
8.700140910532895566e-02 -2.619190417954685990e-01 2.299989095009316031e-01 1.656228914316407064e+00 3.723918908453951460e-01 1.261959011088949367e+00 5.310677107439669697e-01 3.495953866921145403e-01 5.188454325266711464e-01 1.484024213472525944e-01 -1.162285924546317517e+00 -1.298925945662260384e-01 0.000000000000000000e+00
8.966044549020445176e-02 -2.607912230401072673e-01 2.288611442782567118e-01 1.656093834088526506e+00 3.767461964121667783e-01 1.266927988557716267e+00 5.449120538022029780e-01 3.511286351107004156e-01 5.182362344273152566e-01 1.592106608942574220e-01 -1.159110238104452462e+00 -1.362749017304929477e-01 0.000000000000000000e+00
9.210749263147702259e-02 -2.597422083326142439e-01 2.277964327847568082e-01 1.655827784329418684e+00 3.807873451213161786e-01 1.271620495167240517e+00 5.576416309176455144e-01 3.526870504015875429e-01 5.175143846138494652e-01 1.691872285223441630e-01 -1.156127763999672764e+00 -1.421988206145083922e-01 0.000000000000000000e+00
9.475007775385106690e-02 -2.585973266380597879e-01 2.266279826757091331e-01 1.655385377555679938e+00 3.851862067829605607e-01 1.276814961961704853e+00 5.713737550254482933e-01 3.545294252437043436e-01 5.165585760986197705e-01 1.799929713558270361e-01 -1.152842887953114515e+00 -1.486515267777158977e-01 0.000000000000000000e+00
9.718133424741266790e-02 -2.575329982217948177e-01 2.255360019783988201e-01 1.654833345299363323e+00 3.892632857070790209e-01 1.281709501553423225e+00 5.839916125331620078e-01 3.563722994285255519e-01 5.155144837932543744e-01 1.899637632532996390e-01 -1.149762143204110743e+00 -1.546403935028156373e-01 0.000000000000000000e+00
9.980610507991645453e-02 -2.563720379394573978e-01 2.243391040544894244e-01 1.654078950952366789e+00 3.936950432782078124e-01 1.287116363827888854e+00 5.975937743797690160e-01 3.585217367443284675e-01 5.142074043302433672e-01 2.007595358774515448e-01 -1.146373537033094081e+00 -1.611634071188012274e-01 0.000000000000000000e+00
1.022202691268454117e-01 -2.552930756026957071e-01 2.232220020370301039e-01 1.653238158491352472e+00 3.977971954796677423e-01 1.292200342273891689e+00 6.100841330502950743e-01 3.606452082395031900e-01 5.128389390041063756e-01 2.107177609835303445e-01 -1.143200114278155599e+00 -1.672166890527672645e-01 0.000000000000000000e+00
1.048258635887370643e-01 -2.541165059102913348e-01 2.219991280585093540e-01 1.652170687149071782e+00 4.022503128191847743e-01 1.297804936996955760e+00 6.235402870901384231e-01 3.630954496004306087e-01 5.111804554352592511e-01 2.214963062843808006e-01 -1.139714702201514385e+00 -1.738089781466085337e-01 0.000000000000000000e+00
1.072216652328082942e-01 -2.530237510504195209e-01 2.208590780296622591e-01 1.651040273729481811e+00 4.063659199522735577e-01 1.303064959376174947e+00 6.358877005891545586e-01 3.654952573482146416e-01 5.094857528755873943e-01 2.314352401173133122e-01 -1.136454593553093861e+00 -1.799261260124660200e-01 0.000000000000000000e+00
1.098065895522086083e-01 -2.518329577529772600e-01 2.196124077974692945e-01 1.649658727762504107e+00 4.108264248988406919e-01 1.308853274096229535e+00 6.491800036429308252e-01 3.682433732770673540e-01 5.074721367753785017e-01 2.421892510466213955e-01 -1.132878367683280985e+00 -1.865874908470812332e-01 0.000000000000000000e+00
1.121826326534646895e-01 -2.507274197899288515e-01 2.184514264144903628e-01 1.648239226567016935e+00 4.149428173949223364e-01 1.314276147553952390e+00 6.613688924780599665e-01 3.709149566140940157e-01 5.054502648757903671e-01 2.521023189274665399e-01 -1.129537831569940032e+00 -1.927678721440713172e-01 0.000000000000000000e+00
1.147454421685654008e-01 -2.495232214070005061e-01 2.171831907813322193e-01 1.646545862982184971e+00 4.193975507785046020e-01 1.320233685670934021e+00 6.744816984743648991e-01 3.739539563130107047e-01 5.030828478247642011e-01 2.628248879111548808e-01 -1.125877849283844157e+00 -1.994971475864835420e-01 0.000000000000000000e+00
1.171003437977412714e-01 -2.484061335734971121e-01 2.160032992808570140e-01 1.644839641947655196e+00 4.235014107178738385e-01 1.325805829952843906e+00 6.864966828903118490e-01 3.768923551017496210e-01 5.007330076369327365e-01 2.727056316742691444e-01 -1.122463010976090025e+00 -2.057400798795768482e-01 0.000000000000000000e+00
1.196394180311846633e-01 -2.471903509060041637e-01 2.147155834762861648e-01 1.642837194495614384e+00 4.279345696460614690e-01 1.331917736722784129e+00 6.994121486498419138e-01 3.802184768556904348e-01 4.980092596320546683e-01 2.833896014669081698e-01 -1.118725930176436512e+00 -2.125368997451362041e-01 0.000000000000000000e+00
1.219717351490823276e-01 -2.460631118693417663e-01 2.135186721126012543e-01 1.640848171010432566e+00 4.320119736412744160e-01 1.337625577938574839e+00 7.112379820493660576e-01 3.834183980634751077e-01 4.953315843140342345e-01 2.932316794599458820e-01 -1.115243247839912577e+00 -2.188415840860057082e-01 0.000000000000000000e+00
1.244855683411243003e-01 -2.448369820811556186e-01 2.122135476881238381e-01 1.638542502560301983e+00 4.364091070333584454e-01 1.343876970108061064e+00 7.239409275539077093e-01 3.870239519947925033e-01 4.922540353583388928e-01 3.038705419616216652e-01 -1.111436458798725990e+00 -2.257046667284376418e-01 0.000000000000000000e+00
1.267938255019495641e-01 -2.437012183847301616e-01 2.110014683036311733e-01 1.636276334340355021e+00 4.404455333768995118e-01 1.349706539444185394e+00 7.355624964978226821e-01 3.904798029833338457e-01 4.892490575423478205e-01 3.136677789798051896e-01 -1.107892590336157612e+00 -2.320702542344858788e-01 0.000000000000000000e+00
1.292807721859640935e-01 -2.424670332701984177e-01 2.096809150296095048e-01 1.633674001775011320e+00 4.447897981942889878e-01 1.356081938899253769e+00 7.480354114632089546e-01 3.943602284286610860e-01 4.858162428972354618e-01 3.242545766821699482e-01 -1.104022950693245297e+00 -2.389989837977882225e-01 0.000000000000000000e+00
1.315634829271473960e-01 -2.413246090180160563e-01 2.084555104661284519e-01 1.631138227833465848e+00 4.487703147421764349e-01 1.362018805078061279e+00 7.594377356703830850e-01 3.980659837959927283e-01 4.824848946896556079e-01 3.340008807445056793e-01 -1.100424620586384572e+00 -2.454244757836064605e-01 0.000000000000000000e+00
1.340220035381713970e-01 -2.400840601070378666e-01 2.071214413743716620e-01 1.628248699708970904e+00 4.530465274460624414e-01 1.368502909517997468e+00 7.716659727106182087e-01 4.022129583769232242e-01 4.787005427806527713e-01 3.445294550875385720e-01 -1.096499786929880260e+00 -2.524173375949092524e-01 0.000000000000000000e+00
1.362776725349461315e-01 -2.389370265688158523e-01 2.058844128025132114e-01 1.625452267224065217e+00 4.569560857373224927e-01 1.374532740980326739e+00 7.828344047950562823e-01 4.061623929839970892e-01 4.750445552361921564e-01 3.542189006606010770e-01 -1.092853852818534754e+00 -2.589016521513046176e-01 0.000000000000000000e+00
1.387060404709140327e-01 -2.376929411238278833e-01 2.045387304490536295e-01 1.622285916537335559e+00 4.611464510933873662e-01 1.381109145709896069e+00 7.948005867840275407e-01 4.105705903783507527e-01 4.709082665891357600e-01 3.646825937415769658e-01 -1.088881082262408873e+00 -2.659577973280104479e-01 0.000000000000000000e+00
1.409331831621993825e-01 -2.365436041724133243e-01 2.032918042034637662e-01 1.619239716427583353e+00 4.649697613971657262e-01 1.387216944529742646e+00 8.057206790968156618e-01 4.147570463224417026e-01 4.669296370786120143e-01 3.743094217395089851e-01 -1.085194468365412224e+00 -2.724997360324924456e-01 0.000000000000000000e+00
1.433298831678403162e-01 -2.352981337327982314e-01 2.019362607456728353e-01 1.615809432156901870e+00 4.690590324901835473e-01 1.393869941910596433e+00 8.174108910178274900e-01 4.194175782300803013e-01 4.624463385415178429e-01 3.847024078935432079e-01 -1.081181550655853529e+00 -2.796174002303790651e-01 0.000000000000000000e+00
1.455269674544085734e-01 -2.341490132177588834e-01 2.006810490206562547e-01 1.612525806676357476e+00 4.727806861172902941e-01 1.400040650181940460e+00 8.280683956471338591e-01 4.238341645818677894e-01 4.581478633840752046e-01 3.942610589675693000e-01 -1.077461380929121804e+00 -2.862155815681321491e-01 0.000000000000000000e+00
1.478902622120724653e-01 -2.329054817862383775e-01 1.993174385723402164e-01 1.608845528383161749e+00 4.767509863617105381e-01 1.406753134363571744e+00 8.394657264272642472e-01 4.287409057322842387e-01 4.533184870633260033e-01 4.045769133185320166e-01 -1.073415772917182487e+00 -2.933935663647090908e-01 0.000000000000000000e+00
1.500558475513854850e-01 -2.317593687969897454e-01 1.980555977548365820e-01 1.605338704249025028e+00 4.803558038237198957e-01 1.412970972386265567e+00 8.498467283563930774e-01 4.333804319568249075e-01 4.487029625781095987e-01 4.140618614093901084e-01 -1.069669038158577168e+00 -3.000464756628632990e-01 0.000000000000000000e+00
1.523842813026411169e-01 -2.305204228075951600e-01 1.966856186962953057e-01 1.601424977176574060e+00 4.841920571814606333e-01 1.419726236775789463e+00 8.609380619272732904e-01 4.385239281281494428e-01 4.435332342700477604e-01 4.242952576351013416e-01 -1.065598729327527305e+00 -3.072827171082856967e-01 0.000000000000000000e+00
1.545168725963446399e-01 -2.293802812758287124e-01 1.954186803598485234e-01 1.597710350841133220e+00 4.876649573319724595e-01 1.425975379924072861e+00 8.710289790346652516e-01 4.433789040848775675e-01 4.386045220406380452e-01 4.337012429996385809e-01 -1.061832753230046444e+00 -3.139887564701869804e-01 0.000000000000000000e+00
1.568086932521005339e-01 -2.281497753454090893e-01 1.940440421884888911e-01 1.593580408058472564e+00 4.913494845799935007e-01 1.432755530010682454e+00 8.817978037975370276e-01 4.487523309268168226e-01 4.330965722741360047e-01 4.438460225400774339e-01 -1.057745333588992809e+00 -3.212817232468280770e-01 0.000000000000000000e+00
1.589068393973103455e-01 -2.270188261050792855e-01 1.927735347172713498e-01 1.589675039429391035e+00 4.946757005088375792e-01 1.439019759805187038e+00 8.915853202777417330e-01 4.538149668695437566e-01 4.278588002002228219e-01 4.531678853036817944e-01 -1.053967240108551806e+00 -3.280389951701997986e-01 0.000000000000000000e+00
1.611606776816547071e-01 -2.257998668264857289e-01 1.913958615438760558e-01 1.585348608635891665e+00 4.981941802463101254e-01 1.445807314823073675e+00 9.020194522706177498e-01 4.594083708175235592e-01 4.220192868780061612e-01 4.632191546003452398e-01 -1.049870765719791876e+00 -3.353862571435649031e-01 0.000000000000000000e+00
1.632229719853524885e-01 -2.246815375039037388e-01 1.901233069563495748e-01 1.581271009493419477e+00 5.013593055735743320e-01 1.452069834483840305e+00 9.114907183713754080e-01 4.646706439734656913e-01 4.164769823334419918e-01 4.724519679150001039e-01 -1.046087878549389005e+00 -3.421927642575894324e-01 0.000000000000000000e+00
1.654371070539968902e-01 -2.234784644621140570e-01 1.887442635786265310e-01 1.576768436110590699e+00 5.046947538114401333e-01 1.458845960867786840e+00 9.215743117857696509e-01 4.704765015974065046e-01 4.103092344068730579e-01 4.824038680134898893e-01 -1.041990139159111317e+00 -3.495923573463745604e-01 0.000000000000000000e+00
1.674621599139676231e-01 -2.223764189654865442e-01 1.874711877565360396e-01 1.572538473897183486e+00 5.076847336456813409e-01 1.465089557775401286e+00 9.307167440709300799e-01 4.759300562986435446e-01 4.044673242396752411e-01 4.915428714787467013e-01 -1.038209715412716561e+00 -3.564459358326662608e-01 0.000000000000000000e+00
1.696352898411883359e-01 -2.211927649852892253e-01 1.860923074174684611e-01 1.567881993515844563e+00 5.108239437245591930e-01 1.471836368938394646e+00 9.404385470512369727e-01 4.819379479807806010e-01 3.979790648759151672e-01 5.013909082947235474e-01 -1.034118633925164010e+00 -3.638950304282132509e-01 0.000000000000000000e+00
1.716217280861268013e-01 -2.201108170877563719e-01 1.848201431451283738e-01 1.563520454087340639e+00 5.136253842723670360e-01 1.478043872899121425e+00 9.492400947168670999e-01 4.875742621118242526e-01 3.918432748824269840e-01 5.104315079577018688e-01 -1.030347997295775420e+00 -3.707932168627637304e-01 0.000000000000000000e+00
1.737521812531918897e-01 -2.189513949073569887e-01 1.834431151472402100e-01 1.558733249296572865e+00 5.165522756617031419e-01 1.484741523417171916e+00 9.585849938239006107e-01 4.937759653422917894e-01 3.850387651392204180e-01 5.201702220109307717e-01 -1.026271430036163945e+00 -3.782894161200915373e-01 0.000000000000000000e+00
1.756986645015528592e-01 -2.178936034548155098e-01 1.821733648367251657e-01 1.554262267438430101e+00 5.191521625175625765e-01 1.490895075502169265e+00 9.670338723821769733e-01 4.995862171820312780e-01 3.786149542738399543e-01 5.291079903663185036e-01 -1.022517904216778906e+00 -3.852295806313244531e-01 0.000000000000000000e+00
1.777852273475965528e-01 -2.167622891783391736e-01 1.807996507841079514e-01 1.549368577278862347e+00 5.218549629235385012e-01 1.497525391760573310e+00 9.759918141828221039e-01 5.059709128689008351e-01 3.715029825827833587e-01 5.387333869151647026e-01 -1.018463707510324001e+00 -3.927696221780975772e-01 0.000000000000000000e+00
1.796904553609331989e-01 -2.157328505865196422e-01 1.795337990395186878e-01 1.544811159368888021e+00 5.242409942714068016e-01 1.503607042719317111e+00 9.840768383571665279e-01 5.119460143801162211e-01 3.647975424321274751e-01 5.475641627737584116e-01 -1.014734549614913384e+00 -3.997489018678410111e-01 0.000000000000000000e+00
1.817314984518874632e-01 -2.146348810732592871e-01 1.781651368589198536e-01 1.539836449387363082e+00 5.267047958006259023e-01 1.510149302695704909e+00 9.926335083605637433e-01 5.185048808022770794e-01 3.573833019573466885e-01 5.570710486540960682e-01 -1.010710712944885348e+00 -4.073298229373469304e-01 0.000000000000000000e+00
1.835941725910591182e-01 -2.136381342004142203e-01 1.769046048215206501e-01 1.535215971720548467e+00 5.288653730160310928e-01 1.516141339281356526e+00 1.000343958927588428e+00 5.246355775001803057e-01 3.504032898983036048e-01 5.657908372742607161e-01 -1.007013046929364775e+00 -4.143451884598609580e-01 0.000000000000000000e+00
1.855885481754517841e-01 -2.125777054271294486e-01 1.755424644061061301e-01 1.530186054815931840e+00 5.310798267204273060e-01 1.522577153137089301e+00 1.008490435544086239e+00 5.313573628020266115e-01 3.426963680197234741e-01 5.751757503766726787e-01 -1.003027226883897782e+00 -4.219632606265735220e-01 0.000000000000000000e+00
1.874074028311044360e-01 -2.116181578581918798e-01 1.742887680519603077e-01 1.525527015423465471e+00 5.330038637472913621e-01 1.528461218317880066e+00 1.015816059333594534e+00 5.376341671752343787e-01 3.354489745872362150e-01 5.837807567538549902e-01 -9.993683764412650827e-01 -4.290113164514681166e-01 0.000000000000000000e+00
1.893534962624213447e-01 -2.106008033510519684e-01 1.729348938453754703e-01 1.520468635178537475e+00 5.349554853937865673e-01 1.534769786621058785e+00 1.023539093336769845e+00 5.445094504244102351e-01 3.274557628914724905e-01 5.930389033883791683e-01 -9.954284959246019193e-01 -4.366630110269429377e-01 0.000000000000000000e+00
1.911272650160846243e-01 -2.096830612301114338e-01 1.716895119075042830e-01 1.515795560921211482e+00 5.366327345006514093e-01 1.540528008009709016e+00 1.030470169810782766e+00 5.509226086454300786e-01 3.199488444107569940e-01 6.015254656760802288e-01 -9.918154518527186880e-01 -4.437401618867468089e-01 0.000000000000000000e+00
1.930239729307617058e-01 -2.087132254861212288e-01 1.703454132998261372e-01 1.510735450405990221e+00 5.383126233250883352e-01 1.546691027065257185e+00 1.037762038033474221e+00 5.579398050911935636e-01 3.116795960680065480e-01 6.106539163655175795e-01 -9.879289677159115435e-01 -4.514212178132397391e-01 0.000000000000000000e+00
1.947513912091573263e-01 -2.078419665740717792e-01 1.691098316491500275e-01 1.506073175294789124e+00 5.397334146370926788e-01 1.552305656371074427e+00 1.044289512444285695e+00 5.644794301744784359e-01 3.039214083384422782e-01 6.190187721914018892e-01 -9.843687873916663333e-01 -4.585236021243720428e-01 0.000000000000000000e+00
1.965970670853796620e-01 -2.069254191673844945e-01 1.677773275864437308e-01 1.501038784099426593e+00 5.411294052635358121e-01 1.558302462113053011e+00 1.051138030924506195e+00 5.716284863837144403e-01 2.953835801997570787e-01 6.280131327199538482e-01 -9.805435559599311457e-01 -4.662298582126797597e-01 0.000000000000000000e+00
1.982768938762409783e-01 -2.061054415066791989e-01 1.665531516402272982e-01 1.496412544408388001e+00 5.422847624517395104e-01 1.563755521589933251e+00 1.057253314577600634e+00 5.782843917380948717e-01 2.873825121787774162e-01 6.362530197116862407e-01 -9.770432301811853293e-01 -4.733533147859373402e-01 0.000000000000000000e+00
2.000704406632713983e-01 -2.052466928383621658e-01 1.652336872894913100e-01 1.491429973852230972e+00 5.433897303650057076e-01 1.569569092434417001e+00 1.063652291465815747e+00 5.855535565124934116e-01 2.785874226787907748e-01 6.451108266553442494e-01 -9.732863088314106514e-01 -4.810800106356115102e-01 0.000000000000000000e+00
2.017013489326749953e-01 -2.044828048131789311e-01 1.640224450823591085e-01 1.486864387173330471e+00 5.442712342861772967e-01 1.574843577594627675e+00 1.069347394877923074e+00 5.923154556782591618e-01 2.703526622721568184e-01 6.532228153357255707e-01 -9.698526952379714627e-01 -4.882200786761684563e-01 0.000000000000000000e+00
2.034410617649678177e-01 -2.036877893173460463e-01 1.627179953320027905e-01 1.481961526143895647e+00 5.450740528035589172e-01 1.580453553027571845e+00 1.075285778055608876e+00 5.996940763734599500e-01 2.613084340521933946e-01 6.619402736899364648e-01 -9.661718737163456083e-01 -4.959622874391922953e-01 0.000000000000000000e+00
2.050217353760443451e-01 -2.029848309750745539e-01 1.615212986134530460e-01 1.477481117883843176e+00 5.456739252636806370e-01 1.585532768221410427e+00 1.080553377533731041e+00 6.065514498643049812e-01 2.528493023237201598e-01 6.699217008978767263e-01 -9.628116302109381852e-01 -5.031142731256272871e-01 0.000000000000000000e+00
2.067064689766288654e-01 -2.022580612948070011e-01 1.602333664916590072e-01 1.472683127077145215e+00 5.461689688789528319e-01 1.590923400013072087e+00 1.086026439889952844e+00 6.140274756763753894e-01 2.435680527667394291e-01 6.784967467127955842e-01 -9.592136329992139165e-01 -5.108666019007934711e-01 0.000000000000000000e+00
2.082355691081316240e-01 -2.016208263918483068e-01 1.590528581052337298e-01 1.468311969888551616e+00 5.464801412333781805e-01 1.595791300710695859e+00 1.090860010689419513e+00 6.209696708479395255e-01 2.348942702544059014e-01 6.863451490242863384e-01 -9.559333509055361056e-01 -5.180253786480082390e-01 0.000000000000000000e+00
2.098634630403306001e-01 -2.009682233026982012e-01 1.577834718816892579e-01 1.463645449299691315e+00 5.466574427526493807e-01 1.600943718706490548e+00 1.095858031686198553e+00 6.285319830793285600e-01 2.253853204242233232e-01 6.947743867695234110e-01 -9.524258345918471536e-01 -5.257822347970275700e-01 0.000000000000000000e+00
2.113395330831383534e-01 -2.004014993512775178e-01 1.566208291737296032e-01 1.459406744232888187e+00 5.466732067574824327e-01 1.605585155325341962e+00 1.100251515115529433e+00 6.355480809711422374e-01 2.165071402982261528e-01 7.024875004976381954e-01 -9.492319054965150382e-01 -5.329424429933282692e-01 0.000000000000000000e+00
2.129093348478185155e-01 -1.998274652008284746e-01 1.553715750509641058e-01 1.454895418129742879e+00 5.465282242526758871e-01 1.610485435323354197e+00 1.104771298959557502e+00 6.431843625018081045e-01 2.067831402100197558e-01 7.107695985926483218e-01 -9.458211285094233478e-01 -5.406977678247207875e-01 0.000000000000000000e+00
2.143308710729807942e-01 -1.993359319596770263e-01 1.542284741852168184e-01 1.450811492273185621e+00 5.462424002065442430e-01 1.614886263081440898e+00 1.108719501854627199e+00 6.502635107324296060e-01 1.977110819566652022e-01 7.183454929455966864e-01 -9.427198774200261644e-01 -5.478536483842499916e-01 0.000000000000000000e+00
2.158405583235973868e-01 -1.988462316601004309e-01 1.530014770296794779e-01 1.446480122344789621e+00 5.457663246046444705e-01 1.619517559506889137e+00 1.112752859325552235e+00 6.579621768116306058e-01 1.877822847806316364e-01 7.264774553341537544e-01 -9.394130968735020515e-01 -5.556010503113995025e-01 0.000000000000000000e+00
2.172059265174541287e-01 -1.984344817312833076e-01 1.518796731430925584e-01 1.442572319227668487e+00 5.451730796619926878e-01 1.623664625147785312e+00 1.116251187733480199e+00 6.650931235254540219e-01 1.785274005184429580e-01 7.339143992572272346e-01 -9.364106490605467181e-01 -5.627465112531638836e-01 0.000000000000000000e+00
2.186540777719665485e-01 -1.980332721992332234e-01 1.506765978937565920e-01 1.438442282696170693e+00 5.443623350781270354e-01 1.628015319919763559e+00 1.119796520934648321e+00 6.728417238750939999e-01 1.684069889019781385e-01 7.418954269910039701e-01 -9.332137239089882685e-01 -5.704792657943179579e-01 0.000000000000000000e+00
2.199616034852434343e-01 -1.977057225981729005e-01 1.495778972961270270e-01 1.434730757551889724e+00 5.434564282974752025e-01 1.631896619857256203e+00 1.122841313008935860e+00 6.800131506374866852e-01 1.589804639075336201e-01 7.491919557456030443e-01 -9.303159383268729821e-01 -5.776079488212148005e-01 0.000000000000000000e+00
2.213459061109880055e-01 -1.973984377850793170e-01 1.484009241085813835e-01 1.430824292799074193e+00 5.423029089227169308e-01 1.635952594708078633e+00 1.125892097195676067e+00 6.877996344536331241e-01 1.486798894433252194e-01 7.570197185586455824e-01 -9.272358593681419014e-01 -5.853187322833757200e-01 0.000000000000000000e+00
2.225937320616387938e-01 -1.971593550828264485e-01 1.473271099170954390e-01 1.427327777981701296e+00 5.410792539403699308e-01 1.639557637804872847e+00 1.128480290301069777e+00 6.950002228299620999e-01 1.390934416254216988e-01 7.641745671432524922e-01 -9.244484618132104981e-01 -5.924237131765709430e-01 0.000000000000000000e+00
2.239125588918612353e-01 -1.969497051024507450e-01 1.461779951963609603e-01 1.423663182970548391e+00 5.395804070337923974e-01 1.643310129062733660e+00 1.131036791789491236e+00 7.028118735184097909e-01 1.286265527511376572e-01 7.718487321404249313e-01 -9.214905553694866525e-01 -6.001051352877136980e-01 0.000000000000000000e+00
2.250987511714656331e-01 -1.968031138585201456e-01 1.451309297708840984e-01 1.420398967134527624e+00 5.380343604137496349e-01 1.646629716020538092e+00 1.133166255397118460e+00 7.100301053369605375e-01 1.188920331766254446e-01 7.788609684486579310e-01 -9.188189387429465116e-01 -6.071793566703184153e-01 0.000000000000000000e+00
2.263494322979432150e-01 -1.966961719305274914e-01 1.440119648915447192e-01 1.416995742876652642e+00 5.361822706560044338e-01 1.650067430598064044e+00 1.135223281023095776e+00 7.178545391986405066e-01 1.082709472752259039e-01 7.863798045752514732e-01 -9.159897961379279696e-01 -6.148231616310637637e-01 0.000000000000000000e+00
2.274718789545712716e-01 -1.966458421535112466e-01 1.429935652234634313e-01 1.413979903918743730e+00 5.343093519001103076e-01 1.653093732438184915e+00 1.136892683552412020e+00 7.250786299715894501e-01 9.840073964317430644e-02 7.932487628168384264e-01 -9.134392867619592904e-01 -6.218589003359169531e-01 0.000000000000000000e+00
2.286525449578509783e-01 -1.966446604285090605e-01 1.419064869056938516e-01 1.410852464992778721e+00 5.321023965707181169e-01 1.656211536236551485e+00 1.138452630160925905e+00 7.329031969913241129e-01 8.763997094260012055e-02 8.006125363889620150e-01 -9.107436351065809621e-01 -6.294570320839675270e-01 0.000000000000000000e+00
2.297089824374846379e-01 -1.966940686170754460e-01 1.409186462902869696e-01 1.408099065315013831e+00 5.298983775402410501e-01 1.658938560801517248e+00 1.139661438979712837e+00 7.401214288098748595e-01 7.764672526818694465e-02 8.073378170897389516e-01 -9.083191598292000846e-01 -6.364463652068259591e-01 0.000000000000000000e+00
2.308166408207323883e-01 -1.968030868566009173e-01 1.398658805285485918e-01 1.405263857194464450e+00 5.273292288351942858e-01 1.661728328328725635e+00 1.140720977619400944e+00 7.479332126563771332e-01 6.675919009972486329e-02 8.145453296849022307e-01 -9.057630578149420408e-01 -6.439895026783664100e-01 0.000000000000000000e+00
2.318046777877207365e-01 -1.969552913498188451e-01 1.389104994011421124e-01 1.402785271124709965e+00 5.247903582647133192e-01 1.664151756772180413e+00 1.141469858517931035e+00 7.551337344536789287e-01 5.665608903034580202e-02 8.211267996868151231e-01 -9.034694103261112774e-01 -6.509239746827691908e-01 0.000000000000000000e+00
2.328370543984759622e-01 -1.971768779082286316e-01 1.378938088784326110e-01 1.400253120156330411e+00 5.218574785533927063e-01 1.666611931012584646e+00 1.142032983930428403e+00 7.629199519537162022e-01 4.565696741220959254e-02 8.281790499904265745e-01 -9.010570524316902086e-01 -6.584031962881478073e-01 0.000000000000000000e+00
2.337541138009998909e-01 -1.974346953573854202e-01 1.369728685456113870e-01 1.398060305380383284e+00 5.189798298665926346e-01 1.668728803019230655e+00 1.142323002173138091e+00 7.700908460838907788e-01 3.545706043720597833e-02 8.346168424515296724e-01 -8.988986269472083457e-01 -6.652740853215248773e-01 0.000000000000000000e+00
2.347079154922320221e-01 -1.977724120373497152e-01 1.359947484668406481e-01 1.395844096026950254e+00 5.156766197694970799e-01 1.670854729177789322e+00 1.142388649094008501e+00 7.778382480110404007e-01 2.436006764900922050e-02 8.415132312523444513e-01 -8.966356058109135052e-01 -6.726791378905447871e-01 0.000000000000000000e+00
2.355512850912516165e-01 -1.981381272223452228e-01 1.351101965337720145e-01 1.393946261481593396e+00 5.124567962185508918e-01 1.672664010443184912e+00 1.142222201525878500e+00 7.849674636701552410e-01 1.407707004799552131e-02 8.478078122258284610e-01 -8.946165968094972332e-01 -6.794770563100538396e-01 0.000000000000000000e+00
2.364239588927591618e-01 -1.985933838132749318e-01 1.341723644604149446e-01 1.392052788137839947e+00 5.087825498404505709e-01 1.674458148657975931e+00 1.141796495225629426e+00 7.926633334302116696e-01 2.897918740169869167e-03 8.545498708414730471e-01 -8.925061748036638987e-01 -6.867981527257088770e-01 0.000000000000000000e+00
2.371907057360149451e-01 -1.990689185249470694e-01 1.333261751165942810e-01 1.390457434253979940e+00 5.052170321963158628e-01 1.675960391268335181e+00 1.141176511323859000e+00 7.997386866562796737e-01 -7.454187891131613952e-03 8.607019726966378403e-01 -8.906304438688937841e-01 -6.935134465723981068e-01 0.000000000000000000e+00
2.379785667535002092e-01 -1.996442952353812139e-01 1.324311450279337110e-01 1.388896131989433513e+00 5.011654458306127324e-01 1.677421690408342769e+00 1.140260383908871633e+00 8.073694421276838007e-01 -1.870085033259072382e-02 8.672898342851668163e-01 -8.886777475786205027e-01 -7.007392684000556260e-01 0.000000000000000000e+00
2.386657707788543969e-01 -2.002309435218021794e-01 1.316252838889232779e-01 1.387609361285740306e+00 4.972515736878149184e-01 1.678619031934588834e+00 1.139191391047313928e+00 8.143788821167722292e-01 -2.910808439845724571e-02 8.733005222864483885e-01 -8.869488899779682800e-01 -7.073616845037283829e-01 0.000000000000000000e+00
2.393659786596983308e-01 -2.009268359063554887e-01 1.307748118027359241e-01 1.386383786642503502e+00 4.928223842037811053e-01 1.679753206177769798e+00 1.137792832000858567e+00 8.219317401262915546e-01 -4.040627900700921593e-02 8.797363173767338562e-01 -8.851565159853177489e-01 -7.144815790990280968e-01 0.000000000000000000e+00
2.399704488785880940e-01 -2.016254257062865818e-01 1.300111921687568672e-01 1.385409650180214669e+00 4.885574349873946787e-01 1.680649772071841852e+00 1.136279890185584840e+00 8.288629497583589467e-01 -5.085385996339009118e-02 8.856069231046772572e-01 -8.835776609330641129e-01 -7.210005979733785653e-01 0.000000000000000000e+00
2.405790489346816552e-01 -2.024432238682183638e-01 1.292077527572961237e-01 1.384525929953164258e+00 4.837452082243132168e-01 1.681459473609365762e+00 1.134402095300969915e+00 8.363241284473521553e-01 -6.218814040471287719e-02 8.918913840660190884e-01 -8.819499368748078272e-01 -7.280020484791968061e-01 0.000000000000000000e+00
2.410976025950045121e-01 -2.032539624886378904e-01 1.284883261889817885e-01 1.383867787431089624e+00 4.791270931562578994e-01 1.682060617831517391e+00 1.132451596118595916e+00 8.431647906023570505e-01 -7.266142086561289126e-02 8.976236385753328939e-01 -8.805239472691248626e-01 -7.344063516895921184e-01 0.000000000000000000e+00
2.416115765057787190e-01 -2.041927551392569706e-01 1.277335577382080756e-01 1.383326147878682022e+00 4.739325244164849238e-01 1.682555135507983968e+00 1.130104951724072437e+00 8.505216399556464468e-01 -8.401527554094778694e-02 9.037596948849300205e-01 -8.790627373580256476e-01 -7.412778399342145885e-01 0.000000000000000000e+00
2.420408667825615923e-01 -2.051153245083124077e-01 1.270602237229200293e-01 1.382985588160289936e+00 4.689592664877806349e-01 1.682867695988593315e+00 1.127723952551487052e+00 8.572594375135469402e-01 -9.449920864620797722e-02 9.093555289674044584e-01 -8.777922097809760515e-01 -7.475559758879674055e-01 0.000000000000000000e+00
2.424561084257602639e-01 -2.061751507565201258e-01 1.263565935522109607e-01 1.382789574648084496e+00 4.633781232746549961e-01 1.683052859448585403e+00 1.124914051285344607e+00 8.644977761983277942e-01 -1.058563922729054418e-01 9.153445122058018191e-01 -8.765010427054783504e-01 -7.542837200127527897e-01 0.000000000000000000e+00
2.427928236973676268e-01 -2.072084851375739223e-01 1.257311751732675398e-01 1.382767240602381875e+00 4.580486754449299980e-01 1.683085368545903515e+00 1.122111074238036021e+00 8.711203920390823141e-01 -1.163356648462583465e-01 9.208063227064180456e-01 -8.753880411069070444e-01 -7.604234381688487199e-01 0.000000000000000000e+00
2.431062268879492505e-01 -2.083870876885451640e-01 1.250802246775952753e-01 1.382914588511566123e+00 4.520826977026617399e-01 1.682973358997083668e+00 1.118850432957397611e+00 8.782276366192041106e-01 -1.276792663513963699e-01 9.266518281410875968e-01 -8.742680487104741438e-01 -7.669949878957009748e-01 0.000000000000000000e+00
2.433470422714606451e-01 -2.095294916574974853e-01 1.245045153954835310e-01 1.383209886468585559e+00 4.463966597284976245e-01 1.682735533101230141e+00 1.115634932257235867e+00 8.847226870437436830e-01 -1.381382989004646955e-01 9.319821450628811288e-01 -8.733142375660623014e-01 -7.729837713970166835e-01 0.000000000000000000e+00
2.435545080817679842e-01 -2.108254340887409650e-01 1.239085938425967814e-01 1.383702223860836078e+00 4.400430267567996268e-01 1.682335131023297015e+00 1.111931607024398971e+00 8.916845896073744004e-01 -1.494515403691758504e-01 9.376863698017219306e-01 -8.723680830097845229e-01 -7.793840798657768465e-01 0.000000000000000000e+00
2.436961469736046437e-01 -2.120745009964010719e-01 1.233843476746281781e-01 1.384314168550043078e+00 4.340006912896692270e-01 1.681837715578580639e+00 1.108314235315744245e+00 8.980396243376033150e-01 -1.598744870854733602e-01 9.428881226218919220e-01 -8.715749270581315544e-01 -7.852086129068619469e-01 0.000000000000000000e+00
2.437946855035456051e-01 -2.134840321307832633e-01 1.228448481044300267e-01 1.385147295266111911e+00 4.272628719295505917e-01 1.681163680702557395e+00 1.104183073253786285e+00 9.048436014485921053e-01 -1.711399248126175276e-01 9.484552611436207759e-01 -8.708028100790904391e-01 -7.914242977330523399e-01 0.000000000000000000e+00
2.438339906100826238e-01 -2.148366329834749677e-01 1.223737147714362011e-01 1.386074147572965209e+00 4.208654462824785725e-01 1.680418692086098842e+00 1.100175615024462150e+00 9.110462367854411658e-01 -1.815108067296040684e-01 9.535318453925570870e-01 -8.701711748475507990e-01 -7.970709316133199884e-01 0.000000000000000000e+00
2.438197445743789937e-01 -2.163566720731772419e-01 1.218928137761706165e-01 1.387248289503962617e+00 4.137428058724106350e-01 1.679482307516731554e+00 1.095627468514824843e+00 9.176779073739020909e-01 -1.927108638519867689e-01 9.589648271743732577e-01 -8.695748930794821030e-01 -8.030856809352640013e-01 0.000000000000000000e+00
2.437536784838202353e-01 -2.178089396679627476e-01 1.214763356822470691e-01 1.388487773488907173e+00 4.069925276446064721e-01 1.678502822250522497e+00 1.091242840096118494e+00 9.237156930392752541e-01 -2.030131693709038565e-01 9.639198381195472898e-01 -8.691052446212464977e-01 -8.085401011638554403e-01 0.000000000000000000e+00
2.436240709850808206e-01 -2.194342280937084111e-01 1.210552802030435277e-01 1.389998470476355052e+00 3.994906380710148142e-01 1.677320562852204766e+00 1.086294886527833015e+00 9.301626734061390067e-01 -2.141305353414397761e-01 9.692236565884946309e-01 -8.686839991158232799e-01 -8.143393341745845948e-01 0.000000000000000000e+00
2.434498991105029653e-01 -2.209815442945397834e-01 1.206949372112703645e-01 1.391548332926088705e+00 3.923910136298749407e-01 1.676120166807558709e+00 1.081547335831575918e+00 9.360232922799947008e-01 -2.243478860215832871e-01 9.740610223925146860e-01 -8.683764705889464031e-01 -8.195867602074495828e-01 0.000000000000000000e+00
2.432014961939275577e-01 -2.227073189701716804e-01 1.203356615228064752e-01 1.393395145520380574e+00 3.845117660731309783e-01 1.674705407289384107e+00 1.076213157326201930e+00 9.422709350392660665e-01 -2.353637855545869240e-01 9.792393393950920011e-01 -8.681311934525500762e-01 -8.251528334647424412e-01 0.000000000000000000e+00
2.429167347425499335e-01 -2.243443365837410608e-01 1.200328130550698119e-01 1.395253197807271306e+00 3.770674815972174798e-01 1.673298641830253786e+00 1.071117997528662213e+00 9.479419368435080262e-01 -2.454794034810894310e-01 9.839634542737563105e-01 -8.679852522248137081e-01 -8.301778855465856699e-01 0.000000000000000000e+00
2.425476445142709658e-01 -2.261637699963963410e-01 1.197363144724258865e-01 1.397431856059927924e+00 3.688192114135744326e-01 1.671669196420153103e+00 1.065417301478265966e+00 9.539781246122270852e-01 -2.563763928714211104e-01 9.890219956063073248e-01 -8.679141458237086271e-01 -8.354951529790378695e-01 0.000000000000000000e+00
2.421502425118739477e-01 -2.278843576221566691e-01 1.194921956948918340e-01 1.399596151348965201e+00 3.610365830634796325e-01 1.670071017564581872e+00 1.059991310494311056e+00 9.594471922268138497e-01 -2.663733669713606034e-01 9.936375200915236183e-01 -8.679289263677585353e-01 -8.402819187223461439e-01 0.000000000000000000e+00
2.416578627192117468e-01 -2.297910048537109284e-01 1.192601156764127035e-01 1.402106849978542513e+00 3.524245099896621269e-01 1.668241753800395522e+00 1.053940608497651032e+00 9.652572776189851655e-01 -2.771320051430625764e-01 9.985807465488740764e-01 -8.680317909648629371e-01 -8.453312721491366144e-01 0.000000000000000000e+00
2.411461653317149567e-01 -2.315883499773394028e-01 1.190758537052975241e-01 1.404576281954488692e+00 3.443111319086082922e-01 1.666467470664721784e+00 1.048201629506584798e+00 9.705120273448477608e-01 -2.869931580274081018e-01 1.003092740646713610e+00 -8.682060282791813632e-01 -8.498630402180697985e-01 0.000000000000000000e+00
2.405296165236816552e-01 -2.335738713381756704e-01 1.189089451044207518e-01 1.407415915442296495e+00 3.353468889934170249e-01 1.664456820538549264e+00 1.041823225537790387e+00 9.760840261355661074e-01 -2.975958681172858888e-01 1.007927110394507331e+00 -8.684800675553505656e-01 -8.546279014614124314e-01 0.000000000000000000e+00
2.399025674774614147e-01 -2.354404067781127874e-01 1.187854844665919979e-01 1.410189881193773864e+00 3.269123551873054367e-01 1.662522292519370337e+00 1.035790566457515771e+00 9.811122074316901420e-01 -3.073038892389519106e-01 1.012341033585204553e+00 -8.688117642691197684e-01 -8.588875610459668630e-01 0.000000000000000000e+00
2.391604078601123340e-01 -2.374967551982018199e-01 1.186851047496333689e-01 1.413360543367573996e+00 3.176049711265109821e-01 1.660345917956974615e+00 1.029103968171572125e+00 9.864312724978782088e-01 -3.177304312227211547e-01 1.017071806366594222e+00 -8.692557132228360128e-01 -8.633471574493589706e-01 0.000000000000000000e+00
2.384175548349175278e-01 -2.394242313952742729e-01 1.186232326981107726e-01 1.416439372239544525e+00 3.088606069935866394e-01 1.658267133496961643e+00 1.022798268500537011e+00 9.912207014022768048e-01 -3.272677437185127491e-01 1.021393451025520260e+00 -8.697425390701026826e-01 -8.673169985282855876e-01 0.000000000000000000e+00
2.375502520578111343e-01 -2.415416650317387670e-01 1.185897373059156407e-01 1.419939937116804884e+00 2.992255598494599766e-01 1.655943931398363933e+00 1.015828443032663397e+00 9.962753145722198500e-01 -3.375004075749243881e-01 1.026027817375448903e+00 -8.703524695387578891e-01 -8.714536200704785518e-01 0.000000000000000000e+00
2.366918316598994043e-01 -2.435212261872730377e-01 1.185901151636895579e-01 1.423325442563692533e+00 2.901846247742527751e-01 1.653736992491586566e+00 1.009271540691806468e+00 1.000813673964851214e+00 -3.468491682655383546e-01 1.030263308773110786e+00 -8.709914284632952475e-01 -8.751151336742012399e-01 0.000000000000000000e+00
2.356995517613985625e-01 -2.456901987692561851e-01 1.186245280132059154e-01 1.427161028831122280e+00 2.802353127978758351e-01 1.651282960699580027e+00 1.002041324648350384e+00 1.005588988115472260e+00 -3.568673144961440613e-01 1.034807660278194819e+00 -8.717650101809358842e-01 -8.789064763810652270e-01 0.000000000000000000e+00
2.347266473774591300e-01 -2.477123436923133193e-01 1.186875877174159155e-01 1.430856314168909904e+00 2.709132431486249715e-01 1.648964093920608054e+00 9.952566554552645384e-01 1.009864293771430832e+00 -3.660096802022769769e-01 1.038963589738290727e+00 -8.725526400733270016e-01 -8.822406209077898742e-01 0.000000000000000000e+00
2.336114926028753369e-01 -2.499219702799311271e-01 1.187899215037709344e-01 1.435028690802789164e+00 2.606693760247731362e-01 1.646398072282708291e+00 9.877934793954536996e-01 1.014348857310042540e+00 -3.757951993116641631e-01 1.043425649565691282e+00 -8.734846798758274522e-01 -8.856678429146128684e-01 0.000000000000000000e+00
2.325260471639044590e-01 -2.519767089374301827e-01 1.189159799127088718e-01 1.439038669753264443e+00 2.510836724835270317e-01 1.643983222428800239e+00 9.808057441692492606e-01 1.018349058425396247e+00 -3.847131936959580223e-01 1.047508874728027894e+00 -8.744170525734641375e-01 -8.886549109722730044e-01 0.000000000000000000e+00
2.312901804419814356e-01 -2.542161345452149113e-01 1.190868226734911606e-01 1.443556582817376643e+00 2.405638359213142508e-01 1.641321522566672853e+00 9.731359733878757190e-01 1.022528157386975778e+00 -3.942449135534606963e-01 1.051895966570742802e+00 -8.755038886143254873e-01 -8.916940438292442206e-01 0.000000000000000000e+00
2.300950650760187344e-01 -2.562929799032861444e-01 1.192759630634259854e-01 1.447887841962580247e+00 2.307342539732268882e-01 1.638826931521756292e+00 9.659712711072354629e-01 1.026241203157791437e+00 -4.029201608043937455e-01 1.055913877707345128e+00 -8.765763435853003438e-01 -8.943137288145278641e-01 0.000000000000000000e+00
2.287426255716992762e-01 -2.585503731975739017e-01 1.195148931561185457e-01 1.452756849534788230e+00 2.199627926578160420e-01 1.636088132080702140e+00 9.581251990616984626e-01 1.030103785423815088e+00 -4.121798387565447364e-01 1.060234523680862573e+00 -8.778117174359608699e-01 -8.969447988134716665e-01 0.000000000000000000e+00
2.274418069581345681e-01 -2.606384228208490361e-01 1.197669981283292356e-01 1.457418241347919086e+00 2.099115706179954799e-01 1.633529869659221090e+00 9.508112266019594916e-01 1.033517891362269348e+00 -4.205940962206500267e-01 1.064194910537919370e+00 -8.790190615161482812e-01 -8.991759951747400059e-01 0.000000000000000000e+00
2.259772003650035721e-01 -2.629020124531564195e-01 1.200741973333920298e-01 1.462651815427258306e+00 1.989122593210876921e-01 1.630730232627015663e+00 9.428184809593863624e-01 1.037049242967714502e+00 -4.295600275045654559e-01 1.068457299862591414e+00 -8.803980463285913105e-01 -9.013731696530827842e-01 0.000000000000000000e+00
2.245757250622954782e-01 -2.649900321558933403e-01 1.203889594707954480e-01 1.467654144131896210e+00 1.886641219541735914e-01 1.628124334433649123e+00 9.353843999344846338e-01 1.040152558006956607e+00 -4.376946530542125124e-01 1.072368218502399939e+00 -8.817344871426203712e-01 -9.031941726274517190e-01 0.000000000000000000e+00
2.230054401962799637e-01 -2.672473736099219566e-01 1.207635462928885461e-01 1.473262383580928869e+00 1.774663343254880843e-01 1.625282299474059666e+00 9.272782036294742181e-01 1.043342026307462866e+00 -4.463485950164247651e-01 1.076581805400095959e+00 -8.832494929077392420e-01 -9.049364126125813979e-01 0.000000000000000000e+00
2.215094880909047048e-01 -2.693239126427174890e-01 1.211403999390325975e-01 1.478618751867449177e+00 1.670483666724802418e-01 1.622644879417584951e+00 9.197545738129184745e-01 1.046122965696750784e+00 -4.541848799449557106e-01 1.080451777938144620e+00 -8.847086388689935355e-01 -9.063248516468942473e-01 0.000000000000000000e+00
2.198405673807468375e-01 -2.715625644753365542e-01 1.215821222626991688e-01 1.484620484788174544e+00 1.556818827613142275e-01 1.619776875989437315e+00 9.115683495171512662e-01 1.048955770148267908e+00 -4.625045286113360632e-01 1.084625683735598534e+00 -8.863532740001720533e-01 -9.075844602634743907e-01 0.000000000000000000e+00
2.182575406691887876e-01 -2.736160233398329811e-01 1.220203158612984673e-01 1.490346707679782945e+00 1.451236539738873788e-01 1.617124026147703120e+00 9.039872620000772852e-01 1.051402815715887229e+00 -4.700237642120930204e-01 1.088463764919593402e+00 -8.879281343107904290e-01 -9.085172324352748241e-01 0.000000000000000000e+00
2.164989831640655171e-01 -2.758233391759740138e-01 1.225278007620453913e-01 1.496757065873021375e+00 1.336229776523838453e-01 1.614248397618508912e+00 8.957570955463236562e-01 1.053868769727246191e+00 -4.779907437711194973e-01 1.092608109628947721e+00 -8.896936103764312431e-01 -9.092719057091759316e-01 0.000000000000000000e+00
2.148375726448659984e-01 -2.778420375737124526e-01 1.230263736620493126e-01 1.502871506720737216e+00 1.229569656264000166e-01 1.611596292270249586e+00 8.881523058955478334e-01 1.055970469880509466e+00 -4.851740216003630479e-01 1.096423553943676854e+00 -8.913764618692522346e-01 -9.097251091476802332e-01 0.000000000000000000e+00
2.129991861955017052e-01 -2.800053386439950165e-01 1.235988422253124774e-01 1.509715028275782522e+00 1.113577394215345961e-01 1.608730064405190507e+00 8.799152818019871924e-01 1.058054992644741787e+00 -4.927655620247157753e-01 1.100548590735127785e+00 -8.932549225441396290e-01 -9.099454857278841402e-01 0.000000000000000000e+00
2.112693534305817578e-01 -2.819776109049950130e-01 1.241566171046556144e-01 1.516238773122598360e+00 1.006189087836117935e-01 1.606095097622430190e+00 8.723221434809805830e-01 1.059799962369988968e+00 -4.995938404806516964e-01 1.104351251876624751e+00 -8.950375094197841053e-01 -9.098946193510637492e-01 0.000000000000000000e+00
2.093628252437820247e-01 -2.840844161977081894e-01 1.247922096961863736e-01 1.523536433803820422e+00 8.896101406751633078e-02 1.603256906928724135e+00 8.641174102156371495e-01 1.061493333349115886e+00 -5.067916325378361009e-01 1.108467966289669260e+00 -8.970188346917757904e-01 -9.095569971038689472e-01 0.000000000000000000e+00
2.075757929840946758e-01 -2.859987380065783236e-01 1.254077054755323717e-01 1.530493244825730237e+00 7.818710914140591939e-02 1.600656005144811767e+00 8.565727414264699968e-01 1.062870520527823048e+00 -5.132457368606158088e-01 1.112267964270075904e+00 -8.988920356235102771e-01 -9.089766943023406265e-01 0.000000000000000000e+00
2.056138656731928693e-01 -2.880364764377899567e-01 1.261051500112447266e-01 1.538275895451626241e+00 6.651262765088628015e-02 1.597863792934568483e+00 8.484413782491583289e-01 1.064158225493903487e+00 -5.200264778910936858e-01 1.116387541581292275e+00 -9.009667712707365439e-01 -9.080497810849386120e-01 0.000000000000000000e+00
2.037821844415867445e-01 -2.898814818124841319e-01 1.267766844812427962e-01 1.545692527380153614e+00 5.574403412805040148e-02 1.595314230839462333e+00 8.409837948276366326e-01 1.065156644586574330e+00 -5.260871667418416386e-01 1.120195595623996621e+00 -9.029209988786367491e-01 -9.069140094590470991e-01 0.000000000000000000e+00
2.017791840741488818e-01 -2.918382526416764544e-01 1.275336787389124704e-01 1.553987249299328965e+00 4.409808524543201713e-02 1.592587312857240978e+00 8.329678796835799925e-01 1.066029295896766094e+00 -5.324326140921460393e-01 1.124329886900235609e+00 -9.050776933084102582e-01 -9.053728381362181610e-01 0.000000000000000000e+00
1.999166375766227299e-01 -2.936028880575526911e-01 1.282593410050130445e-01 1.561893390302131479e+00 3.337784754601713644e-02 1.590106987385790038e+00 8.256374622041094957e-01 1.066638094521958235e+00 -5.380805795529590707e-01 1.128157115702788538e+00 -9.071025612642246161e-01 -9.036548329170079885e-01 0.000000000000000000e+00
1.978882664027466765e-01 -2.954665348355568488e-01 1.290740172182736623e-01 1.570737550631712942e+00 2.180927129530374486e-02 1.587465005230133341e+00 8.177823354108663123e-01 1.067081577422483551e+00 -5.439670310893884864e-01 1.132318304906037465e+00 -9.093300291999669716e-01 -9.014661139751264374e-01 0.000000000000000000e+00
