-2.126104579859428023e-03 -1.751625486200641957e-03 2.229272728781567237e-03 -1.943325389343275589e-03 -1.265354856529832261e-02 -6.140715608577984597e-03 0.000000000000000000e+00
-2.063346079765798757e-03 -1.688727210504281651e-03 2.262678356098640764e-03 -1.973876642010097271e-03 -1.260883240623744683e-02 -6.221695464988297175e-03 0.000000000000000000e+00
-1.848357595060273750e-03 -1.505518295575103416e-03 2.116934808715623118e-03 -1.854415886105797995e-03 -1.159671357249347778e-02 -5.813650603914588544e-03 0.000000000000000000e+00
-1.941173310264526775e-03 -1.576502967366749663e-03 2.322739973579263095e-03 -2.049432587530208849e-03 -1.251528133271317955e-02 -6.373752846217772827e-03 0.000000000000000000e+00
-1.735202566401750079e-03 -1.408025269902329901e-03 2.170068606044101012e-03 -1.933816663480136810e-03 -1.150629718381246391e-02 -5.952536162110000362e-03 0.000000000000000000e+00
-1.818040224953632045e-03 -1.477384649619328805e-03 2.377807893609917844e-03 -2.145449479841854412e-03 -1.241243805110681109e-02 -6.523523306229961349e-03 0.000000000000000000e+00
-1.620515759680252188e-03 -1.322106314824267326e-03 2.218578473528284856e-03 -2.031423683924060697e-03 -1.140612760234427370e-02 -6.091509311370035817e-03 0.000000000000000000e+00
-1.692559580379809914e-03 -1.390366817652061160e-03 2.427867209064279996e-03 -2.260680675622239733e-03 -1.229776396001192040e-02 -6.675711898694647317e-03 0.000000000000000000e+00
-1.503949391978093297e-03 -1.247632251434871442e-03 2.262564181015072617e-03 -2.145983334789214325e-03 -1.129470830679268900e-02 -6.233901544668629668e-03 0.000000000000000000e+00
-1.565460262560686155e-03 -1.315938944317918136e-03 2.473215417668400695e-03 -2.393358408600665399e-03 -1.217090862417968822e-02 -6.833171138372229336e-03 0.000000000000000000e+00
-1.385315377490092814e-03 -1.184332041661129153e-03 2.302184165415083195e-03 -2.276314413172109141e-03 -1.117077836200319751e-02 -6.383005156117782519e-03 0.000000000000000000e+00
-1.435479667765415801e-03 -1.253134057598581652e-03 2.513719943236070176e-03 -2.542672766458586864e-03 -1.202881274796485656e-02 -6.999513083892239251e-03 0.000000000000000000e+00
-1.264469204621559983e-03 -1.131869491632631064e-03 2.337515027252268229e-03 -2.421351881985334131e-03 -1.103285818425669973e-02 -6.541605380370185685e-03 0.000000000000000000e+00
-1.303594901118920735e-03 -1.202046623811209303e-03 2.549720168514429952e-03 -2.707221557227246223e-03 -1.187136769854335583e-02 -7.177107530315307571e-03 0.000000000000000000e+00
-1.141335696161427382e-03 -1.089764940449405861e-03 2.368595745215779091e-03 -2.580111571031551421e-03 -1.087927673840649589e-02 -6.711930328938020551e-03 0.000000000000000000e+00
-1.168678253466171046e-03 -1.161856697317997789e-03 2.581108981669688607e-03 -2.886537445978998306e-03 -1.169570505470840516e-02 -7.369234723886730620e-03 0.000000000000000000e+00
-1.015920731280484102e-03 -1.057581444176419749e-03 2.395518391364148680e-03 -2.751766694998103446e-03 -1.070863220571194319e-02 -6.896166911259271615e-03 0.000000000000000000e+00
-1.031849900084064187e-03 -1.132153755397019568e-03 2.608087116369339764e-03 -3.079076167563421507e-03 -1.150130947170158180e-02 -7.576856646820839813e-03 0.000000000000000000e+00
-8.882488670040600276e-04 -1.034756016382143429e-03 2.418332836083864068e-03 -2.935560104784684654e-03 -1.051945578460866670e-02 -7.096088730083049967e-03 0.000000000000000000e+00
-8.920943037727668834e-04 -1.112281748327281772e-03 2.630561574993611762e-03 -3.284492058428067907e-03 -1.128542773596219462e-02 -7.802788087539092032e-03 0.000000000000000000e+00
-7.584330926418136887e-04 -1.020727755465994369e-03 2.437119194320991333e-03 -3.130597494304776518e-03 -1.031031912906721359e-02 -7.313056475293677750e-03 0.000000000000000000e+00
-7.506208814531956097e-04 -1.101521964875590287e-03 2.648798334949603595e-03 -3.501369373054785683e-03 -1.104786094359733184e-02 -8.047246853349232509e-03 0.000000000000000000e+00
-6.265869543951863019e-04 -1.014819849212922342e-03 2.451915549968486374e-03 -3.335962131679526266e-03 -1.007979776436807029e-02 -7.548005779435484897e-03 0.000000000000000000e+00
-6.064350219111280804e-04 -1.099308532435061547e-03 2.662599449274327679e-03 -3.729120743276581607e-03 -1.078535023710625040e-02 -8.311813459068950749e-03 0.000000000000000000e+00
-4.928317973139362262e-04 -1.016363642394213507e-03 2.462733876413353284e-03 -3.550596278142581497e-03 -9.826291076063586871e-03 -7.801267008294754390e-03 0.000000000000000000e+00
-4.608929241016190836e-04 -1.104648274821068421e-03 2.672287179927845813e-03 -3.966062582037466200e-03 -1.049833502783803496e-02 -8.596016971264219819e-03 0.000000000000000000e+00
-3.573662153580070555e-04 -1.024643771922184587e-03 2.469699227267196928e-03 -3.773292533343131083e-03 -9.548644961564267675e-03 -8.073028203774423872e-03 0.000000000000000000e+00
-3.129540271781527938e-04 -1.117088675057859026e-03 2.677627811760507903e-03 -4.211281549850731665e-03 -1.018321491565021830e-02 -8.900346187235452788e-03 0.000000000000000000e+00
-2.203610903243891084e-04 -1.038971901156121591e-03 2.472816557265389292e-03 -4.002706686703660921e-03 -9.245436268161988380e-03 -8.362752248038951564e-03 0.000000000000000000e+00
-1.641009959529315942e-04 -1.135413920365258011e-03 2.679035573880772514e-03 -4.462560978789831267e-03 -9.841018873956386415e-03 -9.223345859506792976e-03 0.000000000000000000e+00
-8.199143947665299414e-05 -1.058530405780216954e-03 2.472102267342790594e-03 -4.237031495618381882e-03 -8.915274420299379443e-03 -8.669174442957228166e-03 0.000000000000000000e+00
-1.323239272094101082e-05 -1.159311723788081228e-03 2.676194000253928618e-03 -4.718501593907298286e-03 -9.467799946178967474e-03 -9.564167366717057917e-03 0.000000000000000000e+00
5.750332430062843336e-05 -1.082614283722443949e-03 2.467731009207468906e-03 -4.474366037347188296e-03 -8.557350182831324759e-03 -8.991115224877610501e-03 0.000000000000000000e+00
1.380965679428636239e-04 -1.187359452506309143e-03 2.669533445512656256e-03 -4.976121419462131712e-03 -9.065091249258472317e-03 -9.920057913434199293e-03 0.000000000000000000e+00
1.979409800006715070e-04 -1.110427461587959463e-03 2.459690301364725329e-03 -4.712292034436238453e-03 -8.170398402116862968e-03 -9.326078004721072290e-03 0.000000000000000000e+00
2.909617210382076102e-04 -1.219407558124885327e-03 2.658814738352416329e-03 -5.233273540761196330e-03 -8.629277074601482411e-03 -1.028935594268221010e-02 0.000000000000000000e+00
3.390670483707503013e-04 -1.141226078407497901e-03 2.448097486295514047e-03 -4.948030386159096849e-03 -7.753734294955627604e-03 -9.671454166600312874e-03 0.000000000000000000e+00
4.438353862726840404e-04 -1.253855509097456800e-03 2.644428099192352999e-03 -5.486066843554127104e-03 -8.162099203835371242e-03 -1.066736246285993062e-02 0.000000000000000000e+00
4.806760941514220953e-04 -1.174226871933831129e-03 2.433020650017825304e-03 -5.178403320715396774e-03 -7.306661594419505690e-03 -1.002375956386192257e-02 0.000000000000000000e+00
5.977216912555760597e-04 -1.290716426365329239e-03 2.626175314700218699e-03 -5.731394882807272495e-03 -7.660459127873497920e-03 -1.105157463500550108e-02 0.000000000000000000e+00
6.225445984160971058e-04 -1.208710493496634175e-03 2.414573067696462738e-03 -5.399844441868140166e-03 -6.828784125119558013e-03 -1.037905255708393426e-02 0.000000000000000000e+00
7.511031717835348065e-04 -1.328357729813822719e-03 2.604515557033365569e-03 -5.964756053885800213e-03 -7.126913296782166896e-03 -1.143611053759308049e-02 0.000000000000000000e+00
7.644009467334955676e-04 -1.243921322848146049e-03 2.392833599890620278e-03 -5.608281476492393836e-03 -6.320108635291532551e-03 -1.073279458083842286e-02 0.000000000000000000e+00
9.050144899963308287e-04 -1.366821048930932925e-03 2.579122452971094326e-03 -6.181672837525908903e-03 -6.558299329755268303e-03 -1.181650112108023620e-02 0.000000000000000000e+00
9.060206228693468145e-04 -1.279191769076148955e-03 2.367967080450339434e-03 -5.799402117729890449e-03 -5.780865252174471891e-03 -1.107996557897283907e-02 0.000000000000000000e+00
1.057886161821175453e-03 -1.404550446795438390e-03 2.550608396692521929e-03 -6.377476066725229487e-03 -5.958652043586809555e-03 -1.218666260634559961e-02 0.000000000000000000e+00
1.047141083964225894e-03 -1.313789178580687667e-03 2.340016320741628020e-03 -5.968310295226153528e-03 -5.211618763765191176e-03 -1.141484635171208240e-02 0.000000000000000000e+00
1.210742750164334192e-03 -1.441680779679710422e-03 2.518614395513124604e-03 -6.546648649054631619e-03 -5.325206649896330191e-03 -1.254073401189037540e-02 0.000000000000000000e+00
1.187524354647917502e-03 -1.347141621680397749e-03 2.309171172477614276e-03 -6.110412196396630691e-03 -4.613512144749698507e-03 -1.173193861477939137e-02 0.000000000000000000e+00
1.361972356120150218e-03 -1.476611023981194704e-03 2.483798889897276263e-03 -6.683960669194632942e-03 -4.663204275652699238e-03 -1.287194372928057717e-02 0.000000000000000000e+00
1.326897510761287924e-03 -1.378604036136238387e-03 2.275531207092007513e-03 -6.220653097852135716e-03 -3.988059805299482008e-03 -1.202507076310510570e-02 0.000000000000000000e+00
1.512608857656749795e-03 -1.509706444629499433e-03 2.445814812011226635e-03 -6.784001872553346857e-03 -3.970669633061252313e-03 -1.317429382294132978e-02 0.000000000000000000e+00
1.464997829362768567e-03 -1.407636253211191901e-03 2.239242447582778794e-03 -6.294095439010050086e-03 -3.337196786740381782e-03 -1.228828514333679678e-02 0.000000000000000000e+00
1.661089432061252369e-03 -1.539383465963412023e-03 2.405278884234668402e-03 -6.841954368773883743e-03 -3.253891136792752548e-03 -1.344089132637993345e-02 0.000000000000000000e+00
1.601516995121260445e-03 -1.433704941107283304e-03 2.200473631302213295e-03 -6.326107002772474175e-03 -2.663560658477948095e-03 -1.251579493319532332e-02 0.000000000000000000e+00
1.808359034716044977e-03 -1.566079481580634480e-03 2.361845549573998726e-03 -6.852254055854878345e-03 -2.511805066887529136e-03 -1.366570048650306290e-02 0.000000000000000000e+00
1.736213246225914997e-03 -1.456382577973730497e-03 2.159383381112961464e-03 -6.312659365853789950e-03 -1.970020365215763292e-03 -1.270225047493811488e-02 0.000000000000000000e+00
1.952879827319398132e-03 -1.588376779460470845e-03 2.316206675401832893e-03 -6.811712389493074227e-03 -1.751957781864543762e-03 -1.384319242572873421e-02 0.000000000000000000e+00
1.868793727812928518e-03 -1.475236298077275965e-03 2.116099610776078777e-03 -6.250077996223346588e-03 -1.259949752727695937e-03 -1.284264583844141328e-02 0.000000000000000000e+00
2.095521111437348427e-03 -1.606788963836730533e-03 2.268045051715544824e-03 -6.715684723788584165e-03 -9.742859051717900343e-04 -1.396837452406529678e-02 0.000000000000000000e+00
1.998987952431946491e-03 -1.489893466107505837e-03 2.070716980317049982e-03 -6.135559930395828587e-03 -5.370206157575552197e-04 -1.293258629312932229e-02 0.000000000000000000e+00
2.234848195778932345e-03 -1.620046577328337900e-03 2.218014050913569291e-03 -6.563098165243808069e-03 -1.869921653709916143e-04 -1.403752057145490895e-02 0.000000000000000000e+00
2.126467255735675632e-03 -1.500070164802941308e-03 2.023500572505332329e-03 -5.967368739019818236e-03 1.943868225837697139e-04 -1.296927951953952274e-02 0.000000000000000000e+00
2.371671159415444929e-03 -1.628782067258693900e-03 2.165745394426987769e-03 -6.351128447704468272e-03 6.093396644946125207e-04 -1.404716052152465977e-02 0.000000000000000000e+00
2.250978325125441160e-03 -1.505511242504559144e-03 1.974531782361454990e-03 -5.744833558098960680e-03 9.300653769206412846e-04 -1.295030683936682081e-02 0.000000000000000000e+00
2.504560198456712294e-03 -1.631828309547611600e-03 2.112003715413202087e-03 -6.081192575805083322e-03 1.405714155233717122e-03 -1.399638674094072499e-02 0.000000000000000000e+00
2.372222391847145229e-03 -1.506047963050760607e-03 1.924018361650348119e-03 -5.468324989064576869e-03 1.665391387511760968e-03 -1.287475657328185363e-02 0.000000000000000000e+00
2.634305261440317292e-03 -1.629897000000185558e-03 2.056279472011923737e-03 -5.752507274703333451e-03 2.201404536329221173e-03 -1.388330009709815016e-02 0.000000000000000000e+00
2.489933068413024975e-03 -1.501532116136988781e-03 1.872028348970100620e-03 -5.139473360864954543e-03 2.395909391403439059e-03 -1.274249268726501683e-02 0.000000000000000000e+00
2.759518662344584428e-03 -1.622026599532144786e-03 1.999471539908148632e-03 -5.369551694096585948e-03 2.987112155303783823e-03 -1.371038532537527388e-02 0.000000000000000000e+00
2.603833452287845907e-03 -1.491899505516369739e-03 1.818779555293081884e-03 -4.761063143893906613e-03 3.116936006516635160e-03 -1.255494201825912981e-02 0.000000000000000000e+00
2.880979319433707442e-03 -1.609021106541985713e-03 1.940967200753818123e-03 -4.933564263587264520e-03 3.762318992165614162e-03 -1.347753469792278835e-02 0.000000000000000000e+00
2.713640539118489237e-03 -1.477134035073851548e-03 1.764416194706130980e-03 -4.336840279663967124e-03 3.824030361390118316e-03 -1.231430318909731980e-02 0.000000000000000000e+00
2.997398067038442582e-03 -1.590029086977112760e-03 1.881634561804679251e-03 -4.451552540475134379e-03 4.518166127626344064e-03 -1.318961791356532132e-02 0.000000000000000000e+00
2.819125199318928132e-03 -1.457250990599678886e-03 1.708989463005294862e-03 -3.871392929798211924e-03 4.513115385679888902e-03 -1.202344233788776862e-02 0.000000000000000000e+00
3.109450979149636085e-03 -1.565976674720637174e-03 1.820970647591457769e-03 -3.926649650520808166e-03 5.254172289329783752e-03 -1.284859864572140964e-02 0.000000000000000000e+00
2.920028520279338569e-03 -1.432357903476955130e-03 1.652721324478079179e-03 -3.370234148006190367e-03 5.180158062846995648e-03 -1.168660401735710508e-02 0.000000000000000000e+00
3.215982827505597941e-03 -1.536138000547859761e-03 1.759721681475812094e-03 -3.367449032451119706e-03 5.962544498784527747e-03 -1.246094485002435803e-02 0.000000000000000000e+00
3.016149301438342256e-03 -1.402574364660125195e-03 1.595653940838159812e-03 -2.839336774815848230e-03 5.821720907864591510e-03 -1.130786284143470155e-02 0.000000000000000000e+00
3.317630238421714894e-03 -1.501495512388206777e-03 1.697370811155618497e-03 -2.778062660448554766e-03 6.643294926303333625e-03 -1.202941454158956702e-02 0.000000000000000000e+00
3.107260578627729641e-03 -1.368085634316895671e-03 1.537934254270678647e-03 -2.285040887532119314e-03 6.434576993882945573e-03 -1.089223252404902809e-02 0.000000000000000000e+00
3.413361696605388129e-03 -1.461481685272492115e-03 1.634687173465376731e-03 -2.168226050338617483e-03 7.289736522189116386e-03 -1.156185612226323656e-02 0.000000000000000000e+00
3.193209686742914943e-03 -1.329127011553299376e-03 1.479651047419316967e-03 -1.713848681709428945e-03 7.016123677318741869e-03 -1.044470996075785862e-02 0.000000000000000000e+00
3.503759013405938205e-03 -1.417119473238082072e-03 1.571104850152826859e-03 -1.542233537942472310e-03 7.902473161359502285e-03 -1.106091505967432553e-02 0.000000000000000000e+00
3.273803778117728713e-03 -1.285930161056991761e-03 1.420877883136439923e-03 -1.132289926944807235e-03 7.563932325887812169e-03 -9.970122625455601906e-03 0.000000000000000000e+00
3.587958166172494634e-03 -1.367982669240819238e-03 1.507398577368368464e-03 -9.099351516521636540e-04 8.476193248089902710e-03 -1.053507011339771537e-02 0.000000000000000000e+00
3.348921763643791794e-03 -1.238803165964252884e-03 1.361698890417928354e-03 -5.466541663210477964e-04 8.076225456045804663e-03 -9.473393656230122417e-03 0.000000000000000000e+00
3.666476463837858857e-03 -1.315098101488887394e-03 1.442900402485236544e-03 -2.750928538253205602e-04 9.012005102167819359e-03 -9.985957652618004943e-03 0.000000000000000000e+00
3.418448872754387136e-03 -1.188066846134150367e-03 1.302167727489367266e-03 3.689509585313999196e-05 8.551514845337226944e-03 -8.959103233449283721e-03 0.000000000000000000e+00
3.738603897902315065e-03 -1.258159899031052742e-03 1.378461811262332581e-03 3.528094934113212844e-04 9.505797015530781380e-03 -9.422126649458739678e-03 0.000000000000000000e+00
3.482310611024067026e-03 -1.134070434430756169e-03 1.242364983069788043e-03 6.126940236574895948e-04 8.988784930188842281e-03 -8.431613362641421361e-03 0.000000000000000000e+00
3.804819525751540477e-03 -1.198200066595600521e-03 1.313291791433968125e-03 9.709893511384848352e-04 9.959180262322675503e-03 -8.843894785327321983e-03 0.000000000000000000e+00
3.540443548229743609e-03 -1.077181400866544791e-03 1.182298618877419827e-03 1.175457016324266135e-03 9.387267422410250362e-03 -7.894580828160080443e-03 0.000000000000000000e+00
3.864565261191318934e-03 -1.134996297639856433e-03 1.248269353138653504e-03 1.570987182077487887e-03 1.036919823789572703e-02 -8.259333623292341997e-03 0.000000000000000000e+00
3.592823351748361538e-03 -1.017771296075442589e-03 1.121967202748264114e-03 1.720608832936676436e-03 9.746631353255708063e-03 -7.351307839153609081e-03 0.000000000000000000e+00
3.918286789137109816e-03 -1.069590397311692698e-03 1.182593190904301927e-03 2.150914600801634435e-03 1.073764816088429441e-02 -7.667582489394586531e-03 0.000000000000000000e+00
3.639439857166484882e-03 -9.562537630218304052e-04 1.061452686589470229e-03 2.243754880639770022e-03 1.006666743997497449e-02 -6.804931313163287143e-03 0.000000000000000000e+00
3.965594833837529642e-03 -1.001805093147845049e-03 1.117083873986235432e-03 2.703515568724945695e-03 1.106272214626891071e-02 -7.075864358765837636e-03 0.000000000000000000e+00
3.680322472759747776e-03 -8.930031047821307411e-04 1.000656756076523379e-03 2.741273224563300914e-03 1.034750604094103466e-02 -6.257415610373850967e-03 0.000000000000000000e+00
4.006869897441631134e-03 -9.326781219650692734e-04 1.050953906493234946e-03 3.227966498022816211e-03 1.134616444453051542e-02 -6.482265357476535428e-03 0.000000000000000000e+00
3.715517568373391533e-03 -8.284444947144198323e-04 9.396580573963198013e-04 3.209845551377377149e-03 1.058941581593852987e-02 -5.711166485656615777e-03 0.000000000000000000e+00
4.041890817310697659e-03 -8.620365985154698762e-04 9.849048583245312294e-04 3.718188651467002614e-03 1.158709361623788681e-02 -5.892718434433508179e-03 0.000000000000000000e+00
3.745108741908448335e-03 -7.629698907271054154e-04 8.783913120219977166e-04 3.646979441585429527e-03 1.079292111369323237e-02 -5.167546363250785646e-03 0.000000000000000000e+00
4.070982410901161086e-03 -7.909172549779852623e-04 9.181926670338569352e-04 4.174224669978521263e-03 1.178710038957841988e-02 -5.304649647390746736e-03 0.000000000000000000e+00
3.769172646028620677e-03 -6.969685853418505772e-04 8.168045023317360709e-04 4.050213533108859565e-03 1.095850109862794852e-02 -4.627614641449895316e-03 0.000000000000000000e+00
4.094084300698450085e-03 -7.191447498100522751e-04 8.514931693802685331e-04 4.591324002808150340e-03 1.194612212437506926e-02 -4.723241338276729095e-03 0.000000000000000000e+00
3.787840724509800028e-03 -6.308327239911148965e-04 7.548929866388887078e-04 4.417714977992481806e-03 1.108689035534915490e-02 -4.092372360370966078e-03 0.000000000000000000e+00
4.111445941395494574e-03 -6.477219329211192367e-04 7.840137498961174956e-04 4.970060629955419529e-03 1.206539708486120688e-02 -4.145006753555335877e-03 0.000000000000000000e+00
3.801231227288537351e-03 -5.649304569042001845e-04 6.925826247845545680e-04 4.748083320127882700e-03 1.117878538076144679e-02 -3.562263426178713388e-03 0.000000000000000000e+00
4.123160316998872310e-03 -5.764580467741975411e-04 7.164721658785566660e-04 5.306890955161236434e-03 1.214559173229590172e-02 -3.574808718828759169e-03 0.000000000000000000e+00
3.809504123943451004e-03 -4.996170288998902365e-04 6.297755793667203505e-04 5.040211132524063942e-03 1.123506023870168846e-02 -3.037474321100575025e-03 0.000000000000000000e+00
4.129394509908262956e-03 -5.063068420031457961e-04 6.479326626491754837e-04 5.602795385657444172e-03 1.218744509195524017e-02 -3.008060049928040769e-03 0.000000000000000000e+00
3.812806407831444144e-03 -4.352389689775693071e-04 5.664629763358908221e-04 5.293200922711349676e-03 1.125647800675899646e-02 -2.518331019682129579e-03 0.000000000000000000e+00
4.130379134808799535e-03 -4.370501178974639522e-04 5.792217273210553685e-04 5.855209491086199591e-03 1.219231565226674974e-02 -2.449759213911661959e-03 0.000000000000000000e+00
3.811316189084940770e-03 -3.721043923953781807e-04 5.024899655677872445e-04 5.506839192623402823e-03 1.124393994956207621e-02 -2.004444364876345475e-03 0.000000000000000000e+00
4.126189385087838946e-03 -3.696073437032820763e-04 5.093670985462650513e-04 6.065355632046021128e-03 1.216040847759103372e-02 -1.894853857967060407e-03 0.000000000000000000e+00
3.805191077608929134e-03 -3.105204642087078248e-04 4.378360256419022711e-04 5.680641717971113280e-03 1.119825865841317381e-02 -1.495903344010507396e-03 0.000000000000000000e+00
4.117181352535300570e-03 -3.036891879806824512e-04 4.390925258431210843e-04 6.231907273431147587e-03 1.209367897586854923e-02 -1.347757526393600358e-03 0.000000000000000000e+00
3.794621279567873817e-03 -2.507536902310314453e-04 3.723478784399270047e-04 5.814735250273983524e-03 1.112032540940255387e-02 -9.921880307643959895e-04 0.000000000000000000e+00
4.103317472583576861e-03 -2.401895534765441376e-04 3.674908132516030435e-04 6.356014069563542535e-03 1.199171474891036482e-02 -8.035377495683171389e-04 0.000000000000000000e+00
3.779772995967834934e-03 -1.930668780668054474e-04 3.060258017397177177e-04 5.909546933468234897e-03 1.101100857897518992e-02 -4.933661381456566630e-04 0.000000000000000000e+00
4.085066528386610551e-03 -1.787481861702522323e-04 2.952727859514836517e-04 6.437299052510780939e-03 1.185704876987347944e-02 -2.664635479820987030e-04 0.000000000000000000e+00
3.760819576903417713e-03 -1.376762358565875033e-04 2.386754823981984686e-04 5.965330941868351999e-03 1.087110298087079485e-02 1.286084534868336959e-06 0.000000000000000000e+00
4.062286781989736008e-03 -1.202371370305210796e-04 2.215390940414341259e-04 6.477077095190075795e-03 1.168879185002769105e-02 2.682517740906220638e-04 0.000000000000000000e+00
3.737920917218361637e-03 -8.478912706466612548e-05 1.702273168999735020e-04 5.982981965981792882e-03 1.070145204842809505e-02 4.919516692618586262e-04 0.000000000000000000e+00
4.035514045153522009e-03 -6.420666521061990650e-05 1.469909343862485507e-04 6.475789049933844410e-03 1.148983699341599163e-02 7.964922134737761894e-04 0.000000000000000000e+00
3.711237620771724866e-03 -3.458636733849607126e-05 1.006391161685327162e-04 5.963369487389513779e-03 1.050293010981073749e-02 9.786587247466727035e-04 0.000000000000000000e+00
4.004494667640953742e-03 -1.151087597428546161e-05 7.066770485913975719e-05 6.434800682947106054e-03 1.125877634777205927e-02 1.323075820689911808e-03 0.000000000000000000e+00
3.680913986313556069e-03 1.277748009875789847e-05 2.973825927776729827e-05 5.907600339289942326e-03 1.027631479480728416e-02 1.461881386834118501e-03 0.000000000000000000e+00
3.969856120181712578e-03 3.837904400827429896e-05 -6.581887571077693622e-06 6.355467917190438243e-03 1.099910754968469462e-02 1.843264349873141583e-03 0.000000000000000000e+00
3.647068777693961150e-03 5.717040151353991462e-05 -4.251081496475794808e-05 5.817093165242148700e-03 1.002239585135633604e-02 1.941518735443459320e-03 0.000000000000000000e+00
3.931196839352869843e-03 8.463528944668841092e-05 -8.587265512660646749e-05 6.239175480870606805e-03 1.070882837315245695e-02 2.362196204985789194e-03 0.000000000000000000e+00
3.609830733136393244e-03 9.847491385378548401e-05 -1.161647896866235818e-04 5.693381464319635654e-03 9.742044734070809398e-03 2.417443770833749284e-03 0.000000000000000000e+00
3.889212063891027416e-03 1.278634154991964422e-04 -1.662922718195791738e-04 6.088045273563658100e-03 1.039191282432483376e-02 2.874797520663996409e-03 0.000000000000000000e+00
3.569294539387986298e-03 1.366089819733740107e-04 -1.913436466954299142e-04 5.538300469027035433e-03 9.436086860132419929e-03 2.889631445150975253e-03 0.000000000000000000e+00
3.843375666295389959e-03 1.672342577753727078e-04 -2.487915910611704362e-04 5.903604268469031524e-03 1.004604118675000990e-02 3.385245948433812657e-03 0.000000000000000000e+00
3.525527537601137740e-03 1.715029048123262179e-04 -2.681525212964164240e-04 5.353798011825006142e-03 9.105241645912087733e-03 3.357983043372314569e-03 0.000000000000000000e+00
3.794430184175162646e-03 2.034519480322849461e-04 -3.325548693597357719e-04 5.688954226598319508e-03 9.675594719158908674e-03 3.888793468943774201e-03 0.000000000000000000e+00
3.478612459575383675e-03 2.031032828136436486e-04 -3.465185568726214527e-04 5.142024482612583824e-03 8.750600127772845127e-03 3.821530102588788225e-03 0.000000000000000000e+00
3.741712063556994206e-03 2.356894642205342727e-04 -4.186290490806321429e-04 5.445496720333231622e-03 9.277764936264532025e-03 4.389564203314044732e-03 0.000000000000000000e+00
3.428587606063057680e-03 2.313802845321233370e-04 -4.265445107469734154e-04 4.905417070338202734e-03 8.372983387809451727e-03 4.279913228339538023e-03 0.000000000000000000e+00
3.686038122618667812e-03 2.647241746009942887e-04 -5.059957449902729998e-04 5.177047861939065854e-03 8.857638356821517789e-03 4.881944716547348406e-03 0.000000000000000000e+00
3.375455649985772966e-03 2.563235679074460371e-04 -5.082421181547558398e-04 4.646749738166811028e-03 7.973322468539656427e-03 4.732360281346270625e-03 0.000000000000000000e+00
3.626616474398935974e-03 2.897244339841176242e-04 -5.956305777450321415e-04 4.885480705031142179e-03 8.412184834845959358e-03 5.369470059203962364e-03 0.000000000000000000e+00
3.319252403975334054e-03 2.779349176024181745e-04 -5.916251965086827269e-04 4.368485170591185351e-03 7.552723300712216314e-03 5.177909481576481454e-03 0.000000000000000000e+00
3.564270614358058809e-03 3.115652470884189285e-04 -6.866348743124750520e-04 4.575129174457792658e-03 7.946701017914392651e-03 5.847049981211327463e-03 0.000000000000000000e+00
3.259962204729127677e-03 2.962422422843058456e-04 -6.766516976524084015e-04 4.073739064663683962e-03 7.112322006845417377e-03 5.615497655693690859e-03 0.000000000000000000e+00
3.498126471822543548e-03 3.293960837680853793e-04 -7.798861733006035024e-04 4.247891499728595477e-03 7.458214932597684310e-03 6.317345120173012418e-03 0.000000000000000000e+00
3.197550079471311868e-03 3.112838410493368180e-04 -7.633207901400207440e-04 3.765652110793382690e-03 6.653254042349843189e-03 6.044025749607495612e-03 0.000000000000000000e+00
3.429069852336735780e-03 3.441701011406839150e-04 -8.743233506631198360e-04 3.908662772394322360e-03 6.952633492097071155e-03 6.774872438186196888e-03 0.000000000000000000e+00
3.132002820223578343e-03 3.231103779490762662e-04 -8.514980997609833402e-04 3.447660925520068531e-03 6.177004998205060105e-03 6.461917719990939446e-03 0.000000000000000000e+00
3.356070469737307271e-03 3.550484576135271020e-04 -9.709735259133545071e-04 3.559395570071899328e-03 6.426553773705379058e-03 7.222687428686480615e-03 0.000000000000000000e+00
3.063266527500746461e-03 3.318117154863520213e-04 -9.411465678473840413e-04 3.122924914566560517e-03 5.684911438470496847e-03 6.868066804925909707e-03 0.000000000000000000e+00
3.280105748651965247e-03 3.630433792430887152e-04 -1.068544661528392226e-03 3.205606517366454966e-03 5.886728977935185014e-03 7.654577425768582799e-03 0.000000000000000000e+00
2.991284051062303995e-03 3.374699746896414609e-04 -1.032143300809529318e-03 2.794686899764808885e-03 5.178519747484067182e-03 7.261000017627416980e-03 0.000000000000000000e+00
3.200069498681207270e-03 3.673316508069346398e-04 -1.168093801439284984e-03 2.849215960607942577e-03 5.329797860370355522e-03 8.073614967427200639e-03 0.000000000000000000e+00
2.915982743914510844e-03 3.402015873784636213e-04 -1.124360377363076147e-03 2.466502248988700075e-03 4.659478373710612686e-03 7.639386790486479839e-03 0.000000000000000000e+00
3.116962198676936913e-03 3.689941141793440238e-04 -1.268257688529339511e-03 2.495778943888637968e-03 4.762813303644364282e-03 8.473828419435669446e-03 0.000000000000000000e+00
2.837343831481597967e-03 3.401464867415771032e-04 -1.217588036465433454e-03 2.141779742205418557e-03 4.129756489280822507e-03 8.001744866662718891e-03 0.000000000000000000e+00
3.029636060619844695e-03 3.672298396256712394e-04 -1.370004720393835917e-03 2.146803644450745452e-03 4.182608908895879551e-03 8.858102983384519291e-03 0.000000000000000000e+00
2.755262123473989355e-03 3.374364409685637334e-04 -1.311604817056610806e-03 1.823967540301119072e-03 3.591241280892276677e-03 8.346597075321149362e-03 0.000000000000000000e+00
2.939154444808356192e-03 3.631998335426600555e-04 -1.471978873579693481e-03 1.807746730191350792e-03 3.596596365416537822e-03 9.221136656792694453e-03 0.000000000000000000e+00
2.669736035771974603e-03 3.322700092830421781e-04 -1.406251610154118925e-03 1.515994926286179378e-03 3.046003605816416382e-03 8.673193242933141534e-03 0.000000000000000000e+00
2.844313322204139460e-03 3.561039308130897751e-04 -1.574993325587970006e-03 1.480394792283235006e-03 3.001884756526074227e-03 9.565449174201656746e-03 0.000000000000000000e+00
2.580702768224613086e-03 3.248507550012713629e-04 -1.501228254021325093e-03 1.221037251492695930e-03 2.496288678064395583e-03 8.980365549611235565e-03 0.000000000000000000e+00
2.746255051869733732e-03 3.471771354333075266e-04 -1.677668893112604920e-03 1.169469645918130851e-03 2.406167726508812166e-03 9.886472869952367404e-03 0.000000000000000000e+00
2.488161814330508426e-03 3.153861660365464559e-04 -1.596197504617702378e-03 9.417689053292654933e-04 1.944455720047866265e-03 9.267193864630041134e-03 0.000000000000000000e+00
2.643786830163752377e-03 3.356779573369661485e-04 -1.780724003126343824e-03 8.760254522979238345e-04 1.806839896377088195e-03 1.018694218349658343e-02 0.000000000000000000e+00
2.392074993171539044e-03 3.041342854196993351e-04 -1.690896864562585478e-03 6.806741793075055114e-04 1.392785841150434578e-03 9.533392274255980681e-03 0.000000000000000000e+00
2.538105092232179061e-03 3.228802792470952809e-04 -1.882739230454455459e-03 6.045472524753847665e-04 1.211622343996410223e-03 1.046311385405607197e-02 0.000000000000000000e+00
2.292513787253563917e-03 2.913846495847249862e-04 -1.784949575209082706e-03 4.400343603689904626e-04 8.439056554734314375e-04 9.778593406471358662e-03 0.000000000000000000e+00
2.428022233432552968e-03 3.081089715975537935e-04 -1.984385043201142285e-03 3.553464916863369183e-04 6.181536111196095362e-04 1.071810974526643534e-02 0.000000000000000000e+00
2.189483423942373275e-03 2.774157197671933694e-04 -1.877942544537991587e-03 2.218215361375897032e-04 3.002955310003052602e-04 1.000269296396627539e-02 0.000000000000000000e+00
2.314917897674850789e-03 2.927219988130280726e-04 -2.084157432985345171e-03 1.318827028429225834e-04 3.444570680688485709e-05 1.094899078012367966e-02 0.000000000000000000e+00
2.083091686624349848e-03 2.625642103257774806e-04 -1.969508560905941508e-03 2.726949971876280188e-05 -2.355231289832282471e-04 1.020618429676956040e-02 0.000000000000000000e+00
2.197552776552841314e-03 2.760477236974923088e-04 -2.182593320575076934e-03 -6.560833392210696502e-05 -5.419117734963840860e-04 1.115897183933611814e-02 0.000000000000000000e+00
1.973452048251944646e-03 2.472006405760396319e-04 -2.059133074004682040e-03 -1.421485282184775656e-04 -7.608941834567062301e-04 1.038947062223405382e-02 0.000000000000000000e+00
2.077437539770521369e-03 2.595212472077390586e-04 -2.278311800686549926e-03 -2.351379004741360745e-04 -1.103234111995199385e-03 1.134652962445947821e-02 0.000000000000000000e+00
1.860751908848046199e-03 2.316856800857469700e-04 -2.146452766939144219e-03 -2.858519707258366793e-04 -1.273322888165839828e-03 1.055359185496351770e-02 0.000000000000000000e+00
1.953429211076634919e-03 2.425556393168548652e-04 -2.371581659769528283e-03 -3.768712330258772170e-04 -1.651361536429085675e-03 1.151468690344037427e-02 0.000000000000000000e+00
1.745186935515286031e-03 2.164350733320219433e-04 -2.230916851118758260e-03 -4.034373044015104881e-04 -1.770289934975632917e-03 1.069952247985161975e-02 0.000000000000000000e+00
1.827091995707325056e-03 2.265637144052701224e-04 -2.461133053032082962e-03 -4.896018185132078315e-04 -2.179397553109474472e-03 1.166295523105986831e-02 0.000000000000000000e+00
1.627020876605794752e-03 2.018581044495038057e-04 -2.311999800785558001e-03 -4.944824616908150006e-04 -2.249382847430592136e-03 1.082851714303423307e-02 0.000000000000000000e+00
1.697458504151011516e-03 2.110924298909244712e-04 -2.547167693033924873e-03 -5.743268303985971102e-04 -2.688835778086318129e-03 1.179463880637809936e-02 0.000000000000000000e+00
1.506550450231430860e-03 1.884085124650436427e-04 -2.389254923979455825e-03 -5.593891090018843215e-04 -2.708428689351727314e-03 1.094223285457474049e-02 0.000000000000000000e+00
1.566215419052469082e-03 1.975310825441112250e-04 -2.628316819621723255e-03 -6.306410591019329104e-04 -3.173175643227388321e-03 1.190951276427743011e-02 0.000000000000000000e+00
1.384162369215846677e-03 1.765059938793611671e-04 -2.462078816974133666e-03 -5.985468706555252538e-04 -3.145078359004571666e-03 1.104192245986901355e-02 0.000000000000000000e+00
1.432419265035095313e-03 1.854845158579809805e-04 -2.704798512828843204e-03 -6.595837699707729485e-04 -3.634322166885084471e-03 1.201121495533730155e-02 0.000000000000000000e+00
1.260286255783726883e-03 1.666555012289072657e-04 -2.529958961625222713e-03 -6.128509909073542872e-04 -3.557417318967193154e-03 1.112943779911956810e-02 0.000000000000000000e+00
1.297931702698290612e-03 1.762963687536589497e-04 -2.775280131140561712e-03 -6.617429870767743694e-04 -4.066199303147666200e-03 1.209966389063010794e-02 0.000000000000000000e+00
1.135395703803582235e-03 1.593129831538586672e-04 -2.592370165350493805e-03 -6.030994983166060308e-04 -3.943648524881382400e-03 1.120642031997753918e-02 0.000000000000000000e+00
1.161953124618031463e-03 1.696780740177428193e-04 -2.839833965103899516e-03 -6.383464967334440132e-04 -4.470663608752367679e-03 1.217824224395336330e-02 0.000000000000000000e+00
1.010025128218933199e-03 1.549248653298085365e-04 -2.648752324558301119e-03 -5.701787296477078826e-04 -4.302167798181599778e-03 1.127433519244647186e-02 0.000000000000000000e+00
1.026441254534327108e-03 1.668866635727850323e-04 -2.897314858742616739e-03 -5.908723001559756938e-04 -4.842703856874130963e-03 1.224723762284707362e-02 0.000000000000000000e+00
8.847727064404953268e-04 1.539478928188620088e-04 -2.698560431825314243e-03 -5.155564341254859073e-04 -4.631551821734802843e-03 1.133462040693888895e-02 0.000000000000000000e+00
8.907424133282604295e-04 1.677133080340564852e-04 -2.947606523732715367e-03 -5.202939997284161677e-04 -5.184038794694423302e-03 1.230930989447553969e-02 0.000000000000000000e+00
7.602818630808860778e-04 1.568379100960748396e-04 -2.741291949133528583e-03 -4.404071154664457310e-04 -4.930685215307040181e-03 1.138864831961861057e-02 0.000000000000000000e+00
7.569200235114648123e-04 1.732537209882534235e-04 -2.989754820857060125e-03 -4.285326831454661090e-04 -5.490648586480073590e-03 1.236462309594177356e-02 0.000000000000000000e+00
6.372440902343845526e-04 1.640104858648405717e-04 -2.776418483125153713e-03 -3.462220612453492663e-04 -5.198809640435175794e-03 1.143754849781952743e-02 0.000000000000000000e+00
6.244045820644472666e-04 1.833717280834146202e-04 -3.023576986989268134e-03 -3.167188058879055745e-04 -5.764565051315617694e-03 1.241538181930135210e-02 0.000000000000000000e+00
5.164179347029729250e-04 1.758537617558841859e-04 -2.803437851853635143e-03 -2.345702910302449595e-04 -5.435131191116049365e-03 1.148201657606495729e-02 0.000000000000000000e+00
4.953297592061589594e-04 1.990094192401148376e-04 -3.048221566314013309e-03 -1.869327377366225562e-04 -6.002733004292881702e-03 1.246127061917112755e-02 0.000000000000000000e+00
3.985689538965331291e-04 1.927307112441489778e-04 -2.821940563755592768e-03 -1.067949077344643172e-04 -5.639541079152099456e-03 1.152279648219245445e-02 0.000000000000000000e+00
3.693127010855890013e-04 2.200825245917692463e-04 -3.063467170044881227e-03 -4.033722523022476025e-05 -6.207345376566308914e-03 1.250378525909567884e-02 0.000000000000000000e+00
2.845190605116343363e-04 2.149822461336992063e-04 -2.831400324469324215e-03 3.550458715206872284e-05 -5.811884234609543398e-03 1.155999532086404713e-02 0.000000000000000000e+00
2.484275752971665252e-04 2.472782368164172517e-04 -3.068656475517461679e-03 1.207529920344008190e-04 -6.376447600498380552e-03 1.254201406073596203e-02 0.000000000000000000e+00
1.751069968685126099e-04 2.428973006299295356e-04 -2.831470723711065896e-03 1.905608205774456110e-04 -5.952679055361009830e-03 1.159376197755479510e-02 0.000000000000000000e+00
1.324564160870012053e-04 2.806152830573949153e-04 -3.063506258652620717e-03 2.953363637292483190e-04 -6.512557892709658347e-03 1.257672970393208800e-02 0.000000000000000000e+00
7.115568117566084538e-05 2.766930518747212631e-04 -2.821752854013370726e-03 3.571408152698296590e-04 -6.062511817426674554e-03 1.162353435492802234e-02 0.000000000000000000e+00
2.339267873749384385e-05 3.205182543425388886e-04 -3.047581228866114156e-03 4.810281733313992447e-04 -6.614903295024898711e-03 1.260649419207382493e-02 0.000000000000000000e+00
-2.653643850725195819e-05 3.165496156178893017e-04 -2.801967300731955657e-03 5.334258041700401520e-04 -6.142690162331820858e-03 1.164884870464399924e-02 0.000000000000000000e+00
-7.886449977065335126e-05 3.670699368249485950e-04 -3.020445848607056227e-03 6.767487466303734323e-04 -6.686154124364573903e-03 1.263094661129038343e-02 0.000000000000000000e+00
-1.170154999828587616e-04 3.626645099060743505e-04 -2.771736803997115750e-03 7.178843027215719985e-04 -6.194138897394285692e-03 1.166834321214782477e-02 0.000000000000000000e+00
-1.725369408235866153e-04 4.204134841915285747e-04 -2.982063299589221561e-03 8.802808064753975259e-04 -6.727241145307871761e-03 1.264859394350992261e-02 0.000000000000000000e+00
-1.996098488246667024e-04 4.150797259256377991e-04 -2.730902250835526290e-03 9.088803702832493059e-04 -6.219101705138285752e-03 1.168096403895413360e-02 0.000000000000000000e+00
-2.575728713853364660e-04 4.807110935230451965e-04 -2.931864500903269555e-03 1.090598576061641012e-03 -6.740792951189789051e-03 1.265783293776578944e-02 0.000000000000000000e+00
-2.734882351701772851e-04 4.739195053587441642e-04 -2.679179089919547785e-03 1.105278154468702922e-03 -6.219545412555760322e-03 1.168495536962321779e-02 0.000000000000000000e+00
-3.324472345182238886e-04 5.478480095813531570e-04 -2.870056720318620025e-03 1.305273740210388667e-03 -6.728968289241521461e-03 1.265677015422328466e-02 0.000000000000000000e+00
-3.379643342401872363e-04 5.391678011462675002e-04 -2.616510317242332073e-03 1.305256990880465651e-03 -6.198032287536570095e-03 1.167843124467626836e-02 0.000000000000000000e+00
-3.970688600027916237e-04 6.221209999933141610e-04 -2.795979157703770701e-03 1.523489978753733709e-03 -6.694950267381649667e-03 1.264303853602699590e-02 0.000000000000000000e+00
-3.924233887767358819e-04 6.108428273680632792e-04 -2.542721127047065099e-03 1.507543516980902609e-03 -6.157512747997806457e-03 1.165920938360676118e-02 0.000000000000000000e+00
-4.502869282284605035e-04 7.031362430915955031e-04 -2.710207407844167360e-03 1.743209016062952088e-03 -6.642077398545609412e-03 1.261455608390393834e-02 0.000000000000000000e+00
-4.363098035791157514e-04 6.889454118257920534e-04 -2.457821670775017786e-03 1.710862389506573322e-03 -6.101316265615608359e-03 1.162505414497472245e-02 0.000000000000000000e+00
-4.919849034112633301e-04 7.913645213877273932e-04 -2.611967750479449180e-03 1.963617720286858770e-03 -6.573919907912006977e-03 1.256806226393658577e-02 0.000000000000000000e+00
-4.691451260234180687e-04 7.734518880382901251e-04 -2.361722587355452596e-03 1.913873468808890976e-03 -6.032625054571028045e-03 1.157297726091677248e-02 0.000000000000000000e+00
-5.214437768810142870e-04 8.862089422058683219e-04 -2.502107162870859103e-03 2.182737698879222421e-03 -6.494806511666784132e-03 1.250145313555295346e-02 0.000000000000000000e+00
-4.906873504607056624e-04 8.643885671804074633e-04 -2.254584454871311205e-03 2.115507253213522176e-03 -5.955909324378172442e-03 1.150082597879231727e-02 0.000000000000000000e+00
-5.385426363226919477e-04 9.884079671011458679e-04 -2.379751295756349361e-03 2.400129186396426917e-03 -6.408471210987976008e-03 1.241054764935034527e-02 0.000000000000000000e+00
-5.007082083233194147e-04 9.617586728977722821e-04 -2.136411065540744225e-03 2.314587163890102772e-03 -5.874850086829752627e-03 1.140526800782870609e-02 0.000000000000000000e+00
-5.431734457190251497e-04 1.097163142374624201e-03 -2.246144625862533939e-03 2.614045456521107980e-03 -6.320255994072265793e-03 1.229358650437406553e-02 0.000000000000000000e+00
-4.991886575800574821e-04 1.065655148395461271e-03 -2.007387520229719780e-03 2.510418015447601903e-03 -5.793787284608331589e-03 1.128341798141363483e-02 0.000000000000000000e+00
-5.352924234842959539e-04 1.213595062667605085e-03 -2.100245744141637783e-03 2.824435824005711027e-03 -6.234251527623690947e-03 1.214576389802912715e-02 0.000000000000000000e+00
-4.863008346888408884e-04 1.176218656539051999e-03 -1.867715412093712279e-03 2.702283244522263317e-03 -5.717222158377666119e-03 1.113217177736958163e-02 0.000000000000000000e+00
-5.154005225473656804e-04 1.336761749956616452e-03 -1.943657856663311145e-03 3.029437763155229391e-03 -6.155778146964330233e-03 1.196530579805399341e-02 0.000000000000000000e+00
-4.624040298875642385e-04 1.293694003801748593e-03 -1.717668114415982217e-03 2.889427174899150685e-03 -5.649740347828835496e-03 1.094854950669743587e-02 0.000000000000000000e+00
-4.835606369436029617e-04 1.468222435067834120e-03 -1.775170692497191061e-03 3.229614324099294720e-03 -6.088805036889244349e-03 1.174646959035685612e-02 0.000000000000000000e+00
-4.280363002944764794e-04 1.418381959971154460e-03 -1.557542589218197104e-03 3.071383646242598076e-03 -5.595484881939505328e-03 1.072894020580106300e-02 0.000000000000000000e+00
-4.411535261347743209e-04 1.607014422873448423e-03 -1.596839847983033689e-03 3.423379057225339750e-03 -6.039248543559416760e-03 1.148858750319314836e-02 0.000000000000000000e+00
0.000000000000000000e+00 0.000000000000000000e+00 0.000000000000000000e+00 0.000000000000000000e+00 0.000000000000000000e+00 0.000000000000000000e+00 0.000000000000000000e+00
