-4.892697582532523626e-04 -9.558066013043431397e-04 3.267475629121996406e-03 -9.590346945359762287e-03 9.200806675537798185e-04 -9.530455355714062549e-03 0.000000000000000000e+00
-4.126591036825444370e-04 -8.283159907422898982e-04 3.025811351427931672e-03 -8.809702430339960699e-03 8.584272590388408730e-04 -8.811282177394241799e-03 0.000000000000000000e+00
-4.040269075872293669e-04 -8.407702783125303725e-04 3.286874923874083532e-03 -9.492817578194312489e-03 9.430758612070100355e-04 -9.561087187207384375e-03 0.000000000000000000e+00
-3.324159963875861212e-04 -7.254358185231346567e-04 3.040876829330879660e-03 -8.711128813313706587e-03 8.851995108178911664e-04 -8.840732282323182645e-03 0.000000000000000000e+00
-3.154948809347690730e-04 -7.328389908960453170e-04 3.300165280622435748e-03 -9.376639602865388667e-03 9.777026498887231298e-04 -9.594126877193964731e-03 0.000000000000000000e+00
-2.496292962120560954e-04 -6.292684792219560563e-04 3.050562235407699996e-03 -8.595998907946267309e-03 9.222672277231502846e-04 -8.871956182484819209e-03 0.000000000000000000e+00
-2.248063249656873097e-04 -6.322834953931821822e-04 3.307954402283430628e-03 -9.243406073363047426e-03 1.022837428187983733e-03 -9.628747763769984758e-03 0.000000000000000000e+00
-1.647457330406221221e-04 -5.394880125091372491e-04 3.055275888304537224e-03 -8.464469928028073298e-03 9.679501567307902121e-04 -8.905144890676286451e-03 0.000000000000000000e+00
-1.316628943774378335e-04 -5.382626301771442634e-04 3.310469117799003103e-03 -9.091656087593769087e-03 1.076301058795525734e-03 -9.665934790835217783e-03 0.000000000000000000e+00
-7.815684311010540064e-05 -4.557691341764980031e-04 3.055333379007457717e-03 -8.316516886572422607e-03 1.020645250930485304e-03 -8.940163006677881441e-03 0.000000000000000000e+00
-3.730709689189759537e-05 -4.508256607230198831e-04 3.308248264654894966e-03 -8.923109828012698586e-03 1.136667945543123892e-03 -9.704802558261560463e-03 0.000000000000000000e+00
9.716702759426931735e-06 -3.778123029913316167e-04 3.051106374919149156e-03 -8.152514880943151354e-03 1.078884944424096659e-03 -8.977003934077520952e-03 0.000000000000000000e+00
5.860707825708355578e-05 -3.692275817988588393e-04 3.301347553422651071e-03 -8.736067447761897142e-03 1.201958327408991778e-03 -9.745873873384214292e-03 0.000000000000000000e+00
9.846054574932927572e-05 -3.051988270891814459e-04 3.042804016502392850e-03 -7.972189821538577803e-03 1.140970278080910560e-03 -9.015579182815480763e-03 0.000000000000000000e+00
1.548341590331125950e-04 -2.934198811393451400e-04 3.290381598637176497e-03 -8.532671207031050642e-03 1.270846009838955126e-03 -9.788579470528135928e-03 0.000000000000000000e+00
1.876609413770935486e-04 -2.376262840804721499e-04 3.030767301857278939e-03 -7.776021635588215020e-03 1.205577347544561917e-03 -9.056024356325131919e-03 0.000000000000000000e+00
2.517582161170872634e-04 -2.227458114258396016e-04 3.275366950886926531e-03 -8.311156044776168983e-03 1.341500287519448165e-03 -9.833462777310675307e-03 0.000000000000000000e+00
2.769222593228815033e-04 -1.747319597799057433e-04 3.015210883631658234e-03 -7.564085311352997110e-03 1.271214737656567451e-03 -9.098123328802998344e-03 0.000000000000000000e+00
3.481336827831915670e-04 -1.570444944127835640e-04 3.256742857712185968e-03 -8.073608900394546595e-03 1.412644278204311377e-03 -9.879617717493349716e-03 0.000000000000000000e+00
3.658590862013477718e-04 -1.161566688867576858e-04 2.996365660535765807e-03 -7.336652856153591529e-03 1.336445045605039184e-03 -9.141588435985781302e-03 0.000000000000000000e+00
4.443533505989472054e-04 -9.576231317204308979e-05 3.234539941440406352e-03 -7.818313867472781453e-03 1.482480116049345042e-03 -9.927630110740937042e-03 0.000000000000000000e+00
4.540928727963244871e-04 -6.157312846849505306e-05 2.974400642048291576e-03 -7.093852231120578722e-03 1.399900821442479071e-03 -9.186425904450734592e-03 0.000000000000000000e+00
5.392159389810968761e-04 -3.866576075062244655e-05 3.209247526984176924e-03 -7.547708033000866124e-03 1.549857203420934582e-03 -9.976796233888807208e-03 0.000000000000000000e+00
5.412672948825747454e-04 -1.063810120921493407e-05 2.949532256171005784e-03 -6.836092925708747714e-03 1.460303708658017285e-03 -9.232307006254103499e-03 0.000000000000000000e+00
6.331522883543105884e-04 1.465826149410487389e-05 3.180751926336350399e-03 -7.259904199798050684e-03 1.613071840592006367e-03 -1.002716819837967677e-02 0.000000000000000000e+00
6.270450824957529701e-04 3.695309761519993685e-05 2.921952318286707984e-03 -6.563620244620871347e-03 1.516394513643160025e-03 -9.279209666805954271e-03 0.000000000000000000e+00
7.249698095816714538e-04 6.456000180388166143e-05 3.149477792419419497e-03 -6.957454968455678568e-03 1.670930672235559911e-03 -1.007802860225681663e-02 0.000000000000000000e+00
7.110926071955681049e-04 8.150568259274182381e-05 2.891763987624418331e-03 -6.276838099988246711e-03 1.566847003262594740e-03 -9.326465818328744106e-03 0.000000000000000000e+00
8.151616273724404671e-04 1.112659705348462147e-04 3.115356225799115197e-03 -6.638576392001382942e-03 1.722037749739335766e-03 -1.012950154891800736e-02 0.000000000000000000e+00
7.930984512228567151e-04 1.233049698445287667e-04 2.859166711582289411e-03 -5.976167328553216862e-03 1.610527328787192403e-03 -9.374133647856552898e-03 0.000000000000000000e+00
9.025923358390031126e-04 1.552007692311452303e-04 3.078822842976558505e-03 -6.306048730174929062e-03 1.765287916888791386e-03 -1.018088428402230683e-02 0.000000000000000000e+00
8.727881678343707428e-04 1.626147849122516753e-04 2.824205070959567854e-03 -5.661968659472549348e-03 1.646236167156089891e-03 -9.421341293484264412e-03 0.000000000000000000e+00
9.877477514104171519e-04 1.964789201640559924e-04 3.039703204516797097e-03 -5.958037458078990767e-03 1.799197225695881031e-03 -1.023193669582944665e-02 0.000000000000000000e+00
9.498954850767071800e-04 1.996398837822432881e-04 2.787073666695505381e-03 -5.334882864624468368e-03 1.672979024252896352e-03 -9.467954701554814889e-03 0.000000000000000000e+00
1.069564054993005220e-03 2.355203566060670717e-04 2.998425470737142717e-03 -5.597555245410390512e-03 1.822815979039216217e-03 -1.028183088541712031e-02 0.000000000000000000e+00
1.024161949646718028e-03 2.346252266139381426e-04 2.747843084479506537e-03 -4.995419047315152739e-03 1.689632394875850707e-03 -9.513315835912639074e-03 0.000000000000000000e+00
1.148598034090675402e-03 2.723257711060300679e-04 2.954737337972190847e-03 -5.222659417863262377e-03 1.834967270214260537e-03 -1.033012684947531845e-02 0.000000000000000000e+00
1.095365087939476068e-03 2.677523026728412248e-04 2.706701979734160712e-03 -4.644320108951660586e-03 1.695256629596464393e-03 -9.557202681275356326e-03 0.000000000000000000e+00
1.223813585043920238e-03 3.073216833109349011e-04 2.909193160993417404e-03 -4.836900854232162317e-03 1.834740010436597402e-03 -1.037608366509612523e-02 0.000000000000000000e+00
1.163320787963134650e-03 2.991537024944479484e-04 2.663578903467078707e-03 -4.282085308406458068e-03 1.688870660971897308e-03 -9.598213913202702230e-03 0.000000000000000000e+00
1.295785396358439812e-03 3.404084256292683186e-04 2.861467478157520006e-03 -4.438241022818090187e-03 1.821037877318243403e-03 -1.041923962776869494e-02 0.000000000000000000e+00
1.227852677357421651e-03 3.289860607074146515e-04 2.618728571584294507e-03 -3.909705751294012543e-03 1.669767609072003722e-03 -9.636270486231834909e-03 0.000000000000000000e+00
1.363566981481101337e-03 3.719892617835562909e-04 2.811955766788443167e-03 -4.030259121099888375e-03 1.793028900699766837e-03 -1.045804300537622744e-02 0.000000000000000000e+00
1.288792633075575012e-03 3.573446604211993893e-04 2.572167134845981806e-03 -3.527979614300846833e-03 1.637133239169141774e-03 -9.670367099929189081e-03 0.000000000000000000e+00
1.427783993471071211e-03 4.018593302530515388e-04 2.760500036256163803e-03 -3.611279160169900138e-03 1.750013393658544913e-03 -1.049240731217349065e-02 0.000000000000000000e+00
1.346013749448995989e-03 3.842963157323908696e-04 2.523937572753542913e-03 -3.137767253431178460e-03 1.590223946401181365e-03 -9.699446514900955663e-03 0.000000000000000000e+00
1.487547684213733068e-03 4.304189770004684945e-04 2.707514426053880818e-03 -3.185083393238308247e-03 1.691350478981057393e-03 -1.052098831125958256e-02 0.000000000000000000e+00
1.399440394747750172e-03 4.099083230330591299e-04 2.474170341786430249e-03 -2.740133458591031967e-03 1.528624290468627578e-03 -9.722775078481848965e-03 0.000000000000000000e+00
1.543491965330642812e-03 4.573495351233858308e-04 2.652693174689413347e-03 -2.750027902607143915e-03 1.616305602354373150e-03 -1.054270416478519934e-02 0.000000000000000000e+00
1.448978198331798972e-03 4.341887886858408763e-04 2.422901056780224494e-03 -2.336108614898968483e-03 1.451763741076472769e-03 -9.739196903259639271e-03 0.000000000000000000e+00
1.594873335989788199e-03 4.830441188556355847e-04 2.596504617764672229e-03 -2.310069104630940728e-03 1.524816533054806911e-03 -1.055654843097819651e-02 0.000000000000000000e+00
1.494574281593483156e-03 4.571578062538828036e-04 2.370187565874093405e-03 -1.926859630931865297e-03 1.359304710436326502e-03 -9.747553566265221292e-03 0.000000000000000000e+00
1.642289772488939037e-03 5.070951818416657986e-04 2.538633012527768962e-03 -1.863752805291163384e-03 1.416093298777010290e-03 -1.056111797908343419e-02 0.000000000000000000e+00
1.536234300267919073e-03 4.787675021801773845e-04 2.316194113043124059e-03 -1.513639028626556637e-03 1.251190774807398043e-03 -9.747118019695744096e-03 0.000000000000000000e+00
1.685116505336953230e-03 5.298828735167404602e-04 2.479478949608482363e-03 -1.415095048179715320e-03 1.290461232648976164e-03 -1.055510142546678409e-02 0.000000000000000000e+00
1.573938278957728865e-03 4.990125993385441383e-04 2.260908424506213876e-03 -1.097698775778255253e-03 1.127238183963541474e-03 -9.736393725308989389e-03 0.000000000000000000e+00
1.723998138705398753e-03 5.509118438264404283e-04 2.418845082770459953e-03 -9.628946892190626272e-04 1.147547140189608683e-03 -1.053733849051274873e-02 0.000000000000000000e+00
1.607730288980382949e-03 5.178040804469374869e-04 2.204405623496885624e-03 -6.803576591964954901e-04 9.875314509031341004e-04 -9.714068645368278965e-03 0.000000000000000000e+00
1.758375276419102406e-03 5.705716410519534598e-04 2.357116224109723213e-03 -5.112366903956555575e-04 9.879080533874429193e-04 -1.050652508764748916e-02 0.000000000000000000e+00
1.637679591135712820e-03 5.350733291236697831e-04 2.146781576231604483e-03 -2.629851746878131280e-04 8.323521057809202262e-04 -9.679042453804242996e-03 0.000000000000000000e+00
1.788915450373032567e-03 5.883160467262116278e-04 2.294011222102931846e-03 -5.899197892578200708e-05 8.115349312345365718e-04 -1.046116612707859161e-02 0.000000000000000000e+00
1.663871751002743427e-03 5.507312551173981774e-04 2.088079634466222245e-03 1.530083777083746099e-04 6.621113813456425135e-04 -9.629879438881605580e-03 0.000000000000000000e+00
1.815174787869550110e-03 6.044908485386968344e-04 2.229954860865523969e-03 3.897246007573684778e-04 6.193015450524086418e-04 -1.039981682854396183e-02 0.000000000000000000e+00
1.686440495280328022e-03 5.647056863171684427e-04 2.028428290348938123e-03 5.661801936769350618e-04 4.775249684101368075e-04 -9.565654682805568854e-03 0.000000000000000000e+00
1.837815584984997530e-03 6.185365272495801925e-04 2.164659854043293752e-03 8.359163638731459400e-04 4.114942284072498069e-04 -1.032097431578682389e-02 0.000000000000000000e+00
1.705499209032720898e-03 5.768595705682444397e-04 1.967804738150724653e-03 9.752077495415178987e-04 2.790703126196447670e-04 -9.484549917498696914e-03 0.000000000000000000e+00
1.856532097371701995e-03 6.308125416347176717e-04 2.098635184080155369e-03 1.275548743389087747e-03 1.896929408147229879e-04 -1.022388849663080634e-02 0.000000000000000000e+00
1.721248833274166556e-03 5.871102653890458711e-04 1.906342582663700380e-03 1.378622065834278487e-03 6.798301937038786491e-05 -9.385767883862694561e-03 0.000000000000000000e+00
1.871966188244478246e-03 6.407062770702465215e-04 2.031516312933967505e-03 1.709573603568159683e-03 -4.572853213069549838e-05 -1.010644736086341311e-02 0.000000000000000000e+00
1.733852664201909755e-03 5.953294220868432518e-04 1.844085948355278504e-03 1.775071790732773991e-03 -1.548942267950437213e-04 -9.267721521480254410e-03 0.000000000000000000e+00
1.883925337960112856e-03 6.486150006376201205e-04 1.963805969341148039e-03 2.134192509316790165e-03 -2.926551922932674188e-04 -9.968266281847437682e-03 0.000000000000000000e+00
1.743556588969144561e-03 6.014459767441637794e-04 1.781134094865355344e-03 2.163292728750931815e-03 -3.880332582388845708e-04 -9.129775558772923461e-03 0.000000000000000000e+00
1.893041768990702534e-03 6.539075785847447975e-04 1.895172345636519928e-03 2.550290052929504725e-03 -5.504680319616817030e-04 -9.807271018329455359e-03 0.000000000000000000e+00
1.750580944576807241e-03 6.053423705938976163e-04 1.717593202326728186e-03 2.541975529385176458e-03 -6.300267981482754465e-04 -8.970920822215067147e-03 0.000000000000000000e+00
1.899220216569019737e-03 6.570246047499783693e-04 1.826119254279945370e-03 2.954413589302262722e-03 -8.166236437743279453e-04 -9.623531860050604791e-03 0.000000000000000000e+00
1.755182230204418992e-03 6.069333818101707578e-04 1.653498603201963846e-03 2.910025588292342036e-03 -8.793356502145854847e-04 -8.789995893408786287e-03 0.000000000000000000e+00
1.903091170509782493e-03 6.573365469016989593e-04 1.756299354277679470e-03 3.347440443950411293e-03 -1.090092085290983448e-03 -9.415129067190886047e-03 0.000000000000000000e+00
1.757636749768740070e-03 6.061391411656957828e-04 1.588947308478083631e-03 3.266361303712272957e-03 -1.134104654663570244e-03 -8.586501414886704708e-03 0.000000000000000000e+00
1.904622469536904061e-03 6.553102786271969293e-04 1.686261990957449441e-03 3.726293851274320446e-03 -1.368104924918345233e-03 -9.182531963315643253e-03 0.000000000000000000e+00
1.758240495259813518e-03 6.029321171037160809e-04 1.523981964212828277e-03 3.610157829538884755e-03 -1.392431949704064920e-03 -8.359897688773099134e-03 0.000000000000000000e+00
1.904452324322597478e-03 6.503400490084354502e-04 1.615640398861140081e-03 4.091946178829353187e-03 -1.649289313883084418e-03 -8.924056872123387052e-03 0.000000000000000000e+00
1.757266479975636009e-03 5.972372599082897970e-04 1.458782581682360746e-03 3.940461266026318299e-03 -1.652341941382751145e-03 -8.109921283619758725e-03 0.000000000000000000e+00
1.902608790326672239e-03 6.429688218682616530e-04 1.544954248385077555e-03 4.441836298619605827e-03 -1.930660327049249503e-03 -8.640705233929679707e-03 0.000000000000000000e+00
1.755029217640695360e-03 5.890321519357311075e-04 1.393321624764909394e-03 4.256686965211642359e-03 -1.911734749530769051e-03 -7.836065572431216708e-03 0.000000000000000000e+00
1.899689463135421919e-03 6.325993945727192980e-04 1.473890073405259571e-03 4.776926160969807711e-03 -2.210647439166990580e-03 -8.331220672204597832e-03 0.000000000000000000e+00
1.751836262007595846e-03 5.783412055107017835e-04 1.327761511283553908e-03 4.558276416550377519e-03 -2.168377538930066351e-03 -7.538879248528917998e-03 0.000000000000000000e+00
1.895779692496657454e-03 6.198190570926853660e-04 1.402925008645639071e-03 5.095222966960299971e-03 -2.486145077388535185e-03 -7.996867485930092556e-03 0.000000000000000000e+00
1.747990752491095090e-03 5.651886898760394295e-04 1.262186245134522267e-03 4.844837439947902169e-03 -2.420108838173895549e-03 -7.218574780266440172e-03 0.000000000000000000e+00
1.891434927133853194e-03 6.040753588286706943e-04 1.331731707098937623e-03 5.397686620663755264e-03 -2.755454863011319588e-03 -7.636755806143202818e-03 0.000000000000000000e+00
1.743794700492122540e-03 5.496036304604712264e-04 1.196627810505446199e-03 5.116070661626892502e-03 -2.664667381682139791e-03 -6.875440378558028698e-03 0.000000000000000000e+00
1.886774470532578962e-03 5.860566640234488034e-04 1.260888359170764250e-03 5.682909594902696426e-03 -3.015445963280072306e-03 -7.253434580154927147e-03 0.000000000000000000e+00
1.739543434758433760e-03 5.316496564121142576e-04 1.131156685992784627e-03 5.371825148738018640e-03 -2.899869782144737229e-03 -6.510106447976227173e-03 0.000000000000000000e+00
1.882294607385773255e-03 5.652196913015217206e-04 1.190016103240376655e-03 5.951778988163347606e-03 -3.264438456800800026e-03 -6.845970654824728996e-03 0.000000000000000000e+00
1.735515894431764738e-03 5.114292143905130317e-04 1.065907793812936877e-03 5.612042008113604652e-03 -3.123523586222365367e-03 -6.123763332771314793e-03 0.000000000000000000e+00
1.878129172321614526e-03 5.422816926934359572e-04 1.119536286633249222e-03 6.203410001916154215e-03 -3.499455833545717098e-03 -6.416722067129398965e-03 0.000000000000000000e+00
1.731985059960632067e-03 4.890670498486904272e-04 1.000958443194532865e-03 5.836747295164812499e-03 -3.333523249716918713e-03 -5.717624614267613481e-03 0.000000000000000000e+00
1.874704977277652507e-03 5.167823509368840718e-04 1.049198282611740751e-03 6.438606613111019783e-03 -3.718875314282943378e-03 -5.965935885547057893e-03 0.000000000000000000e+00
1.729193792091021642e-03 4.646852299043935375e-04 9.363240830385088920e-04 6.046002218997870159e-03 -3.527867773046367006e-03 -5.292854327597851238e-03 0.000000000000000000e+00
1.872151256768393723e-03 4.895116355493889237e-04 9.795410365386336693e-04 6.656885528940392760e-03 -3.920026202490767275e-03 -5.496898715544151770e-03 0.000000000000000000e+00
1.727373857936101431e-03 4.384463399269566963e-04 8.720716259417726768e-04 6.239980181149462624e-03 -3.704674153699905048e-03 -4.850957334781025310e-03 0.000000000000000000e+00
1.870812545415753703e-03 4.599826139334850517e-04 9.100517292656151724e-04 6.858871997953208677e-03 -4.101454126394177280e-03 -5.009096935468360101e-03 0.000000000000000000e+00
1.726723071973801371e-03 4.105194470185313804e-04 8.083238149150240304e-04 6.418802351384478300e-03 -3.862198190604626546e-03 -4.393765827980899985e-03 0.000000000000000000e+00
1.870798758475209628e-03 4.290631298991542941e-04 8.413627078913132884e-04 7.044452588336191923e-03 -4.260906359332850002e-03 -4.506770859424857889e-03 0.000000000000000000e+00
1.727421956471211079e-03 3.810974483124951462e-04 7.450449505560508001e-04 6.582655844653118038e-03 -3.998872866995295539e-03 -3.922947073906168924e-03 0.000000000000000000e+00
1.872359176641316680e-03 3.963002785278280093e-04 7.730367215819655691e-04 7.213861518438058340e-03 -4.397206079026272363e-03 -3.989919064060210019e-03 0.000000000000000000e+00
1.729607898216752038e-03 3.503901972677914145e-04 6.823222051163257973e-04 6.731621185761760273e-03 -4.113331179412149652e-03 -3.440748482159694532e-03 0.000000000000000000e+00
1.875574859600125099e-03 3.625801095853975475e-04 7.055415638889117602e-04 7.367347964755133205e-03 -4.508589532894013985e-03 -3.462560765547628705e-03 0.000000000000000000e+00
1.733401781794617624e-03 3.185947448762771472e-04 6.202217337891169358e-04 6.865881163733433823e-03 -4.204405608987826781e-03 -2.949105208057467564e-03 0.000000000000000000e+00
1.880591014401742853e-03 3.274654246255837009e-04 6.384431844811966350e-04 7.504647930288044222e-03 -4.594238193589283981e-03 -2.925173066806507904e-03 0.000000000000000000e+00
1.738880378842686328e-03 2.859357227979475446e-04 5.587077837908016598e-04 6.985348267519952969e-03 -4.271128762971532211e-03 -2.450238123139936164e-03 0.000000000000000000e+00
1.887450286160963567e-03 2.918839899425096363e-04 5.723051161308778667e-04 7.626288446100915053e-03 -4.653027883266158682e-03 -2.382357001083690307e-03 0.000000000000000000e+00
1.746090207666219779e-03 2.526200212812912405e-04 4.978252513533343304e-04 7.090118642320675235e-03 -4.312800252626480813e-03 -1.946253392759444978e-03 0.000000000000000000e+00
1.896203603113519147e-03 2.553535272823426183e-04 5.065420687157540236e-04 7.731435963187038851e-03 -4.684428780852734064e-03 -1.834057615218487314e-03 0.000000000000000000e+00
1.755034647305642181e-03 2.188839475478765451e-04 4.375984121841036689e-04 7.179911318942799880e-03 -4.329002852939023427e-03 -1.439764617280570036e-03 0.000000000000000000e+00
1.906851316561749242e-03 2.188278279480204702e-04 4.417291164329206765e-04 7.820867826941579892e-03 -4.687973969497161164e-03 -1.285183859049965349e-03 0.000000000000000000e+00
1.765707586037025371e-03 1.849264657645122156e-04 3.779707164391910013e-04 7.254575477304570086e-03 -4.319446213869149176e-03 -9.328241911985557522e-04 0.000000000000000000e+00
1.919310704346928464e-03 1.818459023603669067e-04 3.773589100338758939e-04 7.893131562786592781e-03 -4.663755007508374462e-03 -7.364772438092082041e-04 0.000000000000000000e+00
1.778049227339849499e-03 1.509459530236179070e-04 3.189235477871754654e-04 7.313820566742457174e-03 -4.284191534336567742e-03 -4.277231839293627047e-04 0.000000000000000000e+00
1.933569977267554640e-03 1.452825593163953322e-04 3.138442207354374958e-04 7.949138476653239138e-03 -4.611747948002342667e-03 -1.918135894358741211e-04 0.000000000000000000e+00
1.791972770638254782e-03 1.171633088286605506e-04 2.604792576498260459e-04 7.357159203158047944e-03 -4.223580197913356926e-03 7.285317523653134231e-05 0.000000000000000000e+00
1.949443563966947283e-03 1.086709249781825370e-04 2.506630621412209159e-04 7.986900412053188347e-03 -4.532494385818264249e-03 3.478390837554634629e-04 0.000000000000000000e+00
1.807358199167798801e-03 8.372645246823573473e-05 2.025264695001971482e-04 7.384137870547036187e-03 -4.138087063960682599e-03 5.670344414760997154e-04 0.000000000000000000e+00
1.966875902353771438e-03 7.288932721705165818e-05 1.882946710507482635e-04 8.007549674847957988e-03 -4.426786775279190067e-03 8.781971159486090528e-04 0.000000000000000000e+00
1.824079878425010834e-03 5.081181048227634278e-05 1.450704082160969577e-04 7.394323297638116799e-03 -4.028534048847731697e-03 1.052387741346638705e-03 0.000000000000000000e+00
1.985603154151565491e-03 3.739068709385229283e-05 1.261075513529497094e-04 8.008505548315447697e-03 -4.295410327270765549e-03 1.398913039796223501e-03 0.000000000000000000e+00
1.841940798986080666e-03 1.855971759007202238e-05 8.797271009514107121e-05 7.386819344279871302e-03 -3.895957903132796218e-03 1.526887911566632283e-03 0.000000000000000000e+00
2.005539154054436501e-03 3.027496494001358229e-06 6.454174312658933488e-05 7.991201979541173728e-03 -4.139823431586808766e-03 1.905986360432709859e-03 0.000000000000000000e+00
1.860771580664440789e-03 -1.291766140232297744e-05 3.119541311252804761e-05 7.361129180976533348e-03 -3.741544677088093351e-03 1.988552217395689325e-03 0.000000000000000000e+00
2.026333752313359132e-03 -3.077445603993922418e-05 3.066913614124811005e-06 7.952713719203252651e-03 -3.961320160053904971e-03 2.398582128804171987e-03 0.000000000000000000e+00
1.880350246814474491e-03 -4.351235076527348866e-05 -2.539993880468216503e-05 7.316561449659531036e-03 -3.566827021461271841e-03 2.435487805106273385e-03 0.000000000000000000e+00
2.047902151821580363e-03 -6.323348678766160802e-05 -5.803504167423145788e-05 7.894534167203204333e-03 -3.761696006218784305e-03 2.873709835331972329e-03 0.000000000000000000e+00
1.900451075504818593e-03 -7.314652354772910314e-05 -8.183727587957045913e-05 7.252513292265838629e-03 -3.373425061086177124e-03 2.865837444898655662e-03 0.000000000000000000e+00
2.069818774361281005e-03 -9.499170090793151999e-05 -1.193444435600432563e-04 7.813550368906518884e-03 -3.542629254033702324e-03 3.330895441732373286e-03 0.000000000000000000e+00
1.920838176573288342e-03 -1.017898499334202178e-04 -1.383476603989963749e-04 7.168174111058966957e-03 -3.163025001827968197e-03 3.278389699169270699e-03 0.000000000000000000e+00
2.092002754121115304e-03 -1.252628593885196651e-04 -1.804386877433672431e-04 7.711837218479900002e-03 -3.306531059940276407e-03 3.766938319696322424e-03 0.000000000000000000e+00
1.941261895243018287e-03 -1.294000154458685437e-04 -1.950076156240765357e-04 7.063160487237318819e-03 -2.937694968547788221e-03 3.671651037153278452e-03 0.000000000000000000e+00
2.113983847886455325e-03 -1.548024879559073419e-04 -2.420915262230094456e-04 7.585863559993022420e-03 -3.055047064468574547e-03 4.182408389144853800e-03 0.000000000000000000e+00
1.961450895556937635e-03 -1.559619106760723461e-04 -2.518892150716323108e-04 6.936926709963486815e-03 -2.699529393903610242e-03 4.044234710989691450e-03 0.000000000000000000e+00
2.135698348139127012e-03 -1.828460658139796635e-04 -3.038268856618286939e-04 7.438325356974750946e-03 -2.790941488874487675e-03 4.574463664554162534e-03 0.000000000000000000e+00
1.981166241260594318e-03 -1.815264514940517770e-04 -3.092769602709988241e-04 6.789093319193639786e-03 -2.450525385252699806e-03 4.395826845655204096e-03 0.000000000000000000e+00
2.156621585650254913e-03 -2.101832699973327223e-04 -3.664166574188221226e-04 7.265548120918730035e-03 -2.516221206891433582e-03 4.943743077559403787e-03 0.000000000000000000e+00
2.000138841021646685e-03 -2.061089955007200381e-04 -3.672555298349644559e-04 6.619498712533200546e-03 -2.192972122095682153e-03 4.725505669896712391e-03 0.000000000000000000e+00
2.176740159679772801e-03 -2.361061975462708240e-04 -4.294316362132843956e-04 7.070868815910458238e-03 -2.233611650345856958e-03 5.288388036036817397e-03 0.000000000000000000e+00
2.018110717623651518e-03 -2.297614206835385531e-04 -4.259415452281256620e-04 6.428062989535909821e-03 -1.929150181433136879e-03 5.032720299276594034e-03 0.000000000000000000e+00
2.195498502567741483e-03 -2.614674342259482032e-04 -4.937041816088227897e-04 6.850681567172500763e-03 -1.945106561190623751e-03 5.609661765231255259e-03 0.000000000000000000e+00
2.034849915032707623e-03 -2.525664130732518942e-04 -4.855902925016697402e-04 6.214879138350504206e-03 -1.661145895095028635e-03 5.317716223173452050e-03 0.000000000000000000e+00
2.212929290335161059e-03 -2.855503295983163881e-04 -5.587116239815781427e-04 6.609009518387054527e-03 -1.653573518017203980e-03 5.905938569827018370e-03 0.000000000000000000e+00
2.050090371745846851e-03 -2.746068307244442508e-04 -5.463305988503974753e-04 5.980201030474141533e-03 -1.391265991474988084e-03 5.580447060773874313e-03 0.000000000000000000e+00
2.228453422240928017e-03 -3.092519021077322350e-04 -6.253609060573595002e-04 6.342309480358743201e-03 -1.360921416045712817e-03 6.179039957658893911e-03 0.000000000000000000e+00
2.063612449351451272e-03 -2.959772730288801057e-04 -6.083457572143569081e-04 5.724554046944163588e-03 -1.121591336345595380e-03 5.821388377095004785e-03 0.000000000000000000e+00
2.242168466048188868e-03 -3.318776181062688124e-04 -6.931427990940486339e-04 6.055245296506583941e-03 -1.069812592347396674e-03 6.428236147173471693e-03 0.000000000000000000e+00
2.075203718878773640e-03 -3.167807236230668622e-04 -6.718466546614121349e-04 5.448450868354548504e-03 -8.540678509421084641e-04 6.041321176185387998e-03 0.000000000000000000e+00
2.253492107066129568e-03 -3.543398118914242723e-04 -7.629474001491498569e-04 5.744477506127942945e-03 -7.819931746420039076e-04 6.655519507636764587e-03 0.000000000000000000e+00
2.084626851595480779e-03 -3.370981554285945592e-04 -7.369277976752575121e-04 5.153022099519510846e-03 -5.908978915796225806e-04 6.240716209586327778e-03 0.000000000000000000e+00
2.262576625694318055e-03 -3.759397308876200050e-04 -8.342733637184407414e-04 5.415217938397276498e-03 -4.997846771290781476e-04 6.860952762701710839e-03 0.000000000000000000e+00
2.091719204016087574e-03 -3.570496096438890987e-04 -8.038394569808149370e-04 4.838943199022338604e-03 -3.335960489110334493e-04 6.421047160320547675e-03 0.000000000000000000e+00
2.268814985449382760e-03 -3.976030906832073164e-04 -9.080040286947310690e-04 5.064246857459764328e-03 -2.248193145208965404e-04 7.046697077403241138e-03 0.000000000000000000e+00
2.096320792125211385e-03 -3.767141650793948138e-04 -8.727292790873253381e-04 4.507702307837035960e-03 -8.378847384848953084e-05 6.583512847981864979e-03 0.000000000000000000e+00
2.272456262837146967e-03 -4.185865106717812090e-04 -9.835749885153122207e-04 4.697764430008355419e-03 4.087748809222802038e-05 7.213258217003026829e-03 0.000000000000000000e+00
2.098228910481739207e-03 -3.962036828029646962e-04 -9.438245287686219953e-04 4.160187959461936202e-03 1.569756546233591621e-04 6.729605124095705548e-03 0.000000000000000000e+00
2.272904702129444066e-03 -4.398083118157813942e-04 -1.061950569115122089e-03 4.312215185935386330e-03 2.962638686820895373e-04 7.363277729346417999e-03 0.000000000000000000e+00
2.097299489768320035e-03 -4.155565275560380023e-04 -1.017165677321352213e-03 3.798422406428692000e-03 3.872701130767097766e-04 6.860649703767762730e-03 0.000000000000000000e+00
2.270459108262831704e-03 -4.605259970515973578e-04 -1.142559598438175339e-03 3.914096666422395288e-03 5.397843932106738407e-04 7.497763209588725886e-03 0.000000000000000000e+00
2.093431108826426801e-03 -4.348391051098299265e-04 -1.092987651294952123e-03 3.423508163203692334e-03 6.061978967895065296e-04 6.978544091836180741e-03 0.000000000000000000e+00
2.264506489941475742e-03 -4.815988853544839188e-04 -1.226297133077314250e-03 3.500497215639164494e-03 7.704008004885132266e-04 7.619219931733756113e-03 0.000000000000000000e+00
2.086513703031409039e-03 -4.540778985523963307e-04 -1.171420178653514999e-03 3.037419869366786429e-03 8.128249758225791766e-04 7.084967437813283198e-03 0.000000000000000000e+00
2.255417438682114084e-03 -5.022252359834222801e-04 -1.312561781476317968e-03 3.077852488404531073e-03 9.872046907966058882e-04 7.728956988494406488e-03 0.000000000000000000e+00
2.076433140233341357e-03 -4.732873922443370240e-04 -1.252595763839570164e-03 2.641690233999405280e-03 1.006355458745833431e-03 7.181790897747397651e-03 0.000000000000000000e+00
2.242620756981089647e-03 -5.232305066197318055e-04 -1.402275423919130404e-03 2.643429510864159226e-03 1.189610993227674385e-03 7.829690870786887302e-03 0.000000000000000000e+00
2.063108692892529072e-03 -4.924578462540130097e-04 -1.336706330807513332e-03 2.238127305346004903e-03 1.186402128467989314e-03 7.271069067179336542e-03 0.000000000000000000e+00
2.226526845196336035e-03 -5.437295404289721468e-04 -1.494691248162094421e-03 2.203987156629949595e-03 1.377024611277644084e-03 7.922467073620431677e-03 0.000000000000000000e+00
2.046473498681519732e-03 -5.115228612670996711e-04 -1.423740302821829840e-03 1.828564047803737935e-03 1.352437323097976929e-03 7.354294054659593627e-03 0.000000000000000000e+00
2.206562097744599327e-03 -5.645224936550730099e-04 -1.590947770184314436e-03 1.756618780848206995e-03 1.549355255185069780e-03 8.010717624096219680e-03 0.000000000000000000e+00
2.026456638472326488e-03 -5.304102029461410517e-04 -1.513860083359852560e-03 1.414854514766084037e-03 1.504334670272555741e-03 7.433455732381410996e-03 0.000000000000000000e+00
2.183210323956796817e-03 -5.846263405751006559e-04 -1.690043894129189539e-03 1.308177662844300926e-03 1.706350399843792331e-03 8.094871196144381997e-03 0.000000000000000000e+00
2.003093632838459648e-03 -5.489982083077271646e-04 -1.607212669531621341e-03 9.988487579990490417e-04 1.642331613016079217e-03 7.510781956980849827e-03 0.000000000000000000e+00
2.155886373783125198e-03 -6.047372575976317499e-04 -1.793113049010031101e-03 8.559023291372369613e-04 1.848134057556904963e-03 8.178218526522229581e-03 0.000000000000000000e+00
1.976284098006139689e-03 -5.671248839123621543e-04 -1.703757067265498915e-03 5.824411585706457117e-04 1.766215451738606390e-03 7.587515872238270731e-03 0.000000000000000000e+00
2.125121647761074595e-03 -6.238573315906492667e-04 -1.899222609858586264e-03 4.063436254133634407e-04 1.975005662583129151e-03 8.261655171294624012e-03 0.000000000000000000e+00
1.946065882809155934e-03 -5.846002893586943472e-04 -1.803592458673952681e-03 1.672721031402701897e-04 1.876596043699940708e-03 7.665666446983188109e-03 0.000000000000000000e+00
2.090362516158461581e-03 -6.425438928790438986e-04 -2.009444778302504897e-03 -4.300247394706246951e-05 2.087186577714561508e-03 8.348068557195276185e-03 0.000000000000000000e+00
1.912408501308360265e-03 -6.011919564559708995e-04 -1.906745142719157293e-03 -2.447006451902211666e-04 1.973704949182586432e-03 7.746883974603324674e-03 0.000000000000000000e+00
2.052245333404451033e-03 -6.597069781792419541e-04 -2.122729723641803012e-03 -4.857562711757523743e-04 2.185597327394095402e-03 8.438047636992074274e-03 0.000000000000000000e+00
1.875338821911126663e-03 -6.166150718399654451e-04 -2.013235520622935759e-03 -6.517964019838728973e-04 2.058078316341749314e-03 7.832773494127920344e-03 0.000000000000000000e+00
2.010124905456045497e-03 -6.758483606519316567e-04 -2.240169922957058191e-03 -9.246140316392370551e-04 2.270406814619541080e-03 8.534537822415977359e-03 0.000000000000000000e+00
1.834932087623530883e-03 -6.305283002764339173e-04 -2.123034256286127075e-03 -1.052300858001231632e-03 2.130492371652970007e-03 7.924785298463188354e-03 0.000000000000000000e+00
1.964695559114271184e-03 -6.897829954745082759e-04 -2.360630531844598590e-03 -1.353144187404176080e-03 2.342681997824058726e-03 8.637866611801658934e-03 0.000000000000000000e+00
1.791201017535937190e-03 -6.425881166984281911e-04 -2.236122552355446214e-03 -1.444513093820098959e-03 2.191549900823375197e-03 8.024452072449062001e-03 0.000000000000000000e+00
1.915381352499689882e-03 -7.018662453368018639e-04 -2.485222946633225405e-03 -1.774041965632022766e-03 2.402979554473994028e-03 8.750955182498021401e-03 0.000000000000000000e+00
1.744211640425152865e-03 -6.523793967950219930e-04 -2.352447269107937888e-03 -1.826978843593174417e-03 2.242102242722587846e-03 8.133043000574602388e-03 0.000000000000000000e+00
1.862896612261882856e-03 -7.108812006201281619e-04 -2.612663516912361317e-03 -2.181433943112764950e-03 2.452392471444575506e-03 8.873610857747404879e-03 0.000000000000000000e+00
1.694071096104893259e-03 -6.594384310620871048e-04 -2.471964089793610153e-03 -2.198026713581491265e-03 2.283068857659387163e-03 8.252077128286572361e-03 0.000000000000000000e+00
1.806703084730049147e-03 -7.170231319527098357e-04 -2.744054804787843249e-03 -2.577474897536902176e-03 2.491735036770137413e-03 9.008852329953853655e-03 0.000000000000000000e+00
1.640811908723782686e-03 -6.632802010150262717e-04 -2.594501507138247121e-03 -2.556173052113308586e-03 2.315144500780963455e-03 8.382456539955729369e-03 0.000000000000000000e+00
1.747539627657029859e-03 -7.190661572584744476e-04 -2.878135383887592269e-03 -2.957164700450931605e-03 2.522074526275286388e-03 9.156419032866125463e-03 0.000000000000000000e+00
1.584580695290743746e-03 -6.633618003492047777e-04 -2.719946769217718163e-03 -2.900033425728310021e-03 2.339315858985280272e-03 8.525376632674497301e-03 0.000000000000000000e+00
1.684920258377159419e-03 -7.170243629276984443e-04 -3.015887510750658862e-03 -3.322239766223589186e-03 2.544501703389823177e-03 9.319105272701300180e-03 0.000000000000000000e+00
1.525485145406124676e-03 -6.591149275277374819e-04 -2.848197056911916381e-03 -3.228358268955844324e-03 2.356581292628501245e-03 8.682120985976649052e-03 0.000000000000000000e+00
1.619551475188552025e-03 -7.096761765943426781e-04 -3.155892811355531791e-03 -3.668025543234421093e-03 2.559710520820601687e-03 9.496062784615677543e-03 0.000000000000000000e+00
1.463681778557324176e-03 -6.498914953707579656e-04 -2.978983504261401016e-03 -3.539737541126797282e-03 2.367861761512379815e-03 8.853417069426328112e-03 0.000000000000000000e+00
1.551052768723526487e-03 -6.968845277300350638e-04 -3.299266404386380636e-03 -3.996455971503998228e-03 2.569224975614847750e-03 9.690692502928754948e-03 0.000000000000000000e+00
1.399305022264013543e-03 -6.350750473735344848e-04 -3.112160224236992789e-03 -3.832950209035068667e-03 2.373998332378501885e-03 9.040394306922827639e-03 0.000000000000000000e+00
1.480109045767702414e-03 -6.773984722442394357e-04 -3.444342685350099131e-03 -4.303239777208034411e-03 2.573388209976101848e-03 9.901396686423424853e-03 0.000000000000000000e+00
1.332515266892403405e-03 -6.139688869722381703e-04 -3.247424623141703659e-03 -4.107048633408716398e-03 2.375990122868820720e-03 9.243818126902780818e-03 0.000000000000000000e+00
1.406404829045221350e-03 -6.509398720306314168e-04 -3.592250449951761571e-03 -4.589841948370754210e-03 2.573781743177683268e-03 1.013173879547979439e-02 0.000000000000000000e+00
1.263483216058153280e-03 -5.858625631567360159e-04 -3.384488085846626415e-03 -4.360781228388788122e-03 2.374632682459854038e-03 9.464591218487417024e-03 0.000000000000000000e+00
1.330608009252637336e-03 -6.163090348856314904e-04 -3.741239704820820133e-03 -4.853019637911515360e-03 2.570674907267367360e-03 1.037985800645691015e-02 0.000000000000000000e+00
1.192403140837516862e-03 -5.500262684499102050e-04 -3.523054965405392203e-03 -4.593642439214562501e-03 2.370771976972108064e-03 9.703390691249813571e-03 0.000000000000000000e+00
1.252456211394081809e-03 -5.730512938913467913e-04 -3.892378949824693013e-03 -5.093716338000930932e-03 2.565699207614180466e-03 1.064952790809292615e-02 0.000000000000000000e+00
1.119473752732441652e-03 -5.056649709399563264e-04 -3.662716059204984553e-03 -4.804366923536917966e-03 2.365182428359702271e-03 9.961071285729428126e-03 0.000000000000000000e+00
1.172581696740809809e-03 -5.200353469226315362e-04 -4.043712237300267631e-03 -5.309472876478871228e-03 2.558482025686981132e-03 1.093815093050398701e-02 0.000000000000000000e+00
1.044829290458015869e-03 -4.520622416905317742e-04 -3.803107123531435096e-03 -4.992508099078918349e-03 2.358351356114063435e-03 1.023826611116773755e-02 0.000000000000000000e+00
1.090818326781733960e-03 -4.566473338779020175e-04 -4.196366983016674990e-03 -5.501148997547389286e-03 2.551143565260982626e-03 1.125014286138914521e-02 0.000000000000000000e+00
9.686936797790590692e-04 -3.883901381629417671e-04 -3.943693123092339992e-03 -5.157475004709866084e-03 2.350941278178808602e-03 1.053549372835660414e-02 0.000000000000000000e+00
1.007679711442499570e-03 -3.818855896350337176e-04 -4.348223916012528001e-03 -5.666974957112991262e-03 2.542570782621211833e-03 1.158232555029492516e-02 0.000000000000000000e+00
8.912288326304029784e-04 -3.138831982992806857e-04 -4.084029081418749652e-03 -5.299015948657448405e-03 2.343391770402547536e-03 1.085339948917507513e-02 0.000000000000000000e+00
9.230546159315622390e-04 -2.949573713743047776e-04 -4.500253037466900308e-03 -5.807453813720719893e-03 2.534962225719361584e-03 1.193926570584524782e-02 0.000000000000000000e+00
8.126032564318153018e-04 -2.277309380582237530e-04 -4.223485414055955234e-03 -5.416522075819329984e-03 2.335926521562114999e-03 1.119255454009238093e-02 0.000000000000000000e+00
8.373100833816149446e-04 -1.950700626356383083e-04 -4.650234756911869605e-03 -5.921836711722860969e-03 2.526340163767848424e-03 1.231724265144396036e-02 0.000000000000000000e+00
7.329430727953667457e-04 -1.291784742742385639e-04 -4.361497183018231416e-03 -5.510341681059571783e-03 2.328754796455889675e-03 1.155345821267128592e-02 0.000000000000000000e+00
7.504570907644059208e-04 -8.120698674879411882e-05 -4.799049541508476624e-03 -6.010449366205428134e-03 2.519293372092334948e-03 1.272126728625821990e-02 0.000000000000000000e+00
6.522869302378331291e-04 -1.748187711064774774e-05 -4.497318607364103604e-03 -5.580256696648966397e-03 2.321537054976730019e-03 1.193641792572530669e-02 0.000000000000000000e+00
6.626041387443604158e-04 4.712453879318623251e-05 -4.944289254348588347e-03 -6.073596341085618633e-03 2.510731332035831542e-03 1.314696036681595182e-02 0.000000000000000000e+00
5.707610268723684044e-04 1.081053295500788991e-04 -4.630185639517503393e-03 -5.626750904329291814e-03 2.314277607336379106e-03 1.234179128447432383e-02 0.000000000000000000e+00
5.737858366565429247e-04 1.911085581729476957e-04 -5.086737841425714723e-03 -6.111292573318216625e-03 2.503242200556421437e-03 1.359972050445579228e-02 0.000000000000000000e+00
4.882805573875326210e-04 2.482660774799638759e-04 -4.759269281913974803e-03 -5.650225183239321325e-03 2.306016447698233662e-03 1.276977872820750370e-02 0.000000000000000000e+00
4.838771946933384527e-04 3.509438295067335289e-04 -5.223725762484587865e-03 -6.124864543142649609e-03 2.492704827638192455e-03 1.407441525615249489e-02 0.000000000000000000e+00
4.047939178709880625e-04 4.036187292614790145e-04 -4.883631654920506104e-03 -5.651541691864103711e-03 2.296149371455502575e-03 1.322058120179758767e-02 0.000000000000000000e+00
3.928341157083681257e-04 5.279009073917984018e-04 -5.355943612799340947e-03 -6.114159059004364849e-03 2.481412575543018306e-03 1.457668316646509865e-02 0.000000000000000000e+00
3.200647260244715575e-04 5.747349401590273743e-04 -5.002254549316714760e-03 -5.631332102955965979e-03 2.283047593676812426e-03 1.369425849914351900e-02 0.000000000000000000e+00
3.002490331926177536e-04 7.218034943402562575e-04 -5.480442702805538024e-03 -6.081705889775967933e-03 2.464041777439529568e-03 1.510047239733913749e-02 0.000000000000000000e+00
2.338510378078750840e-04 7.620980192810655751e-04 -5.114068881775596376e-03 -5.591069559486960827e-03 2.265350533591004023e-03 1.419065699575194905e-02 0.000000000000000000e+00
2.059564496891819196e-04 9.340134434876468106e-04 -5.597763625879076388e-03 -6.027050154483681865e-03 2.442452593095723046e-03 1.565192427899475547e-02 0.000000000000000000e+00
1.457229559047312772e-04 9.661005412923695523e-04 -5.217747984416543083e-03 -5.531820312523194616e-03 2.240664012851834030e-03 1.470922738808733143e-02 0.000000000000000000e+00
1.090998138568999298e-04 1.163817087139362716e-03 -5.704746392011239564e-03 -5.953773713759602515e-03 2.409637586640034357e-03 1.622391011817159168e-02 0.000000000000000000e+00
5.511367408678191637e-05 1.186980134473880621e-03 -5.312027137338054539e-03 -5.455177587344373080e-03 2.206366112188717921e-03 1.524959467568676175e-02 0.000000000000000000e+00
9.427952484514223741e-06 1.412662910191653243e-03 -5.801673999154766115e-03 -5.861255602800596876e-03 2.367085645899713597e-03 1.682271970496485025e-02 0.000000000000000000e+00
-3.870277706374825044e-05 1.424865548881659727e-03 -5.395442865357702455e-03 -5.362600346884072167e-03 2.158988765305736024e-03 1.581088637805261321e-02 0.000000000000000000e+00
0.000000000000000000e+00 0.000000000000000000e+00 0.000000000000000000e+00 0.000000000000000000e+00 0.000000000000000000e+00 0.000000000000000000e+00 0.000000000000000000e+00
