-1.484728911199244827e-01 -3.012156947362973902e-01 1.524256780952286949e-01 1.569216359839540331e+00 2.367667277239249302e-03 1.566203990633846077e+00 -5.004289079299596432e-01 8.511680557312358841e-01 2.439888322189720515e-01 -5.527815283758190645e-01 -1.162388189932176630e+00 2.412175634333923457e-01 0.000000000000000000e+00
-1.489621608781777351e-01 -3.021715013376017334e-01 1.556931537243506913e-01 1.559626012894180569e+00 3.287747944793029120e-03 1.556673535278132015e+00 -5.008633693722923663e-01 8.453429234789056057e-01 2.373670153265443616e-01 -5.545185086177959466e-01 -1.161373925031019771e+00 2.382999872354264748e-01 0.000000000000000000e+00
-1.493748199818602795e-01 -3.029998173283440233e-01 1.587189650757786230e-01 1.550816310463840608e+00 4.146175203831869993e-03 1.547862253100737773e+00 -5.011949329280073195e-01 8.398556132108517813e-01 2.315112567216781603e-01 -5.559724947044383248e-01 -1.160564057743526778e+00 2.355274035140586253e-01 0.000000000000000000e+00
-1.497788468894475089e-01 -3.038405876066565536e-01 1.620058399996527065e-01 1.541323492885646296e+00 5.089251065038880029e-03 1.538301165913530388e+00 -5.014743651053837903e-01 8.337953904132948679e-01 2.254376515396434577e-01 -5.573846691619664950e-01 -1.159817840006086564e+00 2.324401506651410654e-01 0.000000000000000000e+00
-1.501112628858350950e-01 -3.045660234251796883e-01 1.650467168289835862e-01 1.532612364072332589e+00 5.974450575856771195e-03 1.529460433631207206e+00 -5.016542616370186503e-01 8.280975572610702606e-01 2.200747108944964836e-01 -5.585358538326669064e-01 -1.159245793003937486e+00 2.295148845895275957e-01 0.000000000000000000e+00
-1.504267577667698641e-01 -3.052988624160757336e-01 1.683468821096060219e-01 1.523235724469467200e+00 6.952153225745494325e-03 1.519866306754013241e+00 -5.017603220274311493e-01 8.218164252510911094e-01 2.145208215991909473e-01 -5.596168974981572397e-01 -1.158746982931765590e+00 2.262664272708762025e-01 0.000000000000000000e+00
-1.506763870629819202e-01 -3.059281308952976897e-01 1.713974443450137219e-01 1.514639725561520933e+00 7.874420453468644610e-03 1.510994350571528422e+00 -5.017730053321225459e-01 8.159223171265277408e-01 2.096218036159356313e-01 -5.604615190378758882e-01 -1.158392516190676069e+00 2.231970176012622042e-01 0.000000000000000000e+00
-1.509011933879476075e-01 -3.065604143906908718e-01 1.747053987472971526e-01 1.505396319488157886e+00 8.897257881656628342e-03 1.501365602807758437e+00 -5.016906137858982984e-01 8.094367875028849468e-01 2.045536749034602142e-01 -5.612096675671064405e-01 -1.158118077440343452e+00 2.197973093774510944e-01 0.000000000000000000e+00
-1.510659391209882296e-01 -3.070999024032000091e-01 1.777606746356016898e-01 1.496931849560129812e+00 9.865208038387418554e-03 1.492460457917082151e+00 -5.015217693727872517e-01 8.033604525807329644e-01 2.000903500745419006e-01 -5.617445634720488190e-01 -1.157961883042410323e+00 2.165918621104044595e-01 0.000000000000000000e+00
-1.511976020153656675e-01 -3.076381650333771534e-01 1.810711437534006929e-01 1.487840193472536043e+00 1.094150909718294429e-02 1.482794523126246933e+00 -5.012346473177631268e-01 7.966844403601223146e-01 1.954805513856694432e-01 -5.621546237008937519e-01 -1.157892640854068400e+00 2.130485762143244644e-01 0.000000000000000000e+00
-1.512757588584757729e-01 -3.080939341675536514e-01 1.841264771324081506e-01 1.479523676585963621e+00 1.196215434811342959e-02 1.473854360119569051e+00 -5.008709260918855488e-01 7.904397270780501028e-01 1.914254891518598622e-01 -5.623770642309425805e-01 -1.157916076671660965e+00 2.097148145170064926e-01 0.000000000000000000e+00
-1.513130659553676705e-01 -3.085447598282766712e-01 1.874347253970630456e-01 1.470600566757950922e+00 1.309882229365655348e-02 1.464149557561307491e+00 -5.003665566709381007e-01 7.835892112270119725e-01 1.872419293954543651e-01 -5.624484369481567159e-01 -1.158030992072697885e+00 2.060369391173365872e-01 0.000000000000000000e+00
-1.513033492526082435e-01 -3.089225721312680029e-01 1.904858317719821947e-01 1.462448051877007771e+00 1.417770723808065014e-02 1.455172553627229970e+00 -4.997956415122524199e-01 7.771897682856061529e-01 1.835680986716903274e-01 -5.623563581534672950e-01 -1.158215948610403778e+00 2.025821533932313512e-01 0.000000000000000000e+00
-1.512447421743511600e-01 -3.092917997130668617e-01 1.937871793254048458e-01 1.453711984429245874e+00 1.537966556548964192e-02 1.445426679753845756e+00 -4.990599099716043763e-01 7.701785306627816352e-01 1.797846788690691255e-01 -5.620849154593609009e-01 -1.158497178421516338e+00 1.987766127088058110e-01 0.000000000000000000e+00
-1.511462816286018307e-01 -3.095969985401560431e-01 1.968299833419072387e-01 1.445739794607707296e+00 1.652063584357055248e-02 1.436411100571030275e+00 -4.982705490245048496e-01 7.636378070255470663e-01 1.764662469927757993e-01 -5.616765197061972525e-01 -1.158826611448359190e+00 1.952077771110178606e-01 0.000000000000000000e+00
-1.509914474695687181e-01 -3.098904184212953883e-01 2.001203649405444152e-01 1.437207123400676245e+00 1.779148185340950761e-02 1.426622521100502139e+00 -4.972932354834730950e-01 7.564812273862315806e-01 1.730526071075124683e-01 -5.610627942329885487e-01 -1.159254847751643780e+00 1.912826438488909320e-01 0.000000000000000000e+00
-1.508037865281916245e-01 -3.101280447053758604e-01 2.031511322424016941e-01 1.429431101765088030e+00 1.899705920095406952e-02 1.417566496744177007e+00 -4.962751755777630169e-01 7.498125388586187601e-01 1.700640077322255195e-01 -5.603369496778874970e-01 -1.159712378826919466e+00 1.876062997668478949e-01 0.000000000000000000e+00
-1.505520283120745373e-01 -3.103507905168017000e-01 2.064264991932886206e-01 1.421119945720311861e+00 2.033855948847351769e-02 1.407733033966866332e+00 -4.950441626533874651e-01 7.425239330082626932e-01 1.669952472081273065e-01 -5.593778122112954554e-01 -1.160271110023618046e+00 1.835677324870403915e-01 0.000000000000000000e+00
-1.502751060527516558e-01 -3.105255224765816058e-01 2.094417100769202789e-01 1.413555860408958864e+00 2.160977422613008514e-02 1.398634910638063333e+00 -4.937881160147652437e-01 7.357403956586400229e-01 1.643117129357090089e-01 -5.583338197744707188e-01 -1.160841026496894912e+00 1.797900884150334389e-01 0.000000000000000000e+00
-1.499269723699684642e-01 -3.106825669709943893e-01 2.126984529346324648e-01 1.405482251508564318e+00 2.302241850433439652e-02 1.388755292920569984e+00 -4.922954142237758179e-01 7.283348104574022264e-01 1.615593359491120928e-01 -5.570309015006630338e-01 -1.161512808881867365e+00 1.756453275867590480e-01 0.000000000000000000e+00
-1.495611132837671164e-01 -3.107987236398811470e-01 2.156948185951682306e-01 1.398145598652410726e+00 2.435886354993943570e-02 1.379613704484584202e+00 -4.907930584738349200e-01 7.214492074590023174e-01 1.591568983297515505e-01 -5.556685614450330712e-01 -1.162179930734932309e+00 1.717722258344295816e-01 0.000000000000000000e+00
-1.491167599331681692e-01 -3.108944859530531901e-01 2.189293585366086370e-01 1.390327284784937945e+00 2.584134366598878074e-02 1.369686074373843265e+00 -4.890285810936028654e-01 7.139396923962241237e-01 1.566972027469544226e-01 -5.540197318351377520e-01 -1.162949584289965088e+00 1.675267642274365365e-01 0.000000000000000000e+00
-1.486626670603718448e-01 -3.109560590815216852e-01 2.219037591786569286e-01 1.383233432553817366e+00 2.724124448743125981e-02 1.360499648469392531e+00 -4.872724926708046911e-01 7.069648735013066565e-01 1.545524259630588482e-01 -5.523391773187568132e-01 -1.163699663610986201e+00 1.635636975645328450e-01 0.000000000000000000e+00
-1.481234511213907479e-01 -3.109947248422723076e-01 2.251130067056411055e-01 1.375685724520816500e+00 2.879110169085219439e-02 1.350522852235503724e+00 -4.852303474574182762e-01 6.993657430678472675e-01 1.523586470151063743e-01 -5.503470329548366680e-01 -1.164551475685647874e+00 1.592239267654373958e-01 0.000000000000000000e+00
-1.475821838265081731e-01 -3.110053629434815226e-01 2.280625389618121113e-01 1.368849631595107752e+00 3.025140539951021168e-02 1.341290545229249620e+00 -4.832140681961192841e-01 6.923141585545081744e-01 1.504488941974102545e-01 -5.483489963470047357e-01 -1.165370797195010688e+00 1.551760550665714500e-01 0.000000000000000000e+00
-1.469490315381538625e-01 -3.109907046819874177e-01 2.312432908881484617e-01 1.361589727395309701e+00 3.186447724010221805e-02 1.331263377030869943e+00 -4.808859993501992114e-01 6.846382625026273816e-01 1.484983950150362553e-01 -5.460123720960828875e-01 -1.166290653035524150e+00 1.507468186996061554e-01 0.000000000000000000e+00
-1.463219864556581096e-01 -3.109537515843722177e-01 2.341652432064351697e-01 1.355026107150688830e+00 3.338087175374537807e-02 1.321984167364063989e+00 -4.786039033225967798e-01 6.775222294909083454e-01 1.468015619264924077e-01 -5.436979186612358461e-01 -1.167166300401942136e+00 1.466190188785242154e-01 0.000000000000000000e+00
-1.455970166460764381e-01 -3.108891915825683361e-01 2.373147209988545892e-01 1.348068652182233151e+00 3.505180242598093798e-02 1.311906138761807172e+00 -4.759861158395897740e-01 6.697833496792471308e-01 1.450695751115593790e-01 -5.410203099222429257e-01 -1.168140218412584197e+00 1.421059095819782458e-01 0.000000000000000000e+00
-1.448859240388808700e-01 -3.108076858999755943e-01 2.402064849864790075e-01 1.341791814082244905e+00 3.661864942924353272e-02 1.302579672943478428e+00 -4.734334759347487709e-01 6.626149855521080712e-01 1.435643564634463409e-01 -5.383909709780076991e-01 -1.169059674778933910e+00 1.379026923677766359e-01 0.000000000000000000e+00
-1.440707624115084295e-01 -3.106964199294407480e-01 2.433218412122781227e-01 1.335153237690243522e+00 3.834068717898286849e-02 1.292450171394560421e+00 -4.705194783594977004e-01 6.548257719958443523e-01 1.420291772530704044e-01 -5.353721780138620545e-01 -1.170074738628417821e+00 1.333099711993941117e-01 0.000000000000000000e+00
-1.432776639602855728e-01 -3.105731149595962193e-01 2.461810079238604121e-01 1.329177070361690305e+00 3.995121450777006089e-02 1.283076037746703868e+00 -4.676924329938377256e-01 6.476169943991633149e-01 1.406948003888861543e-01 -5.324298510625151692e-01 -1.171026419243957450e+00 1.290355560379249089e-01 0.000000000000000000e+00
-1.423750716244465697e-01 -3.104179141903650740e-01 2.492598307668369706e-01 1.322871021631515376e+00 4.171650242465885228e-02 1.272895153462681561e+00 -4.644802945345522516e-01 6.397904965876384242e-01 1.393333924396373824e-01 -5.290742680890153649e-01 -1.172070245233214125e+00 1.243681165562088436e-01 0.000000000000000000e+00
-1.415022834566121990e-01 -3.102552994054528224e-01 2.520840358377965384e-01 1.317209052972042826e+00 4.336273859181494217e-02 1.263473812169197297e+00 -4.613757810728196240e-01 6.325530234302119137e-01 1.381500168092610892e-01 -5.258212833965107968e-01 -1.173042964821365386e+00 1.200264399324583175e-01 0.000000000000000000e+00
-1.405145357052017818e-01 -3.100588204852887664e-01 2.551237390423133355e-01 1.311251015513963836e+00 4.516193581751082320e-02 1.253241875473367850e+00 -4.578608079080785931e-01 6.247016250624947142e-01 1.369418737807466258e-01 -5.221295429144158229e-01 -1.174103835041598654e+00 1.152879273391507753e-01 0.000000000000000000e+00
-1.395646402201250746e-01 -3.098591806015065231e-01 2.579108127090088409e-01 1.305916132649339367e+00 4.683491484176371955e-02 1.243773920771813035e+00 -4.544765293738330936e-01 6.174470410950644306e-01 1.358899251501652916e-01 -5.185686302208708520e-01 -1.175087074116055952e+00 1.108826344548609899e-01 0.000000000000000000e+00
-1.384950761651320694e-01 -3.096236602449004560e-01 2.609092381797459836e-01 1.300318577403928977e+00 4.865773082080293577e-02 1.233492089886395915e+00 -4.506585550560682218e-01 6.095832590282784791e-01 1.348136085956097574e-01 -5.145458921047925127e-01 -1.176153936448741666e+00 1.060772681958140340e-01 0.000000000000000000e+00
-1.374709142154853514e-01 -3.093890350182865179e-01 2.636570812642254902e-01 1.295323158356613824e+00 5.034736321567878647e-02 1.223978774050483276e+00 -4.469930800002240856e-01 6.023228826854771789e-01 1.338744448371933515e-01 -5.106801473349743548e-01 -1.177137841313471434e+00 1.016117379366180268e-01 0.000000000000000000e+00
-1.363223161813946760e-01 -3.091167092471804878e-01 2.666118186021976810e-01 1.290100498938750562e+00 5.218233048589304701e-02 1.213648647201007957e+00 -4.428690086046682683e-01 5.944589008816094644e-01 1.329107799967479409e-01 -5.063279429025395739e-01 -1.178200309430358583e+00 9.674263058135570970e-02 0.000000000000000000e+00
-1.352269510934551999e-01 -3.088489569445076466e-01 2.693185205819318417e-01 1.285456178829798901e+00 5.387758711548951140e-02 1.204091444519732601e+00 -4.389216379474391583e-01 5.872037842819610720e-01 1.320661584570292924e-01 -5.021607615868380892e-01 -1.179175692179599944e+00 9.221995054964227112e-02 0.000000000000000000e+00
-1.340031375084112797e-01 -3.085416352611967117e-01 2.722277137429252591e-01 1.280619277975566739e+00 5.571232712592610881e-02 1.193715360854636476e+00 -4.344930007917190973e-01 5.793513872288351685e-01 1.311951716225190356e-01 -4.974850829504995908e-01 -1.180223912384655183e+00 8.729071401039301126e-02 0.000000000000000000e+00
-1.328398167204481450e-01 -3.082424815587022637e-01 2.748912926463923379e-01 1.276337192667160281e+00 5.740119778689800611e-02 1.184117146941433774e+00 -4.302637012435915342e-01 5.721125824908636082e-01 1.304277817544126084e-01 -4.930202600934681656e-01 -1.181181851428756868e+00 8.271374710433399002e-02 0.000000000000000000e+00
-1.315440313240897052e-01 -3.079020731330729954e-01 2.777527601245498579e-01 1.271898951644342191e+00 5.922223566421624952e-02 1.173697907313665079e+00 -4.255290335891077635e-01 5.642836878343575613e-01 1.296313634304246953e-01 -4.880233709401525233e-01 -1.182206768974273681e+00 7.772696131840380052e-02 0.000000000000000000e+00
-1.303161786467322836e-01 -3.075730870723655808e-01 2.803714886961341524e-01 1.267989245893048178e+00 6.089200327328825324e-02 1.164061636827433244e+00 -4.210185375193815083e-01 5.570717810233957179e-01 1.289242941610084792e-01 -4.832650677309943132e-01 -1.183139141671910588e+00 7.309831244244043014e-02 0.000000000000000000e+00
-1.289526116652511822e-01 -3.072010978105820245e-01 2.831834444629225955e-01 1.263958986771948290e+00 6.268503217398802008e-02 1.153603593822057016e+00 -4.159809020013875980e-01 5.492777404876563185e-01 1.281843348521300996e-01 -4.779535926739129637e-01 -1.184132101284346428e+00 6.805701923913688722e-02 0.000000000000000000e+00
-1.276638190321756072e-01 -3.068437531501608251e-01 2.857556115977685773e-01 1.260431007157647443e+00 6.432216541315716185e-02 1.143933226722127827e+00 -4.111906741486620609e-01 5.421032843795237088e-01 1.275213408987547758e-01 -4.729063031969675257e-01 -1.185031317626411784e+00 6.337906027111500640e-02 0.000000000000000000e+00
-1.262360350387045360e-01 -3.064418938199077735e-01 2.885161116340247411e-01 1.256819727997477543e+00 6.607217880681570676e-02 1.133440819409954337e+00 -4.058500707671580665e-01 5.343555828467515534e-01 1.268207963740095590e-01 -4.672833381608879066e-01 -1.185984329822496575e+00 5.828536937336415563e-02 0.000000000000000000e+00
-1.248900212892555400e-01 -3.060575975041753827e-01 2.910400492067782841e-01 1.253681960744046364e+00 6.766240275321688813e-02 1.123741372895053381e+00 -4.007822083707917593e-01 5.272289637696995213e-01 1.261862982442980563e-01 -4.619518228166037410e-01 -1.186843199274047134e+00 5.356024332572346253e-02 0.000000000000000000e+00
-1.234024736050418070e-01 -3.056271785271749142e-01 2.937475636328321649e-01 1.250496877350808056e+00 6.935375323219794552e-02 1.113220384583793798e+00 -3.951431644996307169e-01 5.195383537527958895e-01 1.255083905888183526e-01 -4.560245916259825227e-01 -1.187749073518837628e+00 4.841668057537167058e-02 0.000000000000000000e+00
-1.220030332102940568e-01 -3.052172702041418551e-01 2.962217339746185951e-01 1.247756743892217024e+00 7.088237752266657310e-02 1.103497609505311949e+00 -3.898003972997410305e-01 5.124695918504258429e-01 1.248874745806662911e-01 -4.504139769994581211e-01 -1.188561071335202834e+00 4.364631407871325669e-02 0.000000000000000000e+00
-1.204595412449634140e-01 -3.047599206690184692e-01 2.988744271493080085e-01 1.245006715989609880e+00 7.249868312502094625e-02 1.092954905340526750e+00 -3.838643776775225169e-01 5.048472919154828320e-01 1.242163579859665301e-01 -4.441863079483623356e-01 -1.189412617093755564e+00 3.845455227382023333e-02 0.000000000000000000e+00
-1.190105630466316150e-01 -3.043257318803326283e-01 3.012973282060882330e-01 1.242670607374710912e+00 7.395044686609741902e-02 1.083215708437267111e+00 -3.782500679149856104e-01 4.978463407523688322e-01 1.235946430294871945e-01 -4.383019536512913761e-01 -1.190171618004428167e+00 3.364066181869043715e-02 0.000000000000000000e+00
-1.174156897106418268e-01 -3.038426877614769928e-01 3.038938328238529052e-01 1.240360538270079971e+00 7.547526339915222593e-02 1.072659160006288914e+00 -3.720228649170805868e-01 4.903025042010422663e-01 1.229151374773536087e-01 -4.317817030649366838e-01 -1.190962976322345268e+00 2.840274826434417699e-02 0.000000000000000000e+00
-1.159211154290483436e-01 -3.033855299552231100e-01 3.062640203897269986e-01 1.238433678639148106e+00 7.683456810958855243e-02 1.062911606440023693e+00 -3.661410406230451997e-01 4.833790177361360629e-01 1.222790414509882240e-01 -4.256293016041493571e-01 -1.191663387689036124e+00 2.354686308777519110e-02 0.000000000000000000e+00
-1.142788256565594046e-01 -3.028784347733814442e-01 3.088026534022547676e-01 1.236569925833856942e+00 7.825066140836556272e-02 1.052350488460940259e+00 -3.596255171476254175e-01 4.759245635288952281e-01 1.215763663973707942e-01 -4.188209302773617249e-01 -1.192388300137755541e+00 1.826406694668269992e-02 0.000000000000000000e+00
-1.127425913562914855e-01 -3.023996672712012668e-01 3.111188475152978916e-01 1.235056286805230386e+00 7.950185218317296076e-02 1.042603370441244515e+00 -3.534806724064311068e-01 4.690880625630937661e-01 1.209124403376140577e-01 -4.124064071862832970e-01 -1.193025061954393617e+00 1.336752903219257278e-02 0.000000000000000000e+00
-1.110574748509545323e-01 -3.018697843976845263e-01 3.135983264649063740e-01 1.233641191757050670e+00 8.079231341582193693e-02 1.032048269015777731e+00 -3.466838525408717508e-01 4.617325780798630097e-01 1.201731468190079255e-01 -4.053183040764964939e-01 -1.193678734843953482e+00 8.041475768886356679e-03 0.000000000000000000e+00
-1.094835365719968034e-01 -3.013707717983459822e-01 3.158592348894125879e-01 1.232543492981272415e+00 8.191955159978547840e-02 1.022311875290468741e+00 -3.402811805166441328e-01 4.549922838084405896e-01 1.194690070267909743e-01 -3.986478844941750421e-01 -1.194247319736685409e+00 3.105444007668196112e-03 0.000000000000000000e+00
-1.077595384332914047e-01 -3.008198599545195417e-01 3.182780799721830478e-01 1.231580598292053352e+00 8.306709873997508708e-02 1.011774536799955992e+00 -3.332071255816075328e-01 4.477463218250393728e-01 1.186792466055281992e-01 -3.912851761864874489e-01 -1.194824426744905521e+00 -2.262962879645987000e-03 0.000000000000000000e+00
-1.061518081443110217e-01 -3.003020558740726043e-01 3.204824855956799334e-01 1.230900240632856857e+00 8.405463019087822119e-02 1.002060468154587713e+00 -3.265522854916630413e-01 4.411113222852159343e-01 1.179229088559456962e-01 -3.843653182785664590e-01 -1.195320573655987317e+00 -7.237491882778004752e-03 0.000000000000000000e+00
-1.043934328678919193e-01 -2.997314842330206508e-01 3.228396018197896566e-01 1.230389003942461201e+00 8.504253824426566410e-02 9.915539430669402243e-01 -3.192091514179875578e-01 4.339838709703232045e-01 1.170705641490656923e-01 -3.767367932045753154e-01 -1.195817386357341583e+00 -1.264700247689322897e-02 0.000000000000000000e+00
-1.027557532767562065e-01 -2.991964109038969810e-01 3.249863833960212611e-01 1.230126018767773388e+00 8.587489035004658433e-02 9.818749006131359813e-01 -3.123083018223469787e-01 4.274630211727233342e-01 1.162505768494301872e-01 -3.695741548737799809e-01 -1.196237366861247153e+00 -1.765919024231464574e-02 0.000000000000000000e+00
-1.009668378263831739e-01 -2.986080948571707694e-01 3.272803946181241930e-01 1.230067026788847606e+00 8.668642528128112090e-02 9.714137344860573897e-01 -3.047014149322127552e-01 4.204643336965359635e-01 1.153231309998103971e-01 -3.616856054088562478e-01 -1.196649757356045951e+00 -2.310923081926951825e-02 0.000000000000000000e+00
-9.930296607538043052e-02 -2.980573636020533712e-01 3.293684742525904152e-01 1.230220035166555981e+00 8.734853666262676342e-02 9.617838550471757841e-01 -2.975612470231149831e-01 4.140662889147024295e-01 1.144287083477073530e-01 -3.542871441635344065e-01 -1.196990242501412505e+00 -2.815838450897799328e-02 0.000000000000000000e+00
-9.748779128751088041e-02 -2.974528727535146744e-01 3.315984291134559392e-01 1.230609759767313349e+00 8.796783820767917206e-02 9.513840382186318223e-01 -2.896996953537419039e-01 4.072047875241677217e-01 1.134153755529319074e-01 -3.461477249239252041e-01 -1.197315148154402209e+00 -3.364803128476938354e-02 0.000000000000000000e+00
-9.580135079223055239e-02 -2.968881670671975059e-01 3.336268574038048773e-01 1.231175939960990284e+00 8.844536317608930887e-02 9.418183835358262534e-01 -2.823273663766164288e-01 4.009379034260205366e-01 1.124362643781644522e-01 -3.385206312990199917e-01 -1.197573474780139868e+00 -3.873360162179009802e-02 0.000000000000000000e+00
-9.396353520724555486e-02 -2.962696305399479257e-01 3.357915172578481711e-01 1.232011856324863430e+00 8.885685740449655867e-02 9.314974092200394296e-01 -2.742176247384048304e-01 3.942234418171718935e-01 1.113257262036013717e-01 -3.301366672923143342e-01 -1.197807566639957910e+00 -4.426256955495758844e-02 0.000000000000000000e+00
-9.225803599821283396e-02 -2.956927709693796813e-01 3.377593219959988957e-01 1.232987064074404948e+00 8.913592771711620344e-02 9.220128593025407326e-01 -2.666207413471152199e-01 3.880959742020902992e-01 1.102523391262448804e-01 -3.222881984017962886e-01 -1.197981071584976576e+00 -4.938412377561339495e-02 0.000000000000000000e+00
-9.040150390084113197e-02 -2.950619584277449636e-01 3.398579571800790511e-01 1.234262612817794036e+00 8.932562065793092643e-02 9.117889708059099263e-01 -2.582727633046392191e-01 3.815364087001434368e-01 1.090350081919695402e-01 -3.136692437184047666e-01 -1.198122485438859686e+00 -5.495177828480349302e-02 0.000000000000000000e+00
-8.868025506756696541e-02 -2.944748481623559178e-01 3.417642997627427515e-01 1.235641234883628314e+00 8.939360367730131429e-02 9.024032029220472317e-01 -2.504593649167262126e-01 3.755563470513977320e-01 1.078582904643181628e-01 -3.056070228608942507e-01 -1.198209304490396310e+00 -6.010901054168794888e-02 0.000000000000000000e+00
-8.680828887932248716e-02 -2.938341418852856712e-01 3.437958160756767190e-01 1.237350808487196474e+00 8.934787514517061879e-02 8.922967555611838186e-01 -2.418806572553084400e-01 3.691611984572495397e-01 1.065239136001339126e-01 -2.967599018511101194e-01 -1.198255377177254610e+00 -6.571531001500861835e-02 0.000000000000000000e+00
-8.507443621512057741e-02 -2.932388124631988280e-01 3.456399020240319975e-01 1.239125880277929248e+00 8.919298091837557507e-02 8.830290340397035642e-01 -2.338591994072330149e-01 3.633362992315146145e-01 1.052353431066990197e-01 -2.884915856147411417e-01 -1.198253512964491563e+00 -7.090802057103998135e-02 0.000000000000000000e+00
-8.319051087716046455e-02 -2.925901974625612079e-01 3.476037079933731455e-01 1.241260072787246038e+00 8.890032572608230765e-02 8.730607677578561265e-01 -2.250604979950178719e-01 3.571128579486492760e-01 1.037757976712812003e-01 -2.794261852641113930e-01 -1.198203312377943641e+00 -7.655256553432769617e-02 0.000000000000000000e+00
-8.144695428819131999e-02 -2.919887514858170441e-01 3.493848420882385009e-01 1.243423365515996970e+00 8.851229246784342308e-02 8.639309921990832031e-01 -2.168398024078908304e-01 3.514506445760046116e-01 1.023675180868475199e-01 -2.709596799083700547e-01 -1.198111699636444927e+00 -8.178065035977587216e-02 0.000000000000000000e+00
-7.955391251920061746e-02 -2.913348439072322993e-01 3.512800144338750208e-01 1.245973655568926475e+00 8.796182443588174138e-02 8.541237211807537477e-01 -2.078295627813393776e-01 3.454080319311557123e-01 1.007736161744348102e-01 -2.616832573308651155e-01 -1.197963228405672931e+00 -8.746361142178799009e-02 0.000000000000000000e+00
-7.780333157462381022e-02 -2.907295015366384017e-01 3.529976076362017490e-01 1.248515631098311651e+00 8.733179763773346593e-02 8.451528003585386806e-01 -1.994188506504351865e-01 3.399158946836261519e-01 9.923803748989534768e-02 -2.530266355628058017e-01 -1.197780935029057137e+00 -9.272705803308538275e-02 0.000000000000000000e+00
-7.590411135805479048e-02 -2.900724769318884233e-01 3.548237268904816943e-01 1.251470044687613914e+00 8.651517399395913799e-02 8.355292684984880758e-01 -1.902084744679642947e-01 3.340608018690324754e-01 9.750298803970869344e-02 -2.435492774810544270e-01 -1.197534059996006706e+00 -9.844823545674014076e-02 0.000000000000000000e+00
-7.414892912785037149e-02 -2.894655435500782525e-01 3.564772254936836582e-01 1.254380070275906256e+00 8.563583834374455250e-02 8.267392726050792895e-01 -1.816172832389367775e-01 3.287457981235067939e-01 9.583331919428328405e-02 -2.347107118762722100e-01 -1.197260287035946558e+00 -1.037470937881571770e-01 0.000000000000000000e+00
-7.224583795734058900e-02 -2.888082070031765536e-01 3.582335248479613377e-01 1.257727510719856667e+00 8.454574625845356906e-02 8.173241435378884034e-01 -1.722161082091185347e-01 3.230869802812519342e-01 9.394913272305238650e-02 -2.250401581021924113e-01 -1.196913942936181696e+00 -1.095068287909692351e-01 0.000000000000000000e+00
-7.048820120757184893e-02 -2.882020678620108578e-01 3.598224721564394213e-01 1.260993872023568940e+00 8.341164160378999881e-02 8.087376421230016987e-01 -1.634543082227578048e-01 3.179560675460780250e-01 9.213898213012550187e-02 -2.160280043286074703e-01 -1.196548424076568473e+00 -1.148412486453172232e-01 0.000000000000000000e+00
-6.858357873803494487e-02 -2.875467575833836609e-01 3.615087341473968707e-01 1.264720165874843261e+00 8.204353667887165358e-02 7.995551101596860555e-01 -1.538743352152543431e-01 3.124996832361828236e-01 9.009993284150641379e-02 -2.061745246771528317e-01 -1.196103010384252707e+00 -1.206394746482593316e-01 0.000000000000000000e+00
-6.682533824277513135e-02 -2.869438254662799448e-01 3.630327161116096990e-01 1.268330323704382145e+00 8.065110472916758866e-02 7.911952124709129563e-01 -1.449520631284595684e-01 3.075594528350585888e-01 8.814384102084327210e-02 -1.969972216264693488e-01 -1.195646011941195130e+00 -1.260096391178632536e-01 0.000000000000000000e+00
-6.492088591845253387e-02 -2.862934854172715093e-01 3.646483565104708391e-01 1.272422269883211499e+00 7.900181541528450424e-02 7.822711555987895693e-01 -1.352033705435211897e-01 3.023138577254431136e-01 8.594300469600169023e-02 -1.869689387389646407e-01 -1.195101129182164934e+00 -1.318468304965045856e-01 0.000000000000000000e+00
-6.316361943847689786e-02 -2.856962481573632195e-01 3.661071390921531998e-01 1.276362731149237817e+00 7.734947347390175310e-02 7.741612343151698106e-01 -1.261311042307060870e-01 2.975708011135256292e-01 8.383537900931292697e-02 -1.776350751056981203e-01 -1.194552784313717586e+00 -1.372529726079597667e-01 0.000000000000000000e+00
-6.126101064815022562e-02 -2.850532793354949579e-01 3.676520933405382774e-01 1.280804567447857423e+00 7.541881314685250359e-02 7.655205290812401309e-01 -1.162261506688072737e-01 2.925415212634518425e-01 8.146849459050486963e-02 -1.674423753103946588e-01 -1.193909630910463315e+00 -1.431291792965707910e-01 0.000000000000000000e+00
-5.950598143050953026e-02 -2.844642471835592268e-01 3.690454149653031868e-01 1.285061254413069065e+00 7.350707839732173454e-02 7.576844635088089142e-01 -1.070145760638458177e-01 2.880018635797891302e-01 7.920480766393778183e-02 -1.579606230128446642e-01 -1.193270472248844527e+00 -1.485715820107430529e-01 0.000000000000000000e+00
-5.760629196737410834e-02 -2.838316477889865075e-01 3.705193050387084464e-01 1.289838180574038873e+00 7.129643095815474396e-02 7.493532428366043163e-01 -9.696415564977986512e-02 2.831968884725273305e-01 7.666588303871058052e-02 -1.476119618462034544e-01 -1.192529314517475347e+00 -1.544873616086769597e-01 0.000000000000000000e+00
-5.585445570536651250e-02 -2.832533065834758057e-01 3.718470665499920003e-01 1.294396456990589250e+00 6.912805341922467761e-02 7.418143635880753983e-01 -8.762421668027658983e-02 2.788666384743289095e-01 7.424187381452052037e-02 -1.379911009935888555e-01 -1.191800407327120670e+00 -1.599663328535674001e-01 0.000000000000000000e+00
-5.395867601286985504e-02 -2.826334875263831203e-01 3.732499915586376393e-01 1.299491679957549550e+00 6.664190834183614243e-02 7.338174961021453058e-01 -7.744114587678944950e-02 2.742909448921660998e-01 7.152784634762077154e-02 -1.274969563300236419e-01 -1.190962843164290685e+00 -1.659217769069866733e-01 0.000000000000000000e+00
-5.221068526037875995e-02 -2.820682988365070809e-01 3.745121778037721616e-01 1.304336517397497452e+00 6.422179950366224688e-02 7.265989213218788656e-01 -6.798397788505225470e-02 2.701758283757756396e-01 6.893978640028164406e-02 -1.177458003210769405e-01 -1.190145385867690919e+00 -1.714376495777315268e-01 0.000000000000000000e+00
-5.031925033324490676e-02 -2.814642234776784102e-01 3.758439095108710992e-01 1.309734204018161208e+00 6.146634464065092729e-02 7.189621655157356628e-01 -5.767965835056085289e-02 2.658369730383049467e-01 6.604586240174703526e-02 -1.071149273026713866e-01 -1.189212214221727182e+00 -1.774333739426382506e-01 0.000000000000000000e+00
-4.857545563275278422e-02 -2.809146198472179390e-01 3.770405373213765454e-01 1.314850274679788100e+00 5.880167725896878750e-02 7.120867251371776341e-01 -4.811661306073619637e-02 2.619425493524979998e-01 6.329068909600565895e-02 -9.724242269417951445e-02 -1.188307671557481848e+00 -1.829864809343737797e-01 0.000000000000000000e+00
-4.668868116222020526e-02 -2.803285631831944902e-01 3.783014256805473097e-01 1.320533184274690797e+00 5.578623129568871519e-02 7.048332905570227069e-01 -3.770412757409554588e-02 2.578449431202748388e-01 6.021473803696419935e-02 -8.648531584010420159e-02 -1.187281289273365070e+00 -1.890225854793088078e-01 0.000000000000000000e+00
-4.494913772746177150e-02 -2.797969135267823759e-01 3.794325823665400943e-01 1.325905009423428815e+00 5.288636151354397796e-02 6.983231841090464798e-01 -2.804669194897899467e-02 2.541765219424747535e-01 5.728992136978439120e-02 -7.650041751123258515e-02 -1.186291259138128273e+00 -1.946132763319280978e-01 0.000000000000000000e+00
-4.306684312007599824e-02 -2.792316938354808542e-01 3.806225984697804710e-01 1.331856788411592163e+00 4.962192305674317794e-02 6.914772134542217508e-01 -1.753795815606719669e-02 2.503273054161718747e-01 5.402808166665562517e-02 -6.562606915135574259e-02 -1.185172997796403838e+00 -2.006903935576503650e-01 0.000000000000000000e+00
-4.133132722564423350e-02 -2.787202646210903412e-01 3.816885062635934078e-01 1.337468830419705768e+00 4.649839947052081257e-02 6.853534501214504360e-01 -7.797802250779260584e-03 2.468899800419634694e-01 5.093135795111125574e-02 -5.553780272148622216e-02 -1.184099344402938403e+00 -2.063189678767760049e-01 0.000000000000000000e+00
-3.945319805332261898e-02 -2.781779829283969052e-01 3.828080425502266571e-01 1.343672240421621922e+00 4.299894363697509547e-02 6.789367280543210370e-01 2.793933222723787076e-03 2.432929981604047553e-01 4.748309697167685250e-02 -4.455669905260002672e-02 -1.182891867164696631e+00 -2.124371810070695421e-01 0.000000000000000000e+00
-3.772121299336198691e-02 -2.776889158785482148e-01 3.838090009934211899e-01 1.349508987716786734e+00 3.966542038725817676e-02 6.732191034400534235e-01 1.260505040764337524e-02 2.400915955692636827e-01 4.421273515305945701e-02 -3.437410678587126539e-02 -1.181736721041874771e+00 -2.181039550430810547e-01 0.000000000000000000e+00
-3.584650801608433440e-02 -2.771721335276113307e-01 3.848581992760329307e-01 1.355947594329897754e+00 3.594654507297523338e-02 6.672531675545063656e-01 2.326744339396624034e-02 2.367535395246878893e-01 4.057525657817451226e-02 -2.329543363314189389e-02 -1.180442025277932627e+00 -2.242638299996774776e-01 0.000000000000000000e+00
-3.411731422399331276e-02 -2.767074482977069372e-01 3.857945233590714396e-01 1.361993596548895624e+00 3.241867729992886638e-02 6.619603132269085144e-01 3.313762189769348804e-02 2.337927202485218792e-01 3.713019139204809527e-02 -1.302759732498997430e-02 -1.179207783270735499e+00 -2.299690867134406014e-01 0.000000000000000000e+00
-3.224516296722491904e-02 -2.762179366621575483e-01 3.867740643956100732e-01 1.368650482077836017e+00 2.849865109743809910e-02 6.564634145113643626e-01 4.385736127272362589e-02 2.307168524132644505e-01 3.330349522171327514e-02 -1.861762212726241015e-03 -1.177828931616346830e+00 -2.361706734306104616e-01 0.000000000000000000e+00
-3.051778910928881761e-02 -2.757794903222305916e-01 3.876461360215518459e-01 1.374890462258985480e+00 2.479397694373819405e-02 6.516124571765833373e-01 5.377465692179926593e-02 2.280009773783584215e-01 2.968319403585972793e-02 8.482244013605332034e-03 -1.176518123727809950e+00 -2.419146458487205775e-01 0.000000000000000000e+00
-2.864697656387306390e-02 -2.753195077082971065e-01 3.885561877508174611e-01 1.381749334256938688e+00 2.069252281734401677e-02 6.466033602411149772e-01 6.453906666292627547e-02 2.251935728257377645e-01 2.566594868952964958e-02 1.972590727794621898e-02 -1.175057513027956135e+00 -2.481583937348977309e-01 0.000000000000000000e+00
-2.692025349189926253e-02 -2.749089882612785751e-01 3.893645115657324851e-01 1.388168136608323167e+00 1.683032462673939023e-02 6.422095944131340772e-01 7.449143697579609091e-02 2.227268032212950666e-01 2.187001202978500203e-02 3.013698420204156958e-02 -1.173672669261114798e+00 -2.539412649496798902e-01 0.000000000000000000e+00
-2.504945473342405290e-02 -2.744799251313794208e-01 3.902058742736237984e-01 1.395212589196659358e+00 1.256941826740654022e-02 6.377028235537092193e-01 8.528723456708321715e-02 2.201905916914285444e-01 1.766328277189610496e-02 4.144818668804307882e-02 -1.172133761625212545e+00 -2.602271074258370454e-01 0.000000000000000000e+00
-2.332203277695284183e-02 -2.740988276830669257e-01 3.909509192241798492e-01 1.401795245041312477e+00 8.570545400411244685e-03 6.337798764798030504e-01 9.526264538457142328e-02 2.179768223905433622e-01 1.369224327047890988e-02 5.191727683141553196e-02 -1.170677811457266237e+00 -2.660490105953456919e-01 0.000000000000000000e+00
-2.144967360031152515e-02 -2.737025274045390977e-01 3.917239559457618148e-01 1.409009106559750535e+00 4.173339321384972322e-03 6.297899574157428404e-01 1.060769103335425512e-01 2.157175962588018803e-01 9.295364310757836535e-03 6.328659032464041545e-02 -1.169063270046405645e+00 -2.723773138461328402e-01 0.000000000000000000e+00
-1.972006570209477311e-02 -2.733521372072713063e-01 3.924062781508781406e-01 1.415740727745512295e+00 6.000814197282267060e-05 6.263492089335831459e-01 1.160632650786353054e-01 2.137605390422435692e-01 5.150020915995368043e-03 7.380462437542147092e-02 -1.167539409270662132e+00 -2.782383155493951543e-01 0.000000000000000000e+00
-1.784449084249464801e-02 -2.729895570976859087e-01 3.931118197147670523e-01 1.423108075710267428e+00 -4.448581390921191314e-03 6.228866481680355172e-01 1.268828397050298096e-01 2.117804288374991739e-01 5.653890994239407775e-04 8.522192886372742526e-02 -1.165852962510369739e+00 -2.846088299034600921e-01 0.000000000000000000e+00
-1.611108906070003038e-02 -2.726709623528096316e-01 3.937320414485561693e-01 1.429973956874000862e+00 -8.652986999909018095e-03 6.199375429599780496e-01 1.368680958961728811e-01 2.100835125251711566e-01 -3.753192924248471840e-03 9.577991449204886765e-02 -1.164264120604028285e+00 -2.905088968509624836e-01 0.000000000000000000e+00
-1.423049804629828753e-02 -2.723434969281840479e-01 3.943704846330373659e-01 1.437478604804288906e+00 -1.324722519349830208e-02 6.170123698931715417e-01 1.476799057435141116e-01 2.083878778591176928e-01 -8.525044965452588386e-03 1.072357349476200927e-01 -1.162508964287611635e+00 -2.969218220453869184e-01 0.000000000000000000e+00
-1.249161766745560120e-02 -2.720575612053861003e-01 3.949291924168281676e-01 1.444463953071808859e+00 -1.751835395646983429e-02 6.145621317700316055e-01 1.576520125767749414e-01 2.069543315338416845e-01 -1.301500140527189764e-02 1.178246715012353230e-01 -1.160858603360089614e+00 -3.028608710133454118e-01 0.000000000000000000e+00
-1.060416738129463764e-02 -2.717656772154435907e-01 3.955014975329590454e-01 1.452090241517909774e+00 -2.217138183973599297e-02 6.121797747689479152e-01 1.684431246690192008e-01 2.055447536583763501e-01 -1.797101103585485582e-02 1.293091126161464710e-01 -1.159038732229183744e+00 -3.093157742844522273e-01 0.000000000000000000e+00
-8.858077173628417858e-03 -2.715130571941622994e-01 3.959993227843123798e-01 1.459180360160230450e+00 -2.648418209236247378e-02 6.102335213761884702e-01 1.783900979194923964e-01 2.043775234421082443e-01 -2.263021136294840474e-02 1.399201034725389148e-01 -1.157330048073788920e+00 -3.152935389567576574e-01 0.000000000000000000e+00
-6.961873570514898711e-03 -2.712577036668799568e-01 3.965058648530281338e-01 1.466911796123417489e+00 -3.116861087321520785e-02 6.083994637609699829e-01 1.891474045106494584e-01 2.032588792709772718e-01 -2.776864752820173976e-02 1.514236943801634261e-01 -1.155448791079757065e+00 -3.217904203045468536e-01 0.000000000000000000e+00
-5.206838923209256530e-03 -2.710388197193320803e-01 3.969434632652122374e-01 1.474091707442360288e+00 -3.549761372615423127e-02 6.069596991436894129e-01 1.990572932429433006e-01 2.023607115485912544e-01 -3.259456173953445557e-02 1.620478928510869776e-01 -1.153685378963961172e+00 -3.278066343650903325e-01 0.000000000000000000e+00
-3.299987606647507288e-03 -2.708199918913840598e-01 3.973851923816451581e-01 1.481912575269301868e+00 -4.018558769565139244e-02 6.056745152846394475e-01 2.097681942521057719e-01 2.015339997672033756e-01 -3.791129653976854641e-02 1.735609879148517221e-01 -1.151746864006492510e+00 -3.343447947097757944e-01 0.000000000000000000e+00
-1.534280020610481916e-03 -2.706350654256195476e-01 3.977631630980843491e-01 1.489167150746606438e+00 -4.450503390952054161e-02 6.047416910934408918e-01 2.196291973336398362e-01 2.009073746074645506e-01 -4.290072884203199877e-02 1.841896138910875114e-01 -1.149932319197766839e+00 -3.403990253948801503e-01 0.000000000000000000e+00
3.850306837364464939e-04 -2.704532195232591807e-01 3.981405220081182250e-01 1.497060282309393031e+00 -4.916878891702891607e-02 6.040052138496316836e-01 2.302805933371958325e-01 2.003770060763752914e-01 -4.839336543226591125e-02 1.957028088233931373e-01 -1.147940407860442047e+00 -3.469781984203527680e-01 0.000000000000000000e+00
2.163079911076296047e-03 -2.703022735702355628e-01 3.984594455559054005e-01 1.504374102876135488e+00 -5.345298045136548382e-02 6.035774906657023209e-01 2.400809928591737807e-01 2.000241705214533816e-01 -5.354272055798836583e-02 2.063272070313984519e-01 -1.146078325626258776e+00 -3.530698465187727675e-01 0.000000000000000000e+00
4.096649888343850687e-03 -2.701569910109191675e-01 3.987732897766408380e-01 1.512323241352788727e+00 -5.806472839936782648e-02 6.033856770762664468e-01 2.506606832503793791e-01 1.997906112938534484e-01 -5.920606577409670557e-02 2.178311807684296386e-01 -1.144037012650713114e+00 -3.596891001186511283e-01 0.000000000000000000e+00
5.888622658982105469e-03 -2.700398277020905069e-01 3.990337690342906640e-01 1.519680400555946775e+00 -6.228830859728118341e-02 6.034585302515029781e-01 2.603889277515730183e-01 1.997135627145661119e-01 -6.451148213969815082e-02 2.284427625136889739e-01 -1.142131254574652255e+00 -3.658175331296278365e-01 0.000000000000000000e+00
7.838066222949052753e-03 -2.699311567771123244e-01 3.992844320964318849e-01 1.527667300967999964e+00 -6.682080298309944766e-02 6.038063693352584416e-01 2.708839629096277402e-01 1.997806743740360713e-01 -7.034194071420829530e-02 2.399281939916304840e-01 -1.140044534702520762e+00 -3.724762680926665404e-01 0.000000000000000000e+00
9.645424422116851554e-03 -2.698474303246440886e-01 3.994869585659320821e-01 1.535051438838547000e+00 -7.095889004706013026e-02 6.043734037767345413e-01 2.805286007973496476e-01 1.999811771146054185e-01 -7.579889094583514009e-02 2.505184870929259566e-01 -1.138098829210108853e+00 -3.786405871993320793e-01 0.000000000000000000e+00
1.161230032447062299e-02 -2.697745409974270370e-01 3.996752532369828304e-01 1.543058988513394958e+00 -7.538567682233932032e-02 6.052516008926831503e-01 2.909272794582139499e-01 2.003489097268749408e-01 -8.179060392434989168e-02 2.619764380773692558e-01 -1.135970963499135511e+00 -3.853375718135270689e-01 0.000000000000000000e+00
1.343638020289563383e-02 -2.697237291869447606e-01 3.998203236451989273e-01 1.550453311811033075e+00 -7.941421087118705202e-02 6.063039886340297890e-01 3.004771421006427468e-01 2.008284784601709616e-01 -8.739442749009485034e-02 2.725371368010512385e-01 -1.133989039015898426e+00 -3.915367450409590333e-01 0.000000000000000000e+00
1.542198335704719932e-02 -2.696863384998509083e-01 3.999464311965518770e-01 1.558461817359348522e+00 -8.370962119845781757e-02 6.077029016738260125e-01 3.107667643148682712e-01 2.015001776213593832e-01 -9.354273434070603521e-02 2.839584193862355055e-01 -1.131824022207718716e+00 -3.982710471999287849e-01 0.000000000000000000e+00
1.726392415603327998e-02 -2.696677787822608363e-01 4.000344039066470181e-01 1.565848636703628394e+00 -8.760557910159061379e-02 6.092297895853926448e-01 3.202107663039663876e-01 2.022600773488998638e-01 -9.928797176033432592e-02 2.944813012224383186e-01 -1.129809873475291715e+00 -4.045039427046638880e-01 0.000000000000000000e+00
1.926946331008771648e-02 -2.696647512857668350e-01 4.000989456497736074e-01 1.573839838683169567e+00 -9.174540253317742255e-02 6.111357759458253547e-01 3.303802133740020297e-01 2.032351105582483330e-01 -1.055859482642080849e-01 3.058574265823889027e-01 -1.127611966627649176e+00 -4.112739645117542975e-01 0.000000000000000000e+00
2.113023489075215727e-02 -2.696776689471691579e-01 4.001301410628861355e-01 1.581200967864146101e+00 -9.548694721026551591e-02 6.131243281632210440e-01 3.397075689073547067e-01 2.042763732549556788e-01 -1.114670068994301211e-01 3.163344354688151228e-01 -1.125569322071558576e+00 -4.175392507132474895e-01 0.000000000000000000e+00
2.315656864306551641e-02 -2.697084434032090972e-01 4.001332079765002603e-01 1.589153681583349353e+00 -9.944826737031942088e-02 6.155229102920252160e-01 3.497444904236453600e-01 2.055576034106359751e-01 -1.179094598924406156e-01 3.276563987900962815e-01 -1.123342653084143272e+00 -4.243435940088862712e-01 0.000000000000000000e+00
2.503691888987999090e-02 -2.697519557539743706e-01 4.001078080376955781e-01 1.596470243033008884e+00 -1.030150943917806927e-01 6.179583980971314894e-01 3.589446467254330253e-01 2.068809947353235923e-01 -1.239200813146950075e-01 3.380796784015301371e-01 -1.121275507446023889e+00 -4.306397062999970937e-01 0.000000000000000000e+00
2.708482104170157126e-02 -2.698151892407620323e-01 4.000497729960213467e-01 1.604364777200212089e+00 -1.067767903979994770e-01 6.208321079324634617e-01 3.688385897807000546e-01 2.084672400596020436e-01 -1.304990213135721611e-01 3.493393903323306904e-01 -1.119024337376579803e+00 -4.374764735819076655e-01 0.000000000000000000e+00
2.898527211720638985e-02 -2.698883357643097614e-01 3.999679357201417762e-01 1.611617290492477927e+00 -1.101502154590856541e-01 6.236979453773621174e-01 3.779012603912125234e-01 2.100732759997311350e-01 -1.366329470942972968e-01 3.597012175016109925e-01 -1.116936419081957732e+00 -4.438016809079275982e-01 0.000000000000000000e+00
3.105509089156767086e-02 -2.699833274652176929e-01 3.998485912765817329e-01 1.619430840861384446e+00 -1.136928447131193565e-01 6.270288408190944907e-01 3.876403073395777166e-01 2.119668501138047279e-01 -1.433419825124249147e-01 3.708899894788744711e-01 -1.114664809251147304e+00 -4.506690079633468016e-01 0.000000000000000000e+00
3.297592906814095920e-02 -2.700851173151511131e-01 3.997102436161827366e-01 1.626599014972443413e+00 -1.168558697149473247e-01 6.303072305182637614e-01 3.965554721152134143e-01 2.138558136302411150e-01 -1.495920221166775477e-01 3.811827741968944472e-01 -1.112559979883603223e+00 -4.570213795324855610e-01 0.000000000000000000e+00
3.506793182226207450e-02 -2.702103801745396328e-01 3.995298049284393693e-01 1.634310852190923313e+00 -1.201624007748876011e-01 6.340741688379600838e-01 4.061299689977254102e-01 2.160549854794013014e-01 -1.564227639966215833e-01 3.922930495010279461e-01 -1.110272191349170656e+00 -4.639169360954595867e-01 0.000000000000000000e+00
3.700919371750509279e-02 -2.703397801899855013e-01 3.993347973128152928e-01 1.641374012678160632e+00 -1.231000957434353893e-01 6.377458198751133622e-01 4.148879739795326982e-01 2.182268932169018349e-01 -1.627815937314038841e-01 4.025095013643035236e-01 -1.108154245913258062e+00 -4.702943080893315364e-01 0.000000000000000000e+00
3.912317756539154812e-02 -2.704945826779414086e-01 3.990927057865922833e-01 1.648959876238153655e+00 -1.261551428079039638e-01 6.419282282642582160e-01 4.242865357825313932e-01 2.207334437901275759e-01 -1.697264520640577867e-01 4.135328910378731071e-01 -1.105854206837810771e+00 -4.772157306043928737e-01 0.000000000000000000e+00
4.108462846094848575e-02 -2.706505445886174810e-01 3.988408165715206510e-01 1.655896802948117141e+00 -1.288546722018075741e-01 6.459724629752479075e-01 4.328779933276679093e-01 2.231880627220967916e-01 -1.761866150783177876e-01 4.236658195114611503e-01 -1.103726873759055538e+00 -4.836157394675305032e-01 0.000000000000000000e+00
4.322032680908761276e-02 -2.708333906544314607e-01 3.985369896858588223e-01 1.663335128305091892e+00 -1.316456136906820618e-01 6.505469266398020700e-01 4.420917983300422516e-01 2.259997116877047463e-01 -1.832364019579209025e-01 4.345952661775782100e-01 -1.101418645463256629e+00 -4.905601983260211019e-01 0.000000000000000000e+00
4.520149305034820708e-02 -2.710149171059255124e-01 3.982277127255878235e-01 1.670124221624285532e+00 -1.340961390759347616e-01 6.549427534854572741e-01 4.505077202698289374e-01 2.287365757609519656e-01 -1.897895092942243345e-01 4.446377803321580058e-01 -1.099285586588157670e+00 -4.969802141868478462e-01 0.000000000000000000e+00
4.735811463599846199e-02 -2.712251003759228452e-01 3.978612960681690014e-01 1.677389769745204262e+00 -1.366123602828261951e-01 6.598864965630166779e-01 4.595260492481915149e-01 2.318545548309463022e-01 -1.969358357633430590e-01 4.554652945075522985e-01 -1.096973163813641960e+00 -5.039448797801094893e-01 0.000000000000000000e+00
4.935825347702010868e-02 -2.714312093714235652e-01 3.974940405383340369e-01 1.684009268457737463e+00 -1.388053324049218773e-01 6.646120022329133903e-01 4.677578135985991370e-01 2.348728983866580355e-01 -2.035733653062019588e-01 4.654107031508850634e-01 -1.094837974409671011e+00 -5.103820064509400067e-01 0.000000000000000000e+00
5.153499363669988148e-02 -2.716673155689698360e-01 3.970646089021207525e-01 1.691080137273647921e+00 -1.410389440552677343e-01 6.699003902689502077e-01 4.765727769382205325e-01 2.382943945971373323e-01 -2.108062445107483640e-01 4.761297933803995130e-01 -1.092525218740018733e+00 -5.173635498276099032e-01 0.000000000000000000e+00
5.355310435432353300e-02 -2.718970769896533746e-01 3.966386673568926269e-01 1.697508200263183831e+00 -1.429680942367008711e-01 6.749331105682268017e-01 4.846121611893836056e-01 2.415932522394184656e-01 -2.175195409866199636e-01 4.859716050573282264e-01 -1.090391427495620125e+00 -5.238146913836770890e-01 0.000000000000000000e+00
5.574860285689127448e-02 -2.721585444238793228e-01 3.961449631752838041e-01 1.704358881830356331e+00 -1.449132007978914949e-01 6.805427723334580570e-01 4.932137720361760014e-01 2.453189147358984523e-01 -2.248295187047240073e-01 4.965747479108832962e-01 -1.088082000777330638e+00 -5.308096504343382538e-01 0.000000000000000000e+00
5.778345277192398211e-02 -2.724111108369525747e-01 3.956593728827821344e-01 1.710573760968706836e+00 -1.465743466929865235e-01 6.858604885566315090e-01 5.010530197314196910e-01 2.488970048184744321e-01 -2.316091278917387086e-01 5.063067707718734711e-01 -1.085953003222894120e+00 -5.372714113452520257e-01 0.000000000000000000e+00
5.999638206225914316e-02 -2.726966611665508911e-01 3.951006612588005562e-01 1.717182770487093890e+00 -1.482279202110037275e-01 6.917664271264585274e-01 5.094344204455761860e-01 2.529234880048356615e-01 -2.389856846370945753e-01 5.167880740055574851e-01 -1.083650567302466117e+00 -5.442759244863240031e-01 0.000000000000000000e+00
6.204647243400499002e-02 -2.729712679972753353e-01 3.945543306599501587e-01 1.723162971517568032e+00 -1.496191862024787156e-01 6.973468741872324017e-01 5.170661413128753159e-01 2.567793291443500325e-01 -2.458220191553279754e-01 5.264043492276700986e-01 -1.081529692389354258e+00 -5.507446429055855575e-01 0.000000000000000000e+00
6.427492585624591803e-02 -2.732805198993830675e-01 3.939289697538927992e-01 1.729505280997926775e+00 -1.509801076185244284e-01 7.035259141448912956e-01 5.252182105676623802e-01 2.611066995996198514e-01 -2.532547685996846543e-01 5.367567554645942263e-01 -1.079237775955232070e+00 -5.577545822373785045e-01 0.000000000000000000e+00
6.633853830559736930e-02 -2.735764971724119476e-01 3.933206239966784423e-01 1.735229835044870939e+00 -1.521016989548700238e-01 7.093473025219863004e-01 5.326355136776966814e-01 2.652385274518505032e-01 -2.601378415950490464e-01 5.462516238305128446e-01 -1.077128152897725899e+00 -5.642262967128663931e-01 0.000000000000000000e+00
6.858070677164555817e-02 -2.739083747905182165e-01 3.926274811975843937e-01 1.741285080341377522e+00 -1.531715115472174205e-01 7.157755386691597721e-01 5.405524923872568888e-01 2.698628903029345327e-01 -2.676154653037734477e-01 5.564699731960651707e-01 -1.074850084901271874e+00 -5.712372680195817454e-01 0.000000000000000000e+00
7.065591049052433181e-02 -2.742251555141412833e-01 3.919556345429229816e-01 1.746733531209732071e+00 -1.540255793981595289e-01 7.218168598453451601e-01 5.477489861534099447e-01 2.742686742075503004e-01 -2.745347572899627941e-01 5.658380418045824145e-01 -1.072754709755597613e+00 -5.777078173620927570e-01 0.000000000000000000e+00
7.290940259759046138e-02 -2.745794953260327076e-01 3.911926871427738317e-01 1.752478008715860014e+00 -1.548075725728015328e-01 7.284723793529819247e-01 5.554227516764187467e-01 2.791895467565010391e-01 -2.820460699864768550e-01 5.759157762645784606e-01 -1.070493752569147583e+00 -5.847149936642548340e-01 0.000000000000000000e+00
7.499402944918594216e-02 -2.749165934814613022e-01 3.904557593450985742e-01 1.757631030815379525e+00 -1.553984704643811554e-01 7.347130955625682525e-01 5.623925105652650691e-01 2.838670063818184985e-01 -2.889910614771853403e-01 5.851519518201094838e-01 -1.068415621391531456e+00 -5.911796840523676488e-01 0.000000000000000000e+00
7.725660607488026022e-02 -2.752925332123489222e-01 3.896214859813801334e-01 1.763046248753776801e+00 -1.558982551415102336e-01 7.415740483252699633e-01 5.698184689488420274e-01 2.890799111890532402e-01 -2.965239457785291410e-01 5.950846105797236163e-01 -1.066174704492284242e+00 -5.981780719229323751e-01 0.000000000000000000e+00
7.934832527889634779e-02 -2.756495828219928113e-01 3.888176465243993185e-01 1.767885191952799140e+00 -1.562318511904212670e-01 7.479950954855905110e-01 5.765561333486880491e-01 2.940264998872800239e-01 -3.034834514971787023e-01 6.041840993923063285e-01 -1.064116480443816570e+00 -6.046321762457120830e-01 0.000000000000000000e+00
8.161714026434573055e-02 -2.760471859126760186e-01 3.879096424957045874e-01 1.772949438810258904e+00 -1.564566705049421635e-01 7.550417925629937521e-01 5.837271606369170973e-01 2.995303883331195682e-01 -3.110259231784466838e-01 6.139656903390856568e-01 -1.061898533308971437e+00 -6.116162496254176073e-01 0.000000000000000000e+00
8.371346105647094193e-02 -2.764239000777554134e-01 3.870369132166172621e-01 1.777457141118095940e+00 -1.565404589787906531e-01 7.616253054109756171e-01 5.902280034368277972e-01 3.047432598508406643e-01 -3.179884915323498706e-01 6.229240316138940914e-01 -1.059862679813660113e+00 -6.180545081397115226e-01 0.000000000000000000e+00
8.598591731930808890e-02 -2.768424865884271946e-01 3.860533382281019499e-01 1.782154905548104296e+00 -1.564995814906984251e-01 7.688385636279786439e-01 5.971408372573736578e-01 3.105331385082410467e-01 -3.255280337364185872e-01 6.325509594803671032e-01 -1.057670299025279759e+00 -6.250184746531869395e-01 0.000000000000000000e+00
8.808414622978982811e-02 -2.772386902712301593e-01 3.851095136993333279e-01 1.786315093507566232e+00 -1.563426058360750659e-01 7.755681687520743495e-01 6.034005308205776519e-01 3.160092967892301208e-01 -3.324816805006700626e-01 6.413639587386844587e-01 -1.055659279507133785e+00 -6.314354278787601693e-01 0.000000000000000000e+00
9.035705093191927217e-02 -2.776784985830459407e-01 3.840475631302182058e-01 1.790627308693501618e+00 -1.560463419673929764e-01 7.829314464814207675e-01 6.100493122190423501e-01 3.220834346034828211e-01 -3.400052437381984038e-01 6.508308306236436636e-01 -1.053494995068253504e+00 -6.383730956764710474e-01 0.000000000000000000e+00
9.245435042168759221e-02 -2.780940551106019787e-01 3.830303974528968536e-01 1.794425731099930310e+00 -1.556590718543162666e-01 7.897920961851885302e-01 6.160641946990407236e-01 3.278194841173500129e-01 -3.469381178459471915e-01 6.594947594399439561e-01 -1.051510873477117247e+00 -6.447627515008709231e-01 0.000000000000000000e+00
9.472480952995042391e-02 -2.785545811076535760e-01 3.818878378544586782e-01 1.798339827766352705e+00 -1.551192874611055927e-01 7.972898593947772561e-01 6.224469263046064071e-01 3.341724216082204157e-01 -3.544323863114846596e-01 6.687987124452176024e-01 -1.049376749337582293e+00 -6.516677289962010677e-01 0.000000000000000000e+00
9.681824063877685071e-02 -2.789894202127634060e-01 3.807948502031637261e-01 1.801763335929556398e+00 -1.545130895643160862e-01 8.042684034866134368e-01 6.282140016451730480e-01 3.401647670874940466e-01 -3.613319709056073137e-01 6.773101087100835693e-01 -1.047421456465246203e+00 -6.580240287279477407e-01 0.000000000000000000e+00
9.908274712871832646e-02 -2.794710190981178899e-01 3.795685530700864119e-01 1.805263833145195562e+00 -1.537426887638275730e-01 8.118876234183471929e-01 6.343260895049593895e-01 3.467941739890283426e-01 -3.687832293195401068e-01 6.864465488827911077e-01 -1.045319623153928346e+00 -6.648891253859539052e-01 0.000000000000000000e+00
1.011692608317497355e-01 -2.799250969966702862e-01 3.783971328914328969e-01 1.808301253014562349e+00 -1.529298637880049938e-01 8.189725908561604761e-01 6.398430274401403217e-01 3.530389538501278457e-01 -3.756367412268044603e-01 6.948022833819419430e-01 -1.043394890055100888e+00 -6.712053445432949461e-01 0.000000000000000000e+00
1.034246782704318496e-01 -2.804273222326537085e-01 3.770845711099565789e-01 1.811379105502966880e+00 -1.519426590972083879e-01 8.267015478446548826e-01 6.456838723429020321e-01 3.599387714708460195e-01 -3.830310079934096112e-01 7.037691467722387850e-01 -1.041326945468654230e+00 -6.780235029870884667e-01 0.000000000000000000e+00
1.055011114106651909e-01 -2.809006096248980455e-01 3.758319753461170087e-01 1.814020795736966285e+00 -1.509363036384625545e-01 8.338833387424022803e-01 6.509489418179886799e-01 3.664318578140818294e-01 -3.898253977244741098e-01 7.119665563445845002e-01 -1.039434236881934925e+00 -6.842927839302167525e-01 0.000000000000000000e+00
1.077437321676462806e-01 -2.814238401315177773e-01 3.744296999221978783e-01 1.816664225247830444e+00 -1.497466926452348801e-01 8.417130296131891676e-01 6.565154145494450644e-01 3.735991566767848382e-01 -3.971481586158105426e-01 7.207600479479170374e-01 -1.037401712337986615e+00 -6.910560146765275524e-01 0.000000000000000000e+00
1.098068408605388097e-01 -2.819162979777717903e-01 3.730929935913903650e-01 1.818902352553176449e+00 -1.485602905167668908e-01 8.489840986803685041e-01 6.615275503000014323e-01 3.803361219968446338e-01 -4.038697108910616063e-01 7.287968023275036566e-01 -1.035542226685866041e+00 -6.972709005543910044e-01 0.000000000000000000e+00
1.120333677057351457e-01 -2.824600275182007625e-01 3.715983023432282706e-01 1.821106339709806399e+00 -1.471832659054892467e-01 8.569065657539889358e-01 6.668205829665339035e-01 3.877643107778345755e-01 -4.111067179952971884e-01 7.374156571423543527e-01 -1.033546187448851628e+00 -7.039713472780030346e-01 0.000000000000000000e+00
1.140798412044166654e-01 -2.829715503794678622e-01 3.701745620404064407e-01 1.822934903757610137e+00 -1.458308285823912698e-01 8.642608598086485294e-01 6.715794520974237569e-01 3.947404945428107381e-01 -4.177419838512297368e-01 7.452898255373916481e-01 -1.031720856837711198e+00 -7.101242480814948799e-01 0.000000000000000000e+00
1.162864033021612648e-01 -2.835360728731229352e-01 3.685836142702221263e-01 1.824691522538458344e+00 -1.442814733272062000e-01 8.722715774327447491e-01 6.765973802233510304e-01 4.024260112641295239e-01 -4.248773913598788976e-01 7.537311806655885293e-01 -1.029762301593039719e+00 -7.167528560347021793e-01 0.000000000000000000e+00
1.183128599406335912e-01 -2.840664830760690762e-01 3.670697541868622737e-01 1.826106377053224428e+00 -1.427771386569336443e-01 8.797050331651261601e-01 6.811033156297106039e-01 4.096364533364917904e-01 -4.314122560427156028e-01 7.614411651794225078e-01 -1.027971858392179527e+00 -7.228355159644430650e-01 0.000000000000000000e+00
1.204960702645903881e-01 -2.846511094166441769e-01 3.653797102927330842e-01 1.827414554716068729e+00 -1.410707882570898519e-01 8.877999043612705421e-01 6.858486692180683075e-01 4.175722073317372218e-01 -4.384315497278372664e-01 7.697046211468020482e-01 -1.026051186614014288e+00 -7.293837630317572263e-01 0.000000000000000000e+00
1.224991638974288477e-01 -2.852001076249519040e-01 3.637724976232014629e-01 1.828413403474067778e+00 -1.394284566440737727e-01 8.953106863182513919e-01 6.901029359014154707e-01 4.250117145473599201e-01 -4.448514990096368305e-01 7.772494896730511860e-01 -1.024295897139543055e+00 -7.353877265512862582e-01 0.000000000000000000e+00
1.246550502712119729e-01 -2.858048448825495358e-01 3.619793845741914318e-01 1.829269305803205015e+00 -1.375803225865168677e-01 9.034889048447736215e-01 6.945757149522034934e-01 4.331934114692741478e-01 -4.517381672724727348e-01 7.853329825297685751e-01 -1.022413574881074982e+00 -7.418455592995921721e-01 0.000000000000000000e+00
1.266313343692181126e-01 -2.863719697664618979e-01 3.602756275069259329e-01 1.829851746961775660e+00 -1.358141071347782614e-01 9.110764207170118922e-01 6.985801771253011827e-01 4.408564910584090168e-01 -4.580286869252943038e-01 7.927120026991328894e-01 -1.020693638870074693e+00 -7.477617716612031673e-01 0.000000000000000000e+00
1.287564560169791872e-01 -2.869958270980525472e-01 3.583764048970673466e-01 1.830258090587189024e+00 -1.338391014721951322e-01 9.193380758883065162e-01 7.027844429591820763e-01 4.492765408978852126e-01 -4.647674831686037233e-01 8.006161982354608186e-01 -1.018849266657140262e+00 -7.541198690266855964e-01 0.000000000000000000e+00
1.307025218997883431e-01 -2.875804273874112416e-01 3.565728124383933939e-01 1.830425362690329294e+00 -1.319625054284951915e-01 9.270037423352897044e-01 7.065418303621474605e-01 4.571574337746749928e-01 -4.709135929113157371e-01 8.078291037318314771e-01 -1.017164351214474349e+00 -7.599390091665632063e-01 0.000000000000000000e+00
1.327928844159468047e-01 -2.882229712802902855e-01 3.545633676600908890e-01 1.830382360216382231e+00 -1.298753188507806300e-01 9.353518108924849805e-01 7.104793806128568701e-01 4.658109096836967056e-01 -4.774872065880129135e-01 8.155529366833338401e-01 -1.015357862468046379e+00 -7.661862524516711570e-01 0.000000000000000000e+00
1.347052929172551650e-01 -2.888241632367462564e-01 3.526566225173717317e-01 1.830137659571192010e+00 -1.279016139015980436e-01 9.430986948670883052e-01 7.139931553551074339e-01 4.739035571566613259e-01 -4.834736598233748683e-01 8.225999938228197861e-01 -1.013707368382469776e+00 -7.718984000947547441e-01 0.000000000000000000e+00
1.367575382506596160e-01 -2.894838702149254983e-01 3.505338927937299287e-01 1.829651903300016258e+00 -1.257160165742039482e-01 9.515367425040803795e-01 7.176699821350981390e-01 4.827823697834174310e-01 -4.898664448620555500e-01 8.301449955071231734e-01 -1.011937631259084869e+00 -7.780246027083186355e-01 0.000000000000000000e+00
1.386328770725707427e-01 -2.901004852867654638e-01 3.485206572731069929e-01 1.829000106898032385e+00 -1.236579382578621988e-01 9.593695159982082998e-01 7.209444718534050445e-01 4.910804468449680993e-01 -4.956776620976901526e-01 8.370269366590241678e-01 -1.010320693003243342e+00 -7.836194381053843694e-01 0.000000000000000000e+00
1.406430019780267882e-01 -2.907763336474173954e-01 3.462804873501499348e-01 1.828075492866393148e+00 -1.213875314432426578e-01 9.679040538206242772e-01 7.243640372720940857e-01 5.001790035511692878e-01 -5.018715755819691537e-01 8.443930404971016213e-01 -1.008586775396519863e+00 -7.896124826644441708e-01 0.000000000000000000e+00
1.424779340656503190e-01 -2.914068619476938293e-01 3.441574530938638077e-01 1.827023192008391916e+00 -1.192570390715896878e-01 9.758288391190874655e-01 7.274045682886375319e-01 5.086759188776079910e-01 -5.074917775884177917e-01 8.511109975048809506e-01 -1.007002127968895655e+00 -7.950792865921043617e-01 0.000000000000000000e+00
1.444426296247645902e-01 -2.920966449431683376e-01 3.417968225620192091e-01 1.825670047820987740e+00 -1.169143570737656290e-01 9.844667057308891245e-01 7.305745955131860425e-01 5.179855643897115502e-01 -5.134707073937003763e-01 8.583008666578223478e-01 -1.005302165666070779e+00 -8.009279878200817882e-01 0.000000000000000000e+00
1.462338306423005274e-01 -2.927392330598667658e-01 3.395607000096637629e-01 1.824225534727167641e+00 -1.147228071729422538e-01 9.924911578033381865e-01 7.333872265194459894e-01 5.266744603412314429e-01 -5.188838486253952720e-01 8.648565705761886990e-01 -1.003748144590982161e+00 -8.062555084227308599e-01 0.000000000000000000e+00
1.481492119948002173e-01 -2.934410993052035677e-01 3.370754770630305375e-01 1.822451492761535619e+00 -1.123198276184682598e-01 1.001242112985836208e+00 7.363132416091160426e-01 5.361888696516484698e-01 -5.246288197289143973e-01 8.718712037294028550e-01 -1.002080473116374604e+00 -8.119465505141756356e-01 0.000000000000000000e+00
1.498934236352253702e-01 -2.940934787019985897e-01 3.347230297939225996e-01 1.820624513917942444e+00 -1.100777253757456720e-01 1.009375155986410810e+00 7.389049634029538627e-01 5.450626222723333747e-01 -5.298185217451516493e-01 8.782667185082009276e-01 -1.000555081023004389e+00 -8.171230698830171946e-01 0.000000000000000000e+00
1.517563202474872530e-01 -2.948043599026187178e-01 3.321103662770102383e-01 1.818443079974829679e+00 -1.076253329043010964e-01 1.018248766844158215e+00 7.415965537376697503e-01 5.547727073438439849e-01 -5.353132222852303723e-01 8.851097775081868679e-01 -9.989170372155240507e-01 -8.226445351920512739e-01 0.000000000000000000e+00
1.534503913435921463e-01 -2.954637983336808049e-01 3.296384021872166281e-01 1.816245053261248188e+00 -1.053422640466417093e-01 1.026500843972444788e+00 7.439753558023558533e-01 5.638238930721554132e-01 -5.402627737501699556e-01 8.913478994665611221e-01 -9.974178106798639032e-01 -8.276578693650982199e-01 0.000000000000000000e+00
1.552570944283221954e-01 -2.961808214656335148e-01 3.268943473824287849e-01 1.813667578363711286e+00 -1.028505290098715719e-01 1.035509696302398641e+00 7.464401779702514172e-01 5.737225299488437624e-01 -5.454874963347418060e-01 8.980215148421907267e-01 -9.958067979574476425e-01 -8.329951105057258331e-01 0.000000000000000000e+00
1.568979063370459781e-01 -2.968441016666485410e-01 3.242998458752905377e-01 1.811111405311597977e+00 -1.005353845090906084e-01 1.043892152842354371e+00 7.486148487373828209e-01 5.829433923281067687e-01 -5.501800527544886688e-01 9.041053731944221905e-01 -9.943309406603528799e-01 -8.378324763097458883e-01 0.000000000000000000e+00
1.586454459647030080e-01 -2.975631678239070155e-01 3.214217104914029455e-01 1.808154240611147046e+00 -9.801330998281532203e-02 1.053048571875220496e+00 7.508644209101726918e-01 5.930211267881029258e-01 -5.551179528896592608e-01 9.106144052146848411e-01 -9.927434969135841003e-01 -8.429727101087349794e-01 0.000000000000000000e+00
1.602300266599937517e-01 -2.982265296242562203e-01 3.187017637221852273e-01 1.805254207185418736e+00 -9.567399412383004176e-02 1.061573948507894993e+00 7.528448140757829643e-01 6.024037096245611345e-01 -5.595364700332370322e-01 9.165477283862996094e-01 -9.912878130617467365e-01 -8.476209248963321174e-01 0.000000000000000000e+00
1.619149469183709111e-01 -2.989435539871839187e-01 3.156858762114345685e-01 1.801931967419195146e+00 -9.312949242044021858e-02 1.070893053780596293e+00 7.548890565285277798e-01 6.126526187636219811e-01 -5.641670413786121774e-01 9.228954394235308056e-01 -9.897203430231532595e-01 -8.525482389661694915e-01 0.000000000000000000e+00
1.634404320637770358e-01 -2.996026689147116562e-01 3.128376791545226521e-01 1.798703609150239302e+00 -9.077291112781171734e-02 1.079575174766572943e+00 7.566859578950314580e-01 6.221886662578960392e-01 -5.682940089618533364e-01 9.286825550513002625e-01 -9.882811041910471994e-01 -8.569935874577296886e-01 0.000000000000000000e+00
1.650599835389655878e-01 -3.003123450913059989e-01 3.096817863431671203e-01 1.795035583607004881e+00 -8.821320060699111565e-02 1.089071237551188620e+00 7.585383195912361876e-01 6.325987632219339796e-01 -5.726002738654842883e-01 9.348748706389252705e-01 -9.867292802238580851e-01 -8.616940667817195587e-01 0.000000000000000000e+00
1.665236653175229120e-01 -3.009622365866767568e-01 3.067028028389057193e-01 1.791495846065878084e+00 -8.584533884547873583e-02 1.097924654620614948e+00 7.601636468045114281e-01 6.422796201004810079e-01 -5.764180484461673970e-01 9.405205724128113953e-01 -9.853024250908208881e-01 -8.659223010654112374e-01 0.000000000000000000e+00
1.680747180862464385e-01 -3.016591211144067919e-01 3.034035364345193386e-01 1.787499390094374085e+00 -8.327611386986388808e-02 1.107615347123543703e+00 7.618363782851902410e-01 6.528423827740078567e-01 -5.803786350403059568e-01 9.465620865037106535e-01 -9.837615866631282957e-01 -8.703788348335498304e-01 0.000000000000000000e+00
1.694740231085104520e-01 -3.022941961617803264e-01 3.002913762102823458e-01 1.783666439885339017e+00 -8.090211553748538620e-02 1.116655741430466531e+00 7.633029810974968354e-01 6.626593271842579069e-01 -5.838693734391273704e-01 9.520718339039484501e-01 -9.823425878553068147e-01 -8.743750412072680556e-01 0.000000000000000000e+00
1.709541321542781545e-01 -3.029715946340245658e-01 2.968470335249322467e-01 1.779363200108130982e+00 -7.832872732750928435e-02 1.126557138116889956e+00 7.648116618550268031e-01 6.733641029229130437e-01 -5.874669711766881131e-01 9.579696704540379137e-01 -9.808074752239578364e-01 -8.785728488755054633e-01 0.000000000000000000e+00
1.722866474211705579e-01 -3.035855635209968040e-01 2.935996089017905430e-01 1.775256151474722266e+00 -7.595273720464046363e-02 1.135800956243792736e+00 7.661334552830603162e-01 6.833079469591054611e-01 -5.906124973192079519e-01 9.633493890140525373e-01 -9.793912727352809267e-01 -8.823217141629828841e-01 0.000000000000000000e+00
1.736930522502157792e-01 -3.042365033930274354e-01 2.900073584518387815e-01 1.770666309526351512e+00 -7.337895546146278036e-02 1.145932695039272531e+00 7.674927992824639444e-01 6.941455478571284532e-01 -5.938251351211978335e-01 9.691094735567575835e-01 -9.778562932619866421e-01 -8.862421536036884095e-01 0.000000000000000000e+00
1.749565354662739325e-01 -3.048223659561841714e-01 2.866228703659921551e-01 1.766305528297962724e+00 -7.100432277900292632e-02 1.155397286257759948e+00 7.686847636073562695e-01 7.042068372973933066e-01 -5.966071397749218574e-01 9.743658211792742829e-01 -9.764372944541651611e-01 -8.897276988383840957e-01 0.000000000000000000e+00
1.762871434755265698e-01 -3.054386749910698029e-01 2.828816306611713349e-01 1.761452508660051208e+00 -6.843364787173555897e-02 1.165777144264216858e+00 7.699124808698828426e-01 7.151661446572329384e-01 -5.994171076200915937e-01 9.799964095139742648e-01 -9.748961231313362230e-01 -8.933549908220993485e-01 0.000000000000000000e+00
1.774795466163640867e-01 -3.059887012595197131e-01 2.793585756957659427e-01 1.756858866220836646e+00 -6.606287589476345090e-02 1.175480534955466672e+00 7.709907282162286046e-01 7.253352921216459359e-01 -6.018170152364166192e-01 9.851364435758817040e-01 -9.734684024709446826e-01 -8.965608375633096205e-01 0.000000000000000000e+00
1.787320028277581685e-01 -3.065617525534110599e-01 2.754661967459412497e-01 1.751765149882835715e+00 -6.349717668714927044e-02 1.186130062863559598e+00 7.721040627099362563e-01 7.364063190892143895e-01 -6.042015430974463364e-01 9.906448593955742288e-01 -9.719142482378018144e-01 -8.998748086447767580e-01 0.000000000000000000e+00
1.798514765804906101e-01 -3.070674175243510162e-01 2.718034806867362652e-01 1.746960782959298797e+00 -6.113199425878956816e-02 1.196091134149289026e+00 7.730859036248211025e-01 7.466732045656333527e-01 -6.062005118116597924e-01 9.956765028011156371e-01 -9.704712144011423680e-01 -9.027838460824976208e-01 0.000000000000000000e+00
1.810240582772314200e-01 -3.075874528712736478e-01 2.677597684494359975e-01 1.741651310082819926e+00 -5.857351223310258703e-02 1.207029285079793013e+00 7.741048290578854685e-01 7.578442998111615259e-01 -6.081418230882730258e-01 1.001072266906697816e+00 -9.688968867227418791e-01 -9.057677849258769509e-01 0.000000000000000000e+00
1.820688875676894358e-01 -3.080395151129641795e-01 2.639566613259045624e-01 1.736658801983741007e+00 -5.621516087698852360e-02 1.217267551190960750e+00 7.750085061947766807e-01 7.681987367084167628e-01 -6.097208112985810224e-01 1.006003908613306574e+00 -9.674315489119531541e-01 -9.083622364598321619e-01 0.000000000000000000e+00
1.831597058944711698e-01 -3.084961624468420816e-01 2.597602943428878874e-01 1.731157652986193618e+00 -5.366401731172754097e-02 1.228517694052349896e+00 7.759529962753732857e-01 7.794592475875442572e-01 -6.111954035941579155e-01 1.011295809436375759e+00 -9.658289251469707182e-01 -9.109945714602937228e-01 0.000000000000000000e+00
1.841283995742502289e-01 -3.088845525850050233e-01 2.558166012197955475e-01 1.726000177981483752e+00 -5.131307603354873237e-02 1.239053187780706500e+00 7.767980838682826406e-01 7.898905832612755917e-01 -6.123352365407117581e-01 1.016136504191758272e+00 -9.643336933529457200e-01 -9.132562610160434025e-01 0.000000000000000000e+00
1.851360792856927284e-01 -3.092664381746400570e-01 2.514683773037830194e-01 1.720333203024370761e+00 -4.877050525092752054e-02 1.250635513331001425e+00 7.776903759915136938e-01 8.012283923910428207e-01 -6.133250003598397226e-01 1.021335327534729220e+00 -9.626945177020018729e-01 -9.155190824152565909e-01 0.000000000000000000e+00
1.860273081183231314e-01 -3.095803213729393377e-01 2.473843482223642698e-01 1.715034187075713312e+00 -4.642711348052497300e-02 1.261488912820176500e+00 7.784975801179166988e-01 8.117258410388352718e-01 -6.140061703876548149e-01 1.026094662718809891e+00 -9.611613358624434555e-01 -9.174291015490614321e-01 0.000000000000000000e+00
1.869503627342546936e-01 -3.098752787443136425e-01 2.428840951848973695e-01 1.709226733261992592e+00 -4.389215125480561142e-02 1.273428178526021748e+00 7.793604443111022961e-01 8.231293636685002024e-01 -6.144869375434413028e-01 1.031210728330906656e+00 -9.594761541036684882e-01 -9.192993064245694734e-01 0.000000000000000000e+00
1.877629659906865089e-01 -3.101030096823718663e-01 2.386606097708414143e-01 1.703810211186173262e+00 -4.155622473324349642e-02 1.284620733066114129e+00 7.801517360499921061e-01 8.336816734347484159e-01 -6.146898704185054241e-01 1.035899223429991078e+00 -9.578963003660062592e-01 -9.208381474814446577e-01 0.000000000000000000e+00
1.886002760740681239e-01 -3.102980797450075046e-01 2.340103750139295447e-01 1.697888374474450401e+00 -3.902988456947564799e-02 1.296937975717558089e+00 7.810096733951611414e-01 8.451383927071874913e-01 -6.146433982574834864e-01 1.040944582115146178e+00 -9.561558580146122255e-01 -9.222966276524263707e-01 0.000000000000000000e+00
1.893332191468634906e-01 -3.104272582192817431e-01 2.296488778309113132e-01 1.692378032793390830e+00 -3.670112977301975832e-02 1.308491433930229375e+00 7.818082222480213783e-01 8.557341785782313082e-01 -6.143481868506481813e-01 1.045573222668731095e+00 -9.545200778940582387e-01 -9.234442503451688600e-01 0.000000000000000000e+00
1.900836762376278966e-01 -3.105084652060305372e-01 2.248498282894028366e-01 1.686367583427185401e+00 -3.418183640092742337e-02 1.321212701216487595e+00 7.826871319867748644e-01 8.672317107943757764e-01 -6.137495748166257314e-01 1.050559792072822685e+00 -9.527135891476302687e-01 -9.244663715715412122e-01 0.000000000000000000e+00
1.907359631678657297e-01 -3.105259470831411850e-01 2.203525096820387330e-01 1.680787326730536435e+00 -3.186029934595069335e-02 1.333149119142212902e+00 7.835172392985525480e-01 8.778591882823916226e-01 -6.129361788406881839e-01 1.055140295989704491e+00 -9.510120955271785803e-01 -9.252018700855938471e-01 0.000000000000000000e+00
1.913985673066100901e-01 -3.104788225443479988e-01 2.154082204276901447e-01 1.674713730389450816e+00 -2.934956801391486181e-02 1.346296079509028853e+00 7.844439527788729105e-01 8.893845505319275535e-01 -6.117670511221434682e-01 1.060081458497210471e+00 -9.491291074784380388e-01 -9.257674589220995509e-01 0.000000000000000000e+00
1.919693283334824585e-01 -3.103707172147979199e-01 2.107780347881726413e-01 1.669086979485121525e+00 -2.703529040657848270e-02 1.358637870793503177e+00 7.853313846331145820e-01 9.000316688329825787e-01 -6.104152971318465015e-01 1.064626209476457808e+00 -9.473513808717828333e-01 -9.260695279687417569e-01 0.000000000000000000e+00
1.925431141701390014e-01 -3.101796086566249722e-01 2.056912969467469265e-01 1.662975686911803308e+00 -2.453204820602206127e-02 1.372237591297958970e+00 7.863348637318564593e-01 9.115717450475410155e-01 -6.086500873823147417e-01 1.069535547208936954e+00 -9.453797095587428423e-01 -9.261522191205887600e-01 0.000000000000000000e+00
1.930313947275265340e-01 -3.099313425791450083e-01 2.009320276648329517e-01 1.657325461728563987e+00 -2.222603175832382760e-02 1.385007370026166473e+00 7.873065846345990160e-01 9.222261870415938700e-01 -6.067395356162919029e-01 1.074057661318918999e+00 -9.435148975844420693e-01 -9.259986878837457303e-01 0.000000000000000000e+00
1.935152719222198725e-01 -3.095803987496382748e-01 1.957083019023483639e-01 1.651200597185421337e+00 -1.973332693068563515e-02 1.399081785282318968e+00 7.884161907027805727e-01 9.337673285205885243e-01 -6.043596682871696935e-01 1.078950021399448955e+00 -9.414428250983057911e-01 -9.255772426412406384e-01 0.000000000000000000e+00
1.939200658400908606e-01 -3.091767800203767957e-01 1.908246702474278578e-01 1.645549055493557233e+00 -1.743717755923013257e-02 1.412302366484116556e+00 7.895004967406062946e-01 9.444164441924611797e-01 -6.018697458260001687e-01 1.083463280498806247e+00 -9.394791432685359878e-01 -9.249454742516465267e-01 0.000000000000000000e+00
1.943128999557992287e-01 -3.086488791129849973e-01 1.854687266346285168e-01 1.639434896434552869e+00 -1.495576498368711427e-02 1.426879049650581655e+00 7.907483208693629750e-01 9.559448690772506252e-01 -5.988490553595777754e-01 1.088353842945600558e+00 -9.372930874877444252e-01 -9.239915965282073929e-01 0.000000000000000000e+00
1.946329646818237002e-01 -3.080741441728259700e-01 1.804664720853118021e-01 1.633803564331596903e+00 -1.267271739001030184e-02 1.440573308149725174e+00 7.919747731303716787e-01 9.665756755166289294e-01 -5.957589895467588770e-01 1.092872960999355936e+00 -9.352182852614909780e-01 -9.228580885892423424e-01 0.000000000000000000e+00
1.949332137150163180e-01 -3.073523406784857137e-01 1.749860293825062640e-01 1.627721858441820935e+00 -1.020867561257077227e-02 1.455673780547064311e+00 7.933927732527844556e-01 9.780772024744085469e-01 -5.920788338154057140e-01 1.097777904516036740e+00 -9.329053298547571593e-01 -9.213494744107397771e-01 0.000000000000000000e+00
1.951670647528241931e-01 -3.065902426592046481e-01 1.698719605007306677e-01 1.622130788882333974e+00 -7.943325078979768250e-03 1.469864437542816260e+00 7.947923975636754790e-01 9.886765836129239871e-01 -5.883676522573529910e-01 1.102318061542403749e+00 -9.307064243217059163e-01 -9.196901253145387534e-01 0.000000000000000000e+00
1.953730212025133750e-01 -3.056562292157170013e-01 1.642741968748515913e-01 1.616103738727850292e+00 -5.500872485884045204e-03 1.485516361821811016e+00 7.964159937222423657e-01 1.000136565257698562e+00 -5.840011999130861886e-01 1.107254496938974597e+00 -9.282513892708164072e-01 -9.175967475396819006e-01 0.000000000000000000e+00
1.955187441584181063e-01 -3.046901286744246318e-01 1.590564488904350482e-01 1.610571918415327097e+00 -3.260208473032211174e-03 1.500225589209898347e+00 7.980212140692877210e-01 1.010690872394764295e+00 -5.796478636371882320e-01 1.111831738483521015e+00 -9.259148648884353294e-01 -9.153867898881068443e-01 0.000000000000000000e+00
1.956278439722750062e-01 -3.035263115872852691e-01 1.533517024984238086e-01 1.604618144701567495e+00 -8.505708863921768170e-04 1.516449499328069939e+00 7.998848276210978048e-01 1.022094727919565349e+00 -5.745763393943230657e-01 1.116817242623176609e+00 -9.233035688605853997e-01 -9.126850129622213759e-01 0.000000000000000000e+00
1.956829576463617881e-01 -3.023393314528113884e-01 1.480396753610857541e-01 1.599162967114223122e+00 1.355795225796541104e-03 1.531699094003756700e+00 8.017293995711138876e-01 1.032590112617512990e+00 -5.695595431118589680e-01 1.121448346600769863e+00 -9.208151111380152853e-01 -9.098989469878350222e-01 0.000000000000000000e+00
1.956923855988463024e-01 -3.009266685426197352e-01 1.422380013619309880e-01 1.593301711511422525e+00 3.722880871696254701e-03 1.548521813708721551e+00 8.038720458261372492e-01 1.043922395688018145e+00 -5.637555164111676120e-01 1.126501961085304426e+00 -9.180307096393103272e-01 -9.065570127149219504e-01 0.000000000000000000e+00
1.956536828217825541e-01 -2.995018029937380755e-01 1.368425584965732855e-01 1.587939111164538453e+00 5.881869637001990725e-03 1.564332700086774164e+00 8.059911896845405321e-01 1.054344743193070588e+00 -5.580538882543897294e-01 1.131204570938166176e+00 -9.153754048744467964e-01 -9.031685397019596495e-01 0.000000000000000000e+00
