-1.048446367021671488e-03 1.011982010160672463e-03 7.656428674234772025e-04 1.644576643411888028e-03 -7.603715027125534931e-03 -3.368674030297835742e-03 0.000000000000000000e+00
-1.091214608691298826e-03 1.122123695079135786e-03 8.305517162089659511e-04 1.803157627082718761e-03 -8.225074305174828737e-03 -3.650413481820491413e-03 0.000000000000000000e+00
-9.651180361196498581e-04 1.058249133075672699e-03 7.667990833095383874e-04 1.683799302986344060e-03 -7.579164076060962429e-03 -3.368455001535819449e-03 0.000000000000000000e+00
-9.990368125640525232e-04 1.169248237117226363e-03 8.295699072586870670e-04 1.844711010454247457e-03 -8.194732554620554055e-03 -3.644068411202461277e-03 0.000000000000000000e+00
-8.788393984449915930e-04 1.098893748062712561e-03 7.637680859471918104e-04 1.720748979739283868e-03 -7.548128545697974090e-03 -3.356492453554515976e-03 0.000000000000000000e+00
-9.044432996063722641e-04 1.210230718380445047e-03 8.241072720943376506e-04 1.883233596024602718e-03 -8.157808561190194041e-03 -3.625070590489443134e-03 0.000000000000000000e+00
-7.901660030417423375e-04 1.134126644456279198e-03 7.567974894288065357e-04 1.755853306191212937e-03 -7.510827932789787553e-03 -3.333496503109101283e-03 0.000000000000000000e+00
-8.070756935610323701e-04 1.245607947409466121e-03 8.145048989046665966e-04 1.920754652686262887e-03 -8.114024151002041663e-03 -3.594045953801749960e-03 0.000000000000000000e+00
-6.996408667349351962e-04 1.164203761141402449e-03 7.459926234069935713e-04 1.789584447291936442e-03 -7.467673958648113341e-03 -3.298998198723479547e-03 0.000000000000000000e+00
-7.084781978224374832e-04 1.275495052106223604e-03 8.008311536789325391e-04 1.956378953026138845e-03 -8.064488125334889901e-03 -3.550705907307882825e-03 0.000000000000000000e+00
-6.078033812142447090e-04 1.189385701364786829e-03 7.316294023003988567e-04 1.822280054382119374e-03 -7.418984458355204481e-03 -3.253482498229987030e-03 0.000000000000000000e+00
-6.082019646352354592e-04 1.300254987985305366e-03 7.833997953644866730e-04 1.991817195676759411e-03 -8.008550502093925161e-03 -3.495417551886648155e-03 0.000000000000000000e+00
-5.151328529834353631e-04 1.209950643203117071e-03 7.138380055153326076e-04 1.854463819146445758e-03 -7.364999997821364275e-03 -3.196866556917310476e-03 0.000000000000000000e+00
-5.078129346562376689e-04 1.320154939733531041e-03 7.623689060193838962e-04 2.026152765315814008e-03 -7.947572898311605627e-03 -3.428066118027484066e-03 0.000000000000000000e+00
-4.221106575837962893e-04 1.226185361835718801e-03 6.928772170533559205e-04 1.886301188072536661e-03 -7.305932454847230417e-03 -3.129284031468504423e-03 0.000000000000000000e+00
-4.067568089204387505e-04 1.335472637953083463e-03 7.379685552942882865e-04 2.061049938633985334e-03 -7.880611622737454525e-03 -3.348711838717433054e-03 0.000000000000000000e+00
-3.291620082490898103e-04 1.238377431918902261e-03 6.688432560175427977e-04 1.918380821684273485e-03 -7.242030604159843676e-03 -3.050341150978352900e-03 0.000000000000000000e+00
-3.065763107565622203e-04 1.346601351376708333e-03 7.105124171325194471e-04 2.095362425524882610e-03 -7.809113831506397929e-03 -3.257828035562404523e-03 0.000000000000000000e+00
-2.367295990731432820e-04 1.246776421892747955e-03 6.421086910838869066e-04 1.950604902914321315e-03 -7.173375963039685388e-03 -2.960909942076650481e-03 0.000000000000000000e+00
-2.066057708109414470e-04 1.353738335468313014e-03 6.800703098138183300e-04 2.130922866055762199e-03 -7.731906180337588808e-03 -3.154742863948234444e-03 0.000000000000000000e+00
-1.451994386855171015e-04 1.251673890955595780e-03 6.127781185286673704e-04 1.983374312211516610e-03 -7.100173830376199646e-03 -2.860409153681908734e-03 0.000000000000000000e+00
-1.083463462106803998e-04 1.357326052178475795e-03 6.470416793553646073e-04 2.166418531621694399e-03 -7.650504805481350701e-03 -3.040236959344522205e-03 0.000000000000000000e+00
-5.491699504903135853e-05 1.253379623555872513e-03 5.811014177210527265e-04 2.016868927184667371e-03 -7.022489907345885740e-03 -2.749214487425932774e-03 0.000000000000000000e+00
-1.108648151396107728e-05 1.357486378040839714e-03 6.114898629656917439e-04 2.203541939469033650e-03 -7.563617178802939378e-03 -2.913686420259020693e-03 0.000000000000000000e+00
3.378905703019241535e-05 1.252136352252852802e-03 5.473037680691905660e-04 2.051207654791831203e-03 -6.940393721306392649e-03 -2.627313711366152660e-03 0.000000000000000000e+00
8.375756436673764682e-05 1.354740106388641063e-03 5.738669294231280027e-04 2.240924422354240164e-03 -7.472793531137611467e-03 -2.776100659850566643e-03 0.000000000000000000e+00
1.206021440443849624e-04 1.248217987941391272e-03 5.116265653218321496e-04 2.086467191592333847e-03 -6.854031546717820333e-03 -2.495038295369012005e-03 0.000000000000000000e+00
1.769771438939193864e-04 1.349082359395958886e-03 5.341382252361248639e-04 2.280207705507741878e-03 -7.376430926207433458e-03 -2.626585212761822774e-03 0.000000000000000000e+00
2.052841929475468508e-04 1.241894895408435229e-03 4.742323823833383134e-04 2.122869467667598542e-03 -6.763377859738461950e-03 -2.352200568422002647e-03 0.000000000000000000e+00
2.671863810305985520e-04 1.341112056085835835e-03 4.928984824875692894e-04 2.319834188589275925e-03 -7.276360993467179128e-03 -2.466677526215876881e-03 0.000000000000000000e+00
2.876021422206498368e-04 1.233403178465819483e-03 4.353327418101793356e-04 2.160484850435295812e-03 -6.668457150379225595e-03 -2.199020786498584457e-03 0.000000000000000000e+00
3.552401729370047168e-04 1.330718013613452211e-03 4.500070862332172794e-04 2.361442237463151628e-03 -7.170782859868385373e-03 -2.295170815293845479e-03 0.000000000000000000e+00
3.673208035273045624e-04 1.222962918647374497e-03 3.952208319401573355e-04 2.199102678586584148e-03 -6.569298686526003905e-03 -2.036150929693336664e-03 0.000000000000000000e+00
4.398907599013068825e-04 1.318554626808743357e-03 4.060424329191125725e-04 2.403598738816015157e-03 -7.061472875601548793e-03 -2.113757817645778303e-03 0.000000000000000000e+00
4.442933335246923576e-04 1.210780742609995908e-03 3.540736398443822264e-04 2.238860967342048980e-03 -6.465846362983640461e-03 -1.863589997539660814e-03 0.000000000000000000e+00
5.219671835478834065e-04 1.304376230444770357e-03 3.608953684942350915e-04 2.447558731403454146e-03 -6.946594807076156286e-03 -1.921308425694379096e-03 0.000000000000000000e+00
5.183649679033619506e-04 1.197072157787304469e-03 3.120938874626166815e-04 2.279680528678440510e-03 -6.358091897244566582e-03 -1.681641371553910247e-03 0.000000000000000000e+00
6.003378539360670896e-04 1.288880822448823515e-03 3.151667477737374323e-04 2.491951132711278660e-03 -6.827992185542086645e-03 -1.719898336955294482e-03 0.000000000000000000e+00
5.894111063816098728e-04 1.181995490419363026e-03 2.695078852683885362e-04 2.321394260465403647e-03 -6.245987498034732965e-03 -1.490972334788231990e-03 0.000000000000000000e+00
6.758622237890699047e-04 1.271737263669359130e-03 2.686748659752047352e-04 2.537962403691196300e-03 -6.703698816018732742e-03 -1.508160023843352349e-03 0.000000000000000000e+00
6.573380118958804808e-04 1.165700487029741605e-03 2.264980459524279510e-04 2.363972369381350802e-03 -6.129490147734451000e-03 -1.291740797780827066e-03 0.000000000000000000e+00
7.475125084110967322e-04 1.253662889042661543e-03 2.220183755553550853e-04 2.584196648567349541e-03 -6.575622305780015608e-03 -1.288337653875926136e-03 0.000000000000000000e+00
7.220869814326680292e-04 1.148364688150715907e-03 1.832809815337510528e-04 2.407192563736337831e-03 -6.008588294701855403e-03 -1.084610463795154800e-03 0.000000000000000000e+00
8.161441364634980378e-04 1.234197496425448737e-03 1.750665211179835978e-04 2.631522160203125793e-03 -6.441661613368232508e-03 -1.059589785425085751e-03 0.000000000000000000e+00
7.836239929920052472e-04 1.130080560077073581e-03 1.400036571071183733e-04 2.450904512035556593e-03 -5.883148732034104711e-03 -8.700063878199770784e-04 0.000000000000000000e+00
8.808191375442586679e-04 1.214077436111848929e-03 1.283345402084967724e-04 2.678767465937426095e-03 -6.303912856500559769e-03 -8.237109480537796458e-04 0.000000000000000000e+00
8.419328043549056950e-04 1.110971093406964982e-03 9.688254453571465419e-05 2.494802968226572659e-03 -5.753162539978262657e-03 -6.487235404093461000e-04 0.000000000000000000e+00
9.424341617127185433e-04 1.192797202569900739e-03 8.166995630518036897e-05 2.726614764434920346e-03 -6.160115005233279817e-03 -5.801875904978270881e-04 0.000000000000000000e+00
8.969889378037665395e-04 1.091091158392232252e-03 5.406873171390214061e-05 2.538722503647505846e-03 -5.618628178623907843e-03 -4.212509302861100480e-04 0.000000000000000000e+00
1.000162313416846915e-03 1.171060681039309825e-03 3.559253115459348749e-05 2.773855865134677856e-03 -6.012346428901693685e-03 -3.310325029208804892e-04 0.000000000000000000e+00
9.488598095109546104e-04 1.070552922399270468e-03 1.170529257046859506e-05 2.582317675048351191e-03 -5.479463017754593324e-03 -1.882956765382193254e-04 0.000000000000000000e+00
1.054836797673763815e-03 1.148282807284906060e-03 -1.005186327635021470e-05 2.820981615334616777e-03 -5.858495694209597815e-03 -7.579317383821226883e-05 0.000000000000000000e+00
9.975787993443396839e-04 1.049374667832836394e-03 -3.002847726207846790e-05 2.625278470231862116e-03 -5.335615569348917120e-03 4.917975063367663324e-05 0.000000000000000000e+00
1.105765708189959673e-03 1.125215421958092321e-03 -5.484709546071941944e-05 2.867000341714387446e-03 -5.700682834936188215e-03 1.837044353698580323e-04 0.000000000000000000e+00
1.043238539326390990e-03 1.027622677892914282e-03 -7.103239602460065250e-05 2.667324453492270209e-03 -5.187069841547931048e-03 2.906742030881481753e-04 0.000000000000000000e+00
1.153773751270015246e-03 1.101142677372934919e-03 -9.886692247149109214e-05 2.911975030908564577e-03 -5.536644504616106133e-03 4.472279198848294612e-04 0.000000000000000000e+00
1.085902274270050816e-03 1.005294388203487044e-03 -1.111658521507352670e-04 2.708054348491195640e-03 -5.033847715471662099e-03 5.351851250745554012e-04 0.000000000000000000e+00
1.198265269895665286e-03 1.076866717437729992e-03 -1.417661577368389825e-04 2.955119888373936021e-03 -5.368660836115868307e-03 7.131638408972573728e-04 0.000000000000000000e+00
1.125711126914785698e-03 9.824300417431430787e-04 -1.503223279001042467e-04 2.747086708817292333e-03 -4.875912239825641592e-03 7.818321357537794114e-04 0.000000000000000000e+00
1.240032433401566658e-03 1.051620526200752748e-03 -1.837008116208904696e-04 2.996515036628011330e-03 -5.194551573784789156e-03 9.816302402525511894e-04 0.000000000000000000e+00
1.162773770086972247e-03 9.590413853895196628e-04 -1.884397930008441246e-04 2.784142433064573652e-03 -4.713351064329351914e-03 1.030028182162023853e-03 0.000000000000000000e+00
1.278593295533397844e-03 1.026143430546022639e-03 -2.242529247503677325e-04 3.035156742903666327e-03 -5.016459891067803767e-03 1.250198642490651935e-03 0.000000000000000000e+00
1.197229982703607032e-03 9.351055073360814429e-04 -2.253789650050741500e-04 2.818669427896658419e-03 -4.546212050430042950e-03 1.278454830966335720e-03 0.000000000000000000e+00
1.314733360210290636e-03 9.997441909576076924e-04 -2.637238432023347734e-04 3.071244862629995964e-03 -4.832370334270752465e-03 1.519714430333385380e-03 0.000000000000000000e+00
1.229234243492943746e-03 9.105656541203988041e-04 -2.610535564306071254e-04 2.850311689523543635e-03 -4.374496126283045072e-03 1.526177909554782275e-03 0.000000000000000000e+00
1.348011462662446203e-03 9.730985564015970368e-04 -3.016374550205702665e-04 3.103721122803548838e-03 -4.644545862711346729e-03 1.787170639536039829e-03 0.000000000000000000e+00
1.258979587473840756e-03 8.855319300981601138e-04 -2.955189936467150780e-04 2.878813640064592505e-03 -4.198402032864034794e-03 1.772878516423714856e-03 0.000000000000000000e+00
1.379208855038144277e-03 9.454316283430963530e-04 -3.383012522837347547e-04 3.132634085815766412e-03 -4.450842850387104477e-03 2.053378068340716567e-03 0.000000000000000000e+00
1.286620662776349899e-03 8.598716943315209971e-04 -3.285697509990970211e-04 2.903411566283153888e-03 -4.017992633047917650e-03 2.016528973862063978e-03 0.000000000000000000e+00
1.407975872922351268e-03 9.175346442142073844e-04 -3.733630884145411333e-04 3.157301259605560517e-03 -4.253671401479142133e-03 2.315882629540411131e-03 0.000000000000000000e+00
1.312383490452401213e-03 8.336793096018202398e-04 -3.603620690344477850e-04 2.924170027679195982e-03 -3.833430519350589094e-03 2.257603036393884821e-03 0.000000000000000000e+00
1.435030656351601874e-03 8.885269563161934947e-04 -4.070076933429533916e-04 3.177227231454082812e-03 -4.050975076173024547e-03 2.574409620614837024e-03 0.000000000000000000e+00
1.336429971009356343e-03 8.068242235969858012e-04 -3.907263671548144579e-04 2.940410613212485202e-03 -3.644858520671423463e-03 2.494210388032103154e-03 0.000000000000000000e+00
1.460135725286859643e-03 8.593519258737469801e-04 -4.391162973495510435e-04 3.192309482181521219e-03 -3.845186629254815358e-03 2.827988044483031871e-03 0.000000000000000000e+00
1.358979369898344336e-03 7.793351604280518430e-04 -4.196649386465356457e-04 2.951744317556403985e-03 -3.452502797783196797e-03 2.725445591256647759e-03 0.000000000000000000e+00
1.483949928798966589e-03 8.289892857690772665e-04 -4.697530643442970888e-04 3.201773977400179660e-03 -3.634246206752678177e-03 3.075500393517005548e-03 0.000000000000000000e+00
1.380253387357893713e-03 7.512393548794737974e-04 -4.472609817852413183e-04 2.958010501344254806e-03 -3.256527811292375674e-03 2.951119589533313103e-03 0.000000000000000000e+00
1.506277965210744973e-03 7.984260836877976608e-04 -4.988316087707056479e-04 3.205618930665288246e-03 -3.420706495235403821e-03 3.316040519508511863e-03 0.000000000000000000e+00
1.400446203791066990e-03 7.224575629893315032e-04 -4.734104818722995045e-04 2.958647707005823690e-03 -3.057215410644520404e-03 3.169534169754406605e-03 0.000000000000000000e+00
1.527774852726176968e-03 7.667442228385668024e-04 -5.265330971166160001e-04 3.203214441306556637e-03 -3.202512246611277646e-03 3.549295700844279366e-03 0.000000000000000000e+00
1.419783943473335031e-03 6.930778853454500066e-04 -4.982397470749411195e-04 2.953528098490920684e-03 -2.854819201213221191e-03 3.380688224172034850e-03 0.000000000000000000e+00
1.548246588880558550e-03 7.347626941205109841e-04 -5.526015765632552590e-04 3.194405747747097735e-03 -2.982206772669915296e-03 3.773091025379038399e-03 0.000000000000000000e+00
1.438477721880868088e-03 6.630669162957791851e-04 -5.217064141995741977e-04 2.942268492958532988e-03 -2.649588765340382679e-03 3.583348542094855205e-03 0.000000000000000000e+00
1.568328347709882498e-03 7.016817949512255126e-04 -5.773833029307506859e-04 3.178752568157250380e-03 -2.757830085871049164e-03 3.988265334809337759e-03 0.000000000000000000e+00
1.456730082047802410e-03 6.324455341991108703e-04 -5.438832366400914164e-04 2.924730091038441060e-03 -2.441791223358524832e-03 3.777192966106346361e-03 0.000000000000000000e+00
1.587866439129698160e-03 6.684558271718710198e-04 -6.006851905898391575e-04 3.156332053094068613e-03 -2.531987219946518763e-03 4.193058898249724109e-03 0.000000000000000000e+00
1.474749984015200077e-03 6.012392403937083518e-04 -5.647791720669870230e-04 2.900547076311710271e-03 -2.231695703565517164e-03 3.961272272395177652e-03 0.000000000000000000e+00
1.607416708055545151e-03 6.341055362918401883e-04 -6.227011452943631564e-04 3.126462286430431448e-03 -2.302767037213548917e-03 4.387278530482152661e-03 0.000000000000000000e+00
1.492723955563837746e-03 5.694882060369166332e-04 -5.844466776517565076e-04 2.869671886586822040e-03 -2.019628385955485328e-03 4.135215263708413858e-03 0.000000000000000000e+00
1.626865143836531136e-03 5.996612839028747644e-04 -6.433350701150475359e-04 3.089521249121318647e-03 -2.072607137347137751e-03 4.569965152312782664e-03 0.000000000000000000e+00
1.510840512179034700e-03 5.372433170194590435e-04 -6.029645254603255289e-04 2.831987430950810847e-03 -1.805915290143289553e-03 4.298652344953302062e-03 0.000000000000000000e+00
1.646709377067026581e-03 5.642299287720586864e-04 -6.627868587182061955e-04 3.044609518653373925e-03 -1.839789415176706910e-03 4.740858055609864508e-03 0.000000000000000000e+00
1.529265683775413165e-03 5.045090324151957351e-04 -6.203129447596156254e-04 2.787286491166440783e-03 -1.590831385650304242e-03 4.450682723460275270e-03 0.000000000000000000e+00
1.666837755969166612e-03 5.288493940766303414e-04 -6.810197710411247662e-04 2.992663022064689926e-03 -1.606664211931452257e-03 4.899825890114284377e-03 0.000000000000000000e+00
1.548164701785384456e-03 4.714395877114252453e-04 -6.366428479188668277e-04 2.735595496853093778e-03 -1.374678129506978763e-03 4.591650570712646484e-03 0.000000000000000000e+00
1.687684824526150540e-03 4.925161542336520260e-04 -6.980898808705837677e-04 2.932467235774005587e-03 -1.371595175125417398e-03 5.045464779502850661e-03 0.000000000000000000e+00
1.567672158297908624e-03 4.380131726490210653e-04 -6.519191775014865353e-04 2.676795195630354840e-03 -1.157770227547594288e-03 4.720588866565567088e-03 0.000000000000000000e+00
1.709136675846517628e-03 4.564588121980794888e-04 -7.141278587811938916e-04 2.865238736631248173e-03 -1.136847565477605571e-03 5.179051491540409558e-03 0.000000000000000000e+00
1.587911666302455060e-03 4.043126028220878077e-04 -6.662029950264825029e-04 2.610884993095474726e-03 -9.404796503802437257e-04 4.837249327777959351e-03 0.000000000000000000e+00
1.731567731617006389e-03 4.195930828668759105e-04 -7.291203534248724694e-04 2.789762940893503185e-03 -9.007897370079120947e-04 5.298836445021715136e-03 0.000000000000000000e+00
1.608990331404172580e-03 3.704556044361873024e-04 -6.795750188608729037e-04 2.537950259097421224e-03 -7.230391625361320962e-04 4.941786957676885805e-03 0.000000000000000000e+00
1.754836199397771801e-03 3.830824143962741068e-04 -7.431087955869775108e-04 2.707349711927875546e-03 -6.658135020356503730e-04 5.405477547301584806e-03 0.000000000000000000e+00
1.630998290811147555e-03 3.364784520508978805e-04 -6.920553192980849477e-04 2.458012850767410384e-03 -5.057235691272587985e-04 5.033779303370566893e-03 0.000000000000000000e+00
1.779253649100587253e-03 3.460124294889510566e-04 -7.561858591917380856e-04 2.616608859850266811e-03 -4.301655036131890597e-04 5.498184296266472870e-03 0.000000000000000000e+00
1.653984109014530746e-03 3.025296742376892833e-04 -7.037464832022888306e-04 2.371269154844313221e-03 -2.889644148962311476e-04 5.113617837488204643e-03 0.000000000000000000e+00
1.804673033300438489e-03 3.094504968583766669e-04 -7.683670562808886384e-04 2.519314474787925917e-03 -1.960042725737132230e-04 5.577818583252458495e-03 0.000000000000000000e+00
1.678012601919104396e-03 2.685348591115743755e-04 -7.145541803008637061e-04 2.277711610156885058e-03 -7.291317059721080795e-05 5.180168561882636524e-03 0.000000000000000000e+00
1.831305183298576056e-03 2.725184519136170103e-04 -7.797250813609823972e-04 2.413909479449749540e-03 3.796185274129726395e-05 5.643337047700480724e-03 0.000000000000000000e+00
1.703080120565456101e-03 2.347706164887997105e-04 -7.246675968666238532e-04 2.177508750687451311e-03 1.421328457054116257e-04 5.234705112681092842e-03 0.000000000000000000e+00
1.858992347910523590e-03 2.362201777527384028e-04 -7.902086516046735731e-04 2.302228717530496738e-03 2.697652955867546609e-04 5.695275912021013909e-03 0.000000000000000000e+00
1.729205119082456721e-03 2.011295559723180748e-04 -7.339875482129110118e-04 2.070894149240665172e-03 3.558741486480165861e-04 5.276198912928187212e-03 0.000000000000000000e+00
1.887875827216674296e-03 1.997414369122596511e-04 -7.999482456430839772e-04 2.182737536045920024e-03 5.008493916602851925e-04 5.733356568915271012e-03 0.000000000000000000e+00
1.756333666348822153e-03 1.678319389820936980e-04 -7.426108603875714032e-04 1.957825704642424114e-03 5.679544078702747356e-04 5.305233436372347455e-03 0.000000000000000000e+00
1.917786730644410742e-03 1.639961471873452314e-04 -8.088657298038481880e-04 2.057597709584690904e-03 7.292998032966124811e-04 5.758078690117685028e-03 0.000000000000000000e+00
1.784435239651389893e-03 1.348532954152104057e-04 -7.505220993694605713e-04 1.838753000467541199e-03 7.781407839608789345e-04 5.321731845014276985e-03 0.000000000000000000e+00
1.948768020758391561e-03 1.281989515928005918e-04 -8.170459234839444473e-04 1.924929426604826688e-03 9.563326258574811334e-04 5.768820993106382744e-03 0.000000000000000000e+00
1.813440031213794934e-03 1.022408326496471176e-04 -7.577253937498529268e-04 1.713785622429853106e-03 9.862475836803774598e-04 5.325727905217680913e-03 0.000000000000000000e+00
1.980609984404670121e-03 9.335518140590748359e-05 -8.244603605501166221e-04 1.786923668848139357e-03 1.180063545291876181e-03 5.766674578582042798e-03 0.000000000000000000e+00
1.843258127624862464e-03 7.004886737788096340e-05 -7.642127952630362042e-04 1.583173235634838250e-03 1.191962038399996260e-03 5.317283080620072155e-03 0.000000000000000000e+00
2.013320274204415117e-03 5.849568744259459052e-05 -8.311072857054568885e-04 1.641930520735357391e-03 1.401760553597863890e-03 5.750529940704574017e-03 0.000000000000000000e+00
1.873779852990441197e-03 3.827323395150239449e-05 -7.699680713920686870e-04 1.447288099698518238e-03 1.394954014832361366e-03 5.296449826371674163e-03 0.000000000000000000e+00
2.046678006017141338e-03 2.460344149687876403e-05 -8.369644995350200567e-04 1.492246581296541308e-03 1.619755851450133122e-03 5.721735235017622045e-03 0.000000000000000000e+00
1.904847470839098056e-03 7.030497396892654294e-06 -7.750187144629216984e-04 1.306053672662343956e-03 1.594965072482690260e-03 5.263588530245222330e-03 0.000000000000000000e+00
2.080610181654195256e-03 -9.271270500599282371e-06 -8.420009723218158104e-04 1.336181844376227446e-03 1.835038985721126892e-03 5.679085783169002255e-03 0.000000000000000000e+00
1.936350030006285527e-03 -2.381331423029209304e-05 -7.792613399699999110e-04 1.160023078414340603e-03 1.791722904999293320e-03 5.218248025534055756e-03 0.000000000000000000e+00
2.114853191205422894e-03 -4.210454990066780923e-05 -8.462325287942606966e-04 1.175856586543844173e-03 2.045953859873606007e-03 5.624238508679324511e-03 0.000000000000000000e+00
1.968085718949054430e-03 -5.415335903413698304e-05 -7.827445466271343300e-04 1.009457196067486962e-03 1.984885464702657032e-03 5.161232561188278112e-03 0.000000000000000000e+00
2.149331545279888067e-03 -7.505294962267816672e-05 -8.495085315788075686e-04 1.009917890495870552e-03 2.253539959185868469e-03 5.555267242632888625e-03 0.000000000000000000e+00
1.999884860801409703e-03 -8.402148076663840115e-05 -7.854269791459367323e-04 8.544623336890211363e-04 2.174310638823673258e-03 5.092546765259386987e-03 0.000000000000000000e+00
2.183737844391055172e-03 -1.069512419809570680e-04 -8.519517931953879408e-04 8.403742493374721789e-04 2.456256880461804570e-03 5.474850821087784425e-03 0.000000000000000000e+00
2.031581529485966542e-03 -1.135823902952970421e-04 -7.871657849072843938e-04 6.955827681487392056e-04 2.359527361955215952e-03 5.011528986442304046e-03 0.000000000000000000e+00
2.217918758801624979e-03 -1.390141039586123561e-04 -8.533419162113364820e-04 6.656784881364785633e-04 2.654862578763239611e-03 5.380477370173109009e-03 0.000000000000000000e+00
2.062952940614017072e-03 -1.427891521041946277e-04 -7.879987809050470471e-04 5.331670876076444188e-04 2.540377011885919245e-03 4.919122439299705718e-03 0.000000000000000000e+00
2.251629102007024139e-03 -1.702232239951806392e-04 -8.537531191118163942e-04 4.882982217750964082e-04 2.848019338617113760e-03 5.274649985210544401e-03 0.000000000000000000e+00
2.093771899937840741e-03 -1.717075052967143023e-04 -7.878468233463442605e-04 3.671860600302778721e-04 2.716515361346871771e-03 4.815070985789926539e-03 0.000000000000000000e+00
2.284652313063698092e-03 -2.017427442291830353e-04 -8.529826353050884435e-04 3.066237602196153489e-04 3.036313328215189955e-03 5.155108784626882823e-03 0.000000000000000000e+00
2.123840327342918499e-03 -2.004734398473595469e-04 -7.866333116412216331e-04 1.984369801846241899e-04 2.887600950247204423e-03 4.699522850837078991e-03 0.000000000000000000e+00
2.316739415915688993e-03 -2.325802367121876379e-04 -8.511065002245743472e-04 1.228860159434574939e-04 3.218648523647615889e-03 5.024370090360052998e-03 0.000000000000000000e+00
2.152934854081918481e-03 -2.291350251129031790e-04 -7.843169495803103963e-04 2.717624232051463196e-05 3.053333784882372726e-03 4.572756424638280137e-03 0.000000000000000000e+00
2.347618396725606460e-03 -2.639176123161723897e-04 -8.478991391728529781e-04 -6.447770695583443512e-05 3.395316074325638311e-03 4.880035017778894257e-03 0.000000000000000000e+00
2.180811958606705681e-03 -2.578327425060422673e-04 -7.807797793006193698e-04 -1.463709042122118831e-04 3.213350705750794845e-03 4.434424465910691282e-03 0.000000000000000000e+00
2.377110795367176621e-03 -2.948025474654447642e-04 -8.434416773029224101e-04 -2.527664519602623727e-04 3.565363531605747482e-03 4.724928270099182370e-03 0.000000000000000000e+00
2.207275055495783178e-03 -2.866831132767311274e-04 -7.759802006440941202e-04 -3.216056917496601386e-04 3.367523458047028129e-03 4.284984740515529467e-03 0.000000000000000000e+00
2.404866581207594500e-03 -3.264322487168125342e-04 -8.374738470015991032e-04 -4.440301281798397781e-04 3.729008305844772053e-03 4.556217609706925131e-03 0.000000000000000000e+00
2.232092827369407118e-03 -3.158127935501131578e-04 -7.698183406775610527e-04 -4.980504055351886450e-04 3.515381877162493396e-03 4.124346345450558005e-03 0.000000000000000000e+00
2.430785052991039918e-03 -3.578915431924345469e-04 -8.300940300147580109e-04 -6.352774549833739570e-04 3.885531054089952363e-03 4.376985257338095181e-03 0.000000000000000000e+00
2.254991532793548456e-03 -3.452702831291398766e-04 -7.622542678537569394e-04 -6.755217985796591051e-04 3.656393603317376062e-03 3.952826767570583044e-03 0.000000000000000000e+00
2.454470685777171424e-03 -3.903679984391672519e-04 -8.210150821401501764e-04 -8.284213364806447544e-04 4.034887531322972620e-03 4.184337259551140775e-03 0.000000000000000000e+00
2.275824206011613227e-03 -3.752737939702044390e-04 -7.531513751160845427e-04 -8.534050051798303116e-04 3.790681773715665059e-03 3.770210323727596347e-03 0.000000000000000000e+00
2.475860172437928386e-03 -4.229444620340028216e-04 -8.103634502064360756e-04 -1.020629078740675766e-03 4.176347938643854008e-03 3.981370426184405176e-03 0.000000000000000000e+00
2.294341450556389161e-03 -4.059336554057546564e-04 -7.424499674513473924e-04 -1.031399130800636499e-03 3.917818040535259172e-03 3.576708817985663202e-03 0.000000000000000000e+00
2.494534905159190297e-03 -4.568016925005635720e-04 -7.978190757087916252e-04 -1.213767919074904000e-03 4.309977856051361300e-03 3.765171818502999201e-03 0.000000000000000000e+00
2.310342559403634477e-03 -4.373298965920091597e-04 -7.300929981280263048e-04 -1.208803127401125721e-03 4.037161844964387569e-03 3.372579116129204024e-03 0.000000000000000000e+00
2.510489190292841677e-03 -4.909968092121075323e-04 -7.835512846057629543e-04 -1.405092770364824162e-03 4.435284203438527584e-03 3.539112924053622322e-03 0.000000000000000000e+00
2.323663448328981695e-03 -4.696256382435426424e-04 -7.159661722417054452e-04 -1.385370720352163687e-03 4.149040847194918058e-03 3.157790396965287627e-03 0.000000000000000000e+00
2.523304549640316419e-03 -5.267775175459288306e-04 -7.671778667514977945e-04 -1.596045228955844664e-03 4.551867909245999044e-03 3.299813225122960603e-03 0.000000000000000000e+00
2.334080698998264314e-03 -5.028702126715911547e-04 -6.999998218064629185e-04 -1.560548270146178140e-03 4.252655719405140644e-03 2.932534669378261682e-03 0.000000000000000000e+00
2.533033093647864276e-03 -5.630856051497268311e-04 -7.489656183450321691e-04 -1.784533286124379003e-03 4.659841656630803186e-03 3.051195073062507035e-03 0.000000000000000000e+00
2.341453101783276536e-03 -5.372344942166096260e-04 -6.821112022934033847e-04 -1.733877979945397385e-03 4.348040856449131297e-03 2.696838231343257064e-03 0.000000000000000000e+00
2.539227196314629287e-03 -6.011711915793194194e-04 -7.284587598272163067e-04 -1.971615742219157141e-03 4.758537972238130465e-03 2.789618497980983491e-03 0.000000000000000000e+00
2.345630355767590325e-03 -5.726888148506747989e-04 -6.622755264278495924e-04 -1.904905850480531626e-03 4.434886367691071030e-03 2.451280513745990319e-03 0.000000000000000000e+00
2.542042998321482339e-03 -6.399909136372561314e-04 -7.059237199808915397e-04 -2.154992528335952784e-03 4.848088094534741543e-03 2.518891972770109788e-03 0.000000000000000000e+00
2.346466477303368880e-03 -6.093896786449337633e-04 -6.403630744161586952e-04 -2.073057477457673770e-03 4.513072728899558683e-03 2.195688976440957063e-03 0.000000000000000000e+00
2.540978517662155489e-03 -6.806771948951739759e-04 -6.809725338126904060e-04 -2.336206361575499102e-03 4.927976400304512339e-03 2.235816271722645965e-03 0.000000000000000000e+00
2.343842654633949973e-03 -6.473184964783940121e-04 -6.163470046110647305e-04 -2.238288113947994873e-03 4.582489242783260863e-03 1.930360985721080169e-03 0.000000000000000000e+00
2.536321342922094602e-03 -7.221593781134016954e-04 -6.538851591213340475e-04 -2.512585796385913284e-03 4.998323070503740695e-03 1.944283545208147501e-03 0.000000000000000000e+00
2.337654397308458476e-03 -6.864757994968773147e-04 -5.901640042075412262e-04 -2.399728554532742919e-03 4.642888802254940828e-03 1.655739832904901121e-03 0.000000000000000000e+00
2.527562753773970883e-03 -7.655480496688293890e-04 -6.242094686150362337e-04 -2.685909047407619710e-03 5.058861566768158013e-03 1.640716056169111425e-03 0.000000000000000000e+00
2.327814100480468662e-03 -7.268702200809440406e-04 -5.617792492344231281e-04 -2.557310643792831684e-03 4.694309034309895878e-03 1.372031624805813976e-03 0.000000000000000000e+00
2.515028541142341756e-03 -8.096883897909246119e-04 -5.923176489844722559e-04 -2.853713132026314270e-03 5.109759793126222860e-03 1.329457558883584412e-03 0.000000000000000000e+00
2.314316101903537981e-03 -7.684557812125680787e-04 -5.311127854937536252e-04 -2.710324653411255724e-03 4.736758850667932563e-03 1.079515892558058354e-03 0.000000000000000000e+00
2.498268529423780526e-03 -8.556283884743054458e-04 -5.577378479223876750e-04 -3.017365020633988593e-03 5.150693156966923425e-03 1.006898839610137486e-03 0.000000000000000000e+00
2.297079223620879240e-03 -8.111417887445293573e-04 -4.981335340489556618e-04 -2.858604298175748681e-03 4.770231634869670501e-03 7.785738227328309335e-04 0.000000000000000000e+00
2.477688838731118004e-03 -9.021246272584992898e-04 -5.209049690044209591e-04 -3.174962557745075742e-03 5.182278565727393982e-03 6.776919868276554126e-04 0.000000000000000000e+00
2.276103097218318272e-03 -8.548290022045434977e-04 -4.628259286607316891e-04 -3.001698366749572244e-03 4.794764917217531064e-03 4.696880019343652179e-04 0.000000000000000000e+00
2.452837830140691677e-03 -9.501844190563102366e-04 -4.812930222851119488e-04 -3.327549291789466679e-03 5.204034812913427288e-03 3.380351856610008809e-04 0.000000000000000000e+00
2.251432050026661025e-03 -8.993063290842207014e-04 -4.252140314357499840e-04 -3.139426619205742952e-03 4.810718076468045723e-03 1.535672506860485953e-04 0.000000000000000000e+00
2.424255337039174507e-03 -9.985138688553829578e-04 -4.393614569947745796e-04 -3.473062108101387935e-03 5.216728396142844559e-03 -7.320162334067958909e-06 0.000000000000000000e+00
2.223106938622751438e-03 -9.444873612913795569e-04 -3.852204024498012691e-04 -3.271257189693344003e-03 4.818124640145970972e-03 -1.696046424168873301e-04 0.000000000000000000e+00
2.391480834381731757e-03 -1.047973288258563507e-03 -3.946495584912362853e-04 -3.613110271899699910e-03 5.220284090889482087e-03 -3.618897038613066997e-04 0.000000000000000000e+00
2.191221575454746495e-03 -9.900796624528473977e-04 -3.428919845009925638e-04 -3.397204011499788123e-03 4.817572628895927522e-03 -4.990476917463571027e-04 0.000000000000000000e+00
2.355205578610256034e-03 -1.097249070608319332e-03 -3.476438955409277831e-04 -3.745437802009199402e-03 5.215539260315260606e-03 -7.207697881519425920e-04 0.000000000000000000e+00
2.155875276912092020e-03 -1.035860536027555234e-03 -2.982124622789988910e-04 -3.516590707449473996e-03 4.809282505394030238e-03 -8.340769917207779827e-04 0.000000000000000000e+00
2.314952300473627211e-03 -1.147047201193879262e-03 -2.978861627228462927e-04 -3.871836941192086101e-03 5.202504047779665797e-03 -1.087416408189767481e-03 0.000000000000000000e+00
2.117243841597366005e-03 -1.081506912958690725e-03 -2.512434996868317949e-04 -3.629271208500206569e-03 4.793778356630529203e-03 -1.173838593046871992e-03 0.000000000000000000e+00
2.271560541587849813e-03 -1.196056539215950565e-03 -2.458928358400891412e-04 -3.989886321174473949e-03 5.182380250620344242e-03 -1.456826903346586377e-03 0.000000000000000000e+00
2.075530323208105155e-03 -1.126701890335757295e-03 -2.019971124531949602e-04 -3.735192583985913473e-03 4.771957998466191953e-03 -1.517774497660884236e-03 0.000000000000000000e+00
2.224622694750696961e-03 -1.244897200995909170e-03 -1.911843654588685215e-04 -4.101059659215700037e-03 5.155254330809100338e-03 -1.832310534653158740e-03 0.000000000000000000e+00
2.030946532294172768e-03 -1.171098935218078951e-03 -1.505425726445741574e-04 -3.833920942097890361e-03 4.744324105131703107e-03 -1.864831395685717652e-03 0.000000000000000000e+00
2.175053491962619656e-03 -1.292154697840330879e-03 -1.343936056064642948e-04 -4.203770007295659639e-03 5.122759641860596957e-03 -2.208719045925011670e-03 0.000000000000000000e+00
1.983796315454311454e-03 -1.214306004717280452e-03 -9.690437525339268277e-05 -3.925045927982040439e-03 4.711830995771659758e-03 -2.214215449744649788e-03 0.000000000000000000e+00
2.122548631769055616e-03 -1.338341915224888767e-03 -7.503223721126717205e-05 -4.298610797139446049e-03 5.085116543002143885e-03 -2.588985714631730772e-03 0.000000000000000000e+00
1.934396858318809809e-03 -1.255838766987732447e-03 -4.121577161572687054e-05 -4.008678862449599478e-03 4.675526116496353524e-03 -2.564800519285759250e-03 0.000000000000000000e+00
2.068110142361231918e-03 -1.382079185418411127e-03 -1.374195531171629181e-05 -4.384465688915817339e-03 5.044223488265942024e-03 -2.968048437503867376e-03 0.000000000000000000e+00
1.883108886538975568e-03 -1.295312276867466306e-03 1.644439947438847138e-05 -4.084144589476146336e-03 4.636481535778891327e-03 -2.915562685567474333e-03 0.000000000000000000e+00
2.011565548791394153e-03 -1.423742613609668695e-03 4.993724499897933544e-05 -4.461856036501288258e-03 5.000857302973393814e-03 -3.348801822503189030e-03 0.000000000000000000e+00
1.830394745349073204e-03 -1.332225964774252924e-03 7.602526789290964260e-05 -4.150999079244321877e-03 4.595958616141704312e-03 -3.265491075668869314e-03 0.000000000000000000e+00
1.953968198167982395e-03 -1.461929626033836582e-03 1.152489760255781537e-04 -4.529469039053601875e-03 4.956822351827039341e-03 -3.725762428252954450e-03 0.000000000000000000e+00
1.776666843298413401e-03 -1.366086842655156453e-03 1.373267280991019579e-04 -4.209098277368816809e-03 4.555336735133863613e-03 -3.613225510027850973e-03 0.000000000000000000e+00
1.895359019046166660e-03 -1.496923258635984855e-03 1.827292189402057732e-04 -4.587481399521031733e-03 4.913613712536957223e-03 -4.101847720848095236e-03 0.000000000000000000e+00
1.722487437910424912e-03 -1.396359239074551617e-03 2.002396558013624928e-04 -4.257636072170889463e-03 4.516252913502327715e-03 -3.957486759525785658e-03 0.000000000000000000e+00
1.836788250989235260e-03 -1.527403272548188973e-03 2.515405990991814722e-04 -4.634704706846015654e-03 4.872832664732484886e-03 -4.471541504327491978e-03 0.000000000000000000e+00
1.668439974033736339e-03 -1.422530927841003656e-03 2.646070155033070082e-04 -4.296466819716293628e-03 4.480604590916037466e-03 -4.297173466101478212e-03 0.000000000000000000e+00
1.778413265923206588e-03 -1.553478418649223425e-03 3.221632901517640368e-04 -4.671062119226299103e-03 4.836549415617952263e-03 -4.837427976805308560e-03 0.000000000000000000e+00
1.615129898148187637e-03 -1.444056690364348139e-03 3.302485971714286261e-04 -4.324341881212667715e-03 4.449860328412214017e-03 -4.630666036733677160e-03 0.000000000000000000e+00
1.721471073034969157e-03 -1.573909759464586777e-03 3.937277997349275527e-04 -4.695166789701943344e-03 4.806809086983498958e-03 -5.193928880489417921e-03 0.000000000000000000e+00
1.563265596411289593e-03 -1.460412899096152906e-03 3.970072804313912185e-04 -4.340920949452709010e-03 4.426354193062920217e-03 -4.956929251218822330e-03 0.000000000000000000e+00
1.666184866634889961e-03 -1.588708870465582734e-03 4.666923800326905347e-04 -4.706551064558972541e-03 4.786000936660705918e-03 -5.543537090361372321e-03 0.000000000000000000e+00
1.513508611816899441e-03 -1.471005536101077649e-03 4.646177802444528826e-04 -4.344963373473120782e-03 4.411892163669772771e-03 -5.274098361647272526e-03 0.000000000000000000e+00
1.613886685395443665e-03 -1.596770956218407367e-03 5.401737738736644978e-04 -4.703753692711032386e-03 4.776181267443835310e-03 -5.880911681376499445e-03 0.000000000000000000e+00
1.466675055055849386e-03 -1.475345727247057148e-03 5.329041051544691765e-04 -4.335392915190361407e-03 4.408843606932055792e-03 -5.580994781028358886e-03 0.000000000000000000e+00
1.564976749035662529e-03 -1.597899442387584745e-03 6.145514412224245548e-04 -4.685674766557568205e-03 4.780356733567359129e-03 -6.207972278389428666e-03 0.000000000000000000e+00
1.423575316024577875e-03 -1.472844666286554638e-03 6.015997884868673484e-04 -4.311071864747439975e-03 4.419670180893398026e-03 -5.875989961077188184e-03 0.000000000000000000e+00
1.520717293298418094e-03 -1.591223280443088139e-03 6.889215855483271644e-04 -4.650661544271628145e-03 4.800229102480901844e-03 -6.519647511204595958e-03 0.000000000000000000e+00
1.385053146615439212e-03 -1.462987891153844089e-03 6.704498296863925511e-04 -4.270419369517775010e-03 4.446779986287729969e-03 -6.157650562055971832e-03 0.000000000000000000e+00
1.481755863703027032e-03 -1.576381252196112914e-03 7.636639765338376629e-04 -4.597018103273953216e-03 4.839715827988477770e-03 -6.817674321200950516e-03 0.000000000000000000e+00
1.351989692764427042e-03 -1.445203196080047103e-03 7.391351410298840907e-04 -4.211909819615833328e-03 4.492698039628706397e-03 -6.424175053040714900e-03 0.000000000000000000e+00
1.449275274305855676e-03 -1.552657354079722829e-03 8.377925319280332683e-04 -4.523255193671360530e-03 4.900124899610780460e-03 -7.097240695536299881e-03 0.000000000000000000e+00
1.325264033945006137e-03 -1.419045018835829453e-03 8.074558663052483487e-04 -4.133563082945101996e-03 4.559854324985401774e-03 -6.674486063879214726e-03 0.000000000000000000e+00
1.424144642662272808e-03 -1.519527582568513946e-03 9.116105707602101260e-04 -4.426554770202706379e-03 4.986172097177554718e-03 -7.359536269719857415e-03 0.000000000000000000e+00
1.305850272547315338e-03 -1.383940397850891291e-03 8.750697798848017239e-04 -4.033321473169593219e-03 4.651193271271392149e-03 -6.906830993279156061e-03 0.000000000000000000e+00
1.407399271429410348e-03 -1.476482107131749100e-03 9.841562097552686295e-04 -4.305456306390453847e-03 5.098401272076724666e-03 -7.600177171261268683e-03 0.000000000000000000e+00
1.294607436620520691e-03 -1.339418795534064177e-03 9.416452419825221964e-04 -3.909011945289364576e-03 4.769022043660697818e-03 -7.119781635721134094e-03 0.000000000000000000e+00
1.400104855718065089e-03 -1.422810051173728496e-03 1.055685703869976844e-03 -4.156518522881569311e-03 5.242478716032117347e-03 -7.820182892253724205e-03 0.000000000000000000e+00
1.292515997176640896e-03 -1.284887418411373439e-03 1.006820142886277747e-03 -3.758073501306746778e-03 4.916283041530800091e-03 -7.311709432885837856e-03 0.000000000000000000e+00
1.403090015432678639e-03 -1.358252337581244973e-03 1.125278486898972918e-03 -3.978064131283431948e-03 5.418105620369928488e-03 -8.015756165056453497e-03 0.000000000000000000e+00
1.300476832524349868e-03 -1.219924244156622706e-03 1.070338855475069795e-03 -3.577942229545882924e-03 5.095481118696731926e-03 -7.481608661322525222e-03 0.000000000000000000e+00
1.417607379153335012e-03 -1.281816433970517366e-03 1.193093548511922619e-03 -3.765470432119499833e-03 5.631626783944021497e-03 -8.187371614959859656e-03 0.000000000000000000e+00
1.319336706777557433e-03 -1.143893660984274252e-03 1.131680940933882384e-03 -3.365926902852756086e-03 5.309187468381715291e-03 -7.627483310030269692e-03 0.000000000000000000e+00
1.444175277020315340e-03 -1.193440767252473833e-03 1.258201538814174292e-03 -3.517831887183575645e-03 5.881835836701210241e-03 -8.331981786019904135e-03 0.000000000000000000e+00
1.349977677832264744e-03 -1.056302918215679121e-03 1.190628101420773688e-03 -3.118859453676847693e-03 5.560067925924894183e-03 -7.748647948812470432e-03 0.000000000000000000e+00
1.484217501237672376e-03 -1.091850785084391706e-03 1.320693999106781202e-03 -3.229443333761849999e-03 6.175871075853489600e-03 -8.449583913153979609e-03 0.000000000000000000e+00
1.393142877571751370e-03 -9.565313115117990428e-04 1.246738830876142901e-03 -2.833948915495376752e-03 5.850421741079081528e-03 -7.843756928825662555e-03 0.000000000000000000e+00
1.537874344313100439e-03 -9.771585841421015495e-04 1.379698488533365186e-03 -2.899580082794450675e-03 6.511555703231142189e-03 -8.537950305667063589e-03 0.000000000000000000e+00
1.449526291120301069e-03 -8.439639454042024980e-04 1.299658676400652912e-03 -2.507777642162700715e-03 6.182557073048933205e-03 -7.911932149365030753e-03 0.000000000000000000e+00
1.606618437677453937e-03 -8.476808518802503301e-04 1.435212035378038986e-03 -2.521934871897890673e-03 6.896406696015766613e-03 -8.596796013929930425e-03 0.000000000000000000e+00
1.519762979941829961e-03 -7.178470570777251147e-04 1.348964866915020044e-03 -2.137385853692386206e-03 6.558934060867827043e-03 -7.952076868124491327e-03 0.000000000000000000e+00
1.690113501751772107e-03 -7.037326575495272962e-04 1.486445131325092595e-03 -2.096388301483287364e-03 7.327246846322577056e-03 -8.625052984082337559e-03 0.000000000000000000e+00
0.000000000000000000e+00 0.000000000000000000e+00 0.000000000000000000e+00 0.000000000000000000e+00 0.000000000000000000e+00 0.000000000000000000e+00 0.000000000000000000e+00
