-1.486300805811485715e-01 -3.005644553708707867e-01 1.518726337238734958e-01 1.574192458369610748e+00 3.165055968148422494e-04 1.565155355872790199e+00 -5.011625755207628208e-01 8.520766597161437694e-01 2.470488043114731358e-01 -5.502211320143032269e-01 -1.166471747989649588e+00 2.432738899795834076e-01 0.000000000000000000e+00
-1.493614414276344671e-01 -3.004745848138430375e-01 1.542130839617904536e-01 1.572645881699604509e+00 -2.016802880854928759e-03 1.553989257645712829e+00 -5.027495532143410051e-01 8.477370387198596147e-01 2.454479781802263449e-01 -5.478563115453400911e-01 -1.172070112075159543e+00 2.436839834979419861e-01 0.000000000000000000e+00
-1.499820804686990416e-01 -3.003513954750273718e-01 1.563495068457751713e-01 1.571221358070642005e+00 -4.074739849737607500e-03 1.543758167996742037e+00 -5.040993098338204526e-01 8.436345722186470164e-01 2.442868399449518169e-01 -5.455902943528189164e-01 -1.177334648918028304e+00 2.439705895655049639e-01 0.000000000000000000e+00
-1.505958688090452691e-01 -3.001766154296751643e-01 1.586373924046774464e-01 1.569685208918989439e+00 -6.204416740443363665e-03 1.532756396673834454e+00 -5.054339530141136461e-01 8.390894217652359321e-01 2.433616577822583782e-01 -5.430425480064809962e-01 -1.183136744826929432e+00 2.441838921240634952e-01 0.000000000000000000e+00
-1.511085038544219550e-01 -2.999790205184382774e-01 1.607241636142046903e-01 1.568277279454052930e+00 -8.081508986603314071e-03 1.522676387125381892e+00 -5.065448573733265514e-01 8.348038629390804877e-01 2.428071876433040011e-01 -5.406019938940187508e-01 -1.188578914514506257e+00 2.442927321888636594e-01 0.000000000000000000e+00
-1.516059326373289939e-01 -2.997277653848449686e-01 1.629570051040002132e-01 1.566766595362087955e+00 -1.002319123051709227e-02 1.511838167460753279e+00 -5.076145160251569477e-01 8.300676972564835499e-01 2.425211641422293507e-01 -5.378591377083188352e-01 -1.194562105377532824e+00 2.443175661660286768e-01 0.000000000000000000e+00
-1.520124238461494359e-01 -2.994634989578001116e-01 1.649922298778784546e-01 1.565388060112402613e+00 -1.173479219395545670e-02 1.501907900875618429e+00 -5.084768142966109572e-01 8.256136269123532934e-01 2.425364773184972567e-01 -5.352342595589095753e-01 -1.200160203146933835e+00 2.442571456987975009e-01 0.000000000000000000e+00
-1.523963181806008982e-01 -2.991441167443558702e-01 1.671686357588273442e-01 1.563915094684624307e+00 -1.350588970285748758e-02 1.491230146991189276e+00 -5.092730661730310304e-01 8.207030907573834577e-01 2.428459366371644723e-01 -5.322873719441959528e-01 -1.206300520514274943e+00 2.441035978171975929e-01 0.000000000000000000e+00
-1.526988138805054906e-01 -2.988203640566854946e-01 1.691508806656713548e-01 1.562577342736928721e+00 -1.506751604525380372e-02 1.481447918787935913e+00 -5.098778367670743217e-01 8.160945570700286478e-01 2.433948141378299290e-01 -5.294691150101332733e-01 -1.212033640550943092e+00 2.438819562354757609e-01 0.000000000000000000e+00
-1.529709915508356000e-01 -2.984401160291597077e-01 1.712690389472148189e-01 1.561154652868275150e+00 -1.668419801871934283e-02 1.470930156253001719e+00 -5.103896963285875499e-01 8.110238317754904225e-01 2.442647357079041903e-01 -5.263074767430184764e-01 -1.218309779133878390e+00 2.435573834776223745e-01 0.000000000000000000e+00
-1.531718950158339476e-01 -2.980635150967748670e-01 1.731971035362963873e-01 1.559867942034991017e+00 -1.811144693986310727e-02 1.461294480390641137e+00 -5.107288498934091647e-01 8.062748163406340263e-01 2.453117574904688514e-01 -5.232875519354094340e-01 -1.224157814571583236e+00 2.431821274352733986e-01 0.000000000000000000e+00
-1.533357129997716395e-01 -2.976294533120259489e-01 1.752561662713537083e-01 1.558505230015178711e+00 -1.959130968930278272e-02 1.450934292517129132e+00 -5.109498256848584719e-01 8.010598142940408284e-01 2.467009954731085308e-01 -5.199039391914365149e-01 -1.230547536975010514e+00 2.426955512593590991e-01 0.000000000000000000e+00
-1.534376695042804772e-01 -2.972061052197996767e-01 1.771291532114613598e-01 1.557278430431243699e+00 -2.089975447013747711e-02 1.441443580028746396e+00 -5.110161383960014625e-01 7.961839658122692454e-01 2.482115404434015460e-01 -5.166747897906881493e-01 -1.236491313053903918e+00 2.421737714227852889e-01 0.000000000000000000e+00
-1.534955135989808650e-01 -2.967244333834880843e-01 1.791279102740525875e-01 1.555985435270495820e+00 -2.225914544575768872e-02 1.431240747350010389e+00 -5.109370092221124926e-01 7.908384688722621680e-01 2.500861395347082627e-01 -5.130600146640963422e-01 -1.242974512411592736e+00 2.415316832839672079e-01 0.000000000000000000e+00
-1.535013641320588096e-01 -2.962599190790508041e-01 1.809450358842445428e-01 1.554826424255791650e+00 -2.346436250625760778e-02 1.421894211142250564e+00 -5.107240229139334842e-01 7.858492363070804787e-01 2.520266518629945551e-01 -5.096147830304017523e-01 -1.248995253845989417e+00 2.408701207796778987e-01 0.000000000000000000e+00
-1.534570077515302333e-01 -2.957365293790356064e-01 1.828831298425366569e-01 1.553610128642377575e+00 -2.472051827148735725e-02 1.411846543021626044e+00 -5.103400949532848063e-01 7.803884244918729562e-01 2.543477299110532552e-01 -5.057632195933883246e-01 -1.255551823291710001e+00 2.400804935164694009e-01 0.000000000000000000e+00
-1.533697783751573063e-01 -2.952359742524717778e-01 1.846438335836974587e-01 1.552525375392477258e+00 -2.583785074963529382e-02 1.402643576415956161e+00 -5.098421171189536638e-01 7.752989904906770757e-01 2.566853195578704394e-01 -5.020957804562401483e-01 -1.261631420586197372e+00 2.392853734835126145e-01 0.000000000000000000e+00
-1.532260310195473207e-01 -2.946760916256395135e-01 1.865204970753100155e-01 1.551392895942573347e+00 -2.700680476007555342e-02 1.392751245189606468e+00 -5.091458003624388384e-01 7.697362461847467863e-01 2.594202528393270146e-01 -4.979996722521302099e-01 -1.268242717992319024e+00 2.383538829579869844e-01 0.000000000000000000e+00
-1.530489372352568100e-01 -2.941441660266387315e-01 1.882244529807945432e-01 1.550387694731943711e+00 -2.805138664417805572e-02 1.383691038003669549e+00 -5.083579707329660691e-01 7.645595270788234643e-01 2.621226955554849525e-01 -4.941044995522666516e-01 -1.274364126915920714e+00 2.374310976402745077e-01 0.000000000000000000e+00
-1.528099070963810369e-01 -2.935526677705037057e-01 1.900396306429041615e-01 1.549343370197076020e+00 -2.914978698229830911e-02 1.373952952538710193e+00 -5.073463024138722410e-01 7.589093645101113728e-01 2.652347324472970058e-01 -4.897598185499114076e-01 -1.281011376996758377e+00 2.363647013607795278e-01 0.000000000000000000e+00
-1.525462753067795274e-01 -2.929935951613614753e-01 1.916865701800997690e-01 1.548421920822969255e+00 -3.013636843732214743e-02 1.365035631757782086e+00 -5.062645263790821470e-01 7.536579437356113464e-01 2.682710024060965814e-01 -4.856322184659112584e-01 -1.287157952792661320e+00 2.353196935937892365e-01 0.000000000000000000e+00
-1.522150713298227043e-01 -2.923748392582332656e-01 1.934397868855433633e-01 1.547470540628753000e+00 -3.117956525457810102e-02 1.355452649247010477e+00 -5.049314145164156553e-01 7.479334123934588963e-01 2.717289839235099702e-01 -4.810325397891808130e-01 -1.293823978159184263e+00 2.341233017635847846e-01 0.000000000000000000e+00
-1.518683665402003613e-01 -2.917924971826467151e-01 1.950296862568695611e-01 1.546635810412150924e+00 -3.212250016875284331e-02 1.346677991957702103e+00 -5.035522632564044532e-01 7.426196736494510287e-01 2.750683216143601229e-01 -4.766682845528135148e-01 -1.299980008176956803e+00 2.329611481981446464e-01 0.000000000000000000e+00
-1.514493419496265036e-01 -2.911504545897506402e-01 1.967211819135830098e-01 1.545779264642811235e+00 -3.312619044058129347e-02 1.337249710224923005e+00 -5.018964761381613515e-01 7.368344888134717996e-01 2.788376266632039968e-01 -4.718111114881861079e-01 -1.306647764598188211e+00 2.316408028639538041e-01 0.000000000000000000e+00
-1.510231062045911121e-01 -2.905483296084285794e-01 1.982539953881650718e-01 1.545033339915678816e+00 -3.403936118048633830e-02 1.328618580368981172e+00 -5.002172864918391637e-01 7.314706160619431907e-01 2.824504709980053541e-01 -4.672067722795481548e-01 -1.312797935661562665e+00 2.303661806767282605e-01 0.000000000000000000e+00
-1.505196102102315248e-01 -2.898866183427164511e-01 1.998835370445521675e-01 1.544274175722731179e+00 -3.501799834392205213e-02 1.319346710165592240e+00 -4.982342634546525484e-01 7.256374277473155443e-01 2.865012721740705093e-01 -4.620870115314389404e-01 -1.319451444170962162e+00 2.289260263829974718e-01 0.000000000000000000e+00
-1.500174567746796195e-01 -2.892678761284286915e-01 2.013593561769659313e-01 1.543618184940987348e+00 -3.591477403129950119e-02 1.310860082787105529e+00 -4.962530047616880990e-01 7.202353386341442398e-01 2.903587278549957240e-01 -4.572396588733312339e-01 -1.325581242051997677e+00 2.275432632107578790e-01 0.000000000000000000e+00
-1.494339561462499910e-01 -2.885897153974358864e-01 2.029274302041223776e-01 1.542956159584643494e+00 -3.688269845591829466e-02 1.301744746093602023e+00 -4.939430121216669689e-01 7.143671297511818841e-01 2.946584014349284963e-01 -4.518562118877905709e-01 -1.332205322631351718e+00 2.259884764768559651e-01 0.000000000000000000e+00
-1.488595661543844484e-01 -2.879571923646343512e-01 2.043464250508739144e-01 1.542390296422377460e+00 -3.777588998367686912e-02 1.293404059893447977e+00 -4.916584526700561453e-01 7.089384090271099170e-01 2.987325052705318562e-01 -4.467636153828001278e-01 -1.338300898892379687e+00 2.245015171269670595e-01 0.000000000000000000e+00
-1.481995641421578747e-01 -2.872656098737369490e-01 2.058529756285201462e-01 1.541826008725537989e+00 -3.874643403091182492e-02 1.284448114121203632e+00 -4.890183612129196944e-01 7.030474301168272433e-01 3.032524222726142860e-01 -4.411126871552745743e-01 -1.344880371523474727e+00 2.228355434175543770e-01 0.000000000000000000e+00
-1.475566404765262518e-01 -2.866219090055993624e-01 2.072154135305136757e-01 1.541349634855803785e+00 -3.964814040298270115e-02 1.276255143314906748e+00 -4.864298352123899161e-01 6.976034627955145506e-01 3.075157437036675212e-01 -4.357732156172338667e-01 -1.350928410359044651e+00 2.212480164470013166e-01 0.000000000000000000e+00
-1.468246439396926339e-01 -2.859194691799239463e-01 2.086609966596119359e-01 1.540881269016987076e+00 -4.063430127957623483e-02 1.267459819383681241e+00 -4.834613759928467758e-01 6.917020975569807550e-01 3.122255440914727398e-01 -4.298549725952917067e-01 -1.357449692920321693e+00 2.194752333331196348e-01 0.000000000000000000e+00
-1.461168928642165854e-01 -2.852669336725095484e-01 2.099672569845333070e-01 1.540492985817619065e+00 -4.155589492518441119e-02 1.259416372656959160e+00 -4.805688501538844526e-01 6.862539357569511500e-01 3.166514515070755209e-01 -4.242675274702509269e-01 -1.363437810631364933e+00 2.177904177589946311e-01 0.000000000000000000e+00
-1.453164682923129003e-01 -2.845561393680350326e-01 2.113519818875710665e-01 1.540119519180132457e+00 -4.256959472463162086e-02 1.250785190401258795e+00 -4.772703586962531164e-01 6.803539686779895845e-01 3.215239710374842019e-01 -4.180794729403700671e-01 -1.369887187843209730e+00 2.159135716255181081e-01 0.000000000000000000e+00
-1.445476306668224686e-01 -2.838968857703865756e-01 2.126023673565491656e-01 1.539817408319704484e+00 -4.352202198245436193e-02 1.242894325651193066e+00 -4.740745320986444744e-01 6.749125313597125198e-01 3.260867649331171680e-01 -4.122435548856249188e-01 -1.375803000730657200e+00 2.141344302145338496e-01 0.000000000000000000e+00
-1.436832388974633168e-01 -2.831798254188723218e-01 2.139269911204264019e-01 1.539535514690977713e+00 -4.457455902532103664e-02 1.234429047084471875e+00 -4.704490377486650332e-01 6.690255471910649954e-01 3.310933746244115738e-01 -4.057871202968912905e-01 -1.382168355210110056e+00 2.121571662632045219e-01 0.000000000000000000e+00
-1.428569877680158917e-01 -2.825157821801058677e-01 2.151219782873199093e-01 1.539316994042133402e+00 -4.556773760275412144e-02 1.226693394387591729e+00 -4.669511088149004840e-01 6.636013538408461754e-01 3.357680212858276114e-01 -3.997027958914690093e-01 -1.388000677997383692e+00 2.102863455316942853e-01 0.000000000000000000e+00
-1.419321792844854269e-01 -2.817945796849518070e-01 2.163866723778263834e-01 1.539124500570998144e+00 -4.666957677082761435e-02 1.218398551502931415e+00 -4.629982453879231685e-01 6.577388707542274338e-01 3.408828884754340205e-01 -3.929766496633376183e-01 -1.394269359729266800e+00 2.082107776466274318e-01 0.000000000000000000e+00
-1.410521876788984885e-01 -2.811275089007222450e-01 2.175267446120306425e-01 1.538986502629164477e+00 -4.771285337631514523e-02 1.210821297567697519e+00 -4.592000783307658152e-01 6.523423077003182025e-01 3.456450199786591515e-01 -3.866444848289699032e-01 -1.400007406613951622e+00 2.062506078605450266e-01 0.000000000000000000e+00
-1.400713153404254674e-01 -2.804038285771193739e-01 2.187323003349402051e-01 1.538879192352855085e+00 -4.887378151669263815e-02 1.202699800857426338e+00 -4.549241734635617873e-01 6.465151114981430025e-01 3.508417793717850675e-01 -3.796511902539899119e-01 -1.406168496637795418e+00 2.040797154532101310e-01 0.000000000000000000e+00
-1.391411735829846674e-01 -2.797353523274303533e-01 2.198179303285052177e-01 1.538818388273780258e+00 -4.997570288344554967e-02 1.195284793540282609e+00 -4.508281318384790293e-01 6.411562987526855384e-01 3.556679598992269487e-01 -3.730723168341399387e-01 -1.411801881291639971e+00 2.020322772071572182e-01 0.000000000000000000e+00
-1.381077250107841936e-01 -2.790110517547673696e-01 2.209647366181003436e-01 1.538792925973432979e+00 -5.120447292250585036e-02 1.187341291067915527e+00 -4.462301509269436806e-01 6.353754415534779154e-01 3.609217109396807288e-01 -3.658117740437705212e-01 -1.417844061172811809e+00 1.997675416609106247e-01 0.000000000000000000e+00
-1.371309796909655765e-01 -2.783426496954151119e-01 2.219964961814329119e-01 1.538805553427747164e+00 -5.237287137242763180e-02 1.180092301131763888e+00 -4.418392307901619076e-01 6.300641662334782733e-01 3.657891704640185981e-01 -3.589877899350923940e-01 -1.423363196215891913e+00 1.976346159438661931e-01 0.000000000000000000e+00
-1.360491043706191783e-01 -2.776191019062038134e-01 2.230853788917590841e-01 1.538857178438640894e+00 -5.367750468556042875e-02 1.172330403612676930e+00 -4.369246000250159856e-01 6.243398346284074751e-01 3.710755452278258204e-01 -3.514636607758324094e-01 -1.429277011732521752e+00 1.952784008141753846e-01 0.000000000000000000e+00
-1.350292140968659960e-01 -2.769521628030880422e-01 2.240638909585419281e-01 1.538939173878270950e+00 -5.491936778018402521e-02 1.165251423786374696e+00 -4.322423300649795297e-01 6.190856175347629886e-01 3.759621795120122734e-01 -3.443967297967117092e-01 -1.434672842417131333e+00 1.930614856542525737e-01 0.000000000000000000e+00
-1.339022520805284444e-01 -2.762310190968813584e-01 2.250952745669690946e-01 1.539064095772378238e+00 -5.630716309795236185e-02 1.157676715155254055e+00 -4.270131799750954138e-01 6.134283975891621221e-01 3.812577421815803724e-01 -3.366099130854290356e-01 -1.440447774082913801e+00 1.906147396922558690e-01 0.000000000000000000e+00
-1.328425726313638977e-01 -2.755668409693176613e-01 2.260210981777133477e-01 1.539211431968229071e+00 -5.762884603563911412e-02 1.150772403500156527e+00 -4.220435549334393688e-01 6.082406263647149869e-01 3.861423790949491952e-01 -3.293025985284151469e-01 -1.445711645135509649e+00 1.883151167357292877e-01 0.000000000000000000e+00
-1.316744551151612375e-01 -2.748492816756242796e-01 2.269959430835830905e-01 1.539404391027259678e+00 -5.910608829956753851e-02 1.143388680602001273e+00 -4.165064435530011488e-01 6.026599723004539833e-01 3.914243596429578531e-01 -3.212578213760446388e-01 -1.451339570309119864e+00 1.857796042856489083e-01 0.000000000000000000e+00
-1.305782359463497078e-01 -2.741891053977495440e-01 2.278697728204382711e-01 1.539612722178008042e+00 -6.051306047246640674e-02 1.136663537721783968e+00 -4.112539908035786618e-01 5.975475685348560217e-01 3.962863596870609406e-01 -3.137132524554183122e-01 -1.456463359088377985e+00 1.833982722179272884e-01 0.000000000000000000e+00
-1.293720932875195295e-01 -2.734766192852047251e-01 2.287885079335932603e-01 1.539869797197711776e+00 -6.208551344673018946e-02 1.129476911660447058e+00 -4.054122137944354276e-01 5.920537335221316422e-01 4.015329201925716962e-01 -3.054124456537503085e-01 -1.461935089864054627e+00 1.807744426881971456e-01 0.000000000000000000e+00
-1.282424889843546134e-01 -2.728216251886060317e-01 2.296110293778401701e-01 1.540134810724597791e+00 -6.358263608742920070e-02 1.122935579315404109e+00 -3.998819933433177543e-01 5.870255522260074965e-01 4.063523096592331907e-01 -2.976341177684422856e-01 -1.466911339518921942e+00 1.783122004576075947e-01 0.000000000000000000e+00
-1.270019556133205607e-01 -2.721152607410272095e-01 2.304746551575788394e-01 1.540450727804579145e+00 -6.525495231324818235e-02 1.115950367576640900e+00 -3.937430741355488761e-01 5.816272581173896894e-01 4.115425443076889955e-01 -2.890829738243068103e-01 -1.472219818519777013e+00 1.756013022049886796e-01 0.000000000000000000e+00
-1.258419511841738503e-01 -2.714665850607170805e-01 2.312465651482096540e-01 1.540768179126028592e+00 -6.684628466351938414e-02 1.109597805517581026e+00 -3.879405121734569306e-01 5.766917548272002536e-01 4.163002815951153401e-01 -2.810748484264385394e-01 -1.477041471673365525e+00 1.730586990885059628e-01 0.000000000000000000e+00
-1.245699144957726073e-01 -2.707678032253370559e-01 2.320556374783543374e-01 1.541138891612115813e+00 -6.862264262070993937e-02 1.102820270090555166e+00 -3.815088116933474383e-01 5.713987887396950738e-01 4.214132845719584797e-01 -2.722763301065483921e-01 -1.482178309941964978e+00 1.702607154682414525e-01 0.000000000000000000e+00
-1.233823694651692421e-01 -2.701265562009471100e-01 2.327776888578500791e-01 1.541504572995426869e+00 -7.031151912124578018e-02 1.096661279022958180e+00 -3.754398337537067087e-01 5.665642192548197009e-01 4.260908607105737822e-01 -2.640428180566753436e-01 -1.486838975007658048e+00 1.676381176505155057e-01 0.000000000000000000e+00
-1.220821322825347832e-01 -2.694362764530652266e-01 2.335331818272908255e-01 1.541925159123312739e+00 -7.219518674433311745e-02 1.090096122554872871e+00 -3.687238075377176627e-01 5.613846372507246274e-01 4.311078567301196429e-01 -2.550033835266738991e-01 -1.491798446747658158e+00 1.647538476109324246e-01 0.000000000000000000e+00
-1.208697695515968534e-01 -2.688035478685681934e-01 2.342060886052335644e-01 1.542335006883712722e+00 -7.398439074610418942e-02 1.084135929573252000e+00 -3.623948052071443438e-01 5.566590576334607965e-01 4.356875616986739530e-01 -2.465492785147582744e-01 -1.496291998454948757e+00 1.620513882500176917e-01 0.000000000000000000e+00
-1.195439102365421363e-01 -2.681232104095470636e-01 2.349086616382570214e-01 1.542801559881630702e+00 -7.597797977614728637e-02 1.077789340373117355e+00 -3.553998128669694778e-01 5.516021141975637754e-01 4.405888433688560646e-01 -2.372729058715238037e-01 -1.501066779973351695e+00 1.590803657379253055e-01 0.000000000000000000e+00
-1.183092767553963753e-01 -2.675000748326281097e-01 2.355331487487814790e-01 1.543251779494678289e+00 -7.786961552765347960e-02 1.072033333352132800e+00 -3.488175439167296443e-01 5.469932476150726197e-01 4.450537660944284823e-01 -2.286034010616911916e-01 -1.505387492525896542e+00 1.562980448338218420e-01 0.000000000000000000e+00
-1.169607289893580676e-01 -2.668305775169534932e-01 2.361838046527664492e-01 1.543759790387851716e+00 -7.997495807201371321e-02 1.065910194072138051e+00 -3.415528399371569601e-01 5.420663663089124729e-01 4.498221560262152252e-01 -2.190973474191942327e-01 -1.509972790132740217e+00 1.532406526786267986e-01 0.000000000000000000e+00
-1.157061980712184718e-01 -2.662181149107511469e-01 2.367607029755965931e-01 1.544246658194252220e+00 -8.197035946191988387e-02 1.060363160574697705e+00 -3.347244283231665674e-01 5.375816696122461824e-01 4.541557849100468225e-01 -2.102180188049769527e-01 -1.514115736682522195e+00 1.503782538494960186e-01 0.000000000000000000e+00
-1.143372146447837329e-01 -2.655608757914985629e-01 2.373601037275986370e-01 1.544792700805767360e+00 -8.418882534015104113e-02 1.054469872024276444e+00 -3.271963710012987248e-01 5.327936388674200385e-01 4.587730404499716919e-01 -2.004871277874500646e-01 -1.518505158791190857e+00 1.472336764581145263e-01 0.000000000000000000e+00
-1.130650078848184220e-01 -2.649601458748781502e-01 2.378901774007193270e-01 1.545312805724690541e+00 -8.628891665254068144e-02 1.049137144782025022e+00 -3.201294067326644344e-01 5.284403025915219709e-01 4.629597959996849532e-01 -1.914039009022736326e-01 -1.522465545648247431e+00 1.442908168745497266e-01 0.000000000000000000e+00
-1.116780927288686526e-01 -2.643160641959258483e-01 2.384393853595667134e-01 1.545892945057368628e+00 -8.862083705965417835e-02 1.043478186722786027e+00 -3.123478830540482587e-01 5.237979800478367309e-01 4.674102044973165171e-01 -1.814561786377438257e-01 -1.526655630149323484e+00 1.410590708917385527e-01 0.000000000000000000e+00
-1.103902356815410352e-01 -2.637281189284806926e-01 2.389233936302740391e-01 1.546443222016676167e+00 -9.082590678251190042e-02 1.038365096434792356e+00 -3.050502890350131890e-01 5.195829284115410784e-01 4.714353061688623114e-01 -1.721753618444403222e-01 -1.530429196255911561e+00 1.380352512110353258e-01 0.000000000000000000e+00
-1.089872828051864639e-01 -2.630986259353338963e-01 2.394230845314752887e-01 1.547054580074724406e+00 -9.327148831814779939e-02 1.032947036611842950e+00 -2.970225561136192183e-01 5.150945698683760954e-01 4.757019565512781156e-01 -1.620164675502240581e-01 -1.534414217353051502e+00 1.347151715038175934e-01 0.000000000000000000e+00
-1.076856043225913190e-01 -2.625245515426650744e-01 2.398618279910206541e-01 1.547632210009760811e+00 -9.558119548711907498e-02 1.028058703689151976e+00 -2.895025215645352090e-01 5.110245273534352872e-01 4.795510232747699497e-01 -1.525446854620050308e-01 -1.537997101125589516e+00 1.316097009685682218e-01 0.000000000000000000e+00
-1.062687102716246418e-01 -2.619105085129935784e-01 2.403130380886155382e-01 1.548271616299850884e+00 -9.813970386732639994e-02 1.022886216379431890e+00 -2.812391987552100847e-01 5.066962247917840001e-01 4.836200671043018318e-01 -1.421832577668882547e-01 -1.541774395657703689e+00 1.282010461879701801e-01 0.000000000000000000e+00
-1.049548646992675555e-01 -2.613513709952272057e-01 2.407074005367641489e-01 1.548874010531271495e+00 -1.005531601180047474e-01 1.018227109536543384e+00 -2.735053123705927236e-01 5.027775829848141198e-01 4.872792504420706550e-01 -1.325274512473447741e-01 -1.545163534460938459e+00 1.250131341722260370e-01 0.000000000000000000e+00
-1.035255101757051599e-01 -2.607542409847407594e-01 2.411108205282626871e-01 1.549539238641406413e+00 -1.032235358301170081e-01 1.013306582317774041e+00 -2.650143891566066889e-01 4.986171927298923001e-01 4.911349750682876270e-01 -1.219699732841061229e-01 -1.548728308738063886e+00 1.215144146125128471e-01 0.000000000000000000e+00
-1.022009483667900148e-01 -2.602110926349098241e-01 2.414615237685734106e-01 1.550164348186589436e+00 -1.057394782735934236e-01 1.008882201910620946e+00 -2.570755392365941527e-01 4.948561101909143001e-01 4.945916250051558549e-01 -1.121374160919654250e-01 -1.551920506778687647e+00 1.182431539770276430e-01 0.000000000000000000e+00
-1.007607794361409653e-01 -2.596317285036058298e-01 2.418182161768166472e-01 1.550852991648724810e+00 -1.085198312827113654e-01 1.004217897898773693e+00 -2.483681509602551074e-01 4.908690917229566741e-01 4.982216467289881656e-01 -1.013930840887441037e-01 -1.555271162904170668e+00 1.146538702954949390e-01 0.000000000000000000e+00
-9.942676638133367273e-02 -2.591056496747526361e-01 2.421261062534142694e-01 1.551498965522203122e+00 -1.111364276304680487e-01 1.000032961279247345e+00 -2.402335087658512558e-01 4.872714274063686402e-01 5.014632464078325746e-01 -9.139131629884252039e-02 -1.558263757021092655e+00 1.112982373877246522e-01 0.000000000000000000e+00
-9.797686296085193758e-02 -2.585454824298252796e-01 2.424367096796616883e-01 1.552209559622572677e+00 -1.140247180612026234e-01 9.956313909276746088e-01 -2.313184272139997000e-01 4.834651044183728708e-01 5.048534504755033403e-01 -8.046733743533852901e-02 -1.561396300253298453e+00 1.076166751744207090e-01 0.000000000000000000e+00
-9.663444963634020002e-02 -2.580375292117216834e-01 2.427025566734343776e-01 1.552875001311827319e+00 -1.167396527034085807e-01 9.916908610205412700e-01 -2.229974136775607352e-01 4.800365175414911811e-01 5.078684151455821194e-01 -7.030421537289176237e-02 -1.564187026759592314e+00 1.041755547956588895e-01 0.000000000000000000e+00
-9.517601811530569667e-02 -2.574974020918797679e-01 2.429681503337191573e-01 1.553605918501704153e+00 -1.197329712634442878e-01 9.875559392822914617e-01 -2.138862568904520978e-01 4.764157170129331154e-01 5.110077494385678598e-01 -5.921028938113787748e-02 -1.567100658150193615e+00 1.004010149707975502e-01 0.000000000000000000e+00
-9.382606222503647730e-02 -2.570086120597267487e-01 2.431927615254951824e-01 1.554289728118964931e+00 -1.225434820930977331e-01 9.838643554855965867e-01 -2.053885426156863703e-01 4.731615671874516149e-01 5.137850269813566406e-01 -4.889388575320024327e-02 -1.569687785991151108e+00 9.687320037617525026e-02 0.000000000000000000e+00
-9.235977437761944131e-02 -2.564899494975063088e-01 2.434140261968670838e-01 1.555040169609100076e+00 -1.256387492884756263e-01 9.800021234990445862e-01 -1.960907481704336208e-01 4.697330801791109178e-01 5.166604420103153572e-01 -3.763790640911504615e-02 -1.572379309746839704e+00 9.300376879272302666e-02 0.000000000000000000e+00
-9.100294138234792107e-02 -2.560213239458974388e-01 2.435981335903822653e-01 1.555741649486896527e+00 -1.285416887200465652e-01 9.765644082480369192e-01 -1.874262867219153028e-01 4.666584274111008068e-01 5.191899124136725163e-01 -2.717658312539046259e-02 -1.574761241025806724e+00 8.938797833596563713e-02 0.000000000000000000e+00
-8.952954541612377637e-02 -2.555249006497903874e-01 2.437760283873454947e-01 1.556510920620642224e+00 -1.317350788364333170e-01 9.729790766318240358e-01 -1.779538221986669833e-01 4.634264816912079255e-01 5.217922202728435543e-01 -1.576869020676495772e-02 -1.577230523988528033e+00 8.542281443370346172e-02 0.000000000000000000e+00
-8.816630095957159186e-02 -2.550774511547205803e-01 2.439204563103796741e-01 1.557229650106934926e+00 -1.347267741875550762e-01 9.697993754659126608e-01 -1.691327169437815692e-01 4.605361529601448844e-01 5.240638966826813849e-01 -5.171013075228320446e-03 -1.579406193441068140e+00 8.171770821188753531e-02 0.000000000000000000e+00
-8.668607815472448297e-02 -2.546046510970808030e-01 2.440556841721964465e-01 1.558017592005412233e+00 -1.380142724078226024e-01 9.664964820079093855e-01 -1.594956524204095560e-01 4.575070402467751873e-01 5.263811131471589633e-01 6.380287947206049817e-03 -1.581650838765841671e+00 7.765475636334902287e-02 0.000000000000000000e+00
-8.531670093003576594e-02 -2.541793298230297649e-01 2.441611339623755983e-01 1.558753565010827735e+00 -1.410907079886962734e-01 9.635794964505843829e-01 -1.505282563978947163e-01 4.548056295055396547e-01 5.283860739738250878e-01 1.710549928603845998e-02 -1.583619314285573676e+00 7.385894453928068537e-02 0.000000000000000000e+00
-8.382996385386480565e-02 -2.537308262530604264e-01 2.442546242786786947e-01 1.559560249054521286e+00 -1.444675770342871424e-01 9.605629618209730047e-01 -1.407388424154133455e-01 4.519828451976238282e-01 5.304106090345035440e-01 2.878970765132729884e-02 -1.585639987762671232e+00 6.969725599332748933e-02 0.000000000000000000e+00
-8.245455182654590209e-02 -2.533285559970355205e-01 2.443218854738913592e-01 1.560313689679545313e+00 -1.476242901905138183e-01 9.579126173071554895e-01 -1.316356751115749235e-01 4.494746135039598967e-01 5.321401990044556385e-01 3.963346294818185372e-02 -1.587400869875431830e+00 6.580931127911000822e-02 0.000000000000000000e+00
-8.096119899092632521e-02 -2.529056693793332311e-01 2.443742897781250589e-01 1.561139605555091237e+00 -1.510856124200929962e-01 9.551878836935507877e-01 -1.217045060576956578e-01 4.468640165558960820e-01 5.338612668589193255e-01 5.144150310267287668e-02 -1.589195707292090365e+00 6.154671805616722391e-02 0.000000000000000000e+00
-7.957966305751397462e-02 -2.525273004515226627e-01 2.444040278775886921e-01 1.561911121141029035e+00 -1.543177480095048182e-01 9.528086382937370757e-01 -1.124762534064075864e-01 4.445529919409525466e-01 5.353078959630499511e-01 6.239458116227519086e-02 -1.590748729681770168e+00 5.756517987439028344e-02 0.000000000000000000e+00
-7.807960976169503464e-02 -2.521305967433900008e-01 2.444162523710345924e-01 1.562757043661656020e+00 -1.578579184805048996e-01 9.503792430360897825e-01 -1.024158045263617728e-01 4.421574452509126618e-01 5.367192381827377012e-01 7.431566002147245442e-02 -1.592319062618535508e+00 5.320070825618435778e-02 0.000000000000000000e+00
-7.669169215863202993e-02 -2.517769366516710017e-01 2.444092001855655560e-01 1.563547448479519986e+00 -1.611601908828226293e-01 9.482748142528696356e-01 -9.307326897479568928e-02 4.400473894297292632e-01 5.378755827280503610e-01 8.536870232930442171e-02 -1.593664491601243460e+00 4.912410354586998346e-02 0.000000000000000000e+00
-7.518447698191015049e-02 -2.514075869816542186e-01 2.443818565183304425e-01 1.564414383287075161e+00 -1.647733813785725587e-01 9.461458623971386039e-01 -8.289458406472877128e-02 4.378721527408661607e-01 5.389678782491458264e-01 9.739323251328366182e-02 -1.595009254793678943e+00 4.465551897379878288e-02 0.000000000000000000e+00
-7.378976585600131866e-02 -2.510793883341704280e-01 2.443386953841377440e-01 1.565224767229262071e+00 -1.681401250959853044e-01 9.443201586552754101e-01 -7.344874283000281390e-02 4.359665611123736406e-01 5.398272803329144942e-01 1.085366808177453957e-01 -1.596147356685524210e+00 4.048236219040142470e-02 0.000000000000000000e+00
-7.227494636915561543e-02 -2.507378345019886101e-01 2.442726586141613643e-01 1.566114094792976807e+00 -1.718198923540805723e-01 9.424947984279028468e-01 -6.316443445438985060e-02 4.340139314011275395e-01 5.405954691493479736e-01 1.206536559810640202e-01 -1.597268414346393106e+00 3.590870759094818426e-02 0.000000000000000000e+00
-7.087287138937878317e-02 -2.504357662122300154e-01 2.441940496963994067e-01 1.566945777164582054e+00 -1.752450254241111338e-01 9.409514874454139033e-01 -5.362632717146025713e-02 4.323160330481475300e-01 5.411519366591202029e-01 1.318778313560687865e-01 -1.598199854937648379e+00 3.163752775408450180e-02 0.000000000000000000e+00
-6.934967132814104374e-02 -2.501230259302751890e-01 2.440899210948806464e-01 1.567858891850788083e+00 -1.789846196478004359e-01 9.394342920143388120e-01 -4.324781779466413401e-02 4.305907041359396392e-01 5.415878961295659266e-01 1.440771980656117279e-01 -1.599096807592786940e+00 2.695655400448487837e-02 0.000000000000000000e+00
-6.793953143570190256e-02 -2.498476874511807444e-01 2.439765094754094421e-01 1.568713369289691961e+00 -1.824616824784675018e-01 9.381769158760411287e-01 -3.362861933713622714e-02 4.291034618251849397e-01 5.418359695851067137e-01 1.553722801046398538e-01 -1.599822385831779048e+00 2.258588637555532241e-02 0.000000000000000000e+00
-6.640719574818014503e-02 -2.495640056175394139e-01 2.438350676336955847e-01 1.569652125528198994e+00 -1.862538307270575899e-01 9.369709190441848357e-01 -2.316857978028084852e-02 4.276071314772102450e-01 5.419362376001486403e-01 1.676428780509640060e-01 -1.600497630326168874e+00 1.779669049775220099e-02 0.000000000000000000e+00
-6.498815427236084852e-02 -2.493158771478395930e-01 2.436874763552806800e-01 1.570531019498870862e+00 -1.897759081616454679e-01 9.360026918940604901e-01 -1.347949727097629176e-02 4.263332083697708996e-01 5.418712564695504774e-01 1.789989131894413332e-01 -1.601018677793442757e+00 1.332510882915735433e-02 0.000000000000000000e+00
-6.344564840157239372e-02 -2.490621041990215001e-01 2.435093184151698453e-01 1.571497071428761494e+00 -1.936129679796270153e-01 9.351118462025391764e-01 -2.949652724939113603e-03 4.250700377752326675e-01 5.416287756522986108e-01 1.913303144324033367e-01 -1.601472347285137765e+00 8.425490074210872579e-03 0.000000000000000000e+00
-6.201676760033589253e-02 -2.488416311122014779e-01 2.433282053768839326e-01 1.572402153561915483e+00 -1.971727965659981763e-01 9.344356652707523914e-01 6.798008925374182145e-03 4.240118307160896660e-01 5.412462125617087949e-01 2.027372658819716067e-01 -1.601790062403184445e+00 3.851599847419000244e-03 0.000000000000000000e+00
-6.046307880773662408e-02 -2.486177847622569326e-01 2.431140719069537770e-01 1.573397620054252322e+00 -2.010466071066030480e-01 9.338624291764787699e-01 1.738501988868559195e-02 4.229828518499103018e-01 5.406589855413463930e-01 2.151181852764523228e-01 -1.602025219527438260e+00 -1.159242163406654959e-03 0.000000000000000000e+00
-5.902331579719385934e-02 -2.484252627665922142e-01 2.429000021142344035e-01 1.574330693961644378e+00 -2.046364788894723397e-01 9.334811617029732389e-01 2.717995784983429780e-02 4.221425579469630374e-01 5.399553783813475505e-01 2.265659163802123954e-01 -1.602141333350965535e+00 -5.836778900761560758e-03 0.000000000000000000e+00
-5.745721343215001720e-02 -2.482320181435793693e-01 2.426504613653936993e-01 1.575357355034482154e+00 -2.085385097970080537e-01 9.332290175068314042e-01 3.781217285175789838e-02 4.213514326556414002e-01 5.390174130454212786e-01 2.389856014133105722e-01 -1.602158377581942128e+00 -1.096095519076406392e-02 0.000000000000000000e+00
-5.600545028626384425e-02 -2.480676679852375499e-01 2.424040531865167825e-01 1.576320246413100534e+00 -2.121503394277270971e-01 9.331449339165707180e-01 4.764302395632524778e-02 4.207309161216529203e-01 5.379895660227056453e-01 2.504638922905793597e-01 -1.602074754323713712e+00 -1.574341826443632561e-02 0.000000000000000000e+00
-5.442573838196297642e-02 -2.479048257717241244e-01 2.421198377172107674e-01 1.577380342693642135e+00 -2.160716172669854274e-01 9.332156104874376190e-01 5.830791053527815959e-02 4.201780105898388906e-01 5.367000634228893396e-01 2.629110578171757751e-01 -1.601877147770829790e+00 -2.098157524835096710e-02 0.000000000000000000e+00
-5.296078853276099674e-02 -2.477687497505945413e-01 2.418416514771979109e-01 1.578374878969308170e+00 -2.196969119277003557e-01 9.334309404939911126e-01 6.816335426803669939e-02 4.197788693214632438e-01 5.353455796924748711e-01 2.744096552977563497e-01 -1.601595784801662870e+00 -2.587016945265209478e-02 0.000000000000000000e+00
-5.136610585393924788e-02 -2.476367447663387900e-01 2.415233041530719937e-01 1.579470035664224170e+00 -2.236279905089135767e-01 9.338270846145544368e-01 7.884879296046445885e-02 4.194673127634375720e-01 5.336998792968601357e-01 2.868732491993272182e-01 -1.601184592729354872e+00 -3.122427381252606410e-02 0.000000000000000000e+00
-4.988674241641380402e-02 -2.475289407873619840e-01 2.412139393527605868e-01 1.580497912622850443e+00 -2.272578933333546658e-01 9.343432941605609443e-01 8.871747759726773819e-02 4.192908783412198637e-01 5.320167614879300899e-01 2.983818335339956107e-01 -1.600707886894230381e+00 -3.622011850735171873e-02 0.000000000000000000e+00
-4.827578254341854946e-02 -2.474273565742783898e-01 2.408621590925543732e-01 1.581630293667470433e+00 -2.311889983636303825e-01 9.350659471082085616e-01 9.941111799361511403e-02 4.192204710199008977e-01 5.300152627706813391e-01 3.108506205996920957e-01 -1.600086837728023959e+00 -4.169062173221356471e-02 0.000000000000000000e+00
-4.678073839171172088e-02 -2.473477433941859704e-01 2.405221911281311964e-01 1.582693172564982653e+00 -2.348142007711180312e-01 9.358843678215333917e-01 1.092817667117223224e-01 4.192678087082770122e-01 5.280020461446359725e-01 3.223588054601970176e-01 -1.599417052713869136e+00 -4.679474057010775401e-02 0.000000000000000000e+00
-4.515208731537313780e-02 -2.472767736771832869e-01 2.401375083838026836e-01 1.583864072907180898e+00 -2.387350292656256201e-01 9.369352848736665074e-01 1.199714206888129742e-01 4.194410473371866788e-01 5.256414201543897491e-01 3.348215338344135983e-01 -1.598587611192364033e+00 -5.238341324596345466e-02 0.000000000000000000e+00
-4.364009546320703203e-02 -2.472251382951887733e-01 2.397674985354694976e-01 1.584963364896996296e+00 -2.423459338320199663e-01 9.380566731005819392e-01 1.298327733102401238e-01 4.197129893739974249e-01 5.232973057629020097e-01 3.463189661820172960e-01 -1.597727410160268313e+00 -5.759671752736170158e-02 0.000000000000000000e+00
-4.199240953387894937e-02 -2.471841603714255986e-01 2.393506564398783787e-01 1.586174643257638905e+00 -2.462459602420032923e-01 9.394355529855236142e-01 1.405063484522494077e-01 4.201290750048086164e-01 5.205788840802036965e-01 3.587644838776892220e-01 -1.596693704183154150e+00 -6.330376355248222564e-02 0.000000000000000000e+00
-4.046220636452218383e-02 -2.471601938810008003e-01 2.389511806284371764e-01 1.587311570293908680e+00 -2.498326036925027083e-01 9.408601839432950698e-01 1.503472446675533924e-01 4.206260874432446450e-01 5.179036056071644190e-01 3.702408106736540527e-01 -1.595645750294207854e+00 -6.862706054808993816e-02 0.000000000000000000e+00
-3.879410350901472959e-02 -2.471491596114429035e-01 2.385026966761980005e-01 1.588563888211835362e+00 -2.537007618116051688e-01 9.425675885373911989e-01 1.609925486901158387e-01 4.212869841572614571e-01 5.148253908611963858e-01 3.826577326771212761e-01 -1.594409777232302039e+00 -7.445400291772366619e-02 0.000000000000000000e+00
-3.724445566964266346e-02 -2.471524547892023915e-01 2.380743245628547944e-01 1.589739334611342869e+00 -2.572528465826118271e-01 9.442951003020998435e-01 1.708018698017455816e-01 4.220093666029454127e-01 5.118192146227151795e-01 3.941025675931959515e-01 -1.593176999963704654e+00 -7.988795841781337614e-02 0.000000000000000000e+00
-3.555463876601776263e-02 -2.471705267999054767e-01 2.375949039877806035e-01 1.591034050318601345e+00 -2.610779214351675037e-01 9.463298981159224965e-01 1.814071431841727255e-01 4.229136429510819140e-01 5.083838699745673040e-01 4.064799083649617839e-01 -1.591742887716697030e+00 -8.583471390817624946e-02 0.000000000000000000e+00
-3.398434161569459377e-02 -2.472005973252163202e-01 2.371382743042501073e-01 1.592248616731732014e+00 -2.645848839449715939e-01 9.483588720170130770e-01 1.911739535869020623e-01 4.238613954040138521e-01 5.050473286028611675e-01 4.178829316519221404e-01 -1.590328482861755877e+00 -9.137983973901996071e-02 0.000000000000000000e+00
-3.227153242331814997e-02 -2.472475359624125013e-01 2.366284755814848650e-01 1.593585606996639648e+00 -2.683551499576646293e-01 9.507201023118057037e-01 2.017270955909909458e-01 4.250104162563285159e-01 5.012539219461524809e-01 4.302092395992994645e-01 -1.588698495116572795e+00 -9.744763590092693495e-02 0.000000000000000000e+00
-3.067945790996681743e-02 -2.473037991855506768e-01 2.361441544693119732e-01 1.594839524098262018e+00 -2.718060772981547579e-01 9.530492158820531579e-01 2.114404929691073853e-01 4.261831725318585562e-01 4.975884801798220458e-01 4.415600982184079704e-01 -1.587105258994432777e+00 -1.031043148919313368e-01 0.000000000000000000e+00
-2.894248763653755815e-02 -2.473785615755034750e-01 2.356047269278372380e-01 1.596219232588128811e+00 -2.755098289277100321e-01 9.557338282057261658e-01 2.219301352259547000e-01 4.275750070965612104e-01 4.934407399400781991e-01 4.538245875389816941e-01 -1.585284189441036551e+00 -1.092927272840836656e-01 0.000000000000000000e+00
-2.732758691753694666e-02 -2.474603299703451997e-01 2.350933273936069989e-01 1.597512179585377723e+00 -2.788937380894633833e-01 9.583604266363625612e-01 2.315794336455842817e-01 4.289722345624712996e-01 4.894482619918858468e-01 4.651131281885823587e-01 -1.583515584161115042e+00 -1.150611674947089186e-01 0.000000000000000000e+00
-2.556535149259821574e-02 -2.475625363811403412e-01 2.345249008880912478e-01 1.598933567816707146e+00 -2.825187331417815528e-01 9.613657369518748830e-01 2.419936418645550757e-01 4.306075819193480037e-01 4.849461881691068399e-01 4.773043140001516638e-01 -1.581505696486432022e+00 -1.213710699668393289e-01 0.000000000000000000e+00
-2.392666790388490658e-02 -2.476690705392969871e-01 2.339870486533068006e-01 1.600264752202100738e+00 -2.858243187601487989e-01 9.642865295994993424e-01 2.515682552603647482e-01 4.322284483377974995e-01 4.806290708840337267e-01 4.885202835100476704e-01 -1.579565051000091369e+00 -1.272513046865990649e-01 0.000000000000000000e+00
-2.213819377345114733e-02 -2.477974995017692694e-01 2.333903699481395533e-01 1.601727244899760372e+00 -2.893584799018293907e-01 9.676079837159528019e-01 2.618961770600169991e-01 4.341047451942992019e-01 4.757777234842910374e-01 5.006276796158204423e-01 -1.577371272052138895e+00 -1.336818899680020933e-01 0.000000000000000000e+00
-2.047488695202840867e-02 -2.479280154316319540e-01 2.328267235581460981e-01 1.603095391597097574e+00 -2.925744952363542595e-01 9.708187308484137468e-01 2.713857191037554739e-01 4.359481853008521091e-01 4.711386300234274849e-01 5.117610911319239175e-01 -1.575261915310741445e+00 -1.396737777164633876e-01 0.000000000000000000e+00
-1.865934044915549400e-02 -2.480821190515678509e-01 2.322024054881340893e-01 1.604596589106208171e+00 -2.960052740343748212e-01 9.744519762973244958e-01 2.816156365752927604e-01 4.380655981045468161e-01 4.659394737853204127e-01 5.237732792287262962e-01 -1.572886775092554368e+00 -1.462255035379514123e-01 0.000000000000000000e+00
-1.697069192283190420e-02 -2.482357514665771703e-01 2.316136870260458724e-01 1.605999757969193809e+00 -2.991202720421979322e-01 9.779471665977150785e-01 2.910099040310336616e-01 4.401301471606035021e-01 4.609817331000289897e-01 5.348140460284086517e-01 -1.570612435521626660e+00 -1.523286698080859869e-01 0.000000000000000000e+00
-1.512734156887515259e-02 -2.484142474713470217e-01 2.309625590397836048e-01 1.607538018055534756e+00 -3.024354621666756060e-01 9.818856162065081605e-01 3.011315473595024272e-01 4.424855466972104634e-01 4.554404938199008157e-01 5.467208728145848129e-01 -1.568060727723167291e+00 -1.590003211024116070e-01 0.000000000000000000e+00
-1.341278086722585104e-02 -2.485900782867656034e-01 2.303493974300926672e-01 1.608973601790520291e+00 -3.054379935683604330e-01 9.856595213457359783e-01 3.104205866626715826e-01 4.447696068061168795e-01 4.501682338098711433e-01 5.576591744913264037e-01 -1.565624867432126255e+00 -1.652142249396230667e-01 0.000000000000000000e+00
-1.154112859096375308e-02 -2.487923086545309748e-01 2.296722225879972157e-01 1.610544960741933096e+00 -3.086252078946829513e-01 9.898958660139647314e-01 3.204225209001412833e-01 4.473624604434180418e-01 4.442873083327034678e-01 5.694493548217570700e-01 -1.562899787846702582e+00 -1.720058183515431327e-01 0.000000000000000000e+00
-9.800228555333996908e-03 -2.489894411136671093e-01 2.290353787089208504e-01 1.612009846659429257e+00 -3.115038954610791500e-01 9.939412316855769092e-01 3.295965449337326381e-01 4.498640675238704256e-01 4.387046568976247229e-01 5.802753709690381401e-01 -1.560305868944965368e+00 -1.783296608075044254e-01 0.000000000000000000e+00
-7.899866861851160063e-03 -2.492140256691482147e-01 2.283329326712887353e-01 1.613611208398656238e+00 -3.145509783271722704e-01 9.984673136965667162e-01 3.394691494107653917e-01 4.526907799943941102e-01 4.324912357583610145e-01 5.919391510162309578e-01 -1.557412211262539925e+00 -1.852394819270671844e-01 0.000000000000000000e+00
-6.132377280960147128e-03 -2.494314831169012203e-01 2.276731505771723008e-01 1.615101410764933298e+00 -3.172947165853337026e-01 1.002775833309284437e+00 3.485187039529091257e-01 4.554077369384929019e-01 4.266031197462503144e-01 6.026433941226682078e-01 -1.554664095333687213e+00 -1.916722643163695228e-01 0.000000000000000000e+00
-4.203165865349607969e-03 -2.496777674373906741e-01 2.269462795495126306e-01 1.616727420680059701e+00 -3.201894305515624595e-01 1.007582162505402668e+00 3.582509265509810636e-01 4.584671098197486971e-01 4.200605318962526979e-01 6.141695553205310798e-01 -1.551604789031458376e+00 -1.986997971561138276e-01 0.000000000000000000e+00
-2.409016149665371611e-03 -2.499145774969070977e-01 2.262643246109318773e-01 1.618238262422678986e+00 -3.227872237217015439e-01 1.012144598825292618e+00 3.671667571168892308e-01 4.613969199139721367e-01 4.138724107873446023e-01 6.247425711642548007e-01 -1.548706204501016259e+00 -2.052402544772394255e-01 0.000000000000000000e+00
-4.509110280882606329e-04 -2.501811607063981202e-01 2.255139072090564800e-01 1.619884335122138808e+00 -3.255180596932540915e-01 1.017220367727499575e+00 3.767497095358621761e-01 4.646847587272431301e-01 4.070086457098833765e-01 6.361219256070269612e-01 -1.545486309585055951e+00 -2.123833019292658830e-01 0.000000000000000000e+00
1.369811137237628021e-03 -2.504364036640469027e-01 2.248106219101069780e-01 1.621410546710652767e+00 -3.279591156649752648e-01 1.022026252741464081e+00 3.855228612463693638e-01 4.678246589419601809e-01 4.005261121424670279e-01 6.465543265451945132e-01 -1.542440851720495942e+00 -2.190299361541015732e-01 0.000000000000000000e+00
3.356521106259417828e-03 -2.507226059536131757e-01 2.240374864925004650e-01 1.623069620440826810e+00 -3.305144528503465295e-01 1.027360013646961612e+00 3.949459907104240219e-01 4.713391993430240956e-01 3.933459635275045052e-01 6.577760218514340229e-01 -1.539063297668002983e+00 -2.262874163092173652e-01 0.000000000000000000e+00
5.203514754101070880e-03 -2.509953326253929751e-01 2.233136792899116929e-01 1.624605110832322730e+00 -3.327884487887171616e-01 1.032398006401940016e+00 4.035678082919874066e-01 4.746861936220083678e-01 3.865754090881958760e-01 6.680587531363390008e-01 -1.535874694894850956e+00 -2.330384298040273638e-01 0.000000000000000000e+00
7.218471988351562660e-03 -2.512997857300846016e-01 2.225187991747826777e-01 1.626271069217623655e+00 -3.351575690617698555e-01 1.037976422983527769e+00 4.128229588702852504e-01 4.784226086313895787e-01 3.790877985253837679e-01 6.791140008744487311e-01 -1.532344674869950740e+00 -2.404075796326015646e-01 0.000000000000000000e+00
9.091240730439395165e-03 -2.515890903845792725e-01 2.217753517838470800e-01 1.627809094901870424e+00 -3.372547003427799339e-01 1.043233908198235582e+00 4.212850866549847639e-01 4.819733680232786144e-01 3.720358811169082180e-01 6.892382074954667148e-01 -1.529016655613733233e+00 -2.472609250922978563e-01 0.000000000000000000e+00
1.113375062196479519e-02 -2.519112132813616789e-01 2.209596590741337296e-01 1.629473473437908382e+00 -3.394268441296732775e-01 1.049043068347542462e+00 4.303623380724653225e-01 4.859292607959959653e-01 3.642464012445354449e-01 7.001164216001133367e-01 -1.525336965935570888e+00 -2.547400468291354803e-01 0.000000000000000000e+00
1.303162040267957615e-02 -2.522162264651655050e-01 2.201974735871775057e-01 1.631006629463180424e+00 -3.413376851705316462e-01 1.054506429067501028e+00 4.386568198665444229e-01 4.896801900333180302e-01 3.569203114018364431e-01 7.100733817046743779e-01 -1.521873258621813996e+00 -2.616933773430074606e-01 0.000000000000000000e+00
1.510090040809756139e-02 -2.525547297565634008e-01 2.193619805163438963e-01 1.632661863583541262e+00 -3.433033533616112187e-01 1.060530838459710079e+00 4.475488151406963877e-01 4.938502342471913775e-01 3.488388159159367952e-01 7.207663729555060517e-01 -1.518049092454514692e+00 -2.692791087472323763e-01 0.000000000000000000e+00
1.702297281045521415e-02 -2.528746170733072174e-01 2.185819227522130814e-01 1.634182076960331464e+00 -3.450190996343103222e-01 1.066185911214413196e+00 4.556679943560209001e-01 4.977974717463659049e-01 3.412464099642298354e-01 7.305476975861763256e-01 -1.514453159192635123e+00 -2.763297944437034803e-01 0.000000000000000000e+00
1.911785808581466933e-02 -2.532289833551245595e-01 2.177275947760539121e-01 1.635818180762359297e+00 -3.467688780483406674e-01 1.072409486207061668e+00 4.643654790020562695e-01 5.021786047661416230e-01 3.328798230836367278e-01 7.410453459710506507e-01 -1.510487446013397905e+00 -2.840197386703345317e-01 0.000000000000000000e+00
2.106305484672556932e-02 -2.535630014180066949e-01 2.169306541606914607e-01 1.637316900601976322e+00 -3.482814784496568450e-01 1.078240490597445422e+00 4.723020652351421766e-01 5.063180226274790474e-01 3.250289573481375260e-01 7.506427793284509153e-01 -1.506763015228922420e+00 -2.911648001379353867e-01 0.000000000000000000e+00
2.318237574873017320e-02 -2.539320979975899784e-01 2.160585336375095422e-01 1.638925324703758513e+00 -3.498071529269055624e-01 1.084646155748848706e+00 4.807986143769309995e-01 5.109043522092453493e-01 3.163879317172122452e-01 7.609374948382612303e-01 -1.502660415569655461e+00 -2.989549458005806848e-01 0.000000000000000000e+00
2.514940073141504889e-02 -2.542795106696145724e-01 2.152456561418447378e-01 1.640393297133490691e+00 -3.511092500965991015e-01 1.090636785356209781e+00 4.885457499879715115e-01 5.152314896379197595e-01 3.082873946295181522e-01 7.703431140181484782e-01 -1.498811215688109266e+00 -3.061911206669758467e-01 0.000000000000000000e+00
2.729154853725369867e-02 -2.546629654597550307e-01 2.143567896423688723e-01 1.641962821820152740e+00 -3.524030190755720326e-01 1.097206245183965923e+00 4.968328415100255468e-01 5.200193539351778416e-01 2.993797865734757480e-01 7.804251761149160194e-01 -1.494574792184065748e+00 -3.140783718408681757e-01 0.000000000000000000e+00
2.927894385655193180e-02 -2.550231808177093606e-01 2.135289529320432700e-01 1.643390667312199405e+00 -3.534879791200991050e-01 1.103339620460351167e+00 5.043840350438635323e-01 5.245295503992816188e-01 2.910383665651838925e-01 7.896313245291564087e-01 -1.490604018998757496e+00 -3.214020648385860213e-01 0.000000000000000000e+00
3.144233791218749297e-02 -2.554199961323511681e-01 2.126244169140944495e-01 1.644911897111023258e+00 -3.545434506486166981e-01 1.110054262481495080e+00 5.124562094659481648e-01 5.295124246673607038e-01 2.818757608347661758e-01 7.994939421521013445e-01 -1.486238299023790788e+00 -3.293817277023041168e-01 0.000000000000000000e+00
3.344843424409105898e-02 -2.557924314934529875e-01 2.117826247714071353e-01 1.646289619183608721e+00 -3.554055106800309005e-01 1.116312464190726050e+00 5.198054355206171984e-01 5.342006867398497727e-01 2.733030452858011827e-01 8.084931629496426853e-01 -1.482149680960246574e+00 -3.367889440897096076e-01 0.000000000000000000e+00
3.563106751050350990e-02 -2.562024213661807104e-01 2.108635106833803008e-01 1.647750712992513300e+00 -3.562165628949092167e-01 1.123152564234932260e+00 5.276550362545985307e-01 5.393742766314921777e-01 2.638942303126057265e-01 8.181270816139770696e-01 -1.477657460833500691e+00 -3.448570904806455562e-01 0.000000000000000000e+00
3.765403958359184872e-02 -2.565866160623351822e-01 2.100087478076972658e-01 1.649068313927011253e+00 -3.568507387340273951e-01 1.129517633390944464e+00 5.347967021918095254e-01 5.442353445692138525e-01 2.551000729190004979e-01 8.269123174179304758e-01 -1.473454060526974363e+00 -3.523435359104808984e-01 0.000000000000000000e+00
3.985395672560348296e-02 -2.570089383817098505e-01 2.090761461087923267e-01 1.650459241715317660e+00 -3.574128482225322756e-01 1.136463391891155084e+00 5.424193017323751809e-01 5.495926259970445038e-01 2.454575655601505257e-01 8.363114118531471686e-01 -1.468839867622302897e+00 -3.604947729274273205e-01 0.000000000000000000e+00
4.189179475517571666e-02 -2.574045027379893713e-01 2.082094477583189551e-01 1.651706571163946258e+00 -3.578153223393201188e-01 1.142916565783654193e+00 5.493482476775161105e-01 5.546209737407367113e-01 2.364520863340477952e-01 8.448760047607875023e-01 -1.464525014024156802e+00 -3.680557868677849509e-01 0.000000000000000000e+00
4.410658774641575824e-02 -2.578391290508583733e-01 2.072644512930983951e-01 1.653015212761437702e+00 -3.581243313748476709e-01 1.149947495486835392e+00 5.567370882534000698e-01 5.601569199881980543e-01 2.265858734436310140e-01 8.540316862723709157e-01 -1.459791378344595492e+00 -3.762853208207796452e-01 0.000000000000000000e+00
4.615713616076666526e-02 -2.582457518251293216e-01 2.063868193396468931e-01 1.654182066673987705e+00 -3.582918790700575506e-01 1.156469994093000775e+00 5.634486536745633156e-01 5.653467551624900000e-01 2.173798581874453184e-01 8.623691115390273998e-01 -1.455368134090082588e+00 -3.839158099760747178e-01 0.000000000000000000e+00
4.838456176456905344e-02 -2.586920485015242743e-01 2.054305243173076279e-01 1.655398637539112094e+00 -3.583451963512769289e-01 1.163565974709908968e+00 5.706004396239165999e-01 5.710538427995025534e-01 2.073029892548035047e-01 8.712761203838247370e-01 -1.450519050377266472e+00 -3.922175155946105440e-01 0.000000000000000000e+00
5.044551740490114955e-02 -2.591094774052726812e-01 2.045429824066646307e-01 1.656474842385105894e+00 -3.582756394026893609e-01 1.170138682226785631e+00 5.770904966214124299e-01 5.763990734234005764e-01 1.979076232451131290e-01 8.793802527389903423e-01 -1.445990611259695635e+00 -3.999120537741219783e-01 0.000000000000000000e+00
5.268283375771797006e-02 -2.595675838207303632e-01 2.035765386792244280e-01 1.657587480527141111e+00 -3.580711630163984083e-01 1.177278564650497961e+00 5.839994688583777238e-01 5.822715433641070248e-01 1.876310172307151802e-01 8.880305994337311937e-01 -1.441028609516660008e+00 -4.082802052618553224e-01 0.000000000000000000e+00
5.475178253181491733e-02 -2.599956821403141549e-01 2.026800883958610466e-01 1.658563404307183298e+00 -3.577630972436356416e-01 1.183882813152933977e+00 5.902643555857073343e-01 5.877657778509950415e-01 1.780577520602071306e-01 8.958957130810621949e-01 -1.436397505539066533e+00 -4.160329335111850879e-01 0.000000000000000000e+00
5.699649512688996500e-02 -2.604651026336778363e-01 2.017045348110275138e-01 1.659562788653722976e+00 -3.573000990362005247e-01 1.191046791532172522e+00 5.969284501604399384e-01 5.937956406121251973e-01 1.675953905597766802e-01 9.042850034099481071e-01 -1.431326314191337934e+00 -4.244606066492816465e-01 0.000000000000000000e+00
5.907089254397034778e-02 -2.609037795087548739e-01 2.008002201416974331e-01 1.660429129389097369e+00 -3.567533468264123542e-01 1.197663588621372455e+00 6.029650374033225235e-01 5.994322210592778477e-01 1.578559441372477945e-01 9.119058386062915966e-01 -1.426595474830920862e+00 -4.322652332503542083e-01 0.000000000000000000e+00
6.131998175120227657e-02 -2.613848038727568102e-01 1.998166632284887334e-01 1.661304164803651062e+00 -3.560316109316614686e-01 1.204831044288318553e+00 6.093795272048874168e-01 6.056130850542156274e-01 1.472198113756892912e-01 9.200268154553519206e-01 -1.421417224407371060e+00 -4.407457368465753644e-01 0.000000000000000000e+00
6.339719275939539878e-02 -2.618340044629269281e-01 1.989054315454886201e-01 1.662051782720327608e+00 -3.552463472823750301e-01 1.211442195762623131e+00 6.151852849602873485e-01 6.113850872427988303e-01 1.373268337163173758e-01 9.273982456156095733e-01 -1.416589179667166354e+00 -4.485956038966656401e-01 0.000000000000000000e+00
6.564799878709125236e-02 -2.623262760218838530e-01 1.979149277173566368e-01 1.662794519945911986e+00 -3.542670509162393344e-01 1.218594050188929634e+00 6.213493710403574788e-01 6.177082971980011328e-01 1.265314439215723397e-01 9.352475134544544488e-01 -1.411307199119157696e+00 -4.571211482048226915e-01 0.000000000000000000e+00
6.772532270801637222e-02 -2.627860501673709992e-01 1.969977768547264974e-01 1.663415415687613752e+00 -3.532446332306067305e-01 1.225181696927880370e+00 6.269222353584300578e-01 6.236085305930717526e-01 1.164973187244262576e-01 9.423650777838002979e-01 -1.406384212686091706e+00 -4.650090984585010800e-01 0.000000000000000000e+00
6.997466101813490380e-02 -2.632899548086367059e-01 1.960013773863537312e-01 1.664015949316226539e+00 -3.520091454092297845e-01 1.232298375745854546e+00 6.328324556075883844e-01 6.300670957106773162e-01 1.055557213858355770e-01 9.499361118677592808e-01 -1.401000366226387683e+00 -4.735720268904601293e-01 0.000000000000000000e+00
7.204937977187882148e-02 -2.637603507737470432e-01 1.950792791919805369e-01 1.664502664965808343e+00 -3.507513821481671457e-01 1.238845235172879367e+00 6.381711614868157412e-01 6.360880368821557607e-01 9.539349814025688268e-02 9.567956158874764139e-01 -1.395984701787386761e+00 -4.814905036281336148e-01 0.000000000000000000e+00
7.429444958173721247e-02 -2.642756203075973254e-01 1.940779815042319445e-01 1.664954554653266250e+00 -3.492625083449363288e-01 1.245909132769498440e+00 6.438278488001986100e-01 6.426727692564040417e-01 8.432100643408890761e-02 9.640858862135138763e-01 -1.390501918893186195e+00 -4.900820943313246025e-01 0.000000000000000000e+00
7.636373130764394224e-02 -2.647567101722075322e-01 1.931518391047302718e-01 1.665300360946043945e+00 -3.477721246745772987e-01 1.252398928234280673e+00 6.489314641341992207e-01 6.488066284581017751e-01 7.404426726163659822e-02 9.706836680771033787e-01 -1.385395573819068193e+00 -4.980230747802092406e-01 0.000000000000000000e+00
7.860130183659412573e-02 -2.652837859619122662e-01 1.921466743998946347e-01 1.665595863412409727e+00 -3.460326335705268264e-01 1.259392184250691216e+00 6.543325545619615990e-01 6.555097383428039048e-01 6.285472962555971321e-02 9.776876485859572474e-01 -1.379815186070916244e+00 -5.066345726125486282e-01 0.000000000000000000e+00
8.066237884669244518e-02 -2.657756489506606368e-01 1.912173883468248348e-01 1.665795085774719908e+00 -3.443126708016683857e-01 1.265809410563688786e+00 6.592010127717082835e-01 6.617484595124234481e-01 5.247732296390217321e-02 9.840203793420567724e-01 -1.374620024574443988e+00 -5.145895346571561779e-01 0.000000000000000000e+00
8.288968219186215736e-02 -2.663143082269212591e-01 1.902092656110289659e-01 1.665929883240108822e+00 -3.423265751740967033e-01 1.272716556554085221e+00 6.643482373685588582e-01 6.685604261066826481e-01 4.118645204834803231e-02 9.907366052951275259e-01 -1.368944428817321812e+00 -5.232113189492059169e-01 0.000000000000000000e+00
8.493974397014281141e-02 -2.668170329290205922e-01 1.892776723604760458e-01 1.665977815196667322e+00 -3.403807237517044726e-01 1.279046980836433978e+00 6.689818713491877400e-01 6.748956868658176900e-01 3.072262580931739429e-02 9.968014886245922801e-01 -1.363661915637095268e+00 -5.311713077103710212e-01 0.000000000000000000e+00
8.715352942167421679e-02 -2.673676469378093445e-01 1.882675657640984768e-01 1.665946210768325386e+00 -3.381518876110458649e-01 1.285852204569936319e+00 6.738745643248540418e-01 6.818078548960910812e-01 1.934560163249932074e-02 1.003225299489972411e+00 -1.357892310293492777e+00 -5.397934581870706960e-01 0.000000000000000000e+00
8.918987875607357896e-02 -2.678813078319861596e-01 1.873345181969923445e-01 1.665839615444337340e+00 -3.359841922073454334e-01 1.292082533732172855e+00 6.782745724988556990e-01 6.882310665502260338e-01 8.809603727927717287e-03 1.009020071705875710e+00 -1.352523777010056660e+00 -5.477489528638963545e-01 0.000000000000000000e+00
9.138745641581823287e-02 -2.684436076779490588e-01 1.863232448456966228e-01 1.665639546392780446e+00 -3.335175267051724290e-01 1.298772972782381352e+00 6.829157964885913534e-01 6.952333825833986181e-01 -2.637195269450831603e-03 1.015151068009401802e+00 -1.346662026292737790e+00 -5.563609833284536288e-01 0.000000000000000000e+00
9.340742702128247699e-02 -2.689681880534194325e-01 1.853894871495236074e-01 1.665375872522973921e+00 -3.311320770603760621e-01 1.304891421437636367e+00 6.870840430687288336e-01 7.017356235428815481e-01 -1.323018482135007723e-02 1.020673798319953640e+00 -1.341208538170528097e+00 -5.643020636458792039e-01 0.000000000000000000e+00
9.558569597258016748e-02 -2.695424659837268311e-01 1.843779008519837448e-01 1.665004449882732551e+00 -3.284319243195001903e-01 1.311454245712322830e+00 6.914745970208607817e-01 7.088188330941652682e-01 -2.473077967274828204e-02 1.026508384794153628e+00 -1.335255041553655930e+00 -5.728927555322023135e-01 0.000000000000000000e+00
9.758666466746519774e-02 -2.700779329643681059e-01 1.834442255792711751e-01 1.664582842450426980e+00 -3.258335823494666883e-01 1.317449950258131608e+00 6.954134122730879497e-01 7.153908488742083405e-01 -3.536571401181642926e-02 1.031757808197836024e+00 -1.329717663857108656e+00 -5.808088021353809971e-01 0.000000000000000000e+00
9.974318242260872547e-02 -2.706637801080380434e-01 1.824330379290347026e-01 1.664040666349329456e+00 -3.229051377040184079e-01 1.323875259986310171e+00 6.995579567195236992e-01 7.225444324572974919e-01 -4.690319364431183580e-02 1.037296717212010222e+00 -1.323673752921228353e+00 -5.893666705612689016e-01 0.000000000000000000e+00
1.017227393905291849e-01 -2.712099924663417538e-01 1.815001178859225739e-01 1.663461223108278375e+00 -3.200981493797012689e-01 1.329739246040564371e+00 7.032706695952032350e-01 7.291767688360307753e-01 -5.756449327817181327e-02 1.042271968181468944e+00 -1.318052885124507023e+00 -5.972468310687588655e-01 0.000000000000000000e+00
1.038546126342310139e-01 -2.718075110415200113e-01 1.804901135409034685e-01 1.662748158318239078e+00 -3.169460551882359312e-01 1.336017105607651523e+00 7.071714682228694704e-01 7.363906730178101379e-01 -6.912194661884307756e-02 1.047512669732581392e+00 -1.311918559869618583e+00 -6.057594257561154105e-01 0.000000000000000000e+00
1.058104147705881265e-01 -2.723642219149815524e-01 1.795585680732338651e-01 1.662012463020367647e+00 -3.139350211668991975e-01 1.341741735299785576e+00 7.106619403055819406e-01 7.430736094572550909e-01 -7.979363258095428790e-02 1.052213481951707497e+00 -1.306214601446886947e+00 -6.135919822591202610e-01 0.000000000000000000e+00
1.079155479859764816e-01 -2.729727797615469909e-01 1.785503831599412616e-01 1.661132035254935246e+00 -3.105643162201539020e-01 1.347865479489806839e+00 7.143252515430402738e-01 7.503366489611462686e-01 -9.135361592466106906e-02 1.057157906831548422e+00 -1.299990527663262618e+00 -6.220467863508220008e-01 0.000000000000000000e+00
1.098454722702801589e-01 -2.735396117457245535e-01 1.776207936453139402e-01 1.660242852667206392e+00 -3.073534759160683194e-01 1.353444707096464805e+00 7.175982099437204775e-01 7.570601320281876712e-01 -1.020194429323739715e-01 1.061584546616451075e+00 -1.294203478614520453e+00 -6.298197546244362899e-01 0.000000000000000000e+00
1.119213250239989021e-01 -2.741590050733989647e-01 1.766150034219585718e-01 1.659197782910062813e+00 -3.037683972262543719e-01 1.359408069369334893e+00 7.210279619535790996e-01 7.643617207888578902e-01 -1.135639799417582640e-01 1.066231429823502941e+00 -1.287888990511887988e+00 -6.382029196828149509e-01 0.000000000000000000e+00
1.138234341707805714e-01 -2.747354386442004137e-01 1.756879122596685661e-01 1.658159358545633566e+00 -3.003618422223395257e-01 1.364837266119861336e+00 7.240888661524615966e-01 7.711154307342715786e-01 -1.242074363963145966e-01 1.070384696122508750e+00 -1.282018717679080932e+00 -6.459035831328335808e-01 0.000000000000000000e+00
1.158683433593332285e-01 -2.753647502155874283e-01 1.746850585456562188e-01 1.656955792535476313e+00 -2.965668772295941835e-01 1.370636782207471427e+00 7.272928486809087101e-01 7.784439174219516255e-01 -1.357186838920729777e-01 1.074737033712998002e+00 -1.275613948415494914e+00 -6.542016601943843046e-01 0.000000000000000000e+00
1.177409192303583430e-01 -2.759500877600975510e-01 1.737608927610541365e-01 1.655773690345327509e+00 -2.929681459088717688e-01 1.375913380393837926e+00 7.301478905275280429e-01 7.852172016013774236e-01 -1.463227255624959255e-01 1.078618391264706711e+00 -1.269659652850295695e+00 -6.618167695943840689e-01 0.000000000000000000e+00
1.197528891255254385e-01 -2.765887431708664024e-01 1.727615017544008036e-01 1.654417857855632334e+00 -2.889665264259893007e-01 1.381546219670105824e+00 7.331318959499346644e-01 7.925610680443526679e-01 -1.577820414169979202e-01 1.082676183238633350e+00 -1.263163137687156379e+00 -6.700143789038114361e-01 0.000000000000000000e+00
1.215945113688906148e-01 -2.771821036257764437e-01 1.718406817300406619e-01 1.653099015755557843e+00 -2.851787337999480698e-01 1.386668889936832239e+00 7.357881994002068993e-01 7.993430740763484144e-01 -1.683296240723113346e-01 1.086287629413862588e+00 -1.257124020441238166e+00 -6.775301523951513527e-01 0.000000000000000000e+00
1.235724002427116275e-01 -2.778287760867080292e-01 1.708450793751163932e-01 1.651599602010022316e+00 -2.809739623643157103e-01 1.392135335456959888e+00 7.385616153594155575e-01 8.066903360497136299e-01 -1.797184993159808286e-01 1.090055203407997553e+00 -1.250535226746327666e+00 -6.856127797245146205e-01 0.000000000000000000e+00
1.253818598603763379e-01 -2.784290709592019963e-01 1.699279256321612475e-01 1.650152169477423492e+00 -2.769996024303731375e-01 1.397104642651597617e+00 7.410269035805018278e-01 8.134698120786737485e-01 -1.901919129349354254e-01 1.093399268209782838e+00 -1.244409956239145520e+00 -6.930147696582807937e-01 0.000000000000000000e+00
1.273242533074593064e-01 -2.790826763150826006e-01 1.689364605581739065e-01 1.648518263472262824e+00 -2.725937409425807090e-01 1.402405574238214436e+00 7.435973866646463648e-01 8.208082190414143220e-01 -2.014906401757055043e-01 1.096878088962726094e+00 -1.237726886641645985e+00 -7.009656370927123126e-01 0.000000000000000000e+00
1.291007298251251600e-01 -2.796885861669947682e-01 1.680232598963822543e-01 1.646951957896107821e+00 -2.684346395556582721e-01 1.407223526575471784e+00 7.458804480881440213e-01 8.275737800536788757e-01 -2.118723078951070260e-01 1.099958034763402814e+00 -1.231513998134600163e+00 -7.082387966087460018e-01 0.000000000000000000e+00
1.310071938695130667e-01 -2.803473550434280037e-01 1.670361790546867342e-01 1.645195189201086983e+00 -2.638294636549396444e-01 1.412362652835969179e+00 7.482591169947754306e-01 8.348907485696444031e-01 -2.230621118472928543e-01 1.103153561755388923e+00 -1.224735187895912514e+00 -7.160421914978144509e-01 0.000000000000000000e+00
1.327501638571977061e-01 -2.809573037231880566e-01 1.661271209879203181e-01 1.643520845387886453e+00 -2.594864847894258197e-01 1.417033233058488051e+00 7.503694724215815848e-01 8.416305434983624156e-01 -2.333337910136739080e-01 1.105973250138537534e+00 -1.218432550860131025e+00 -7.231709411037385848e-01 0.000000000000000000e+00
1.346200352273520251e-01 -2.816195870885652153e-01 1.651446246073726143e-01 1.641653265204797485e+00 -2.546821967690489075e-01 1.422015106129851825e+00 7.525659811096516716e-01 8.489130906572386337e-01 -2.443941653368821854e-01 1.108888346267738134e+00 -1.211555203661110358e+00 -7.308086207939767931e-01 0.000000000000000000e+00
1.363293162393361679e-01 -2.822317310515235489e-01 1.642398263797784363e-01 1.639883149264457884e+00 -2.501556404786722254e-01 1.426543745804124130e+00 7.545140168680174453e-01 8.556151352775047680e-01 -2.545374801387214614e-01 1.111452371186239185e+00 -1.205160687567721212e+00 -7.377765820490874704e-01 0.000000000000000000e+00
1.381629086218620350e-01 -2.828951971172217195e-01 1.632619538317586771e-01 1.637918941278212692e+00 -2.451522172548230571e-01 1.431375787396210519e+00 7.565412150897856680e-01 8.628502781689775247e-01 -2.654491169150485774e-01 1.114093960671488803e+00 -1.198182539721441175e+00 -7.452316354675735388e-01 0.000000000000000000e+00
1.398387330841987797e-01 -2.835074107949844269e-01 1.623614522259109183e-01 1.636066253623265965e+00 -2.404410164650485626e-01 1.435769682695001714e+00 7.583382496143438178e-01 8.695022553607500981e-01 -2.754452920666610183e-01 1.116407382131413550e+00 -1.191693348251299467e+00 -7.520220304570029990e-01 0.000000000000000000e+00
1.416362349732260828e-01 -2.841697700037723595e-01 1.613882910776793522e-01 1.634020443983152937e+00 -2.352364466735639148e-01 1.440459944788333502e+00 7.602078552786067922e-01 8.766761455471511200e-01 -2.861868860073866205e-01 1.118779726030455945e+00 -1.184610804490288105e+00 -7.592746170536157635e-01 0.000000000000000000e+00
1.432792389502073604e-01 -2.847796460051445488e-01 1.604921222249146573e-01 1.632100177403622787e+00 -2.303387789430919597e-01 1.444727747354412672e+00 7.618660725313446402e-01 8.832653387162251457e-01 -2.960171462230869466e-01 1.120848469565229655e+00 -1.178023875008140653e+00 -7.658698023351424577e-01 0.000000000000000000e+00
1.450418281744968452e-01 -2.854379282531480100e-01 1.595235108859700823e-01 1.629989460328172157e+00 -2.249309373849994742e-01 1.449287260150695422e+00 7.635927996031246501e-01 8.903645938130766435e-01 -3.065689899361443427e-01 1.122960089993553456e+00 -1.170833872697144784e+00 -7.729018126144694412e-01 0.000000000000000000e+00
1.466530763072419197e-01 -2.860427125230552980e-01 1.586315376922504683e-01 1.628017273349698257e+00 -2.198436347561667503e-01 1.453439395985903548e+00 7.651253822314381114e-01 8.968782197862197325e-01 -3.162140272980300537e-01 1.124790613768819281e+00 -1.164145743093574215e+00 -7.792836121136536010e-01 0.000000000000000000e+00
1.483818875038507012e-01 -2.866939165823003677e-01 1.576674355214671697e-01 1.625859534347954494e+00 -2.142279320786677488e-01 1.457879712889236234e+00 7.667230791484038743e-01 9.038881258284989784e-01 -3.265540165463716171e-01 1.126647236522768214e+00 -1.156843754858740470e+00 -7.860735410498923548e-01 0.000000000000000000e+00
1.499628569660284017e-01 -2.872905110749500168e-01 1.567794384577428646e-01 1.623852509989033521e+00 -2.089468305976915907e-01 1.461928461007444779e+00 7.681440753270428745e-01 9.103129353792879241e-01 -3.359941236623753547e-01 1.128246997389578787e+00 -1.150050430392111966e+00 -7.922230463229943398e-01 0.000000000000000000e+00
1.516600229570283787e-01 -2.879310191435452970e-01 1.558195864010344378e-01 1.621666714293742650e+00 -2.031186183298143710e-01 1.466263593334783177e+00 7.696293202669800548e-01 9.172196439293267556e-01 -3.461024178958802544e-01 1.129858343007131172e+00 -1.142632594649859668e+00 -7.987515859982418087e-01 0.000000000000000000e+00
1.532126933329282237e-01 -2.885160185528120036e-01 1.549353522355623736e-01 1.619643072356808489e+00 -1.976382197751678227e-01 1.470222292934598940e+00 7.709537768561037785e-01 9.235421880942565886e-01 -3.553180205319903529e-01 1.131235197290701988e+00 -1.135729814262429027e+00 -8.046492228112495093e-01 0.000000000000000000e+00
1.548803477087768721e-01 -2.891419767073297731e-01 1.539793801067741441e-01 1.617449668467810575e+00 -1.915901064517626651e-01 1.474468027752608323e+00 7.723426819436074453e-01 9.303303193967594753e-01 -3.651713170911201622e-01 1.132608988939019401e+00 -1.128190405216414449e+00 -8.108931371449948911e-01 0.000000000000000000e+00
1.564071801207647661e-01 -2.897115751233948489e-01 1.530986101015121004e-01 1.615428732865776595e+00 -1.859035173868894830e-01 1.478351727862951215e+00 7.735867110678106284e-01 9.365366831591346308e-01 -3.741423083811064032e-01 1.133771591912893673e+00 -1.121173375218219137e+00 -8.165185988945964368e-01 0.000000000000000000e+00
1.580484206700038807e-01 -2.903186376589131923e-01 1.521461330662422229e-01 1.613248867975123346e+00 -1.796285438546978419e-01 1.482525068512643873e+00 7.748977186934293826e-01 9.431919227232427039e-01 -3.837206335576854865e-01 1.134919148026608759e+00 -1.113507865494589799e+00 -8.224573815464458759e-01 0.000000000000000000e+00
1.595523063726947133e-01 -2.908686801366012764e-01 1.512683741353457179e-01 1.611250914719635219e+00 -1.737277523358233822e-01 1.486350472925484167e+00 7.760782314256342573e-01 9.492681910663675060e-01 -3.924267734772635130e-01 1.135876953912655640e+00 -1.106371326142477018e+00 -8.277896292600298578e-01 0.000000000000000000e+00
1.611704084818408322e-01 -2.914521040479066682e-01 1.503188857470184048e-01 1.609107534708961396e+00 -1.672151799482195500e-01 1.490470466885294165e+00 7.773299837169987958e-01 9.557742936094311137e-01 -4.017060256634266135e-01 1.136807462397529500e+00 -1.098572924680452534e+00 -8.333981799367095045e-01 0.000000000000000000e+00
1.626547760491972305e-01 -2.919780076666854129e-01 1.494436789010268885e-01 1.607153874949923456e+00 -1.610907379653570004e-01 1.494255627233272321e+00 7.784650895526177283e-01 9.617060188843917778e-01 -4.101268078722026811e-01 1.137570724365946084e+00 -1.091311216757106184e+00 -8.384155754304186692e-01 0.000000000000000000e+00
1.642538307759529859e-01 -2.925326346413921752e-01 1.484965977231289813e-01 1.605069960016551001e+00 -1.543308543044266123e-01 1.498342510366850178e+00 7.796779596920669908e-01 9.680482038623610119e-01 -4.190866138856108591e-01 1.138297101553265245e+00 -1.083374330918397632e+00 -8.436720562109899513e-01 0.000000000000000000e+00
1.657225614637091171e-01 -2.930294071427425040e-01 1.476233489557952361e-01 1.603182689641595715e+00 -1.479720511096793700e-01 1.502107055510358391e+00 7.807867002328943151e-01 9.738208052621895039e-01 -4.272012657270822800e-01 1.138876871722575457e+00 -1.075981329153310240e+00 -8.483522289316678400e-01 0.000000000000000000e+00
1.673069438577869106e-01 -2.935495562144814774e-01 1.466780555798754826e-01 1.601183665657063493e+00 -1.409511739380553408e-01 1.506183033000268567e+00 7.819817271930400437e-01 9.799819618650604802e-01 -4.358169913276519480e-01 1.139410169730863842e+00 -1.067898169191729085e+00 -8.532296753100935272e-01 0.000000000000000000e+00
1.687644218498111637e-01 -2.940117402938615676e-01 1.458060669363795969e-01 1.599385818299121631e+00 -1.343457617408581051e-01 1.509948191584391086e+00 7.830842758843328255e-01 9.855805256876523091e-01 -4.436043406711527304e-01 1.139818299167918436e+00 -1.060367149103148554e+00 -8.575493225982019352e-01 0.000000000000000000e+00
1.703392176730150753e-01 -2.944913853439862228e-01 1.448618145671715374e-01 1.597495939364760531e+00 -1.270513567276960742e-01 1.514036347805218563e+00 7.842838302183319232e-01 9.915455404762391067e-01 -4.518554795184908102e-01 1.140172899067062540e+00 -1.052131123694996839e+00 -8.620246982310529882e-01 0.000000000000000000e+00
1.717902949319047856e-01 -2.949130919774735071e-01 1.439903759946762896e-01 1.595811228245982427e+00 -1.201858591482558580e-01 1.517824534923182922e+00 7.854013591907563763e-01 9.969548201243535468e-01 -4.592943542333545182e-01 1.140422037787039322e+00 -1.044454961327006881e+00 -8.659599847948357132e-01 0.000000000000000000e+00
1.733609701711606721e-01 -2.953454392111534710e-01 1.430463302482097021e-01 1.594057676415992830e+00 -1.126009023904317452e-01 1.521950541968283721e+00 7.866291430323102407e-01 1.002705716761297827e+00 -4.671552068229414267e-01 1.140610855908325894e+00 -1.036057082303605492e+00 -8.700043278052573825e-01 0.000000000000000000e+00
1.748109553332879984e-01 -2.957202955556504365e-01 1.421746553157795523e-01 1.592510499464239615e+00 -1.054604693627845258e-01 1.525785588914206237e+00 7.877838896809685743e-01 1.007910199321585321e+00 -4.742242350414205276e-01 1.140714452874730167e+00 -1.028228121068072376e+00 -8.735305528256039898e-01 0.000000000000000000e+00
1.763835287166768406e-01 -2.960982785288099883e-01 1.412298766013817819e-01 1.590918634700310363e+00 -9.756977107913655800e-02 1.529975575149272737e+00 7.890644706911331685e-01 1.013431398314510234e+00 -4.816738955586992166e-01 1.140753734500808747e+00 -1.019660864999341943e+00 -8.771193621315674926e-01 0.000000000000000000e+00
1.778381797403552622e-01 -2.964193961454975046e-01 1.403571197428100659e-01 1.589533715484172660e+00 -9.013806511929889353e-02 1.533882616069821347e+00 7.902798042545907675e-01 1.018415304557511947e+00 -4.883515056759639705e-01 1.140725904467417617e+00 -1.011670915675913385e+00 -8.802110924200677866e-01 0.000000000000000000e+00
1.794191055665557977e-01 -2.967350575367808663e-01 1.394106340542631550e-01 1.588132064857834536e+00 -8.192161123034757964e-02 1.538165443245599118e+00 7.916394145701035612e-01 1.023688097199759728e+00 -4.953638085632243726e-01 1.140630563300392586e+00 -1.002924095970684437e+00 -8.833135419319556592e-01 0.000000000000000000e+00
1.808846000750398419e-01 -2.969949205665439740e-01 1.385358224575041208e-01 1.586934622327841993e+00 -7.418095808196900620e-02 1.542171451294535478e+00 7.929399692884436801e-01 1.028435248421853299e+00 -5.016278963422269310e-01 1.140486619443473959e+00 -9.947643701277633088e-01 -8.859444121938175876e-01 0.000000000000000000e+00
1.824806765307392387e-01 -2.972401161884354881e-01 1.375866073531021305e-01 1.585748574554562751e+00 -6.562084757910913169e-02 1.546575855326160154e+00 7.944051739411780444e-01 1.033443589167856169e+00 -5.081818026268574151e-01 1.140274232346540018e+00 -9.858293315124929679e-01 -8.885347358280830665e-01 0.000000000000000000e+00
1.839635205960173658e-01 -2.974306893524713002e-01 1.367087633212156483e-01 1.584763784852690094e+00 -5.755249853082933242e-02 1.550708866490548621e+00 7.958165161608655724e-01 1.037937673507364877e+00 -5.140104635676321365e-01 1.140030153632634269e+00 -9.774906412443187254e-01 -8.906777815572700652e-01 0.000000000000000000e+00
1.855821268292848492e-01 -2.975960163567242800e-01 1.357556926160132516e-01 1.583822873567868328e+00 -4.862557364631880930e-02 1.555267359230271040e+00 7.974165433437850892e-01 1.042661921544083770e+00 -5.200790087435955833e-01 1.139718031152876954e+00 -9.683558655472923604e-01 -8.927228895373691131e-01 0.000000000000000000e+00
1.870891530427779836e-01 -2.977085770303602996e-01 1.348737632262327069e-01 1.583075695810836514e+00 -4.020935805083247772e-02 1.559557040180490128e+00 7.989655044128025629e-01 1.046886227665167368e+00 -5.254498057139584954e-01 1.139390595496851732e+00 -9.598284237368587268e-01 -8.943502141214619838e-01 0.000000000000000000e+00
1.887376806488495207e-01 -2.977845796797632394e-01 1.339156939790083489e-01 1.582404526338070383e+00 -3.089539235189064925e-02 1.564301350915043409e+00 8.007291162656802186e-01 1.051310004551897936e+00 -5.310118176505889132e-01 1.138998045552173988e+00 -9.504842569991249768e-01 -8.958230087833030097e-01 0.000000000000000000e+00
1.902759651486671810e-01 -2.978097374681399900e-01 1.330285941345760448e-01 1.581919736549616928e+00 -2.211008034473671557e-02 1.568779007158509486e+00 8.024435927964459481e-01 1.055247554802607457e+00 -5.359023135183558217e-01 1.138605096133332939e+00 -9.417576107391533169e-01 -8.969059166615565015e-01 0.000000000000000000e+00
1.919624136717260898e-01 -2.977854201243257948e-01 1.320642864856871046e-01 1.581547211692506671e+00 -1.238298190235598284e-02 1.573745393248299873e+00 8.044028138313900067e-01 1.059350420777983581e+00 -5.409300953403164414e-01 1.138151426641637931e+00 -9.321910700503979186e-01 -8.977711776997232551e-01 0.000000000000000000e+00
1.935392786817335953e-01 -2.977129637486620739e-01 1.311708832057123519e-01 1.581348827522235823e+00 -3.206077172765553485e-03 1.578444050122403963e+00 8.063121671749222674e-01 1.062983971190260224e+00 -5.453175866571948749e-01 1.137711738745665890e+00 -9.232543003804190018e-01 -8.982801077840374404e-01 0.000000000000000000e+00
