-1.443593409713589404e-03 -1.858922887485375819e-03 2.128419403471193405e-03 -5.800435114191593300e-04 -9.785852442773190774e-03 -9.382292922791801715e-03 0.000000000000000000e+00
-1.292647238433086709e-03 -1.662645209327406892e-03 2.013618568194139313e-03 -6.525016060261457085e-04 -9.052037311302552069e-03 -8.729560754978660242e-03 0.000000000000000000e+00
-1.356129291626095856e-03 -1.745976646848362845e-03 2.232828466228312103e-03 -8.349322300920114515e-04 -9.824543192166856898e-03 -9.529536870851895713e-03 0.000000000000000000e+00
-1.210126138871753243e-03 -1.563202565311228032e-03 2.107009028454884247e-03 -8.899251433165389358e-04 -9.082814002943528919e-03 -8.861598441251228309e-03 0.000000000000000000e+00
-1.264718588823238177e-03 -1.643425788312696811e-03 2.330747764657678522e-03 -1.094315143450597105e-03 -9.851837471200219909e-03 -9.669441815793433648e-03 0.000000000000000000e+00
-1.123501673423399350e-03 -1.472826124771148271e-03 2.194527132112350509e-03 -1.131578938147637103e-03 -9.102158813558691719e-03 -8.989126416353521165e-03 0.000000000000000000e+00
-1.168327448811512514e-03 -1.550217467570641494e-03 2.422398086737817535e-03 -1.358481632789843019e-03 -9.865568057980222960e-03 -9.806649133529354856e-03 0.000000000000000000e+00
-1.032427798214746728e-03 -1.391430596936388264e-03 2.275941570251988066e-03 -1.376940706684148807e-03 -9.107002833718347290e-03 -9.115161865799414898e-03 0.000000000000000000e+00
-1.067404282264899917e-03 -1.466960220828206207e-03 2.507145184914502667e-03 -1.625658384095007847e-03 -9.861786078159795466e-03 -9.943490765739415593e-03 0.000000000000000000e+00
-9.367849822828067108e-04 -1.318803688703074073e-03 2.351126970368960789e-03 -1.625329808117914610e-03 -9.094849135260041351e-03 -9.242867639000618141e-03 0.000000000000000000e+00
-9.610502625211625460e-04 -1.392769842732344276e-03 2.585219366506755212e-03 -1.896321448394910902e-03 -9.838267693899283017e-03 -1.008381965857552132e-02 0.000000000000000000e+00
-8.364958325413063278e-04 -1.254682983728688805e-03 2.419924166526976617e-03 -1.875999312810350261e-03 -9.062867827457576908e-03 -9.374654196209419865e-03 0.000000000000000000e+00
-8.501123518165065729e-04 -1.327949516577442424e-03 2.656191230454463259e-03 -2.168819291375800873e-03 -9.791954216197940042e-03 -1.022980041700716214e-02 0.000000000000000000e+00
-7.316001526126436616e-04 -1.198779180203224382e-03 2.482208756154818952e-03 -2.128447838982250317e-03 -9.008660695718262446e-03 -9.512902957459434816e-03 0.000000000000000000e+00
-7.338101168351263137e-04 -1.271641360793801523e-03 2.720179834054231582e-03 -2.443190712576814860e-03 -9.720265011686990420e-03 -1.038406315254736256e-02 0.000000000000000000e+00
-6.222489230392758142e-04 -1.150787498830824207e-03 2.537944293835303622e-03 -2.381938698968077972e-03 -8.930018504936132473e-03 -9.659714040118672074e-03 0.000000000000000000e+00
-6.132471008125361944e-04 -1.223808408063575826e-03 2.776956657131290918e-03 -2.717851366645707145e-03 -9.620984545694266643e-03 -1.054827856640239148e-02 0.000000000000000000e+00
-5.086538814037533385e-04 -1.110270625305026515e-03 2.587077560015471622e-03 -2.635654920289276504e-03 -8.824749930159470068e-03 -9.816578093037264807e-03 0.000000000000000000e+00
-4.877514699153928657e-04 -1.183799434608251433e-03 2.826609427924953177e-03 -2.992716469037315363e-03 -9.491661575120602379e-03 -1.072438665068009556e-02 0.000000000000000000e+00
-3.910782362234466181e-04 -1.076827290480281141e-03 2.629567961575179913e-03 -2.888729013073909613e-03 -8.690915311849511937e-03 -9.984774539975926899e-03 0.000000000000000000e+00
-3.586226352183530253e-04 -1.151180187948713796e-03 2.869045543632736672e-03 -3.265873932030149973e-03 -9.330611128288701650e-03 -1.091291629047219658e-02 0.000000000000000000e+00
-2.698687420873147058e-04 -1.049976490423348841e-03 2.665465376832154565e-03 -3.140155190470395041e-03 -8.526798254224310369e-03 -1.016509414247046550e-02 0.000000000000000000e+00
-2.252134014454620914e-04 -1.125470903885178453e-03 2.904360737034344941e-03 -3.537004307269775438e-03 -9.135470739709550259e-03 -1.111502949086062841e-02 0.000000000000000000e+00
-1.453731132144975291e-04 -1.029197348043631166e-03 2.694755283519562061e-03 -3.388637745810996194e-03 -8.330642279154254481e-03 -1.035769018601584435e-02 0.000000000000000000e+00
-8.899319123650828445e-05 -1.105979396955475424e-03 2.932554700095568734e-03 -3.803930199689720126e-03 -8.905325578317135893e-03 -1.133020213556612532e-02 0.000000000000000000e+00
-1.801898765591003482e-05 -1.013969674560605272e-03 2.717596412558948016e-03 -3.632887617422309035e-03 -8.101333313792480340e-03 -1.056267186643378153e-02 0.000000000000000000e+00
5.066700145026081792e-05 -1.092293081733086701e-03 2.953717957848378539e-03 -4.065593559338331886e-03 -8.637745747526626161e-03 -1.155839174953721127e-02 0.000000000000000000e+00
1.118073063426372471e-04 -1.003687381286172409e-03 2.733965583624736739e-03 -3.871070595885761634e-03 -7.837268291367216477e-03 -1.077887505992780603e-02 0.000000000000000000e+00
1.921762457645082023e-04 -1.083524370149774319e-03 2.968066483647058273e-03 -4.319550508202318895e-03 -8.332980126855460412e-03 -1.179829687511091407e-02 0.000000000000000000e+00
2.436665595844378363e-04 -9.978002517036510532e-04 2.744009855870033210e-03 -4.101456768998534841e-03 -7.537594155565763288e-03 -1.100520930813564391e-02 0.000000000000000000e+00
3.361865021130061582e-04 -1.079401137438151803e-03 2.975610712492637866e-03 -4.564045737408317649e-03 -7.988453412185236857e-03 -1.204854743646910364e-02 0.000000000000000000e+00
3.770581601298672592e-04 -9.956968235356744579e-04 2.747942434631750475e-03 -4.321644107861288830e-03 -7.201722689213596595e-03 -1.123999621053695108e-02 0.000000000000000000e+00
4.810807377251813399e-04 -1.078791819371760496e-03 2.976630732542701052e-03 -4.796046923301489073e-03 -7.605153416256449361e-03 -1.230633632535216293e-02 0.000000000000000000e+00
5.115713858581394380e-04 -9.967767909223601563e-04 2.745879299162701237e-03 -4.529241680668150138e-03 -6.828984826854345158e-03 -1.148067892208803897e-02 0.000000000000000000e+00
6.275020774088591047e-04 -1.081597622103191991e-03 2.971179741368706884e-03 -5.013037330001246517e-03 -7.180824937417451537e-03 -1.256935099673883727e-02 0.000000000000000000e+00
6.467161916552388590e-04 -1.000421171962778688e-03 2.738015302200136336e-03 -4.721269091814583874e-03 -6.419287733037126742e-03 -1.172443202425421660e-02 0.000000000000000000e+00
7.737831949329587733e-04 -1.086550282967613246e-03 2.959687674253225209e-03 -5.211445853783303050e-03 -6.717579186365618682e-03 -1.283363808971982323e-02 0.000000000000000000e+00
7.820593982940104993e-04 -1.006054112995063976e-03 2.724592082527121928e-03 -4.894754184395111452e-03 -5.972758090773133688e-03 -1.196788043154661807e-02 0.000000000000000000e+00
9.206133046788800289e-04 -1.093623354542716530e-03 2.942101157352550178e-03 -5.387782391291118245e-03 -6.213313298504274940e-03 -1.309552976567074367e-02 0.000000000000000000e+00
9.171471467291913982e-04 -1.013063393048102556e-03 2.705789631930993755e-03 -5.046118225404683244e-03 -5.489754714592898210e-03 -1.220693971482145201e-02 0.000000000000000000e+00
1.066335658138045650e-03 -1.101538364414150761e-03 2.919043678869776004e-03 -5.538340292511989560e-03 -5.671410028489809463e-03 -1.335037999928223584e-02 0.000000000000000000e+00
1.051532088533896347e-03 -1.020900461092849598e-03 2.681928682858825130e-03 -5.171874687547095562e-03 -4.971297949528441507e-03 -1.243753702335981259e-02 0.000000000000000000e+00
1.211669061329495589e-03 -1.110432305256009444e-03 2.890418495909707897e-03 -5.659035438543291718e-03 -5.090173765196048805e-03 -1.359366746712975527e-02 0.000000000000000000e+00
1.184788692123073250e-03 -1.028945772838157913e-03 2.653185828292631276e-03 -5.267917375888053755e-03 -4.418446303153800159e-03 -1.265462341737366714e-02 0.000000000000000000e+00
1.354967319058375530e-03 -1.118907317946726820e-03 2.856894004459459291e-03 -5.745803283129014005e-03 -4.474182394429426779e-03 -1.381983515759932502e-02 0.000000000000000000e+00
1.316519635937957178e-03 -1.036790621500915943e-03 2.619926360871938087e-03 -5.330908923245836206e-03 -3.833096348981879231e-03 -1.285396840995112200e-02 0.000000000000000000e+00
1.496971746399594627e-03 -1.127244820807310477e-03 2.818386130030353653e-03 -5.794177476666995119e-03 -3.822300835065739477e-03 -1.402381619482984121e-02 0.000000000000000000e+00
1.446323907396407371e-03 -1.043874917434212124e-03 2.582369494729341852e-03 -5.356737958774004937e-03 -3.217152962140534811e-03 -1.303016286768254872e-02 0.000000000000000000e+00
1.636090365965486848e-03 -1.134125916041867077e-03 2.775672294095449244e-03 -5.800842737918365799e-03 -3.140563373372984302e-03 -1.420051876709571559e-02 0.000000000000000000e+00
1.573820776185286263e-03 -1.049749631383767312e-03 2.540847442286997548e-03 -5.341896987494543225e-03 -2.573313813678979045e-03 -1.317855754560426362e-02 0.000000000000000000e+00
1.773096825414682831e-03 -1.139930652983234260e-03 2.728564727567328596e-03 -5.761317101163676568e-03 -2.428235021068481103e-03 -1.434441879839187806e-02 0.000000000000000000e+00
1.698628589383077703e-03 -1.054044185711616732e-03 2.495696898986987655e-03 -5.283239566201025639e-03 -1.904626050220237232e-03 -1.329470683769695682e-02 0.000000000000000000e+00
1.906465774680898839e-03 -1.143330288182808907e-03 2.677896080072961205e-03 -5.673133783361983262e-03 -1.692561193367581041e-03 -1.445096375149823587e-02 0.000000000000000000e+00
1.820469910020411364e-03 -1.056399518076067690e-03 2.447168797719362354e-03 -5.178138154054323650e-03 -1.214305887632161074e-03 -1.337429616716079295e-02 0.000000000000000000e+00
2.036960356119749127e-03 -1.144917787832100409e-03 2.623528832087329565e-03 -5.532824480519948906e-03 -9.336148142735645195e-04 -1.451573710997822175e-02 0.000000000000000000e+00
1.938970327182404363e-03 -1.056477544449790917e-03 2.395631523893521075e-03 -5.024352276296717434e-03 -5.062736786989319171e-04 -1.341371122994727827e-02 0.000000000000000000e+00
2.163153624638758377e-03 -1.143426158254995384e-03 2.566304289418286366e-03 -5.339621574560027284e-03 -1.595932079938577886e-04 -1.453556192451221918e-02 0.000000000000000000e+00
2.053876299389384430e-03 -1.054032624242834393e-03 2.341370257616492978e-03 -4.820660063857395983e-03 2.155230211453584843e-04 -1.340995650956111618e-02 0.000000000000000000e+00
2.285833752793925422e-03 -1.139530499054519641e-03 2.505965112651220572e-03 -5.091133069877962214e-03 6.291743173045816206e-04 -1.450667115123049911e-02 0.000000000000000000e+00
2.164890393339530261e-03 -1.048823087222289230e-03 2.284678797437600384e-03 -4.566448280591828279e-03 9.467250267944926634e-04 -1.336076119524420847e-02 0.000000000000000000e+00
2.403645018633104868e-03 -1.132105807172767431e-03 2.443530288229911474e-03 -4.789031470170179716e-03 1.423528611624647056e-03 -1.442859114940198140e-02 0.000000000000000000e+00
2.271799835276588908e-03 -1.040701214753025905e-03 2.225826934799279844e-03 -4.262253220859157921e-03 1.682979343137880335e-03 -1.326475117675940396e-02 0.000000000000000000e+00
2.517387643527546626e-03 -1.121923830574078629e-03 2.378635645300442025e-03 -4.432510023392843834e-03 2.223014225715136405e-03 -1.429882023264461566e-02 0.000000000000000000e+00
2.374363170892457298e-03 -1.029559371004518109e-03 2.165190199568234330e-03 -3.909510632126966811e-03 2.419627085660458476e-03 -1.312172748513384946e-02 0.000000000000000000e+00
2.625831934308098248e-03 -1.107952856002319963e-03 2.312237265523209295e-03 -4.025530918055686413e-03 3.018366900289670696e-03 -1.411895817747410575e-02 0.000000000000000000e+00
2.472403906965320308e-03 -1.015324404137013525e-03 2.103039037299525571e-03 -3.510629057021930066e-03 3.152187039188181217e-03 -1.293215654908896894e-02 0.000000000000000000e+00
2.729759027613049005e-03 -1.091061685360827926e-03 2.243963175170060609e-03 -3.568993220614657957e-03 3.809102506387773701e-03 -1.388809404307878026e-02 0.000000000000000000e+00
2.565752071567228842e-03 -9.979590510769409395e-04 2.039562434314967643e-03 -3.068702915164145395e-03 3.876299057600451903e-03 -1.269708537565916728e-02 0.000000000000000000e+00
2.828051962359301452e-03 -1.070343763811182347e-03 2.174848020432551543e-03 -3.069248390498380274e-03 4.586055144387479743e-03 -1.361048534190834047e-02 0.000000000000000000e+00
2.654277937558069400e-03 -9.774978877516438125e-04 1.975089376376470973e-03 -2.587894778170785060e-03 4.587694988756219061e-03 -1.241881025090307844e-02 0.000000000000000000e+00
2.921503280564591298e-03 -1.046755704586621594e-03 2.104407893324111711e-03 -2.528621186598023485e-03 5.349192272992020492e-03 -1.328625420616491581e-02 0.000000000000000000e+00
2.737850074275516299e-03 -9.540100067920165294e-04 1.909902376967531623e-03 -2.073004388275734300e-03 5.282266498210841377e-03 -1.210033654187459007e-02 0.000000000000000000e+00
3.009137243216220003e-03 -1.019459698016894622e-03 2.033562365070462619e-03 -1.954973888568467544e-03 6.090137683563145998e-03 -1.292095319921804375e-02 0.000000000000000000e+00
2.816419024459809739e-03 -9.275848348421489309e-04 1.844140083576806255e-03 -1.529267713570980902e-03 5.956504871775791798e-03 -1.174462278482035771e-02 0.000000000000000000e+00
3.091695161018093163e-03 -9.895261872745475529e-04 1.961997747365273881e-03 -1.351963555489277269e-03 6.809046915260630328e-03 -1.251649038468327646e-02 0.000000000000000000e+00
2.889899924878175375e-03 -8.983469952382749923e-04 1.778035399972344166e-03 -9.623191881757975352e-04 6.606967307837052772e-03 -1.135537367677175169e-02 0.000000000000000000e+00
3.168356371647085279e-03 -9.561908706283706039e-04 1.890481510023522826e-03 -7.284069521578118156e-04 7.498655645465035491e-03 -1.207916017469568004e-02 0.000000000000000000e+00
2.958289189086527049e-03 -8.664995007821030271e-04 1.711873180409384521e-03 -3.783163234656328200e-04 7.230722777759268638e-03 -1.093699077561893773e-02 0.000000000000000000e+00
3.239847370098164481e-03 -9.205336542824071877e-04 1.818558347123466756e-03 -8.806673609829118732e-05 8.159826165797134934e-03 -1.161042507124587786e-02 0.000000000000000000e+00
3.021565285608929230e-03 -8.321877214849116022e-04 1.645672129442388165e-03 2.169383004462233089e-04 7.825255744738690566e-03 -1.049276351122863105e-02 0.000000000000000000e+00
3.305487896082981436e-03 -8.819262207339084725e-04 1.747127306025719751e-03 5.595076334339310620e-04 8.786292507390047746e-03 -1.111802841863251956e-02 0.000000000000000000e+00
3.079762140626773892e-03 -7.956601218483960736e-04 1.579722568329056109e-03 8.172235862300425424e-04 8.388367672423679977e-03 -1.002732817266460685e-02 0.000000000000000000e+00
3.365958693427983928e-03 -8.414550858103497788e-04 1.675644284241106785e-03 1.210870624908544357e-03 9.379454934689057666e-03 -1.060278258325642042e-02 0.000000000000000000e+00
3.132929785013560675e-03 -7.571321638769890061e-04 1.514040104755809413e-03 1.416703180292522291e-03 8.918369435559014846e-03 -9.543983937698730102e-03 0.000000000000000000e+00
3.420720952302822027e-03 -7.985309412131269546e-04 1.604888437574947258e-03 1.856898798162198716e-03 9.934299313725247771e-03 -1.007203354635066717e-02 0.000000000000000000e+00
3.181144105243477460e-03 -7.168721608168671100e-04 1.448839373633548089e-03 2.009751244332669273e-03 9.413846734076969369e-03 -9.046819104987946503e-03 0.000000000000000000e+00
3.470431779114740989e-03 -7.542792681577703551e-04 1.534326652070816532e-03 2.494393871613986846e-03 1.045265774032433370e-02 -9.526112612091353071e-03 0.000000000000000000e+00
3.224488723889820663e-03 -6.751230627188853362e-04 1.384135225194038643e-03 2.591063615477118276e-03 9.873753562624543179e-03 -8.538729853361015643e-03 0.000000000000000000e+00
3.514674294953570866e-03 -7.081495938630888443e-04 1.464717092577449975e-03 3.115034850560860491e-03 1.093061909203862925e-02 -8.972044020429503774e-03 0.000000000000000000e+00
3.263087774490816551e-03 -6.321590282127587113e-04 1.320024359265259406e-03 3.155680573059704841e-03 1.029740790135980077e-02 -8.022782078834556074e-03 0.000000000000000000e+00
3.554076261558139493e-03 -6.612649391859182213e-04 1.395462195334817856e-03 3.716368769236311209e-03 1.137033258567043958e-02 -8.408998277141588318e-03 0.000000000000000000e+00
3.297062770131392595e-03 -5.882478779850042194e-04 1.256526506191513182e-03 3.698965754193039857e-03 1.068432102861693878e-02 -7.501368030411015297e-03 0.000000000000000000e+00
3.588334007912752366e-03 -6.130886686947223385e-04 1.327223375018671270e-03 4.291166125899970041e-03 1.176890555196452581e-02 -7.843213196450093960e-03 0.000000000000000000e+00
3.326561410301617783e-03 -5.436645201321865795e-04 1.193732904886557478e-03 4.216938580595908093e-03 1.103429135553479767e-02 -6.976853167679486489e-03 0.000000000000000000e+00
3.618027497765338718e-03 -5.647393475327611156e-04 1.259388623948087815e-03 4.837493654276769917e-03 1.212855153390446361e-02 -7.272887749838474747e-03 0.000000000000000000e+00
3.351747297722501573e-03 -4.986770663974737783e-04 1.131596022451830663e-03 4.705706193647074542e-03 1.134732536248028723e-02 -6.450745841877214559e-03 0.000000000000000000e+00
3.642967754604681252e-03 -5.156937405741135461e-04 1.192656918210133199e-03 5.349340743678432375e-03 1.244728147985130207e-02 -6.703907487810134569e-03 0.000000000000000000e+00
3.372795769220976458e-03 -4.535481239139604881e-04 1.070124413834028232e-03 5.162142248413381651e-03 1.162362510325110065e-02 -5.924401027314729618e-03 0.000000000000000000e+00
3.663662649749072076e-03 -4.670285489650760624e-04 1.126196631454523533e-03 5.825505628574312311e-03 1.272717404926648754e-02 -6.132724937387479258e-03 0.000000000000000000e+00
3.389877480739322824e-03 -4.085394877600956320e-04 1.009348162644807534e-03 5.583161603516018090e-03 1.186342620980651574e-02 -5.399023770654487464e-03 0.000000000000000000e+00
3.680043379303582496e-03 -4.182340040371768097e-04 1.060811899173952355e-03 6.261011602993526992e-03 1.296708102732013757e-02 -5.565213959461079440e-03 0.000000000000000000e+00
3.403188018068270537e-03 -3.638874756169974134e-04 9.490658287121811476e-04 5.966343650173122626e-03 1.206721862470860884e-02 -4.874630643594723978e-03 0.000000000000000000e+00
3.692536472516605439e-03 -3.703572366653973269e-04 9.956425709151117687e-04 6.655043556071937871e-03 1.316873809123864092e-02 -4.996929322837129206e-03 0.000000000000000000e+00
3.412905437652311025e-03 -3.198422543887469160e-04 8.893809509269989810e-04 6.309477944392405391e-03 1.223539728099565238e-02 -4.352185279794085204e-03 0.000000000000000000e+00
3.701167609904632005e-03 -3.228597554744694342e-04 9.314117401347243863e-04 7.003894390584797236e-03 1.333173064001158536e-02 -4.433055219702275451e-03 0.000000000000000000e+00
3.419231032153503824e-03 -2.766180401523876675e-04 8.300631227994292871e-04 6.610675422257017431e-03 1.236857598048857199e-02 -3.831142057464598238e-03 0.000000000000000000e+00
3.706276984091066984e-03 -2.767694352658889301e-04 8.672066648209852957e-04 7.307086806687124181e-03 1.345733206817012473e-02 -3.868382545676007922e-03 0.000000000000000000e+00
3.422340934342182894e-03 -2.344335973376576732e-04 7.711203071331107495e-04 6.868288257413368569e-03 1.246723390348591920e-02 -3.311717482027409787e-03 0.000000000000000000e+00
3.707972910121037913e-03 -2.315142812823189900e-04 8.037024011990911987e-04 7.561943487431221911e-03 1.354576128450535322e-02 -3.307649618178976070e-03 0.000000000000000000e+00
3.422429243170099777e-03 -1.934845740608204245e-04 7.124366604333021158e-04 7.081137553186067635e-03 1.253201345115373400e-02 -2.793466897607510546e-03 0.000000000000000000e+00
3.706498209633420776e-03 -1.880979181883013496e-04 7.399893860755568653e-04 7.767931075883360847e-03 1.359772275707582523e-02 -2.745237432712599457e-03 0.000000000000000000e+00
3.419661306187673361e-03 -1.539599766219867938e-04 6.538914913127302775e-04 7.248182874801223363e-03 1.256340617390572234e-02 -2.275894122857335944e-03 0.000000000000000000e+00
3.702036794853483942e-03 -1.459174365612825319e-04 6.767208406642244434e-04 7.923611343462866330e-03 1.361402282348178616e-02 -2.185675100218720246e-03 0.000000000000000000e+00
3.414211675657762707e-03 -1.160242185402893256e-04 5.953115450642587625e-04 7.368505362861377250e-03 1.256200258992290486e-02 -1.758122674132778229e-03 0.000000000000000000e+00
3.694721629348222611e-03 -1.059513894410279988e-04 6.130031926069867687e-04 8.028587866523828609e-03 1.359472220172230905e-02 -1.623122485653993863e-03 0.000000000000000000e+00
3.406229100701490750e-03 -7.983900295338575148e-05 5.365200308256046213e-04 7.441617489238439020e-03 1.252824268861152390e-02 -1.239297999113819770e-03 0.000000000000000000e+00
3.684796491064328688e-03 -6.755444275524657982e-05 5.494352424017523440e-04 8.082155018293235571e-03 1.354114290563002143e-02 -1.061875115953014870e-03 0.000000000000000000e+00
3.395863336035163937e-03 -4.555063202199560735e-05 4.774814509779790050e-04 7.467244468763567511e-03 1.246267215157681463e-02 -7.190745222065419995e-04 0.000000000000000000e+00
3.672280540603948748e-03 -3.169744498099369423e-05 4.850359516793134596e-04 8.083943121310888102e-03 1.345264976490101461e-02 -4.956787113277183465e-04 0.000000000000000000e+00
3.383229015535407780e-03 -1.329071124134273418e-05 4.179683401349110206e-04 7.445187871239600241e-03 1.236561593342466736e-02 -1.963615614841707213e-04 0.000000000000000000e+00
3.657464875074466909e-03 2.314313396312162041e-06 4.204676060078904598e-04 8.034432322419959860e-03 1.333105884928720286e-02 7.084601926221623103e-05 0.000000000000000000e+00
3.368448128828267080e-03 1.682172753181276903e-05 3.578555988815734779e-04 7.375569282376037705e-03 1.223752380966924846e-02 3.295123347715200879e-04 0.000000000000000000e+00
3.640261738333306490e-03 3.351086990827090162e-05 3.546756330442546457e-04 7.933109471454535822e-03 1.317506141567559297e-02 6.441684603875064141e-04 0.000000000000000000e+00
3.351599283882658945e-03 4.467410331915333543e-05 2.969528318357839147e-04 7.258724785216941200e-03 1.207862174948548528e-02 8.593384939323822636e-04 0.000000000000000000e+00
3.620994432986881367e-03 6.263884339141601032e-05 2.884493018937006603e-04 7.781478262747221208e-03 1.298695040716069116e-02 1.219032674929065863e-03 0.000000000000000000e+00
3.332761682916060564e-03 7.016814197075005310e-05 2.350686955511216425e-04 7.095282987727991042e-03 1.188922165739025871e-02 1.393817418968046340e-03 0.000000000000000000e+00
3.599452603501081954e-03 8.871782810415673737e-05 2.206413510558724589e-04 7.579137445546280105e-03 1.276470074591617987e-02 1.801994485285840497e-03 0.000000000000000000e+00
3.311971700069960695e-03 9.321054152189311992e-05 1.721086387527215322e-04 6.886085726359514325e-03 1.166946688690995160e-02 1.933199603811885936e-03 0.000000000000000000e+00
3.575990670558096274e-03 1.125474191900899257e-04 1.519106193089703183e-04 7.328565329403069484e-03 1.251100267128757437e-02 2.388067982084240981e-03 0.000000000000000000e+00
3.289295844509931843e-03 1.137258284063524805e-04 1.078598614717152238e-04 6.632246426780508131e-03 1.141967917869601834e-02 2.477932262217041881e-03 0.000000000000000000e+00
3.550272935923338979e-03 1.331337222041928392e-04 8.136970008776334140e-05 7.029562842622016916e-03 1.222328345500311997e-02 2.982345201015368374e-03 0.000000000000000000e+00
3.264685050589223592e-03 1.316276326051579737e-04 4.216415992414068725e-05 6.335416337369892403e-03 1.113974782475057879e-02 3.028092666471415839e-03 0.000000000000000000e+00
3.522706864744817867e-03 1.513325776665852551e-04 9.547267153520166971e-06 6.685804887190283097e-03 1.190472992538449404e-02 3.580009368902681288e-03 0.000000000000000000e+00
3.238180629643226671e-03 1.468657061677314246e-04 -2.512062588433394694e-05 5.997147558741033890e-03 1.083001862214238997e-02 3.583526262887826164e-03 0.000000000000000000e+00
3.492803667092578279e-03 1.661199374293209630e-04 -6.447254350200326556e-05 6.297269579881970003e-03 1.155206380515672038e-02 4.185625139153437146e-03 0.000000000000000000e+00
3.209701718284420358e-03 1.593679015422511114e-04 -9.415280347285781559e-05 5.619860505786888893e-03 1.049040446372817570e-02 4.143717005031133382e-03 0.000000000000000000e+00
3.461009798242681290e-03 1.784120040766445925e-04 -1.400329301545211180e-04 5.869069852669550613e-03 1.116906974581155509e-02 4.793439265678989258e-03 0.000000000000000000e+00
3.179226900834206115e-03 1.690917918426571021e-04 -1.650592392954397525e-04 5.205971991558033807e-03 1.012117913874988062e-02 4.707861854063466467e-03 0.000000000000000000e+00
3.426734824239871524e-03 1.871706289202079709e-04 -2.181597899360565584e-04 5.401426100463790902e-03 1.075199339640553475e-02 5.407691913484669044e-03 0.000000000000000000e+00
3.146650810211454319e-03 1.759878451601526450e-04 -2.379462144119770528e-04 4.758790036900162335e-03 9.722385062961524937e-03 5.274691498953210100e-03 0.000000000000000000e+00
3.390417311810056678e-03 1.933526240827654341e-04 -2.980375457505846093e-04 4.900946222052393608e-03 1.030512837594299569e-02 6.021401913325785671e-03 0.000000000000000000e+00
3.111889904271941676e-03 1.800256570370084575e-04 -3.129788075587613960e-04 4.281473315875583552e-03 9.294270599441656344e-03 5.842858080886692562e-03 0.000000000000000000e+00
3.351379453495728633e-03 1.959102011717117620e-04 -3.807466734501163685e-04 4.368344362851939167e-03 9.824434825198569143e-03 6.638122923247724572e-03 0.000000000000000000e+00
3.074821154181034411e-03 1.811749072708757069e-04 -3.901895787069009636e-04 3.778298449466088726e-03 8.837139922983627827e-03 6.410062039360120423e-03 0.000000000000000000e+00
3.310086417697519212e-03 1.958555398264283376e-04 -4.653883100835809472e-04 3.811699811796742665e-03 9.314859220214355418e-03 7.249990693490193649e-03 0.000000000000000000e+00
3.035326927871437319e-03 1.794324280900427837e-04 -4.697519662133498031e-04 3.253293926284595017e-03 8.351406396133409515e-03 6.974362698725311560e-03 0.000000000000000000e+00
3.265739971608214165e-03 1.921201757849044789e-04 -5.530030884757231036e-04 3.232535319094065329e-03 8.772157331148999759e-03 7.859337557216683479e-03 0.000000000000000000e+00
2.993228623798957488e-03 1.747814933099611778e-04 -5.516217824991787033e-04 2.711644954473513280e-03 7.837599533643047067e-03 7.532427641133487839e-03 0.000000000000000000e+00
3.218861906093523073e-03 1.857903441935815358e-04 -6.427481768183640476e-04 2.639823494772208790e-03 8.201998002725474635e-03 8.458091455426863803e-03 0.000000000000000000e+00
2.948395025072658715e-03 1.672456138044342566e-04 -6.358482173302038021e-04 2.158874038086899816e-03 7.296594046881210716e-03 8.081108613494869530e-03 0.000000000000000000e+00
3.168530109129069627e-03 1.757852111252122818e-04 -7.355170502466035209e-04 2.036088216338605150e-03 7.600143958597982419e-03 9.047089798899232704e-03 0.000000000000000000e+00
2.900635492504674562e-03 1.568398230042955532e-04 -7.224690631993380130e-04 1.600237685090988293e-03 6.729282669232894420e-03 8.616768060840218624e-03 0.000000000000000000e+00
3.115336242690183721e-03 1.632678591232950005e-04 -8.304464192268601330e-04 1.431290792966333214e-03 6.973138849783122595e-03 9.617906651115504246e-03 0.000000000000000000e+00
2.849781822497676753e-03 1.436253443048984835e-04 -8.114640216825841357e-04 1.042052778287949621e-03 6.136925447398855482e-03 9.135673546935674239e-03 0.000000000000000000e+00
3.058265231322992994e-03 1.471566892218278966e-04 -9.283463090599686218e-04 8.285593715000594273e-04 6.316990520571330592e-03 1.017021684796581837e-02 0.000000000000000000e+00
2.795613049612483136e-03 1.276524948257695691e-04 -9.028192623681263740e-04 4.905793738410046956e-04 5.520873519897051551e-03 9.633731297741032762e-03 0.000000000000000000e+00
2.997946701688333770e-03 1.286881365795133902e-04 -1.028282187289564220e-03 2.382712724857682929e-04 5.639054130230025663e-03 1.069553776080756080e-02 0.000000000000000000e+00
2.737982616432710348e-03 1.090251350701065824e-04 -9.963589628824709443e-04 -4.777931004529278880e-05 4.883188319329878624e-03 1.010635079384725188e-02 0.000000000000000000e+00
2.933338184535588811e-03 1.068281720417174618e-04 -1.131110499423493287e-03 -3.363660443862492855e-04 4.935756147738334931e-03 1.119347364595268957e-02 0.000000000000000000e+00
2.676677451518505446e-03 8.785269619676627784e-05 -1.092111762245884243e-03 -5.668840041073153202e-04 4.225739307928133570e-03 1.054983437024503701e-02 0.000000000000000000e+00
2.865095301223946622e-03 8.287275507931624041e-05 -1.235653404844105907e-03 -8.847301232184356934e-04 4.215369711570993161e-03 1.165531722944646020e-02 0.000000000000000000e+00
2.611530937914857686e-03 6.429441886027231767e-05 -1.189851866591262741e-03 -1.060430570967163533e-03 3.551067187231637945e-03 1.096001159981119244e-02 0.000000000000000000e+00
2.792113529291817553e-03 5.582599756021044968e-05 -1.342817540335328186e-03 -1.403974120396167535e-03 3.474648400774604795e-03 1.208106853842361161e-02 0.000000000000000000e+00
2.542356344644086663e-03 3.852525273706497444e-05 -1.289401959228442252e-03 -1.522652482619513137e-03 2.861840334993814849e-03 1.133320638907431288e-02 0.000000000000000000e+00
2.715171541097877173e-03 2.708479628849014276e-05 -1.451356595952468798e-03 -1.884752397613098651e-03 2.722789796374414095e-03 1.246322020522150353e-02 0.000000000000000000e+00
2.469014339634062472e-03 1.076188462151295155e-05 -1.390606162373686505e-03 -1.948082114138216525e-03 2.161071833979288925e-03 1.166639361593269086e-02 0.000000000000000000e+00
2.633119700090363891e-03 -4.275752132520960203e-06 -1.562033377287497249e-03 -2.324883856670734161e-03 1.957013472960511535e-03 1.280234769617871748e-02 0.000000000000000000e+00
2.391338179519780782e-03 -1.874280363167724062e-05 -1.493205255115870322e-03 -2.332683681067759807e-03 1.451869963291940735e-03 1.195718973921344741e-02 0.000000000000000000e+00
2.546859977387794238e-03 -3.676490804568888215e-05 -1.673548956370618512e-03 -2.716657387291654402e-03 1.187214139047210182e-03 1.309271337384965150e-02 0.000000000000000000e+00
2.309212349914435691e-03 -4.970967643277979242e-05 -1.596880712824544357e-03 -2.671936054807311223e-03 7.377164496431554142e-04 1.220368132024329810e-02 0.000000000000000000e+00
2.455213615769863411e-03 -7.123278110598985080e-05 -1.786602277014437412e-03 -3.059505446594723566e-03 4.108608816566494681e-04 1.333623809503903246e-02 0.000000000000000000e+00
2.222584619171213971e-03 -8.176673714876958599e-05 -1.701397934783965837e-03 -2.963483916230025272e-03 2.217184394881499543e-05 1.240540383832833271e-02 0.000000000000000000e+00
2.359148032868046974e-03 -1.061335120152717693e-04 -1.899845093579100030e-03 -3.347817034997646601e-03 -3.620907083994318043e-04 1.352961857007883850e-02 0.000000000000000000e+00
2.131403476065024671e-03 -1.145566852955581805e-04 -1.806306164729376551e-03 -3.205327786963252379e-03 -6.910000271913574466e-04 1.256203902547659013e-02 0.000000000000000000e+00
2.257593905554161617e-03 -1.421702068433450261e-04 -2.013846172498057197e-03 -3.583044621312758693e-03 -1.133586333010860869e-03 1.367609948748604864e-02 0.000000000000000000e+00
2.035597315997450529e-03 -1.476728668139415390e-04 -1.911278707469155069e-03 -3.396253930171955204e-03 -1.398445221177713194e-03 1.267489609072880441e-02 0.000000000000000000e+00
2.151650409206257164e-03 -1.777200763021791197e-04 -2.127224026252760858e-03 -3.762018692485380456e-03 -1.893837351009342029e-03 1.377504517385297333e-02 0.000000000000000000e+00
1.935277852314065683e-03 -1.806180936868573284e-04 -2.015931168423856779e-03 -3.536832101089792957e-03 -2.096433000465580676e-03 1.274609276742832975e-02 0.000000000000000000e+00
2.040236757150870606e-03 -2.134179006660352762e-04 -2.240386717433040520e-03 -3.887402066223621944e-03 -2.644848393798859831e-03 1.383080003780001732e-02 0.000000000000000000e+00
1.830503607540417965e-03 -2.128872630221545492e-04 -2.119769930158166282e-03 -3.627864612250952803e-03 -2.781573339184273408e-03 1.277837002510562314e-02 0.000000000000000000e+00
1.924667609512070721e-03 -2.475395559900506193e-04 -2.352009834250101683e-03 -3.959366643596418101e-03 -3.377289757767520939e-03 1.384543650954306315e-02 0.000000000000000000e+00
1.721398685517627758e-03 -2.439838231260704760e-04 -2.222293818804954579e-03 -3.670818755169946712e-03 -3.450578676458704308e-03 1.277489531785525045e-02 0.000000000000000000e+00
1.803930355539801189e-03 -2.805786673288901412e-04 -2.462464810261022485e-03 -3.981682796664109958e-03 -4.093587387897112961e-03 1.382484084785451373e-02 0.000000000000000000e+00
1.608211944144399830e-03 -2.732653849475408236e-04 -2.323045431461112642e-03 -3.668813496746636815e-03 -4.100451742618638207e-03 1.274018852675018465e-02 0.000000000000000000e+00
1.679492301277785149e-03 -3.108629491830328107e-04 -2.570172443565055254e-03 -3.955569772244871274e-03 -4.784716849709713671e-03 1.377147462769956476e-02 0.000000000000000000e+00
1.491204613315838534e-03 -3.001559790326013832e-04 -2.421523311627482578e-03 -3.624600838289637750e-03 -4.728599250432008461e-03 1.267878685493517565e-02 0.000000000000000000e+00
1.550474072639751455e-03 -3.386916206710721688e-04 -2.675581474430088758e-03 -3.886568754142061266e-03 -5.453747840235667610e-03 1.369263283668065156e-02 0.000000000000000000e+00
1.370713307376120182e-03 -3.240316518607899710e-04 -2.517086080428831973e-03 -3.541429107526639086e-03 -5.332413983294870263e-03 1.259502789107402876e-02 0.000000000000000000e+00
1.418535896370171079e-03 -3.624001867324477821e-04 -2.777151220864748637e-03 -3.777020323982860361e-03 -6.092704493881218042e-03 1.359182761279953411e-02 0.000000000000000000e+00
1.247170201309044657e-03 -3.442196492925431173e-04 -2.609271162782367259e-03 -3.423412243534595945e-03 -5.910101378336918287e-03 1.249427740847597335e-02 0.000000000000000000e+00
1.282947348515972585e-03 -3.822049481958522676e-04 -2.875142542013708891e-03 -3.631930587914222741e-03 -6.704802642067964058e-03 1.347562724903283993e-02 0.000000000000000000e+00
1.121065624781369952e-03 -3.600480059940402988e-04 -2.697438749145908421e-03 -3.274345872030348659e-03 -6.459801069989001832e-03 1.238103336104634522e-02 0.000000000000000000e+00
1.145485298618881265e-03 -3.965450303435869017e-04 -2.968074897228556441e-03 -3.454740408650902594e-03 -7.283412780385134511e-03 1.334775089009543336e-02 0.000000000000000000e+00
9.929918064494891450e-04 -3.708758545079571256e-04 -2.781073353508911605e-03 -3.097707269724914170e-03 -6.980282043109298229e-03 1.225995749799579926e-02 0.000000000000000000e+00
1.005641796281708800e-03 -4.054430989973156763e-04 -3.056156051769176596e-03 -3.250372485385177868e-03 -7.832147787474319500e-03 1.321444373849312015e-02 0.000000000000000000e+00
8.635931828437914959e-04 -3.760133412625821236e-04 -2.859546108424371180e-03 -2.897256874279108274e-03 -7.470518463304820500e-03 1.213522306169956266e-02 0.000000000000000000e+00
8.653405663431035233e-04 -4.075146820328723329e-04 -3.137965090534711177e-03 -3.021819877026210577e-03 -8.345477589404737273e-03 1.307860438514518719e-02 0.000000000000000000e+00
7.336245224401349851e-04 -3.748318376231574156e-04 -2.932297524626009677e-03 -2.676730895652568165e-03 -7.929870070267241999e-03 1.201056607857164948e-02 0.000000000000000000e+00
7.242356503901203890e-04 -4.027186232367641061e-04 -3.213610796444055229e-03 -2.773078139934437303e-03 -8.827328923032062846e-03 1.294515782928984393e-02 0.000000000000000000e+00
6.038748805159144251e-04 -3.667214239193028469e-04 -2.998755479414555447e-03 -2.439052015662745987e-03 -8.358076863447028160e-03 1.188918480739209471e-02 0.000000000000000000e+00
5.844192722995744660e-04 -3.898079367167239795e-04 -3.281802184906867925e-03 -2.507630500665047890e-03 -9.273387120685150364e-03 1.281635109210066403e-02 0.000000000000000000e+00
4.751869140841857853e-04 -3.511088538484807842e-04 -3.058363830827803831e-03 -2.187184505171302362e-03 -8.755301881226529304e-03 1.177378864218558974e-02 0.000000000000000000e+00
4.457200804856287224e-04 -3.686863188564482030e-04 -3.342592084446344147e-03 -2.228180722863459806e-03 -9.687907242248439132e-03 1.269569112372526121e-02 0.000000000000000000e+00
3.485327264310944528e-04 -3.274412164065987341e-04 -3.110584797903243048e-03 -1.923683132702525000e-03 -9.121809310863149278e-03 1.166637772931045092e-02 0.000000000000000000e+00
3.102447821187459542e-04 -3.384445690356452374e-04 -3.394826256456096036e-03 -1.937404072004156319e-03 -1.006774242274355302e-02 1.258395259925526588e-02 0.000000000000000000e+00
2.248674453505239423e-04 -2.952618284378649705e-04 -3.154886086417341140e-03 -1.651062618458709608e-03 -9.458331448002788022e-03 1.156829719735252837e-02 0.000000000000000000e+00
1.780967405488886879e-04 -2.988229659226515622e-04 -3.438490240368657913e-03 -1.637938868202848397e-03 -1.041735212553929202e-02 1.248353184395556426e-02 0.000000000000000000e+00
1.052244395878809691e-04 -2.541506393888282034e-04 -3.190823749775695273e-03 -1.371097442019131307e-03 -9.765947625652415809e-03 1.148040265287608719e-02 0.000000000000000000e+00
5.129487450439285112e-05 -2.493003356497380807e-04 -3.472563384520316321e-03 -1.331500266145813072e-03 -1.073465609267731935e-02 1.239356762886956176e-02 0.000000000000000000e+00
-9.361177329803016534e-06 -2.037812471814559601e-04 -3.217901053946176093e-03 -1.085873936875092483e-03 -1.004594896294941364e-02 1.140273988985196496e-02 0.000000000000000000e+00
-6.986323852387066324e-05 -1.895752044294152228e-04 -3.497028599260626480e-03 -1.019940457013035484e-03 -1.102436823041719194e-02 1.231506884121102985e-02 0.000000000000000000e+00
-1.178229399658725640e-04 -1.438570064276611937e-04 -3.235731490609905503e-03 -7.965351062542147531e-04 -1.029999052067331888e-02 1.133486894335211659e-02 0.000000000000000000e+00
-1.834616696491653265e-04 -1.194675207299988884e-04 -3.511093868920400762e-03 -7.052190623149101611e-04 -1.128572113465198257e-02 1.224621432723171921e-02 0.000000000000000000e+00
-2.191372438548611079e-04 -7.423265971234771499e-05 -3.243913865033476451e-03 -5.046400632151559762e-04 -1.053005635903847548e-02 1.127563851075974455e-02 0.000000000000000000e+00
-2.890596913657228484e-04 -3.863431780376513913e-05 -3.514649719656204319e-03 -3.882612385077699457e-04 -1.152341557936775729e-02 1.218629883435751182e-02 0.000000000000000000e+00
-3.122709100396581228e-04 5.221123624832291199e-06 -3.242130558887501568e-03 -2.115850600357127576e-04 -1.073839668675047321e-02 1.122335591007406208e-02 0.000000000000000000e+00
-3.849942965790387195e-04 5.267020549104550753e-05 -3.507171021933069843e-03 -7.046772562269154605e-05 -1.173790085950532358e-02 1.213238867019583722e-02 0.000000000000000000e+00
-3.962485211081445691e-04 9.452262047121573474e-05 -3.230076555691435702e-03 8.179551629128312129e-05 -1.092757937445520966e-02 1.117576179036472439e-02 0.000000000000000000e+00
-4.707379368807940168e-04 1.549010188672261812e-04 -3.488452195329949657e-03 2.469779571239172355e-04 -1.193414302814810313e-02 1.208247442626309009e-02 0.000000000000000000e+00
-4.701514745180379595e-04 1.936744803800460879e-04 -3.207523966563374795e-03 3.741272715993559927e-04 -1.110057475539294458e-02 1.113014357221642214e-02 0.000000000000000000e+00
-5.449538835600176157e-04 2.673717687676213650e-04 -3.458236518017271388e-03 5.629017561821214599e-04 -1.211352807415089217e-02 1.203245378959616474e-02 0.000000000000000000e+00
-5.331974603192957129e-04 3.024933014630359907e-04 -3.174277536810071743e-03 6.648480634270370615e-04 -1.126051275681128061e-02 1.108300905681858239e-02 0.000000000000000000e+00
-6.070812036867434536e-04 3.906932034248300489e-04 -3.416322940816451936e-03 8.764374340564096144e-04 -1.228147918392341609e-02 1.197916578191282611e-02 0.000000000000000000e+00
-5.846426107121438509e-04 4.208895222604924768e-04 -3.130166486492225175e-03 9.524319565965555512e-04 -1.141089071638345942e-02 1.103055467497782161e-02 0.000000000000000000e+00
-6.563058027096724256e-04 5.237684320095747914e-04 -3.362710398227164443e-03 1.186209846347541230e-03 -1.244041231801595870e-02 1.191761603081786802e-02 0.000000000000000000e+00
-6.239241889647029193e-04 5.486107971779952130e-04 -3.075133531520224395e-03 1.236214583251182830e-03 -1.155536127022127602e-02 1.096827647822307128e-02 0.000000000000000000e+00
-6.920693130334498733e-04 6.674052040686606624e-04 -3.297046181334722936e-03 1.491179850122037465e-03 -1.259578321488508124e-02 1.184301389341113619e-02 0.000000000000000000e+00
-6.506178320563604789e-04 6.854542480239089741e-04 -3.009101254303786499e-03 1.515157692585145099e-03 -1.169796515929855119e-02 1.089127601771666676e-02 0.000000000000000000e+00
-7.141775291183705132e-04 8.201675049019918617e-04 -3.219686989476000516e-03 1.790043798074236747e-03 -1.275080119834770542e-02 1.174959244533679836e-02 0.000000000000000000e+00
-6.645447114131397548e-04 8.311709505498532380e-04 -2.932115422462744370e-03 1.787646305811296799e-03 -1.184303620119209199e-02 1.079429519917862734e-02 0.000000000000000000e+00
-7.221354860774964468e-04 9.831320091790995974e-04 -3.130220049999937748e-03 2.081459476183766810e-03 -1.291107183320239216e-02 1.163098699909914657e-02 0.000000000000000000e+00
-6.656192634435509348e-04 9.855603934228462926e-04 -2.844169472669438870e-03 2.052743756942643216e-03 -1.199464097659364015e-02 1.067105648319577327e-02 0.000000000000000000e+00
-7.165857701279532144e-04 1.154554971658838802e-03 -3.029218839039782285e-03 2.363625536165869789e-03 -1.308036744081730873e-02 1.148076927704977379e-02 0.000000000000000000e+00
-6.540597783086521400e-04 1.148399149718482004e-03 -2.745428577718145302e-03 2.308463861828702335e-03 -1.215716407608269378e-02 1.051508010831314621e-02 0.000000000000000000e+00
-6.971746589865823740e-04 1.335930387678901932e-03 -2.916241603265562476e-03 2.634878321715383720e-03 -1.326427410146635566e-02 1.129080926054681910e-02 0.000000000000000000e+00
-6.302986007568067706e-04 1.319553235670706259e-03 -2.635973073612740691e-03 2.552910895022630910e-03 -1.233481083914478305e-02 1.031897236685175301e-02 0.000000000000000000e+00
-6.654030000513011522e-04 1.525295402042353698e-03 -2.792145372657373059e-03 2.892951522732722935e-03 -1.346642997301872313e-02 1.105387351301123644e-02 0.000000000000000000e+00
0.000000000000000000e+00 0.000000000000000000e+00 0.000000000000000000e+00 0.000000000000000000e+00 0.000000000000000000e+00 0.000000000000000000e+00 0.000000000000000000e+00
