3.942037449390367598e-04 -9.222925430700246174e-04 1.989897161694481609e-03 -1.261792849680531958e-04 1.546734193929033552e-03 -7.687713618923730508e-03 0.000000000000000000e+00
4.107762419811311627e-04 -8.027953601419390850e-04 1.829069858796078529e-03 1.682327157848106935e-05 1.431781904408069295e-03 -7.105775911198319861e-03 0.000000000000000000e+00
4.955406329109068864e-04 -8.189552778899433783e-04 1.971205756683580557e-03 1.622598779142947478e-04 1.555602100837383261e-03 -7.703530039393058360e-03 0.000000000000000000e+00
5.035712071092823816e-04 -7.109376525004651448e-04 1.808505695878592778e-03 2.816669365621748966e-04 1.440249496897028081e-03 -7.112046070053335001e-03 0.000000000000000000e+00
5.952188217679954541e-04 -7.230930456155748587e-04 1.945412036024912750e-03 4.476745846719865085e-04 1.564656449629886481e-03 -7.701404558991820082e-03 0.000000000000000000e+00
5.952032465629253366e-04 -6.253053732634961115e-04 1.781436234290362242e-03 5.446275964411384507e-04 1.447820775839492313e-03 -7.101868575854375365e-03 0.000000000000000000e+00
6.939617166660250192e-04 -6.333824028810219886e-04 1.912768373803802602e-03 7.315215642842431976e-04 1.571512073231140505e-03 -7.681807419064323739e-03 0.000000000000000000e+00
6.853778378708708097e-04 -5.455777726684485351e-04 1.748516026611440788e-03 8.045497497048970104e-04 1.452858543294688332e-03 -7.076105277186828246e-03 0.000000000000000000e+00
7.905417133055037127e-04 -5.501580877443346118e-04 1.874119383503597414e-03 1.010832330333499840e-03 1.575105127332498967e-03 -7.645224709202258495e-03 0.000000000000000000e+00
7.738824256822429692e-04 -4.712809967312159287e-04 1.710078435538053832e-03 1.060945334203644563e-03 1.453959042436725468e-03 -7.034551361063012820e-03 0.000000000000000000e+00
8.857082329551402289e-04 -4.723155428112413290e-04 1.829585732888022731e-03 1.286811298658818714e-03 1.573771848716543076e-03 -7.591733795158761566e-03 0.000000000000000000e+00
8.605284226905762779e-04 -4.020542576833041615e-04 1.666610464728490726e-03 1.312928540485813755e-03 1.450215249195530021e-03 -6.977718983998792979e-03 0.000000000000000000e+00
9.781984056915493664e-04 -4.000720922629485976e-04 1.780094631160134000e-03 1.556487840363551811e-03 1.566702004847986274e-03 -7.522151297640666812e-03 0.000000000000000000e+00
9.450770952906251132e-04 -3.375290710938005923e-04 1.618555406121297002e-03 1.559625034414757749e-03 1.440613301547433167e-03 -6.905650714620792385e-03 0.000000000000000000e+00
1.068848654378645735e-03 -3.324412023978928765e-04 1.725559776816515400e-03 1.821079597878139111e-03 1.552914254286719142e-03 -7.435825813879803903e-03 0.000000000000000000e+00
1.027352978580420295e-03 -2.773590027525529855e-04 1.566287355928702718e-03 1.800246570185848327e-03 1.424656044696437363e-03 -6.818684722412537980e-03 0.000000000000000000e+00
1.156427204870136283e-03 -2.695819834127033410e-04 1.666993901816987700e-03 2.077570299870323822e-03 1.531989804998801219e-03 -7.333790942244844402e-03 0.000000000000000000e+00
1.107203552760394061e-03 -2.211778279229692501e-04 1.510207584130701663e-03 2.033957368194450055e-03 1.401884382176366017e-03 -6.716761478831712040e-03 0.000000000000000000e+00
1.241799094425205530e-03 -2.106840631115325380e-04 1.604160393681386410e-03 2.327145255973661619e-03 1.503546958330215233e-03 -7.215085206710991628e-03 0.000000000000000000e+00
1.184443468845691738e-03 -1.687159113866187887e-04 1.450650306382611499e-03 2.259855237695340691e-03 1.372051749866987080e-03 -6.599898947458493481e-03 0.000000000000000000e+00
1.323780335528101926e-03 -1.558131663471629125e-04 1.538161939558746472e-03 2.566804516850318407e-03 1.467548859672263006e-03 -7.081221024535233610e-03 0.000000000000000000e+00
1.258987427254665281e-03 -1.196408767487611158e-04 1.388039479900377016e-03 2.477153573513746210e-03 1.335312484599615601e-03 -6.468517938050366567e-03 0.000000000000000000e+00
1.403251903702801284e-03 -1.042986548749902376e-04 1.468568101998218856e-03 2.797647045790441211e-03 1.423865311791949750e-03 -6.930136228503469553e-03 0.000000000000000000e+00
1.330693830852130999e-03 -7.369397516887588040e-05 1.322643495911990374e-03 2.685010724802872062e-03 1.291706843995044096e-03 -6.322256852767216273e-03 0.000000000000000000e+00
1.479122048869865869e-03 -5.615509093276349617e-05 1.396547509965206935e-03 3.017015629526831333e-03 1.373067481051482019e-03 -6.764265897777121950e-03 0.000000000000000000e+00
1.399488579570007385e-03 -3.060494273715574920e-05 1.254826198372138713e-03 2.882627443773877474e-03 1.241597273718753058e-03 -6.161377218551367108e-03 0.000000000000000000e+00
1.552284949091736754e-03 -1.088559123330057332e-05 1.321659276936809624e-03 3.225630189475303666e-03 1.315423110094915415e-03 -6.581330096158577447e-03 0.000000000000000000e+00
1.465303287005365052e-03 9.873279802119494519e-06 1.184823866715506435e-03 3.069317426325213205e-03 1.185477319998184953e-03 -5.985622746506269465e-03 0.000000000000000000e+00
1.621720553458494418e-03 3.160048899930600896e-05 1.245008169933115028e-03 3.421248834808210404e-03 1.251690327980448103e-03 -6.383698310596930270e-03 0.000000000000000000e+00
1.528084410734362186e-03 4.793461419622113695e-05 1.113033287449771702e-03 3.244170016170500048e-03 1.124004098878916835e-03 -5.795494939460965611e-03 0.000000000000000000e+00
1.688312604370009740e-03 7.166426646010304324e-05 1.166114927758199471e-03 3.604469208947413961e-03 1.182439129359558194e-03 -6.169065369656667741e-03 0.000000000000000000e+00
1.587824614767432974e-03 8.381209854912974322e-05 1.039621831560033627e-03 3.406723687818136170e-03 1.057907765980914405e-03 -5.590527881161211354e-03 0.000000000000000000e+00
1.751141688978608002e-03 1.093969615661438688e-04 1.086063173388801539e-03 3.773223441306150505e-03 1.108700883146518379e-03 -5.939831902027403743e-03 0.000000000000000000e+00
1.644484888478306428e-03 1.176832069850197726e-04 9.650035108820231855e-04 3.556168538428217119e-03 9.880563397786090718e-04 -5.371525394724852021e-03 0.000000000000000000e+00
1.811097602345282387e-03 1.450814299421843145e-04 1.004336052791904299e-03 3.928155045761272390e-03 1.031335216154616319e-03 -5.693859965834047188e-03 0.000000000000000000e+00
1.698097326364902959e-03 1.497247899820974837e-04 8.892577603892559690e-04 3.692020779797466901e-03 9.153551137686122274e-04 -5.137916606132497677e-03 0.000000000000000000e+00
1.867327976170882198e-03 1.788631813237073764e-04 9.221276355190211049e-04 4.067471642761333328e-03 9.515843540643942333e-04 -5.434331833207961537e-03 0.000000000000000000e+00
1.748692753170522085e-03 1.800712896604106383e-04 8.127695526418399208e-04 3.813742911544792946e-03 8.409123464083734234e-04 -4.890549317779768757e-03 0.000000000000000000e+00
1.920696043857431090e-03 2.108918189992481373e-04 8.387338667855681607e-04 4.191642935142958493e-03 8.702733681857921511e-04 -5.158228984881718659e-03 0.000000000000000000e+00
1.796292156271389606e-03 2.089011065001811218e-04 7.357272206650333768e-04 3.920860849953911043e-03 7.657010918276085931e-04 -4.629460785841033044e-03 0.000000000000000000e+00
1.970460667623546991e-03 2.413728645310753151e-04 7.552881436765357392e-04 4.299432785836998505e-03 7.888457705487184057e-04 -4.869010746792135080e-03 0.000000000000000000e+00
1.840955947535291570e-03 2.363255060436331156e-04 6.584243210505935640e-04 4.012950867540610034e-03 6.908671402983124210e-04 -4.355603968108523461e-03 0.000000000000000000e+00
2.017490768029109316e-03 2.703431878020579049e-04 6.712011851625343528e-04 4.391135008939173190e-03 7.084241281609671148e-04 -4.564311419854139018e-03 0.000000000000000000e+00
1.882757064791032442e-03 2.624769593252418431e-04 5.809760695969501398e-04 4.089750837981576126e-03 6.174980788173911606e-04 -4.068764860219120649e-03 0.000000000000000000e+00
2.061064193502826214e-03 2.980506310684138960e-04 5.875916225618615929e-04 4.465751621088642764e-03 6.302227340819754886e-04 -4.247908274081835245e-03 0.000000000000000000e+00
1.921768553800565216e-03 2.874541589808488062e-04 5.037135262140890468e-04 4.150923947083384746e-03 5.467214824284027941e-04 -3.770178807413593347e-03 0.000000000000000000e+00
2.102037506785031651e-03 3.244806387185383834e-04 5.038011887600335470e-04 4.523623316036839981e-03 5.553825686543945039e-04 -3.917442761520284478e-03 0.000000000000000000e+00
1.958090601582529455e-03 3.113644757084532699e-04 4.267188141528766021e-04 4.196344672640961448e-03 4.796377054105960269e-04 -3.460141513522918544e-03 0.000000000000000000e+00
2.139782725635294702e-03 3.499017334006593316e-04 4.208794484341915609e-04 4.564133043138518531e-03 4.851187389389721716e-04 -3.576599148919612503e-03 0.000000000000000000e+00
1.991809764567961660e-03 3.343130933126658988e-04 3.502464256495418926e-04 4.225861990981627514e-03 4.172783228799659128e-04 -3.139656817630953611e-03 0.000000000000000000e+00
2.175108574086231927e-03 3.741877542978722104e-04 3.382367269873509663e-04 4.587456858306637741e-03 4.205309592673067698e-04 -3.223530362439719354e-03 0.000000000000000000e+00
2.023024136106346682e-03 3.563812031738833319e-04 2.744860252419101254e-04 4.239381494368643644e-03 3.606193312859495848e-04 -2.809704094137499553e-03 0.000000000000000000e+00
2.207456818204736604e-03 3.977205413022155689e-04 2.567875942537378720e-04 4.593446630106967632e-03 3.626386295869643561e-04 -2.862049135497590768e-03 0.000000000000000000e+00
2.051855229831867078e-03 3.776198423133814153e-04 1.996574962655761620e-04 4.236881706259687519e-03 3.106371198140500667e-04 -2.471452136900698093e-03 0.000000000000000000e+00
2.237594546045398869e-03 4.202810321713434938e-04 1.760080277529163517e-04 4.582086579521416070e-03 3.124212634997292071e-04 -2.490345874839983153e-03 0.000000000000000000e+00
2.078402979417415253e-03 3.981555847530904302e-04 1.257912087785639788e-04 4.218488723598312617e-03 2.681138893008139235e-04 -2.125570006510812959e-03 0.000000000000000000e+00
2.265017809193206610e-03 4.422346828337198055e-04 9.684869835674403404e-05 4.553607577425289321e-03 2.706946463231219013e-04 -2.113037228447245397e-03 0.000000000000000000e+00
2.102785201587464847e-03 4.180469784340057338e-04 5.309910719425436909e-05 4.184231032618335178e-03 2.337763068247511455e-04 -1.773226032692809540e-03 0.000000000000000000e+00
2.290453928818769747e-03 4.633587234668667953e-04 1.863774580190824537e-05 4.507877389472447760e-03 2.382854726921124211e-04 -1.727882978254546842e-03 0.000000000000000000e+00
2.125114836159333609e-03 4.373367394979732481e-04 -1.821770027077285192e-05 4.134273878578120787e-03 2.083099311986913449e-04 -1.416188415935160094e-03 0.000000000000000000e+00
2.313439827716923247e-03 4.840647597418312742e-04 -5.764893945497950867e-05 4.445488652785378747e-03 2.156443801011320716e-04 -1.339793162552060934e-03 0.000000000000000000e+00
2.145512755592417220e-03 4.561155633948099641e-04 -8.810038111059514954e-05 4.068861040814830687e-03 1.921910673452487117e-04 -1.055330839442314428e-03 0.000000000000000000e+00
2.334663283440417680e-03 5.040518831138651734e-04 -1.327181575818126014e-04 4.366140590788880615e-03 2.034658758143237378e-04 -9.465183299508517223e-04 0.000000000000000000e+00
2.164076724243860217e-03 4.744279547866381286e-04 -1.563894579698354992e-04 3.988162885905310873e-03 1.857940810205960247e-04 -6.921599105225162418e-04 0.000000000000000000e+00
2.353703477960614188e-03 5.237561531596379716e-04 -2.056252174626738149e-04 4.270790154631498581e-03 2.018415741615875447e-04 -5.530664212669567092e-04 0.000000000000000000e+00
2.180926240351530043e-03 4.923403794429570546e-04 -2.229805538900286876e-04 3.892551785741993342e-03 1.893764522726826272e-04 -3.281231958371932933e-04 0.000000000000000000e+00
2.371188598964540928e-03 5.428751069819770514e-04 -2.770241990787403186e-04 4.158987962450844122e-03 2.112316567841610038e-04 -1.576732599419816694e-04 0.000000000000000000e+00
2.196157426458900108e-03 5.099057951889474083e-04 -2.878264000525376787e-04 3.782256130505423641e-03 2.030313803853545096e-04 3.584932880884572626e-05 0.000000000000000000e+00
2.386740007960401477e-03 5.618263100513054553e-04 -3.460649681622518514e-04 4.032014839345343660e-03 2.314208644373927370e-04 2.347643352631489932e-04 0.000000000000000000e+00
2.209875367834290838e-03 5.271626552008079614e-04 -3.507894175607817466e-04 3.657720507985295910e-03 2.267492609795418446e-04 3.979238482629821050e-04 0.000000000000000000e+00
2.400928609807645442e-03 5.802777623413191144e-04 -4.134058649948313402e-04 3.889239401857480516e-03 2.625904243611643096e-04 6.263002882327395326e-04 0.000000000000000000e+00
2.222169089156629529e-03 5.441604278084710700e-04 -4.117525253810039310e-04 3.519321604418479410e-03 2.603748750797940659e-04 7.565392156985151217e-04 0.000000000000000000e+00
2.413406681347762817e-03 5.986935303466389691e-04 -4.782437811682860307e-04 3.732254158281378409e-03 3.041812317561287671e-04 1.012090625860162518e-03 0.000000000000000000e+00
2.233128086620125158e-03 5.609646411898761009e-04 -4.707897627230228643e-04 3.367489144817881197e-03 3.036093635335745944e-04 1.111127924936061717e-03 0.000000000000000000e+00
2.424687604587704576e-03 6.166776091962589135e-04 -5.411978892358726423e-04 3.560351314026100056e-03 3.561613595426393886e-04 1.393724950111030481e-03 0.000000000000000000e+00
2.242828575927394846e-03 5.775933650533082719e-04 -5.277242400119896981e-04 3.202669386711320954e-03 3.560530575312803592e-04 1.459818938750245820e-03 0.000000000000000000e+00
2.434453783518107650e-03 6.347120524644589423e-04 -6.015519187694273739e-04 3.375408459830531172e-03 4.176482121209801335e-04 1.766852896000870032e-03 0.000000000000000000e+00
2.251348941080238281e-03 5.940605354809447292e-04 -5.825160827357400706e-04 3.025458808849634806e-03 4.171609290541944404e-04 1.801229892512967723e-03 0.000000000000000000e+00
2.443155512395347312e-03 6.523880391127168110e-04 -6.599160983852270235e-04 3.176530827921020261e-03 4.883896055147829429e-04 2.133170879776047357e-03 0.000000000000000000e+00
2.258746916698235394e-03 6.104254526209107468e-04 -6.351560912082887533e-04 2.836381810979560214e-03 4.862992833691848205e-04 2.134328847641420168e-03 0.000000000000000000e+00
2.450502599361926645e-03 6.701950962033076387e-04 -7.156729174601639265e-04 2.965876123716348900e-03 5.672615596337138300e-04 2.488722340169724490e-03 0.000000000000000000e+00
2.265080354833390146e-03 6.267054636804880730e-04 -6.856210075895652345e-04 2.636037596745133271e-03 5.627306731748049629e-04 2.458063320798675733e-03 0.000000000000000000e+00
2.456891831179092676e-03 6.876452682401668071e-04 -7.692495256935993897e-04 2.742609434871923213e-03 6.537809559632457024e-04 2.834273640059281618e-03 0.000000000000000000e+00
2.270401364210596160e-03 6.428976098137861861e-04 -7.338948036436088174e-04 2.425049332602569052e-03 6.456516899162600964e-04 2.771412524354088802e-03 0.000000000000000000e+00
2.462050774439870221e-03 7.052882149490846686e-04 -8.202233177338202896e-04 2.509026361223298807e-03 7.466672529528040059e-04 3.167083617197530288e-03 0.000000000000000000e+00
2.274747966942127636e-03 6.590335870470531709e-04 -7.799576216072079404e-04 2.204152613973775487e-03 7.341568459819924897e-04 3.073287266590840616e-03 0.000000000000000000e+00
2.466306418131478367e-03 7.225930621000409282e-04 -8.690371379885541980e-04 2.264164760108933194e-03 8.452492224209073868e-04 3.488040282074056364e-03 0.000000000000000000e+00
2.278153164490938874e-03 6.750797739392133678e-04 -8.237813396381465925e-04 1.974100635501407908e-03 8.272893706799955282e-04 3.362773743440072849e-03 0.000000000000000000e+00
2.469438241128792295e-03 7.400858589725611836e-04 -9.152103418006707347e-04 2.010738745926943238e-03 9.481905539114876547e-04 3.794155995452186403e-03 0.000000000000000000e+00
2.280633201895683124e-03 6.910693236671372475e-04 -8.654016600493363853e-04 1.735615063244821954e-03 9.240254239637479827e-04 3.639135023896455934e-03 0.000000000000000000e+00
2.471692862694250398e-03 7.572179838110648653e-04 -9.592106691608814906e-04 1.747670169873316581e-03 1.054628928072176564e-03 4.086650658688073534e-03 0.000000000000000000e+00
2.282218361267971188e-03 7.069834476244873933e-04 -9.048480220350818559e-04 1.489521376259794749e-03 1.023452557220583259e-03 3.901866239494733435e-03 0.000000000000000000e+00
2.472870761050783434e-03 7.745113500502998072e-04 -1.000622395363331973e-03 1.477891805759412591e-03 1.163201203149277774e-03 4.363013839319362930e-03 0.000000000000000000e+00
2.282917017377067426e-03 7.227376422739295592e-04 -9.420484530693329361e-04 1.236819869898653224e-03 1.124404527781397434e-03 4.150002147736975289e-03 0.000000000000000000e+00
2.473188455383072692e-03 7.914017244856075273e-04 -1.039887254230181801e-03 1.200276005815403835e-03 1.273095027383153166e-03 4.624444682822748121e-03 0.000000000000000000e+00
2.282714040774753289e-03 7.383719842961600222e-04 -9.771045139154721504e-04 9.782962518514182193e-04 1.225868199500101952e-03 4.383326954644273243e-03 0.000000000000000000e+00
2.472461039374856256e-03 8.083610668599972016e-04 -1.076593801859121458e-03 9.180307816389898790e-04 1.382884263736450237e-03 4.868595131292563494e-03 0.000000000000000000e+00
2.281637812332468207e-03 7.538063283326068564e-04 -1.010048648451389308e-03 7.149304499245445754e-04 1.326938905818586534e-03 4.601637221246290821e-03 0.000000000000000000e+00
2.470824334520546617e-03 8.248157401917755038e-04 -1.111196052302365622e-03 6.299645926306496335e-04 1.491664620858923485e-03 5.096897788530840856e-03 0.000000000000000000e+00
2.279639709070684084e-03 7.689847392720605690e-04 -1.040816993946952485e-03 4.477704345502431238e-04 1.426410802514155307e-03 4.803979478655184820e-03 0.000000000000000000e+00
2.468165573280604874e-03 8.412405020126190180e-04 -1.143353347094311356e-03 3.394376209966409874e-04 1.598309406353859430e-03 5.307613155208112943e-03 0.000000000000000000e+00
2.276745736263262321e-03 7.838444754044160412e-04 -1.069511501203102011e-03 1.778374989855890931e-04 1.523482149295318777e-03 4.990691432564364760e-03 0.000000000000000000e+00
2.464542076088628575e-03 8.569846487906374044e-04 -1.173389494367127472e-03 4.533091392033838929e-05 1.701755924323755664e-03 5.501379192894395587e-03 0.000000000000000000e+00
2.272918686581269776e-03 7.983139226160340662e-04 -1.096164994441289897e-03 -9.387943009198096433e-05 1.617218944388820745e-03 5.161583045408146830e-03 0.000000000000000000e+00
2.459863826706078227e-03 8.725771694432227221e-04 -1.201097714851606657e-03 -2.490042373857193070e-04 1.801138244514444153e-03 5.677581884867777262e-03 0.000000000000000000e+00
2.268139250556355790e-03 8.123086972939286277e-04 -1.120770824908690066e-03 -3.662598943927619644e-04 1.706704153962679271e-03 5.316173895687059670e-03 0.000000000000000000e+00
2.454169715839921162e-03 8.872767769012024353e-04 -1.226763640647748899e-03 -5.445956068239610204e-04 1.895463705985367397e-03 5.836871101928098327e-03 0.000000000000000000e+00
2.262391892924674186e-03 8.257119705248894270e-04 -1.143384304997802081e-03 -6.382152749493386068e-04 1.791220225092260421e-03 5.454842926091663102e-03 0.000000000000000000e+00
2.447386858516802099e-03 9.016211925144124173e-04 -1.250131653109359808e-03 -8.379775698204028345e-04 1.983988382052270794e-03 5.978172267298687004e-03 0.000000000000000000e+00
2.255620624980178568e-03 8.384494971998557311e-04 -1.164082721744008619e-03 -9.087738869935080288e-04 1.869949651545521618e-03 5.577675314717422950e-03 0.000000000000000000e+00
2.439525317611247746e-03 9.147966729552980958e-04 -1.271478205611020762e-03 -1.130221979566137236e-03 2.065880299919609087e-03 6.102382717519727606e-03 0.000000000000000000e+00
2.247824434980665032e-03 8.503775648934785991e-04 -1.182813801398285847e-03 -1.176674901524954464e-03 1.942311559839371427e-03 5.684457166430512132e-03 0.000000000000000000e+00
2.430509123291513252e-03 9.273964334648443497e-04 -1.290702250692499220e-03 -1.418047910505038089e-03 2.140597030159341330e-03 6.209395198093270452e-03 0.000000000000000000e+00
2.238991611972163120e-03 8.613533358134972673e-04 -1.199619289606462802e-03 -1.440820568274325808e-03 2.007729569795557723e-03 5.775268763903218527e-03 0.000000000000000000e+00
2.420309105698376095e-03 9.385669752484115946e-04 -1.307937714334850288e-03 -1.702422685921689549e-03 2.207326953509891609e-03 6.299301493440268018e-03 0.000000000000000000e+00
2.229047484408414048e-03 8.712749755862003731e-04 -1.214567779044800622e-03 -1.700294588832029774e-03 2.065677309964542019e-03 5.850557172275117068e-03 0.000000000000000000e+00
2.408954026945270277e-03 9.488444248492156063e-04 -1.323085256432154910e-03 -1.979941278587027398e-03 2.265977985207445755e-03 6.372361950044869161e-03 0.000000000000000000e+00
2.217997644264696477e-03 8.799494681746011793e-04 -1.227608573288851979e-03 -1.953825544785736668e-03 2.115698740620342022e-03 5.910051171534203007e-03 0.000000000000000000e+00
2.396320772359544771e-03 9.573553317568928023e-04 -1.336282265334332031e-03 -2.251687392664791787e-03 2.315605409872745213e-03 6.428697311753328592e-03 0.000000000000000000e+00
2.205768338558580788e-03 8.872787874107945782e-04 -1.238870383947682230e-03 -2.200734323157149674e-03 2.157509289007819575e-03 5.954490236830256578e-03 0.000000000000000000e+00
2.382475046499174520e-03 9.646707175436919357e-04 -1.347473227242740323e-03 -2.514529415369004539e-03 2.356527696111498926e-03 6.468759752826347409e-03 0.000000000000000000e+00
2.192374354557366511e-03 8.930583827979621248e-04 -1.248300950108388596e-03 -2.439785841237274155e-03 2.190839493388274661e-03 5.983806000716906937e-03 0.000000000000000000e+00
2.367306401045682351e-03 9.698306208054119359e-04 -1.356637789408227102e-03 -2.769182243513412800e-03 2.387733922343482362e-03 6.491822277092218485e-03 0.000000000000000000e+00
2.177746914714159820e-03 8.971415823625372710e-04 -1.255905358240605452e-03 -2.670098033721757247e-03 2.215408086620129779e-03 5.998174043671422595e-03 0.000000000000000000e+00
2.350863000416453241e-03 9.734452383424740951e-04 -1.363912345482776178e-03 -3.013086264909148326e-03 2.409901605741726627e-03 6.499753452246626040e-03 0.000000000000000000e+00
2.161910482118264976e-03 8.993423453806381751e-04 -1.261662818915987305e-03 -2.890624308917288943e-03 2.231136766254415704e-03 5.997620577428808275e-03 0.000000000000000000e+00
2.332983202940772105e-03 9.745412421020560600e-04 -1.369181419913767517e-03 -3.246951308580214857e-03 2.421954082707067357e-03 6.491130557553237423e-03 0.000000000000000000e+00
2.144815692993892742e-03 8.994822344988162577e-04 -1.265641755186480699e-03 -3.100750623990400356e-03 2.238041699477388846e-03 5.982751291549348593e-03 0.000000000000000000e+00
2.313831720620995736e-03 9.737238105052004045e-04 -1.372501087977651135e-03 -3.468081343912743364e-03 2.424880821643160544e-03 6.467450396286489323e-03 0.000000000000000000e+00
2.126447954218901870e-03 8.974007443097731240e-04 -1.267784660861442925e-03 -3.299514709349082864e-03 2.236037496619935894e-03 5.953578453758989752e-03 0.000000000000000000e+00
2.293117805996322534e-03 9.699659205653077265e-04 -1.373833581776284785e-03 -3.677469043947390048e-03 2.417385438786112672e-03 6.427946528128059001e-03 0.000000000000000000e+00
2.106788829739275615e-03 8.928983662784828468e-04 -1.268081768746098792e-03 -3.486210718081750315e-03 2.225140699771976927e-03 5.910115970643170513e-03 0.000000000000000000e+00
2.271166286517134481e-03 9.639299013199376098e-04 -1.373193157153618227e-03 -3.872516388033986345e-03 2.401115633328121390e-03 6.373856453984361181e-03 0.000000000000000000e+00
2.085748701166512120e-03 8.858210083641238075e-04 -1.266556261832391117e-03 -3.660278835753594251e-03 2.205258649487173983e-03 5.853000126543994597e-03 0.000000000000000000e+00
2.247616600909052575e-03 9.545647426702219551e-04 -1.370471653233257259e-03 -4.054247576131153608e-03 2.374606015858482522e-03 6.303959711932760612e-03 0.000000000000000000e+00
2.063421100477219605e-03 8.759471690568121360e-04 -1.263110315282173213e-03 -3.820816094600942847e-03 2.176777126101203663e-03 5.781996533979594233e-03 0.000000000000000000e+00
2.222731703184349650e-03 9.425708994921233597e-04 -1.365800280328621774e-03 -4.220594316841186355e-03 2.339379629389792825e-03 6.220220451595759315e-03 0.000000000000000000e+00
2.039706266939014800e-03 8.631855202398952542e-04 -1.257820808914900113e-03 -3.967684157208495321e-03 2.139711095856533518e-03 5.697753134022764954e-03 0.000000000000000000e+00
2.196228713017181478e-03 9.268143761384517454e-04 -1.358926927545189844e-03 -4.372108322124645952e-03 2.294167494051535527e-03 6.120929944012809543e-03 0.000000000000000000e+00
2.014593093897357190e-03 8.473079199706190501e-04 -1.250555309659201475e-03 -4.100073786424296429e-03 2.094025205852112492e-03 5.599909741358155557e-03 0.000000000000000000e+00
2.168379287780741738e-03 9.081144507875893446e-04 -1.350061874877017676e-03 -4.507323002742147366e-03 2.240734628054852351e-03 6.008470904857343697e-03 0.000000000000000000e+00
1.988108055782783490e-03 8.281913122545336847e-04 -1.241335864536674549e-03 -4.217726858522397038e-03 2.040210026950095568e-03 5.489092606943968278e-03 0.000000000000000000e+00
2.138794967728646634e-03 8.853351477893234289e-04 -1.338927098233189117e-03 -4.626877722503586199e-03 2.177460279031429025e-03 5.880892728458819718e-03 0.000000000000000000e+00
1.960178196162981612e-03 8.056426931036808625e-04 -1.230066854936623377e-03 -4.320186068469844543e-03 1.978130617496631771e-03 5.365119136281570889e-03 0.000000000000000000e+00
2.107874763192713052e-03 8.592972653858610421e-04 -1.325698124587743054e-03 -4.729375545283076576e-03 2.106412307823823937e-03 5.740390042544563087e-03 0.000000000000000000e+00
1.930831117639419947e-03 7.796041795867236779e-04 -1.216746776928262497e-03 -4.407287969083739654e-03 1.908256390540152836e-03 5.228586704992377321e-03 0.000000000000000000e+00
2.075145882365264649e-03 8.288594516151492897e-04 -1.310078138416964633e-03 -4.815524670847892708e-03 2.025802498088147274e-03 5.585091043842194125e-03 0.000000000000000000e+00
1.900003548160972278e-03 7.499054741665345247e-04 -1.201315067170499740e-03 -4.478713357814356755e-03 1.830467923185086221e-03 5.079493900015608077e-03 0.000000000000000000e+00
2.041046553547837261e-03 7.949503722944062378e-04 -1.292303700129143751e-03 -4.884448054018442065e-03 1.938013370677893477e-03 5.417720013160209902e-03 0.000000000000000000e+00
1.867647656651122423e-03 7.164709837599592124e-04 -1.183737296829190377e-03 -4.534481315240590504e-03 1.744976383980745283e-03 4.918248948620140837e-03 0.000000000000000000e+00
2.005087665329780000e-03 7.563738967815702985e-04 -1.271926470218814886e-03 -4.936259729253933415e-03 1.840794117764055216e-03 5.235462208694974251e-03 0.000000000000000000e+00
1.833760834838743525e-03 6.792106179180357195e-04 -1.163949314015338965e-03 -4.574591425850371706e-03 1.652084106846807288e-03 4.744975256609773595e-03 0.000000000000000000e+00
1.967697034341298057e-03 7.141855069918989773e-04 -1.249338474674954735e-03 -4.970863414942350289e-03 1.736766353825913711e-03 5.042044016700941711e-03 0.000000000000000000e+00
1.798335338703188624e-03 6.380745779450136546e-04 -1.141874627573952194e-03 -4.598771613562924188e-03 1.551836771401138293e-03 4.559954143133815307e-03 0.000000000000000000e+00
1.928289169105007472e-03 6.672001825867579505e-04 -1.224073000353570473e-03 -4.988666291442456213e-03 1.623575514330788394e-03 4.834584913758765978e-03 0.000000000000000000e+00
1.761304240029487600e-03 5.929782950491735427e-04 -1.117454877901824517e-03 -4.607152205442055504e-03 1.444315579891330970e-03 4.363350016751699201e-03 0.000000000000000000e+00
1.887421796369137539e-03 6.165178950182648165e-04 -1.196439778072488913e-03 -4.989266461197239266e-03 1.503837893263249015e-03 4.616443406282311201e-03 0.000000000000000000e+00
1.722594890065293205e-03 5.439725783093207756e-04 -1.090683464352107390e-03 -4.600118506442818500e-03 1.329667075991913805e-03 4.155894669018556087e-03 0.000000000000000000e+00
1.844430078648678917e-03 5.609721204043460752e-04 -1.165967729472680570e-03 -4.973106492768941678e-03 1.375060033577124585e-03 4.384750789998559384e-03 0.000000000000000000e+00
1.682185410967984573e-03 4.910018670073179603e-04 -1.061437733721484755e-03 -4.577532877007683965e-03 1.207832073688575036e-03 3.937524287718430216e-03 0.000000000000000000e+00
1.799859744856913135e-03 5.018097549375488686e-04 -1.133122981419334985e-03 -4.940706527342797472e-03 1.240116547216008058e-03 4.143713839497298324e-03 0.000000000000000000e+00
1.639998906320605521e-03 4.341726835651316119e-04 -1.029735174059867586e-03 -4.540010926467274999e-03 1.079038346683880434e-03 3.709063646813115511e-03 0.000000000000000000e+00
1.753023835152828225e-03 4.378311466265716323e-04 -1.097235087296144496e-03 -4.891688839144592293e-03 1.096036496276653338e-03 3.889790899429090842e-03 0.000000000000000000e+00
1.596015585765414579e-03 3.734930912795419999e-04 -9.954702612673810291e-04 -4.487523449858699109e-03 9.433039789081831827e-04 3.470690089733219352e-03 0.000000000000000000e+00
1.704499998863157062e-03 3.703924392446100722e-04 -1.058896241962814511e-03 -4.827331246304744639e-03 9.459564546316912015e-04 3.627506080706055513e-03 0.000000000000000000e+00
1.550117880111751001e-03 3.090834093693040074e-04 -9.586161502469631168e-04 -4.420685378129896037e-03 8.005530127430660059e-04 3.223034853515827081e-03 0.000000000000000000e+00
1.653531419236464739e-03 2.983387039879326075e-04 -1.017421974605553503e-03 -4.747159941325129751e-03 7.867432729531387281e-04 3.353559686286144981e-03 0.000000000000000000e+00
1.502209748390687105e-03 2.411141053073884155e-04 -9.192010749160123284e-04 -4.340158647869962749e-03 6.508755471550387028e-04 2.967039933763793158e-03 0.000000000000000000e+00
1.600751631241903450e-03 2.231158449680914480e-04 -9.733962025845338539e-04 -4.652542679754567700e-03 6.216323925176681087e-04 3.072564804864397203e-03 0.000000000000000000e+00
1.452295159451472140e-03 1.696845044183992179e-04 -8.770828246420642182e-04 -4.245878919497236836e-03 4.942007338994969246e-04 2.702737516381503724e-03 0.000000000000000000e+00
1.545337837123655911e-03 1.436391785407387101e-04 -9.261812368548394403e-04 -4.543237712632652858e-03 4.474109497198952567e-04 2.781333068444524770e-03 0.000000000000000000e+00
1.400254352047547446e-03 9.501325913363611875e-05 -8.322775584734959375e-04 -4.138758697391331509e-03 3.307158590644121432e-04 2.431188765770198046e-03 0.000000000000000000e+00
1.487917915921066481e-03 6.142830154373668528e-05 -8.763902497242737066e-04 -4.420930818488599812e-03 2.671994305245561918e-04 2.484664944573999890e-03 0.000000000000000000e+00
1.345992720002103793e-03 1.736672124355576052e-05 -7.848099201097219479e-04 -4.019463681331991722e-03 1.602772707753885584e-04 2.153304667488642465e-03 0.000000000000000000e+00
1.427734437331518169e-03 -2.454983021052403735e-05 -8.232881191926333386e-04 -4.284814957250304701e-03 7.806911632002311308e-05 2.179246418760660831e-03 0.000000000000000000e+00
1.289421838999216252e-03 -6.304035820206554952e-05 -7.346122420249234786e-04 -3.888394602476807904e-03 -1.718887728152651562e-05 1.869652447468617140e-03 0.000000000000000000e+00
1.365414047947405285e-03 -1.126706439177060926e-04 -7.676319645553292270e-04 -4.137162730889265561e-03 -1.168948311383033456e-04 1.870367476107137605e-03 0.000000000000000000e+00
1.230526173472801243e-03 -1.458555672870787134e-04 -6.817036458525022047e-04 -3.746397703854320582e-03 -2.012513804876547852e-04 1.581290982707539428e-03 0.000000000000000000e+00
1.300071876503328117e-03 -2.039159438480542264e-04 -7.086581693368926294e-04 -3.977173516022780575e-03 -3.209551554306244725e-04 1.554736651534271985e-03 0.000000000000000000e+00
1.169171588650347315e-03 -2.307698504917798932e-04 -6.261090695044435606e-04 -3.594094021263316563e-03 -3.921683590393243435e-04 1.289238068709508411e-03 0.000000000000000000e+00
1.232511371066197237e-03 -2.965490396831249598e-04 -6.471525409140893581e-04 -3.807264926874331934e-03 -5.304409352611116901e-04 1.237676698522705010e-03 0.000000000000000000e+00
1.105357345068530561e-03 -3.174031558979828471e-04 -5.678197056617761973e-04 -3.432051676397485096e-03 -5.896705674750535309e-04 9.943805866128307969e-04 0.000000000000000000e+00
1.161765710369327964e-03 -3.914797006339121310e-04 -5.823854542606476947e-04 -3.626485176775773311e-03 -7.487508932850772680e-04 9.163289478686387213e-04 0.000000000000000000e+00
1.039008323082540874e-03 -4.053221711506904690e-04 -5.068764060838781838e-04 -3.261191536805263524e-03 -7.935054562651089327e-04 6.979519693330882291e-04 0.000000000000000000e+00
1.088723422941639818e-03 -4.869583247099074086e-04 -5.151381990302211777e-04 -3.437273006833052591e-03 -9.721177146406745351e-04 5.957926143809189057e-04 0.000000000000000000e+00
9.700956564122342751e-04 -4.941233152125079631e-04 -4.433112102989467118e-04 -3.082061188236728810e-03 -1.003500609217056194e-03 4.010062105930245480e-04 0.000000000000000000e+00
1.012434597376515866e-03 -5.837363336093359667e-04 -4.446989128847611550e-04 -3.238551759864094493e-03 -1.203758528607323797e-03 2.734411471223552326e-04 0.000000000000000000e+00
8.986161606358011866e-04 -5.832949948951504648e-04 -3.772193732596434979e-04 -2.895516462982250516e-03 -1.219271293451562599e-03 1.049381012128147717e-04 0.000000000000000000e+00
9.338299422542439832e-04 -6.800393559447115432e-04 -3.719408220436010160e-04 -3.033210357135551760e-03 -1.439637055776543662e-03 -4.550093647859299040e-05 0.000000000000000000e+00
8.245950188929818125e-04 -6.723524259949487103e-04 -3.086089965020216708e-04 -2.701911890906849578e-03 -1.440419094593359262e-03 -1.892520164077371447e-04 0.000000000000000000e+00
8.520622695624147092e-04 -7.765288461455410740e-04 -2.960723026644296318e-04 -2.819361262942798874e-03 -1.682740758520928637e-03 -3.635979254756893653e-04 0.000000000000000000e+00
7.480312216681384019e-04 -7.607371723984956979e-04 -2.376260946861524781e-04 -2.502248034476295402e-03 -1.666499791919573426e-03 -4.800823707662438267e-04 0.000000000000000000e+00
7.680290448631166278e-04 -8.714122427536663551e-04 -2.181408415373592424e-04 -2.600498030996156729e-03 -1.929055049838979130e-03 -6.753210694931954805e-04 0.000000000000000000e+00
6.690887446440529907e-04 -8.479109506676074659e-04 -1.642841166633463024e-04 -2.296663280587196709e-03 -1.896600818503735297e-03 -7.664428622418117953e-04 0.000000000000000000e+00
6.809571348901644061e-04 -9.652257086349980142e-04 -1.372802686542412554e-04 -2.374366497411628529e-03 -2.181370007361405072e-03 -9.834499041367905647e-04 0.000000000000000000e+00
5.878042416314899210e-04 -9.332645241310055795e-04 -8.879545818155087922e-05 -2.085864132238768320e-03 -2.130236658556050600e-03 -1.046753717382609139e-03 0.000000000000000000e+00
5.919668816347090079e-04 -1.056202444710607757e-03 -5.455143618962599028e-05 -2.143938882425366899e-03 -2.435022567398803517e-03 -1.282571728934867039e-03 0.000000000000000000e+00
5.043517646034223478e-04 -1.016200919679743908e-03 -1.122328472870359750e-05 -1.870380195477139296e-03 -2.366364886792649003e-03 -1.319837968524417704e-03 0.000000000000000000e+00
5.002681228362115817e-04 -1.144764792440133849e-03 3.082064023914032891e-05 -1.907061498243045605e-03 -2.692599430023978613e-03 -1.574981948826659206e-03 0.000000000000000000e+00
4.189889631164567252e-04 -1.096123815829186388e-03 6.833373918084528764e-05 -1.649951415289230283e-03 -2.603976449913503188e-03 -1.584607380801683618e-03 0.000000000000000000e+00
4.070671715509788235e-04 -1.229161897533193049e-03 1.177051394490036262e-04 -1.666631478476787720e-03 -2.949483903721183964e-03 -1.855580522989397352e-03 0.000000000000000000e+00
3.318945994875144301e-04 -1.172357048728728257e-03 1.496189322978402902e-04 -1.425223487700577607e-03 -2.841927890640416621e-03 -1.839270456358343964e-03 0.000000000000000000e+00
3.117159296103511057e-04 -1.309768588853205129e-03 2.069753922266381885e-04 -1.419760521525148533e-03 -3.207649930396350157e-03 -2.126688232281237489e-03 0.000000000000000000e+00
2.434455632747967169e-04 -1.244298030584373160e-03 2.325668989762441630e-04 -1.195755607127146902e-03 -3.078842097106182507e-03 -2.083030341447411615e-03 0.000000000000000000e+00
2.155123966221805798e-04 -1.384853203008518108e-03 2.973342693953079374e-04 -1.169708716004969062e-03 -3.462302814567053133e-03 -2.383168538861335506e-03 0.000000000000000000e+00
1.539854372931970250e-04 -1.311286377309928142e-03 3.169361622752525642e-04 -9.616581883085117965e-04 -3.313102495804187697e-03 -2.314313518556154747e-03 0.000000000000000000e+00
1.179650344264038253e-04 -1.454696593796850346e-03 3.896751416165161741e-04 -9.124676618457172594e-04 -3.714949444200144058e-03 -2.627295209689517463e-03 0.000000000000000000e+00
6.393164588119892855e-05 -1.372687693972696188e-03 4.025543356335758993e-04 -7.222628681970988396e-04 -3.543373829664631103e-03 -2.532077259719267559e-03 0.000000000000000000e+00
2.049401144216256299e-05 -1.517754380380487156e-03 4.827406193949057567e-04 -6.512192532719396354e-04 -3.960648199620830923e-03 -2.854582734531208033e-03 0.000000000000000000e+00
-2.624625417985138043e-05 -1.427880772433165468e-03 4.891714415388159765e-04 -4.775241071497404732e-04 -3.767577987952908103e-03 -2.734963125029965525e-03 0.000000000000000000e+00
-7.720528652926939017e-05 -1.574108483889724575e-03 5.773368166928638523e-04 -3.813787836532966935e-04 -4.200236361779907668e-03 -3.066784307160563827e-03 0.000000000000000000e+00
-1.159540719641027895e-04 -1.476250803581713456e-03 5.765812432744765736e-04 -2.261444515641031217e-04 -3.983945322753257301e-03 -2.922007223020717248e-03 0.000000000000000000e+00
-1.737112346050506684e-04 -1.622409897388266131e-03 6.721133656833189196e-04 -1.063747180038987494e-04 -4.428862169564951046e-03 -3.259747463167261827e-03 0.000000000000000000e+00
-2.045888626439618108e-04 -1.517223145788615390e-03 6.645782708818576134e-04 3.279849854109784246e-05 -4.190325127172656039e-03 -3.092222924113485760e-03 0.000000000000000000e+00
-2.691097076558957024e-04 -1.662691942985017324e-03 7.678868315887654727e-04 1.795840584328800560e-04 -4.646818410674491417e-03 -3.435031718851400129e-03 0.000000000000000000e+00
-2.914909479339311549e-04 -1.550194646639746487e-03 7.528784394341958564e-04 3.001789496615003827e-04 -4.384471599673034348e-03 -3.244350945259544261e-03 0.000000000000000000e+00
-3.618213845080209268e-04 -1.693791328053140255e-03 8.633439179305396616e-04 4.735787005145652984e-04 -4.849094311803803237e-03 -3.589221015346533150e-03 0.000000000000000000e+00
-3.759244635145597702e-04 -1.574705780365726060e-03 8.412137117765894345e-04 5.777632848156244449e-04 -4.564240886626436122e-03 -3.377613370390442071e-03 0.000000000000000000e+00
-4.517734692433827970e-04 -1.715585407210395985e-03 9.592294839953635632e-04 7.814708748465903909e-04 -5.035290259245428501e-03 -3.723396710513027230e-03 0.000000000000000000e+00
-4.570782616444279967e-04 -1.590207556472433836e-03 9.293223778918252576e-04 8.670905953502838770e-04 -4.726886627120840956e-03 -3.490887551522492416e-03 0.000000000000000000e+00
-5.374360239003561635e-04 -1.727262149351260767e-03 1.054144447351454406e-03 1.100716005008273157e-03 -5.200949175554470116e-03 -3.834488851329753700e-03 0.000000000000000000e+00
-5.340802842819514229e-04 -1.596251799058867604e-03 1.016898625716383675e-03 1.169970938242670400e-03 -4.869967332670199767e-03 -3.583368213634585686e-03 0.000000000000000000e+00
-6.184115617372254459e-04 -1.728559318456612814e-03 1.148862153353802373e-03 1.438389265605799494e-03 -5.344647333293650604e-03 -3.923327015139532747e-03 0.000000000000000000e+00
-6.060967824096097356e-04 -1.592441880746808813e-03 1.103615745594255237e-03 1.488518696831420129e-03 -4.990887546117761531e-03 -3.653931120228159912e-03 0.000000000000000000e+00
-6.931728824245975140e-04 -1.718951245722077914e-03 1.242020630270429526e-03 1.791689060728351990e-03 -5.462133053426576623e-03 -3.987480961005873681e-03 0.000000000000000000e+00
-6.721262093344060329e-04 -1.578441583382383939e-03 1.189255284808843349e-03 1.825383056826446193e-03 -5.086828024735368103e-03 -3.702037694745197172e-03 0.000000000000000000e+00
-7.611690883090604931e-04 -1.698058163456139802e-03 1.334226383642486691e-03 2.168501777474851622e-03 -5.551429207617974981e-03 -4.026900586032722273e-03 0.000000000000000000e+00
-7.312006717349328611e-04 -1.553897548154936636e-03 1.273394267614774700e-03 2.182555819930875884e-03 -5.154776297986440881e-03 -3.726415553012119020e-03 0.000000000000000000e+00
-8.209187083272895258e-04 -1.665738345043799029e-03 1.424232887254392455e-03 2.566318308445225682e-03 -5.608783087389213051e-03 -4.040116550489081249e-03 0.000000000000000000e+00
-7.823566576133922368e-04 -1.518565206403144074e-03 1.355710283318323217e-03 2.562939569775046778e-03 -5.192165698836070931e-03 -3.726190422894459786e-03 0.000000000000000000e+00
-8.716362624717477470e-04 -1.621430253235911501e-03 1.512557948206511016e-03 2.993811910089405615e-03 -5.631269890544743362e-03 -4.026242444044925151e-03 0.000000000000000000e+00
-8.244775951683491755e-04 -1.472203258095827749e-03 1.435911276227275213e-03 2.969453426513446459e-03 -5.195584124863650288e-03 -3.700494799748099695e-03 0.000000000000000000e+00
-9.120097061108556336e-04 -1.565311965238014302e-03 1.597913568404094042e-03 3.447891125437863025e-03 -5.615699239855054259e-03 -3.984247010425434610e-03 0.000000000000000000e+00
-8.566537678286467727e-04 -1.414693840670055991e-03 1.513628511793291276e-03 3.404985110475600152e-03 -5.162351382734353678e-03 -3.648273134331914136e-03 0.000000000000000000e+00
-9.410082056065249834e-04 -1.496719278367697470e-03 1.680850991146551343e-03 3.938470559725182341e-03 -5.558239769069661662e-03 -3.912804056626084659e-03 0.000000000000000000e+00
-8.777687325777772109e-04 -1.345811480746195166e-03 1.588477951749628359e-03 3.872607995957011440e-03 -5.089083508463598804e-03 -3.568410404673816316e-03 0.000000000000000000e+00
-9.575631655732996794e-04 -1.416110545013560262e-03 1.760026707832165749e-03 4.461918435370471059e-03 -5.456483460384742301e-03 -3.811177169519508467e-03 0.000000000000000000e+00
0.000000000000000000e+00 0.000000000000000000e+00 0.000000000000000000e+00 0.000000000000000000e+00 0.000000000000000000e+00 0.000000000000000000e+00 0.000000000000000000e+00
