-1.478578661731317634e-01 -3.014189926416656617e-01 1.521084437738696726e-01 1.574924299691860874e+00 3.105216116038533869e-03 1.565574355340237256e+00 -4.977613859135953667e-01 8.524079569557495573e-01 2.440978886656106628e-01 -5.502707999686331508e-01 -1.163685948331372177e+00 2.452661675015580800e-01 0.000000000000000000e+00
-1.474636624281927266e-01 -3.023412851847356864e-01 1.540983409355641542e-01 1.574798120406892821e+00 4.651950309967567421e-03 1.557886641721313525e+00 -4.948760506095762346e-01 8.495504516851217769e-01 2.396217806634601821e-01 -5.484952038908501581e-01 -1.164572647816314088e+00 2.478987188838581990e-01 0.000000000000000000e+00
-1.470528861862115955e-01 -3.031440805448776254e-01 1.559274107943602328e-01 1.574814943678471302e+00 6.083732214375636715e-03 1.550780865810115206e+00 -4.921200117764804594e-01 8.467599914949366369e-01 2.358665903683938581e-01 -5.466850532979232735e-01 -1.165556020048825747e+00 2.502487920982849889e-01 0.000000000000000000e+00
-1.465573455533006886e-01 -3.039630358227675688e-01 1.578986165510438133e-01 1.574977203556385597e+00 7.639334315213019977e-03 1.543077335770722147e+00 -4.890300458322024424e-01 8.435786458357553697e-01 2.321950233315561718e-01 -5.445387784859148095e-01 -1.166790927846295567e+00 2.527086374838934946e-01 0.000000000000000000e+00
-1.460537743461914062e-01 -3.046739734752680340e-01 1.597071222469224061e-01 1.575258870492947771e+00 9.079583812110048058e-03 1.535965289700668812e+00 -4.860788638702311371e-01 8.405031608299045054e-01 2.291596854791382309e-01 -5.423879763000530874e-01 -1.168078699391403408e+00 2.549007020218945763e-01 0.000000000000000000e+00
-1.454585555244234107e-01 -3.053970665208836088e-01 1.616525342829473189e-01 1.575706545077619758e+00 1.064424026173993454e-02 1.528263885141676992e+00 -4.827710846382982646e-01 8.370280019234601632e-01 2.262439235596651610e-01 -5.398744515737227134e-01 -1.169625729668630321e+00 2.571908541117945424e-01 0.000000000000000000e+00
-1.448633522778604854e-01 -3.060223718941471049e-01 1.634339705172376811e-01 1.576251172674060896e+00 1.209206103757942685e-02 1.521162016565822617e+00 -4.796119430847053389e-01 8.336930584484084639e-01 2.238886238915989146e-01 -5.373842960859577245e-01 -1.171187274173798309e+00 2.592266410280783528e-01 0.000000000000000000e+00
-1.441693905611944604e-01 -3.066557542970281269e-01 1.653467388910414837e-01 1.576982694238345140e+00 1.366357311081056736e-02 1.513480209146758293e+00 -4.760717031791221188e-01 8.299494529040840618e-01 2.216900512536841283e-01 -5.345028889445464504e-01 -1.173015401104083200e+00 2.613478321915697067e-01 0.000000000000000000e+00
-1.434840127233235896e-01 -3.072013320696965755e-01 1.670952549176529245e-01 1.577787243988050037e+00 1.511643165410525569e-02 1.506404103869571465e+00 -4.726928841251113456e-01 8.263798183579691425e-01 2.199751086697274705e-01 -5.316751112095867704e-01 -1.174821024323156937e+00 2.632289060932767044e-01 0.000000000000000000e+00
-1.426934710100180859e-01 -3.077514901574409101e-01 1.689693743011565219e-01 1.578798076318383536e+00 1.669153678143775466e-02 1.498758879160369206e+00 -4.689095309015175461e-01 8.223958625252650867e-01 2.184476526265124452e-01 -5.284301825793796814e-01 -1.176897224708982614e+00 2.651837828466925284e-01 0.000000000000000000e+00
-1.419195885843358429e-01 -3.082227711541721260e-01 1.706794527366945757e-01 1.579859021652587181e+00 1.814549582387448012e-02 1.491724327799306193e+00 -4.653004482817557630e-01 8.186156385159520932e-01 2.173348507650230133e-01 -5.252669131260971902e-01 -1.178918430818298280e+00 2.669115585381519051e-01 0.000000000000000000e+00
-1.410338803513807027e-01 -3.086950866969833673e-01 1.725090384695825985e-01 1.581145832951246000e+00 1.971926767259102320e-02 1.484132594004147432e+00 -4.612614648830279940e-01 8.144155671607881120e-01 2.164412270612467992e-01 -5.216587959022306320e-01 -1.181213942519892202e+00 2.687005370004126314e-01 0.000000000000000000e+00
-1.401733519286901264e-01 -3.090971409546666715e-01 1.741756489343110892e-01 1.582458761491731813e+00 2.116948292178655322e-02 1.477154875020148639e+00 -4.574124980280773189e-01 8.104481229268426512e-01 2.158931485089083946e-01 -5.181626313126882488e-01 -1.183423567276330912e+00 2.702762628383852950e-01 0.000000000000000000e+00
-1.391951535229985770e-01 -3.094972130469296201e-01 1.759557435654712232e-01 1.584015249332095365e+00 2.273618492663453949e-02 1.469632723722507972e+00 -4.531097285233772198e-01 8.060582347649831725e-01 2.155894149865851261e-01 -5.141965519488014280e-01 -1.185908163415320349e+00 2.719016732754446775e-01 0.000000000000000000e+00
-1.382500764277079519e-01 -3.098347421180234207e-01 1.775742989715925202e-01 1.585574874366510123e+00 2.417679822818197266e-02 1.462727073007887180e+00 -4.490123553177494120e-01 8.019261405966435774e-01 2.155694412784094904e-01 -5.103704549897117859e-01 -1.188279841524090275e+00 2.733264811033939146e-01 0.000000000000000000e+00
-1.371812277733293062e-01 -3.101671833204213136e-01 1.792998587484090356e-01 1.587395953964388262e+00 2.572971248246869180e-02 1.455291247194007376e+00 -4.444354133788256389e-01 7.973694053924906822e-01 2.158200447369857944e-01 -5.060476451978087598e-01 -1.190927023647629257e+00 2.747884233837928902e-01 0.000000000000000000e+00
-1.361538747947488859e-01 -3.104445423231738665e-01 1.808661461043377383e-01 1.589196200534574110e+00 2.715436852716512917e-02 1.448472562471594838e+00 -4.400821103924412170e-01 7.930947655268045793e-01 2.162923563563114993e-01 -5.018950113995618301e-01 -1.193435854552538311e+00 2.760632952423706099e-01 0.000000000000000000e+00
-1.349974475898787496e-01 -3.107141243065865699e-01 1.825331400061547260e-01 1.591273770834444434e+00 2.868635833216393038e-02 1.441138771529349993e+00 -4.352251037753819274e-01 7.883955512043324676e-01 2.170557514827824441e-01 -4.972214965816090793e-01 -1.196217925785289626e+00 2.773637667369267534e-01 0.000000000000000000e+00
-1.338902440371183555e-01 -3.109353021345095391e-01 1.840433475902854277e-01 1.593307728202638884e+00 3.008824271434029640e-02 1.434422010050518281e+00 -4.306093129740565795e-01 7.839994711929386684e-01 2.179857273354381952e-01 -4.927460543697309014e-01 -1.198839941036527135e+00 2.784895348639737089e-01 0.000000000000000000e+00
-1.326484449426931500e-01 -3.111459861976210717e-01 1.856475079839668141e-01 1.595634873458612546e+00 3.159178967267051164e-02 1.427206924843807290e+00 -4.254638860109417053e-01 7.791796822521132038e-01 2.192276925097966789e-01 -4.877239650546003058e-01 -1.201732533454516583e+00 2.796284190593892882e-01 0.000000000000000000e+00
-1.314640014738474583e-01 -3.113147021090076905e-01 1.870981582903494256e-01 1.597894728696307887e+00 3.296384142253749872e-02 1.420607025896348796e+00 -4.205800480458999346e-01 7.746829347515143960e-01 2.205811109757749300e-01 -4.829298423287805564e-01 -1.204444696708653284e+00 2.806057991794483897e-01 0.000000000000000000e+00
-1.301402211383193563e-01 -3.114705152753548534e-01 1.886363202299081721e-01 1.600461533213158205e+00 3.443139028220976172e-02 1.413525804871813563e+00 -4.151425056007170267e-01 7.697651414825740224e-01 2.222623645719421503e-01 -4.775659695772519475e-01 -1.207422909755689000e+00 2.815847771961614843e-01 0.000000000000000000e+00
-1.288812337110646911e-01 -3.115901561521036145e-01 1.900243597098085491e-01 1.602938686786671951e+00 3.576670276680937732e-02 1.407057286933763196e+00 -4.099859599400511034e-01 7.651875004638641897e-01 2.240062024537259333e-01 -4.724576604218300724e-01 -1.210203649407895155e+00 2.824143851652348158e-01 0.000000000000000000e+00
-1.274779818073618898e-01 -3.116944548069786047e-01 1.914929278118067679e-01 1.605736333832462392e+00 3.719056807860132707e-02 1.400127150705259726e+00 -4.042499437156976128e-01 7.601923423652571232e-01 2.260941207483480042e-01 -4.667549337111025487e-01 -1.213244713056656821e+00 2.832330408843251601e-01 0.000000000000000000e+00
-1.261472879765097588e-01 -3.117681487821474806e-01 1.928155713077187583e-01 1.608421344557265265e+00 3.848227492259637117e-02 1.393804893852492510e+00 -3.988169952233950877e-01 7.555531157463389880e-01 2.281960206386932644e-01 -4.613372983950679851e-01 -1.216073123292375380e+00 2.839153760451170738e-01 0.000000000000000000e+00
-1.246681659276398929e-01 -3.118243038730802441e-01 1.942121188176839652e-01 1.611438360186792096e+00 3.985534240364785319e-02 1.387040627954715388e+00 -3.927808407441895633e-01 7.505015652116494573e-01 2.306535856926184014e-01 -4.553032078657073267e-01 -1.219154933305814925e+00 2.845752074946978349e-01 0.000000000000000000e+00
-1.232686773480698855e-01 -3.118549088158173999e-01 1.954669450160561039e-01 1.614320987630565973e+00 4.109693967736660625e-02 1.380879250736164021e+00 -3.870686598115922195e-01 7.458192619620993558e-01 2.330821222906616086e-01 -4.495813729741584552e-01 -1.222011306732979641e+00 2.851106360318582666e-01 0.000000000000000000e+00
-1.217163923989781488e-01 -3.118657944070507004e-01 1.967886042929929136e-01 1.617546617820041277e+00 4.241236278746152166e-02 1.374297920640005444e+00 -3.807278729931953265e-01 7.407307600672849990e-01 2.358779088030265036e-01 -4.432196803412044028e-01 -1.225113090454594822e+00 2.856109774216569197e-01 0.000000000000000000e+00
-1.202510891119727837e-01 -3.118559211272485809e-01 1.979734281597084200e-01 1.620615935246366490e+00 4.359784010745970662e-02 1.368312297893499174e+00 -3.747345288285128806e-01 7.360233565244609366e-01 2.386025889142868728e-01 -4.371991719334031856e-01 -1.227978651787520192e+00 2.859997989408084584e-01 0.000000000000000000e+00
-1.186293685585142893e-01 -3.118243206382492749e-01 1.992184363296415350e-01 1.624037184081174701e+00 4.484953043544015472e-02 1.361928599582902244e+00 -3.680893759870335069e-01 7.309171446083975177e-01 2.417019757909208977e-01 -4.305179998381805095e-01 -1.231080701825244317e+00 2.863419152723427619e-01 0.000000000000000000e+00
-1.171012841477799271e-01 -3.117763860240530538e-01 2.003314696170913067e-01 1.627281354097345201e+00 4.597353453431907155e-02 1.356133104643441278e+00 -3.618137700363163178e-01 7.262018847403576283e-01 2.446928388531344201e-01 -4.242046102894977411e-01 -1.233937741042681502e+00 2.865842629315399903e-01 0.000000000000000000e+00
-1.154129715434099174e-01 -3.117047217575929507e-01 2.014975845448495062e-01 1.630885823306292615e+00 4.715597366367862975e-02 1.349964039273784611e+00 -3.548616545896917107e-01 7.210962054565123180e-01 2.480658655317742323e-01 -4.172084861058596439e-01 -1.237021282110829734e+00 2.867673219669693019e-01 0.000000000000000000e+00
-1.138251469286424844e-01 -3.116209096590438210e-01 2.025372063764095398e-01 1.634292546994110751e+00 4.821388142965954415e-02 1.344373511392623399e+00 -3.483034872473170784e-01 7.163897340200697794e-01 2.512941494051681435e-01 -4.106083406868025754e-01 -1.239852888139856280e+00 2.868633289242666917e-01 0.000000000000000000e+00
-1.120740052396638764e-01 -3.115115126974776771e-01 2.036232695497983414e-01 1.638065770435416901e+00 4.932258231280606253e-02 1.338433679490595996e+00 -3.410464065663647570e-01 7.113022973896914181e-01 2.549081921624603009e-01 -4.033059529778053598e-01 -1.242900210217179557e+00 2.868883293489997710e-01 0.000000000000000000e+00
-1.104295203511855700e-01 -3.113938294904926574e-01 2.045882730606803646e-01 1.641621938973845118e+00 5.031063865258467160e-02 1.333062154095871144e+00 -3.342062770435780261e-01 7.066204601933321339e-01 2.583456673394801673e-01 -3.964254765645038869e-01 -1.245690670407364475e+00 2.868380288939109124e-01 0.000000000000000000e+00
-1.086184227488402876e-01 -3.112487480605504730e-01 2.055926091134722689e-01 1.645550094019606391e+00 5.134197386873928792e-02 1.327368294130037096e+00 -3.266433656009437581e-01 7.015683770264244945e-01 2.621722303517604047e-01 -3.888220517837867596e-01 -1.248684995578995149e+00 2.867039720225390553e-01 0.000000000000000000e+00
-1.069203254224753846e-01 -3.110990232705683756e-01 2.064818668738615248e-01 1.649242114799403858e+00 5.225732898250790015e-02 1.322230377523904599e+00 -3.195225721887762771e-01 6.969266869834982447e-01 2.657917325892871219e-01 -3.816679355684797215e-01 -1.251419263070179477e+00 2.865072309970094211e-01 0.000000000000000000e+00
-1.050529974463045024e-01 -3.109201600892446682e-01 2.074039945093805459e-01 1.653309586442165191e+00 5.320891333657229438e-02 1.316796045690696637e+00 -3.116575584099861018e-01 6.919258696675746334e-01 2.698003226620744321e-01 -3.737727282008307950e-01 -1.254345411317904224e+00 2.862150156464005057e-01 0.000000000000000000e+00
-1.033043046931339803e-01 -3.107400887995842576e-01 2.082167640620223859e-01 1.657123329353709984e+00 5.404982568298066781e-02 1.311905496372916868e+00 -3.042581317687690912e-01 6.873390407431039240e-01 2.735752203492072265e-01 -3.663519296918658630e-01 -1.257009504514364773e+00 2.858717341818893254e-01 0.000000000000000000e+00
-1.013836086492765493e-01 -3.105291969805850094e-01 2.090554979288079540e-01 1.661314972288852942e+00 5.492009905116645996e-02 1.306747267388035150e+00 -2.960918478916637619e-01 6.824055348237321184e-01 2.777386732393827273e-01 -3.581707986916833342e-01 -1.259852162661915465e+00 2.854201286400390725e-01 0.000000000000000000e+00
-9.958731649300515965e-02 -3.103202958740848283e-01 2.097912251494729874e-01 1.665235833138806854e+00 5.568580014299406855e-02 1.302117806602194117e+00 -2.884166509195690287e-01 6.778876151924672078e-01 2.816434000296568207e-01 -3.504905750030310463e-01 -1.262432898916256763e+00 2.849301069994645275e-01 0.000000000000000000e+00
-9.761685582538161265e-02 -3.100789230095537530e-01 2.105465132931495231e-01 1.669535265924643852e+00 5.647464591354278696e-02 1.297248795855401982e+00 -2.799543566873013423e-01 6.730359348975880618e-01 2.859334862296654123e-01 -3.420332409082936787e-01 -1.265178884316237484e+00 2.843198769251864544e-01 0.000000000000000000e+00
-9.577589987784632108e-02 -3.098425975035101199e-01 2.112049376142001167e-01 1.673548216792184462e+00 5.716551305384109938e-02 1.292893191887293458e+00 -2.720069180727732738e-01 6.686004401020612109e-01 2.899430084088341353e-01 -3.341010156014926347e-01 -1.267664279403553751e+00 2.836828155029259002e-01 0.000000000000000000e+00
-9.375840910981721177e-02 -3.095722543157080620e-01 2.118761387993626510e-01 1.677939351801123635e+00 5.787393718200206649e-02 1.288328880467439319e+00 -2.632509603960538902e-01 6.638454325547519241e-01 2.943338952561025401e-01 -3.253740364463847401e-01 -1.270300143092459866e+00 2.829126626051886029e-01 0.000000000000000000e+00
-9.187565204502617933e-02 -3.093097773563828201e-01 2.124571148689596012e-01 1.682029102639105211e+00 5.849143526081945765e-02 1.284260115607220198e+00 -2.550355079073229891e-01 6.595052789262497717e-01 2.984242443743552187e-01 -3.171975659781098300e-01 -1.272678612262009512e+00 2.821282617956193950e-01 0.000000000000000000e+00
-8.981458785152335311e-02 -3.090117267253144062e-01 2.130447064915214628e-01 1.686494854260193854e+00 5.912165799490143314e-02 1.280012207333138363e+00 -2.459926445574180387e-01 6.548599270368246072e-01 3.028895665740909404e-01 -3.082110617747736980e-01 -1.275193168963262513e+00 2.811987852856681069e-01 0.000000000000000000e+00
-8.789281929772278790e-02 -3.087242725663335574e-01 2.135484200177355518e-01 1.690645778207277239e+00 5.966837947732983594e-02 1.276242028525724770e+00 -2.375140717529873047e-01 6.506272985373343642e-01 3.070373068138347872e-01 -2.997982690492679292e-01 -1.277454192728739724e+00 2.802666789041404205e-01 0.000000000000000000e+00
-8.579078179093775625e-02 -3.083997919276150190e-01 2.140522212064955854e-01 1.695169401523314079e+00 6.022376204598423044e-02 1.272324585764204485e+00 -2.281881976029910275e-01 6.461053175854071240e-01 3.115526964420642919e-01 -2.905593304641058694e-01 -1.279835857691597578e+00 2.791764639776460610e-01 0.000000000000000000e+00
-8.383269118935522679e-02 -3.080884274519065658e-01 2.144789400206484620e-01 1.699365746195955040e+00 6.070339975139482647e-02 1.268864444250681567e+00 -2.194520138973654888e-01 6.419920652817796558e-01 3.157353240920881543e-01 -2.819183714122075468e-01 -1.281969715515023367e+00 2.780962192604826133e-01 0.000000000000000000e+00
-8.169290846371993209e-02 -3.077385257185059064e-01 2.148998194690826535e-01 1.703929879239093559e+00 6.118851849033379864e-02 1.265287845101761954e+00 -2.098511850095753639e-01 6.376049734390649704e-01 3.202765463828913806e-01 -2.724375179315254858e-01 -1.284209034517616699e+00 2.768457819049063295e-01 0.000000000000000000e+00
-7.970109869915197043e-02 -3.074042126251932405e-01 2.152500658947321954e-01 1.708155741230075186e+00 6.160579681321376455e-02 1.262148188284131001e+00 -2.008635656075327403e-01 6.336221494498240903e-01 3.244723566803111581e-01 -2.635767648659114726e-01 -1.286206804809339577e+00 2.756169660884301709e-01 0.000000000000000000e+00
-7.752599012506573850e-02 -3.070300248708953683e-01 2.155883026217195464e-01 1.712743198088381824e+00 6.202632777248107132e-02 1.258924657921691281e+00 -1.909930916593720884e-01 6.293825967314997660e-01 3.290161089741499012e-01 -2.538616530778433078e-01 -1.288293657839525652e+00 2.742048415651724413e-01 0.000000000000000000e+00
-7.550296598895939182e-02 -3.066736436677214850e-01 2.158627886469614565e-01 1.716982579582750468e+00 6.238694710376702091e-02 1.256114953827553782e+00 -1.817608109769352498e-01 6.255407205429515116e-01 3.332040629463537407e-01 -2.447896447587588342e-01 -1.290147217958220738e+00 2.728269719514359037e-01 0.000000000000000000e+00
-7.329550917075465521e-02 -3.062759231264192694e-01 2.161195762412151944e-01 1.721576026212857435e+00 6.274958573335398526e-02 1.253252904692056191e+00 -1.716299797427057183e-01 6.214588935401870184e-01 3.377283741642351789e-01 -2.348510937552329980e-01 -1.292074281323002172e+00 2.712535763794171051e-01 0.000000000000000000e+00
-7.124365394092278814e-02 -3.058983032841058880e-01 2.163192337374807706e-01 1.725812907919117123e+00 6.306022285316803533e-02 1.250781452555155493e+00 -1.621603281833587651e-01 6.177678854273916942e-01 3.418879654708297799e-01 -2.255765520352479847e-01 -1.293776174417617275e+00 2.697261536257157810e-01 0.000000000000000000e+00
-6.900605939487738927e-02 -3.054780222519345445e-01 2.164952417652336869e-01 1.730394994498638539e+00 6.337264411666776454e-02 1.248291106680315510e+00 -1.517757975657855196e-01 6.138551691538473021e-01 3.463709976918147859e-01 -2.154227343918596604e-01 -1.295534659685396717e+00 2.679899723320658955e-01 0.000000000000000000e+00
-6.692765641545997402e-02 -3.050798666671814541e-01 2.166210329740122509e-01 1.734613483222236852e+00 6.364075800596857846e-02 1.246165536673804697e+00 -1.420766980337714591e-01 6.103245499177020195e-01 3.504829184148972043e-01 -2.059545808606259298e-01 -1.297078361011261061e+00 2.663124804509385823e-01 0.000000000000000000e+00
-6.466263860626676740e-02 -3.046376319843477343e-01 2.167178816723689949e-01 1.739167090799662141e+00 6.391145265229170036e-02 1.244052499445357451e+00 -1.314488210715922256e-01 6.065897993840021485e-01 3.549041652985920337e-01 -1.955965320511421635e-01 -1.298662675543749145e+00 2.644139295545779311e-01 0.000000000000000000e+00
-6.255985340467930256e-02 -3.042195850059137285e-01 2.167709807795632493e-01 1.743351321832280476e+00 6.414522895911645151e-02 1.242279273412664642e+00 -1.215286874914799919e-01 6.032282908770768559e-01 3.589497733105313504e-01 -1.859438214563658986e-01 -1.300042059830355701e+00 2.625858192690498361e-01 0.000000000000000000e+00
-6.026939947586053281e-02 -3.037562262824468617e-01 2.167896185253651575e-01 1.747859199221752924e+00 6.438351443180856393e-02 1.240551390434410095e+00 -1.106653954113161614e-01 5.996819589905000303e-01 3.632888616745975074e-01 -1.753902133990862811e-01 -1.301445013092609404e+00 2.605233175180811656e-01 0.000000000000000000e+00
-5.814428463970119920e-02 -3.033188895429488885e-01 2.167714008250943847e-01 1.751993473100331045e+00 6.459182436300725527e-02 1.239135202018474935e+00 -1.005331576951359190e-01 5.964978835912013722e-01 3.672499143219267737e-01 -1.655621669360419213e-01 -1.302655020333886915e+00 2.585440561959342909e-01 0.000000000000000000e+00
-5.583084481198427595e-02 -3.028348247832070572e-01 2.167137518856394052e-01 1.756438961753116423e+00 6.480746874310838734e-02 1.237795408855922874e+00 -8.944581054351237459e-02 5.931473606237727125e-01 3.714883351967879221e-01 -1.548242181970583831e-01 -1.303872617584271199e+00 2.563180197092779222e-01 0.000000000000000000e+00
-5.368533205639185873e-02 -3.023787092198122473e-01 2.166256515045288100e-01 1.760507822793931254e+00 6.499965981045363606e-02 1.236740078016480560e+00 -7.911085633410666618e-02 5.901484414992617111e-01 3.753476550904764064e-01 -1.448301735743180163e-01 -1.304908720406366518e+00 2.541870747182942147e-01 0.000000000000000000e+00
-5.135066877295144105e-02 -3.018746573366983821e-01 2.164929333469469974e-01 1.764873963384720135e+00 6.520312568626795979e-02 1.235793559686529708e+00 -6.780855047062168961e-02 5.870031816728508156e-01 3.794663668743383234e-01 -1.339169971579856344e-01 -1.305935102690483074e+00 2.517959055992960993e-01 0.000000000000000000e+00
-4.918659204870758084e-02 -3.014002293819117440e-01 2.163365438889771619e-01 1.768862126270625446e+00 6.538891976728855582e-02 1.235101399776007192e+00 -5.728078339829423271e-02 5.841966093580708286e-01 3.832073092575727369e-01 -1.237664502093110963e-01 -1.306793439509815524e+00 2.495127276625007107e-01 0.000000000000000000e+00
-4.683288857074696665e-02 -3.008764732287521060e-01 2.161309186715144881e-01 1.773132916425256944e+00 6.559076134145014336e-02 1.234548333354740235e+00 -4.577573191325937096e-02 5.812627379431850594e-01 3.871895340355682169e-01 -1.126893978397763979e-01 -1.307625943666574253e+00 2.469568753195948707e-01 0.000000000000000000e+00
-4.465196233039543661e-02 -3.003841328493091489e-01 2.159079381176244594e-01 1.777025468210998937e+00 6.578013779372282599e-02 1.234220210158903042e+00 -3.506544676009901856e-02 5.786551703408612246e-01 3.907962530998623230e-01 -1.023919276227135272e-01 -1.308303451847890431e+00 2.445209650942834767e-01 0.000000000000000000e+00
-4.228077373143089568e-02 -2.998412577423271719e-01 2.156309139185457191e-01 1.781184456173449782e+00 6.599136945050698699e-02 1.234062536898961060e+00 -2.336784664765682515e-02 5.759409431368797128e-01 3.946244140087971086e-01 -9.116047016660308588e-02 -1.308937816819547351e+00 2.417988482755726032e-01 0.000000000000000000e+00
-4.008461630497199557e-02 -2.993313519471382245e-01 2.153430875184931814e-01 1.784966712303955205e+00 6.619440083089234150e-02 1.234098386227769906e+00 -1.248578864448366202e-02 5.735385055175192814e-01 3.980818628939923887e-01 -8.072578057437389265e-02 -1.309431700043702573e+00 2.392096731295271228e-01 0.000000000000000000e+00
-3.769787629701159409e-02 -2.987695256370869190e-01 2.149970225503309296e-01 1.788998727143300549e+00 6.642582169532973424e-02 1.234333150563033055e+00 -6.086215795952318883e-04 5.710489825305131717e-01 4.017407799156520465e-01 -6.935139875269945298e-02 -1.309866860565821467e+00 2.363217911777156510e-01 0.000000000000000000e+00
-3.548800092917730326e-02 -2.982423629818861111e-01 2.146462331327701478e-01 1.792656447651285845e+00 6.665257095630927608e-02 1.234731074411296037e+00 1.043410078395692712e-02 5.688573341114324666e-01 4.050344443938078687e-01 -5.878926441874236797e-02 -1.310175254620052687e+00 2.335788850577453502e-01 0.000000000000000000e+00
-3.308707231936965781e-02 -2.976620852195447919e-01 2.142328272677753165e-01 1.796545687053143325e+00 6.691516138067044039e-02 1.235357374699528776e+00 2.247964913460177502e-02 5.665997058763450056e-01 4.085078722455433020e-01 -4.728174950969919049e-02 -1.310408014899325568e+00 2.305236900104496167e-01 0.000000000000000000e+00
-3.086490323021302828e-02 -2.971179247917363209e-01 2.138210747423943126e-01 1.800065008657561805e+00 6.717553625575023446e-02 1.236113913915227291e+00 3.367152327841632653e-02 5.646239066636152826e-01 4.116239038789906157e-01 -3.660205741956111536e-02 -1.310529721361142208e+00 2.276266035081205286e-01 0.000000000000000000e+00
-2.845149654886526547e-02 -2.965192312613896819e-01 2.133428309612260265e-01 1.803797262815843183e+00 6.747971748750636323e-02 1.237126004541087454e+00 4.587181377196239418e-02 5.626019016059725653e-01 4.148985267553519929e-01 -2.497292967545838502e-02 -1.310560214555623659e+00 2.244046446423154095e-01 0.000000000000000000e+00
-2.621836846224514031e-02 -2.959582666201998058e-01 2.128720411985030037e-01 1.807164751960661064e+00 6.778332685103993782e-02 1.238237132466023516e+00 5.720101340126795830e-02 5.608466121315013320e-01 4.178241423708588531e-01 -1.418560010419987402e-02 -1.310494301318644306e+00 2.213529616387072685e-01 0.000000000000000000e+00
-2.379368085765743573e-02 -2.953415890110035469e-01 2.123308433092671310e-01 1.810725103274687164e+00 6.813948821058257721e-02 1.239630857416134546e+00 6.954394946070138750e-02 5.590664886798651922e-01 4.208849134116867674e-01 -2.444945727517618649e-03 -1.310320796373625418e+00 2.179627908605500097e-01 0.000000000000000000e+00
-2.155085228173004089e-02 -2.947639956459502386e-01 2.118031190692551413e-01 1.813927772661398485e+00 6.849554126811385757e-02 1.241090676354884792e+00 8.099828853291625441e-02 5.575357036852875980e-01 4.236077293101838670e-01 8.440004302151804527e-03 -1.310066997121740906e+00 2.147561118814992343e-01 0.000000000000000000e+00
-1.911639849821193324e-02 -2.941292835934857797e-01 2.112015671504857139e-01 1.817303181121229017e+00 6.891318948023483770e-02 1.242857529250885662e+00 9.346968882543238433e-02 5.560000917112343233e-01 4.264429306066821468e-01 2.028067702252334820e-02 -1.309690825617767285e+00 2.111983949812623884e-01 0.000000000000000000e+00
-1.686504955713169496e-02 -2.935352230580048349e-01 2.106190510677499739e-01 1.820328639930078651e+00 6.933035040928903214e-02 1.244658759143398630e+00 1.050367129012712425e-01 5.546974730430492828e-01 4.289510957213187314e-01 3.125321488343465320e-02 -1.309249539825141140e+00 2.078364037763895389e-01 0.000000000000000000e+00
-1.442189404473634765e-02 -2.928828350188921181e-01 2.099591349693647468e-01 1.823505170757999672e+00 6.981874001480381509e-02 1.246791930023174677e+00 1.176236610955831707e-01 5.534115324211908993e-01 4.315471451519279356e-01 4.318358151693357794e-02 -1.308670035971939871e+00 2.041097592392575877e-01 0.000000000000000000e+00
-1.216314712803811225e-02 -2.922724095662712074e-01 2.093239788781564581e-01 1.826341552568979232e+00 7.030503929817299991e-02 1.248926258870816097e+00 1.292906036465704400e-01 5.523401760041656283e-01 4.338297405222348857e-01 5.423361112378238813e-02 -1.308042195744953728e+00 2.005921894924536653e-01 0.000000000000000000e+00
-9.712644528676185607e-03 -2.916022144700678997e-01 2.086083059606962942e-01 1.829307428692695581e+00 7.087230085780671374e-02 1.251414981210985822e+00 1.419784773238179920e-01 5.513055046311562402e-01 4.361766512328673073e-01 6.624221643668079529e-02 -1.307261756387505969e+00 1.966973829772400428e-01 0.000000000000000000e+00
-7.447564173842795461e-03 -2.909755090063874117e-01 2.079226849531067289e-01 1.831943466289440714e+00 7.143503153098151870e-02 1.253873044531784497e+00 1.537323387948826836e-01 5.504680070473535469e-01 4.382234236886475287e-01 7.735963650267621561e-02 -1.306448693306704767e+00 1.930240183066664894e-01 0.000000000000000000e+00
-4.990672342663702785e-03 -2.902878637381472449e-01 2.071534354274131295e-01 1.834686075724312637e+00 7.208881248694476440e-02 1.256707318171843779e+00 1.665075058992359913e-01 5.496887328228827752e-01 4.403085456641253614e-01 8.943596516985749534e-02 -1.305467984235282985e+00 1.889598347461238226e-01 0.000000000000000000e+00
-2.720270978453106624e-03 -2.896449661283334587e-01 2.064195406237695207e-01 1.837111125056915206e+00 7.273446417686102450e-02 1.259478730696197868e+00 1.783350370639550098e-01 5.490872911802019418e-01 4.421097746674003126e-01 1.006106390381004273e-01 -1.304471429355375411e+00 1.851305087042124931e-01 0.000000000000000000e+00
-2.582202040132362949e-04 -2.889396779133843740e-01 2.055993173060357004e-01 1.839620151418138505e+00 7.348113142981382850e-02 1.262645814313395398e+00 1.911825422814175945e-01 5.485638801574604928e-01 4.439248521083434262e-01 1.127433434966073206e-01 -1.303293779521342399e+00 1.808978469152087154e-01 0.000000000000000000e+00
2.016527762928891233e-03 -2.882806443263373208e-01 2.048193596844284925e-01 1.841824304032112281e+00 7.421528827579582099e-02 1.265719101579986239e+00 2.030703108210428487e-01 5.482001589315829149e-01 4.454716160694616178e-01 1.239651553161446457e-01 -1.302116129687309387e+00 1.769124929229323739e-01 0.000000000000000000e+00
4.482834181060369599e-03 -2.875580512642372799e-01 2.039503225464399383e-01 1.844088468792221214e+00 7.506053749821672838e-02 1.269207141862060295e+00 2.159758563055123315e-01 5.479358401933925871e-01 4.470054636992930597e-01 1.361435745992384261e-01 -1.300743136987319026e+00 1.725102543515177611e-01 0.000000000000000000e+00
6.760987345551308474e-03 -2.868829714902980665e-01 2.031265412068017917e-01 1.846062569427722622e+00 7.588782686889672391e-02 1.272569915605500368e+00 2.279101968747003770e-01 5.478110710963224328e-01 4.482892405027656402e-01 1.474023877131710458e-01 -1.299387055360250676e+00 1.683688890536332305e-01 0.000000000000000000e+00
9.230425586680100769e-03 -2.861428856313255054e-01 2.022113308650011210e-01 1.848073308173649565e+00 7.683601742280821156e-02 1.276364071600952554e+00 2.408586358974769137e-01 5.478052787209514163e-01 4.495349341026502188e-01 1.596153115771381803e-01 -1.297823114010101531e+00 1.637981722537575069e-01 0.000000000000000000e+00
1.151105878857578389e-02 -2.854518163076583681e-01 2.013459292049517846e-01 1.849808923236894387e+00 7.776004284677195955e-02 1.280003206624849010e+00 2.528257499928297514e-01 5.479202274115020366e-01 4.505481337393710817e-01 1.709010559075942182e-01 -1.296291929541360632e+00 1.595008455845352002e-01 0.000000000000000000e+00
1.398275165127003429e-02 -2.846945983238473032e-01 2.003867185357909031e-01 1.851556593406767703e+00 7.881467177484413611e-02 1.284089857283537084e+00 2.658022354308361979e-01 5.481751917963635368e-01 4.514958196132754509e-01 1.831377484842902914e-01 -1.294539569544088442e+00 1.547607350945736093e-01 0.000000000000000000e+00
1.626497001253800548e-02 -2.839876148762228159e-01 1.994818705137558212e-01 1.853046114783027498e+00 7.983812433206471937e-02 1.287991723523031817e+00 2.777881913909013289e-01 5.485301911696710553e-01 4.522315178644098488e-01 1.944403040191274301e-01 -1.292836877501146287e+00 1.503076301463384667e-01 0.000000000000000000e+00
1.873784077358878891e-02 -2.832131035261725160e-01 1.984812481183924893e-01 1.854524006588786911e+00 8.100132553521399714e-02 1.292354737362351180e+00 2.907774100678697793e-01 5.490443809971380373e-01 4.528757365320998929e-01 2.066897631242991251e-01 -1.290901292020876667e+00 1.453994242573224405e-01 0.000000000000000000e+00
2.102075779096585634e-02 -2.824903658838985865e-01 1.975391996653231563e-01 1.855760826458685564e+00 8.212573006299539458e-02 1.296504739510088156e+00 3.027681264283834106e-01 5.496392978951480934e-01 4.533271423368687714e-01 2.179991263646727795e-01 -1.289030953987314154e+00 1.407908073461835163e-01 0.000000000000000000e+00
2.349394624634892903e-02 -2.816989641594129790e-01 1.964993124110929745e-01 1.856961102464500968e+00 8.339882509037854774e-02 1.301129184192910904e+00 3.157548650365866738e-01 5.504139448772249477e-01 4.536595048409104436e-01 2.302505495511483757e-01 -1.286915605133464258e+00 1.357137820111916637e-01 0.000000000000000000e+00
2.577666028712368232e-02 -2.809605921751168189e-01 1.955222078971775024e-01 1.857939398716352386e+00 8.462469328987864969e-02 1.305512511147555177e+00 3.277361604647441307e-01 5.512482133782058424e-01 4.538210255610239940e-01 2.415567502877275785e-01 -1.284882148483134090e+00 1.309500193217988107e-01 0.000000000000000000e+00
2.824912132649853858e-02 -2.801522311082568217e-01 1.944456140953183809e-01 1.858857429497991376e+00 8.600757755361509993e-02 1.310381106278847740e+00 3.407050558936439155e-01 5.522808873803977114e-01 4.538372708436733127e-01 2.537993683978491122e-01 -1.282593028368156585e+00 1.257056808913227242e-01 0.000000000000000000e+00
3.053075913883100678e-02 -2.793984247799242149e-01 1.934355654468669916e-01 1.859572359947915920e+00 8.733451645943368646e-02 1.314982743500094031e+00 3.526627490566405787e-01 5.533535753779680322e-01 4.537037133150056967e-01 2.650924863555732536e-01 -1.280400980474912354e+00 1.207872467992451154e-01 0.000000000000000000e+00
3.300158347335155340e-02 -2.785736090397324394e-01 1.923243693945646260e-01 1.860202324540546570e+00 8.882618108029260995e-02 1.320079641288624872e+00 3.655981885243461682e-01 5.546445760058975605e-01 4.533967839993739979e-01 2.773155302316827053e-01 -1.277942350156551221e+00 1.153751292200940470e-01 0.000000000000000000e+00
3.528122318242223748e-02 -2.778046243004603788e-01 1.912835524006176735e-01 1.860650094975096813e+00 9.025259188280676526e-02 1.324883620767280057e+00 3.775178983522956000e-01 5.559542187614576747e-01 4.529634876900181517e-01 2.885856950697617829e-01 -1.275597037342572904e+00 1.103026062918201211e-01 0.000000000000000000e+00
3.774938875570284236e-02 -2.769633837984477598e-01 1.901401990535233621e-01 1.860989532596093454e+00 9.185090128916062469e-02 1.330191233922488170e+00 3.904046685510800252e-01 5.575002170637622934e-01 4.523305874569607532e-01 3.007787118045806007e-01 -1.272975421565498921e+00 1.047244406187026328e-01 0.000000000000000000e+00
4.002613449196610468e-02 -2.761795393230433437e-01 1.890706875523202601e-01 1.861167370095079043e+00 9.337438343845594346e-02 1.335181925355052535e+00 4.022721471321502595e-01 5.590449836540627437e-01 4.515935576252814165e-01 3.120162196297925350e-01 -1.270482036994912134e+00 9.949853625639695776e-02 0.000000000000000000e+00
4.249067656805473325e-02 -2.753225546742527063e-01 1.878972980579531327e-01 1.861212701008999382e+00 9.507613936277969913e-02 1.340683304547946930e+00 4.150943356745002144e-01 5.608454137090107539e-01 4.506286943623458718e-01 3.241684234209059046e-01 -1.267702762081305501e+00 9.375413107460965623e-02 0.000000000000000000e+00
4.476359525463600303e-02 -2.745242407516366723e-01 1.868011330635118428e-01 1.861118821578907401e+00 9.669335830716851987e-02 1.345844887593355077e+00 4.268952352283184593e-01 5.626230737366386681e-01 4.495846020569800316e-01 3.353635869847855777e-01 -1.265066898392399608e+00 8.837567751611288824e-02 0.000000000000000000e+00
4.722345908134208126e-02 -2.736516635821934496e-01 1.856000353486602361e-01 1.860869817341521681e+00 9.849449655168296403e-02 1.351522469478222854e+00 4.396377952540750922e-01 5.646736411969724978e-01 4.482865773416757627e-01 3.474648911095647441e-01 -1.262137021719148988e+00 8.246701355171655312e-02 0.000000000000000000e+00
4.949159833189843705e-02 -2.728393548848995209e-01 1.844792645237515460e-01 1.860503557447128919e+00 1.002012007056456433e-01 1.356838643373909914e+00 4.513578345792958468e-01 5.666815980798649566e-01 4.469326262434791808e-01 3.586081563217016210e-01 -1.259364937340485380e+00 7.693696787054542241e-02 0.000000000000000000e+00
5.194576804773835821e-02 -2.719520781079983185e-01 1.832525008831037971e-01 1.859958961840304958e+00 1.020966644116310107e-01 1.362675514475838012e+00 4.640047538324049703e-01 5.689808382069848625e-01 4.452966463858434309e-01 3.706479414252999427e-01 -1.256290051545879916e+00 7.086416163683773028e-02 0.000000000000000000e+00
5.420815994066303239e-02 -2.711263661374734291e-01 1.821091165781059951e-01 1.859320746565355620e+00 1.038878846367232711e-01 1.368130357401929675e+00 4.756296517276826230e-01 5.712160293098883512e-01 4.436305728078902000e-01 3.817298540638240367e-01 -1.253387738589911482e+00 6.518362654813111834e-02 0.000000000000000000e+00
5.665554679917983449e-02 -2.702247449449590166e-01 1.808589849249966353e-01 1.858482768995535217e+00 1.058718730187755419e-01 1.374108529669228362e+00 4.881661496640943843e-01 5.737588155186960082e-01 4.416566378079234134e-01 3.936983996082626946e-01 -1.250175833157221472e+00 5.894894173203863580e-02 0.000000000000000000e+00
5.891116742416001306e-02 -2.693862954477591609e-01 1.796949022032526266e-01 1.857573995108541709e+00 1.077418226703210635e-01 1.379686204983945785e+00 4.996816915071106147e-01 5.762179118902479580e-01 4.396769770116129017e-01 4.047097051883861152e-01 -1.247149816368618991e+00 5.311915310898988191e-02 0.000000000000000000e+00
6.135069274177126081e-02 -2.684714987748038628e-01 1.784234239976416059e-01 1.856443773128975572e+00 1.098077029702406726e-01 1.385788587701465513e+00 5.120916892917436458e-01 5.790019139147896121e-01 4.373613584437889834e-01 4.165964583978458147e-01 -1.243807016568351465e+00 4.672301831300056107e-02 0.000000000000000000e+00
6.359851717675192584e-02 -2.676211212099103842e-01 1.772406101962433200e-01 1.855267098227450617e+00 1.117500145300800440e-01 1.391473044867896025e+00 5.234837603287210150e-01 5.816809873923820540e-01 4.350670451646858616e-01 4.275279690138076849e-01 -1.240663953849839851e+00 4.074537431518197167e-02 0.000000000000000000e+00
6.602902630004343909e-02 -2.666937247764455399e-01 1.759499079455508208e-01 1.853849050316945579e+00 1.138906115602393854e-01 1.397682440065989296e+00 5.357528103126616426e-01 5.847004128572865778e-01 4.324112077676041110e-01 4.393237086930139035e-01 -1.237198515481374494e+00 3.419036323481800671e-02 0.000000000000000000e+00
6.826801791201560221e-02 -2.658323714406320426e-01 1.747502886559443580e-01 1.852408229748671253e+00 1.158983411300349431e-01 1.403457708829892514e+00 5.470074622373909401e-01 5.875953355412300017e-01 4.298015762154356878e-01 4.501664361761352207e-01 -1.233945331051788052e+00 2.806640350223478519e-02 0.000000000000000000e+00
7.068832701771397831e-02 -2.648938044653836310e-01 1.734423509416095077e-01 1.850705807062749564e+00 1.181056680835448347e-01 1.409757010323332782e+00 5.591195521645849764e-01 5.908469220741622285e-01 4.268032563021699755e-01 4.618608092863502601e-01 -1.230364178333958503e+00 2.135330468285019309e-02 0.000000000000000000e+00
7.291737450212239235e-02 -2.640225294897974306e-01 1.722277831625647071e-01 1.849005512473917534e+00 1.201713453935093767e-01 1.415607567495607899e+00 5.702228699603705264e-01 5.939531000115761961e-01 4.238785727930447500e-01 4.726058986260066042e-01 -1.227007929570186118e+00 1.508473738367026827e-02 0.000000000000000000e+00
7.532632852906766263e-02 -2.630736850649482150e-01 1.709046979061325522e-01 1.847025571195330507e+00 1.224373233787168225e-01 1.421979929445652768e+00 5.821640848141224067e-01 5.974302562888381685e-01 4.205401672085762321e-01 4.841901500251469259e-01 -1.223319451460426421e+00 8.216449093545115032e-03 0.000000000000000000e+00
7.754432617333235911e-02 -2.621937355967736138e-01 1.696770893328437002e-01 1.845071745650544770e+00 1.245530221193371645e-01 1.427889980617186971e+00 5.931023532013502964e-01 6.007427626317058955e-01 4.173008312166581746e-01 4.948289459477954177e-01 -1.219867462055465701e+00 1.805144812352512361e-03 0.000000000000000000e+00
7.994064694569190388e-02 -2.612363802650167210e-01 1.683408070675093682e-01 1.842820058257879978e+00 1.268686275292099097e-01 1.434318677928940300e+00 6.048568138836603048e-01 6.044413607536079924e-01 4.136212746965501896e-01 5.062930554922595583e-01 -1.216078849088719105e+00 -5.217160663492349804e-03 0.000000000000000000e+00
8.214641528425048467e-02 -2.603491014776059265e-01 1.671019366835616859e-01 1.840619323934722829e+00 1.290261368182177293e-01 1.440273168165770556e+00 6.156164507407712039e-01 6.079550023378039736e-01 4.100687509604390435e-01 5.168170358824120125e-01 -1.212538575893622239e+00 -1.176915384138665747e-02 0.000000000000000000e+00
8.452889033074965919e-02 -2.593844307600622345e-01 1.657544634563189456e-01 1.838104794519353824e+00 1.313826645143292282e-01 1.446741927918596904e+00 6.271707748671617733e-01 6.118677851903756570e-01 4.060517719302179085e-01 5.281526811937934385e-01 -1.208658616501485650e+00 -1.894222843470376796e-02 0.000000000000000000e+00
8.672126468530702570e-02 -2.584913723772642724e-01 1.645061625062105570e-01 1.835665008678116550e+00 1.335735040077175029e-01 1.452725733919313811e+00 6.377384643887051840e-01 6.155769693776107498e-01 4.021876583465675559e-01 5.385535902520707241e-01 -1.205037516367305050e+00 -2.563268830422808439e-02 0.000000000000000000e+00
8.908857108635270805e-02 -2.575215417564588605e-01 1.631495247168023299e-01 1.832895826434603137e+00 1.359612379300609852e-01 1.459217556196406029e+00 6.490771390458265344e-01 6.196989435338081664e-01 3.978331236481789102e-01 5.497510840819042066e-01 -1.201074066874994628e+00 -3.295494569167086579e-02 0.000000000000000000e+00
9.126631800106686787e-02 -2.566244001740963232e-01 1.618936193585617245e-01 1.830225728400881380e+00 1.381766460166811150e-01 1.465215730240077452e+00 6.594396985844066528e-01 6.235976116326024110e-01 3.936598170619702852e-01 5.600208324564950324e-01 -1.197379862968891207e+00 -3.978145980338460702e-02 0.000000000000000000e+00
9.361718100148332111e-02 -2.556509549357538491e-01 1.605297070130789483e-01 1.827212642135972231e+00 1.405865476224228416e-01 1.471715483692324078e+00 6.705498740199991037e-01 6.279209207672097337e-01 3.889726535434305799e-01 5.710724183481058480e-01 -1.193341445491894914e+00 -4.724928391153544044e-02 0.000000000000000000e+00
9.577909148360158609e-02 -2.547516125903732109e-01 1.592680441941629610e-01 1.824322017827054943e+00 1.428176843886772573e-01 1.477713104269752886e+00 6.806945204023834295e-01 6.320027477699742269e-01 3.844928171157540042e-01 5.812032162928217893e-01 -1.189581994139084609e+00 -5.420925984456496927e-02 0.000000000000000000e+00
9.811207468654235819e-02 -2.537770713482711549e-01 1.578988627742491935e-01 1.821075066518474728e+00 1.452396384713843247e-01 1.484204234827306124e+00 6.915610165982337687e-01 6.365215995076206612e-01 3.794743563576086220e-01 5.920995398928809994e-01 -1.185476864476781911e+00 -6.182061169071426110e-02 0.000000000000000000e+00
1.002568903795362509e-01 -2.528775891137723386e-01 1.566332210190627128e-01 1.817974315894484327e+00 1.474776801708617135e-01 1.490186986118855472e+00 7.014750998092444956e-01 6.407800606696846257e-01 3.746913190398264426e-01 6.020836642405608119e-01 -1.181659888844425854e+00 -6.891124480353660875e-02 0.000000000000000000e+00
1.025707221001572467e-01 -2.519038653032671382e-01 1.552607199310850616e-01 1.814506234550571584e+00 1.499025609925048741e-01 1.496654436515141962e+00 7.120859325404471640e-01 6.454858663158546950e-01 3.693474199964732474e-01 6.128176015931524612e-01 -1.177496968586468462e+00 -7.666212132367083987e-02 0.000000000000000000e+00
1.046971700543761485e-01 -2.510064645589573651e-01 1.539929352702236187e-01 1.811206719841222501e+00 1.521385984891248100e-01 1.502608014968900951e+00 7.217572020390700116e-01 6.499139042603293559e-01 3.642650433721661418e-01 6.226477286507984266e-01 -1.173630324999782593e+00 -8.388041972124885004e-02 0.000000000000000000e+00
1.069902878603724711e-01 -2.500364986383920574e-01 1.526191016884473339e-01 1.807529250797275111e+00 1.545559839279109227e-01 1.509035961497029010e+00 7.320974576035206294e-01 6.548001390703522828e-01 3.585982360466408725e-01 6.332104247452979839e-01 -1.169417736787495166e+00 -9.176831171827845579e-02 0.000000000000000000e+00
1.090970766901117467e-01 -2.491436002721135745e-01 1.513510199197012351e-01 1.804043040079193361e+00 1.567811246276828996e-01 1.514946077467672181e+00 7.415139291648500386e-01 6.593905632622946156e-01 3.532207811735528225e-01 6.428793639779668556e-01 -1.165509547887803921e+00 -9.911106296254723613e-02 0.000000000000000000e+00
1.113682429766288812e-01 -2.481796703707936369e-01 1.499778267625476169e-01 1.800170523691159374e+00 1.591822402610110210e-01 1.521319933921656542e+00 7.515726220230520838e-01 6.644480393304096344e-01 3.472378566266356437e-01 6.532642940697036549e-01 -1.161256213310838392e+00 -1.071315470923491497e-01 0.000000000000000000e+00
1.134539916777953933e-01 -2.472938493624295131e-01 1.487112705007152258e-01 1.796510244855405780e+00 1.613874989104981950e-01 1.527172934048200537e+00 7.607225111592644806e-01 6.691931931816855750e-01 3.415703835108379050e-01 6.627652544166158233e-01 -1.157314335423357710e+00 -1.145953306857836335e-01 0.000000000000000000e+00
1.157016082787044459e-01 -2.463392846197592911e-01 1.473407988474819685e-01 1.792455997279274627e+00 1.637621049263566775e-01 1.533476893760133297e+00 7.704854599784133340e-01 6.744145868148948564e-01 3.352750701680540235e-01 6.729639629691287483e-01 -1.153028776597202043e+00 -1.227453859249963142e-01 0.000000000000000000e+00
1.177650293791816655e-01 -2.454633374507024790e-01 1.460776885321997953e-01 1.788635181184673684e+00 1.659388820524578811e-01 1.539258890294112891e+00 7.793575148339033642e-01 6.793065474212613974e-01 3.293226388156180739e-01 6.822902865275589646e-01 -1.149061066047147417e+00 -1.303265649882328625e-01 0.000000000000000000e+00
1.199877610823660151e-01 -2.445207665512103556e-01 1.447118882518711735e-01 1.784414586867832497e+00 1.682782616818476740e-01 1.545479110745708651e+00 7.888144664438019316e-01 6.846822046606135803e-01 3.227229261602380106e-01 6.922969811654772210e-01 -1.144752204561453768e+00 -1.386013477126237237e-01 0.000000000000000000e+00
1.220274673493050299e-01 -2.436575810309704604e-01 1.434540674429562734e-01 1.780446902710624002e+00 1.704179727777042075e-01 1.551176863879731416e+00 7.973978346371273229e-01 6.897128493807460625e-01 3.164916618416706573e-01 7.014424095068637621e-01 -1.140766650832095719e+00 -1.462960440173248777e-01 0.000000000000000000e+00
1.242236960623222114e-01 -2.427307666548320086e-01 1.420951405154110836e-01 1.776074794388499356e+00 1.727121402717557430e-01 1.557297793823744225e+00 8.065352734952436764e-01 6.952346475849163765e-01 3.095920772475480032e-01 7.112491673259443425e-01 -1.136442742486243107e+00 -1.546919922489359278e-01 0.000000000000000000e+00
1.262382891562195686e-01 -2.418834587348613896e-01 1.408445852057518821e-01 1.771974720602075060e+00 1.748061654776078555e-01 1.562897703565102381e+00 8.148193689610713220e-01 7.003954543033263924e-01 3.030882383914108580e-01 7.202077083378346511e-01 -1.132447468218906073e+00 -1.624961195073041376e-01 0.000000000000000000e+00
1.284066684440003103e-01 -2.409753442840738002e-01 1.394945233308748644e-01 1.767467397599332912e+00 1.770469001056627079e-01 1.568906174469959725e+00 8.236281071616448068e-01 7.060531403021179653e-01 2.958978366062514631e-01 7.298094693320064108e-01 -1.128117168286437266e+00 -1.710079318910904256e-01 0.000000000000000000e+00
1.303947764997830938e-01 -2.401471529718192666e-01 1.382531874663381899e-01 1.763249670740810515e+00 1.790871101326128034e-01 1.574395267076903693e+00 8.316029430458869998e-01 7.113353871662356775e-01 2.891282142733246907e-01 7.385753972180566507e-01 -1.124119896648282824e+00 -1.789171374992190866e-01 0.000000000000000000e+00
1.325335714675117404e-01 -2.392618178240299431e-01 1.369142603681050008e-01 1.758622793018306929e+00 1.812645704116442325e-01 1.580276159805362513e+00 8.400702639947122963e-01 7.171201059490240892e-01 2.816529874095810015e-01 7.479649042733490516e-01 -1.119791594086631648e+00 -1.875406694907342520e-01 0.000000000000000000e+00
1.344937496636747221e-01 -2.384561751309262623e-01 1.356841935131683774e-01 1.754302606949837084e+00 1.832427010291408642e-01 1.585641278941644083e+00 8.477260531803630927e-01 7.225147382111429817e-01 2.746247721348074045e-01 7.565327595533247740e-01 -1.115800247981902693e+00 -1.955503761404997209e-01 0.000000000000000000e+00
1.366016244268674351e-01 -2.375968778655404012e-01 1.343584953885806343e-01 1.749573231404554008e+00 1.853491133369646882e-01 1.591381668984188646e+00 8.558439008151426108e-01 7.284158371335678339e-01 2.668744407304590727e-01 7.657056850329664321e-01 -1.111482531485584291e+00 -2.042798686538864206e-01 0.000000000000000000e+00
1.385324555445068551e-01 -2.368172736859536776e-01 1.331417486116523718e-01 1.745165943435470268e+00 1.872573697275048410e-01 1.596610255689181024e+00 8.631716551335227861e-01 7.339134671508455998e-01 2.595954888390543669e-01 7.740704742798235616e-01 -1.107504700923387597e+00 -2.123852493658129892e-01 0.000000000000000000e+00
1.406076014268721197e-01 -2.359884142343385283e-01 1.318316704732354072e-01 1.740350418764622376e+00 1.892831722255929883e-01 1.602195346733023218e+00 8.709281783874058824e-01 7.399214254120098921e-01 2.515771102709891682e-01 7.830201602810892281e-01 -1.103205826291781655e+00 -2.212159586453794902e-01 0.000000000000000000e+00
1.425076049750330920e-01 -2.352385087601719937e-01 1.306303554060649075e-01 1.735871705406808019e+00 1.911136401487780745e-01 1.607274840633038826e+00 8.779191759859455990e-01 7.455125323835495310e-01 2.440555444042784572e-01 7.911772229629202569e-01 -1.099249167860250953e+00 -2.294119034791256007e-01 0.000000000000000000e+00
1.445486515285809292e-01 -2.344435583878775875e-01 1.293380517059357637e-01 1.730987257352789577e+00 1.930516535194559680e-01 1.612692560646199036e+00 8.853075172191252618e-01 7.516161647068748675e-01 2.357799044749115946e-01 7.999000742183385304e-01 -1.094977191155654728e+00 -2.383375877410670585e-01 0.000000000000000000e+00
1.464162991852320517e-01 -2.337270874041176283e-01 1.281543144091065733e-01 1.726452776037548986e+00 1.947966299034367132e-01 1.617610809594819177e+00 8.919535688774724580e-01 7.572908949366430331e-01 2.280245130644920071e-01 8.078450826983719635e-01 -1.091049161705842430e+00 -2.466187370849388938e-01 0.000000000000000000e+00
1.484213868505618317e-01 -2.329707135073360580e-01 1.268823879388877585e-01 1.721516516308295053e+00 1.966374240212007685e-01 1.622846271803514151e+00 8.989629422875337061e-01 7.634799481519326525e-01 2.194994680990394187e-01 8.163352402535445362e-01 -1.086812405306662566e+00 -2.556340200728046685e-01 0.000000000000000000e+00
1.502551476854005752e-01 -2.322915028894180223e-01 1.257184386248724195e-01 1.716941924882444681e+00 1.982895081280475758e-01 1.627591247060123925e+00 9.052564579965818314e-01 7.692282482068141247e-01 2.115194390506713873e-01 8.240640666320907526e-01 -1.082920395110593459e+00 -2.639947646437562634e-01 0.000000000000000000e+00
1.522228447197418733e-01 -2.315773173824261233e-01 1.244691001501974648e-01 1.711971061467502331e+00 2.000262744818734895e-01 1.632633291076824866e+00 9.118812709452356335e-01 7.754911375633262161e-01 2.027567069579292447e-01 8.323188673259276360e-01 -1.078726382446909549e+00 -2.730928552967666900e-01 0.000000000000000000e+00
1.540211800584450619e-01 -2.309392428044811096e-01 1.233272255226235126e-01 1.707372289853939407e+00 2.015781112532746278e-01 1.637193245219958682e+00 9.178153264861500515e-01 7.813026211150699840e-01 1.945614944934828117e-01 8.398280494935694840e-01 -1.074877515460499700e+00 -2.815273194956430247e-01 0.000000000000000000e+00
1.559494692275500694e-01 -2.302720426218943517e-01 1.221031525222699421e-01 1.702383623562496950e+00 2.032016867676054162e-01 1.642027830133717448e+00 9.240458584354177551e-01 7.876284942313623860e-01 1.855703963372661303e-01 8.478422335829176593e-01 -1.070734236015581820e+00 -2.907021757670750217e-01 0.000000000000000000e+00
1.577107734675795570e-01 -2.296790643268451781e-01 1.209856976443681176e-01 1.697776471357054895e+00 2.046460023474967471e-01 1.646391180150469147e+00 9.296139290635281327e-01 7.934926417936623011e-01 1.771698541527750859e-01 8.551284425882927920e-01 -1.066935569615720114e+00 -2.992041510995848697e-01 0.000000000000000000e+00
1.595981952639486945e-01 -2.290625464318269133e-01 1.197892578662956287e-01 1.692787204895857656e+00 2.061498402407599961e-01 1.651007623556751458e+00 9.354459855346927144e-01 7.998694478658024964e-01 1.679626404740983681e-01 8.629003455974709746e-01 -1.062850147345483887e+00 -3.084485158754678991e-01 0.000000000000000000e+00
1.613207901540139877e-01 -2.285185738535175926e-01 1.186985744019435213e-01 1.688187086389414837e+00 2.074795073167519099e-01 1.655163518225770014e+00 9.406422788746280350e-01 8.057754070572168414e-01 1.593674212139222224e-01 8.699607851214345988e-01 -1.059108406013922643e+00 -3.170115441759678299e-01 0.000000000000000000e+00
1.631652202326626666e-01 -2.279576017331132465e-01 1.175326066724708407e-01 1.683213979896645895e+00 2.088545673503290345e-01 1.659548269015768573e+00 9.460674043312286008e-01 8.121916944925174908e-01 1.499543451829825624e-01 8.774859462556169332e-01 -1.055088564085529645e+00 -3.263186263955222266e-01 0.000000000000000000e+00
1.648474056436306512e-01 -2.274665998661059285e-01 1.164711689387493559e-01 1.678636447019638211e+00 2.100623994240176096e-01 1.663485793303487004e+00 9.508866606398358456e-01 8.181284131945220084e-01 1.411751014914819358e-01 8.843182194531880036e-01 -1.051410405724994002e+00 -3.349359831822597555e-01 0.000000000000000000e+00
1.666472653884875643e-01 -2.269647901111683796e-01 1.153380459573300210e-01 1.673695740492295414e+00 2.113025159712336176e-01 1.667629507142984302e+00 9.559021253417548936e-01 8.245719314519688314e-01 1.315694789137296095e-01 8.915957731850201462e-01 -1.047462602304087831e+00 -3.442979265202698036e-01 0.000000000000000000e+00
1.682872642948081698e-01 -2.265306174276032480e-01 1.143083107832701534e-01 1.669155729565828139e+00 2.123815543179174981e-01 1.671338570789797418e+00 9.603398838242084290e-01 8.305281578089582784e-01 1.226176623835917301e-01 8.981978826853812548e-01 -1.043854351922166801e+00 -3.529625544163562112e-01 0.000000000000000000e+00
1.700402881299609981e-01 -2.260927862809766764e-01 1.132110756959740089e-01 1.664264040726683547e+00 2.134775908141941514e-01 1.675228361689226508e+00 9.649385638155298928e-01 8.369865897685093703e-01 1.128306785356052444e-01 9.052244334844734563e-01 -1.039985844122717662e+00 -3.623719020217696651e-01 0.000000000000000000e+00
1.716363037157264126e-01 -2.257192931896971344e-01 1.122156054347066279e-01 1.659776517276824848e+00 2.144208947931023346e-01 1.678699051778959728e+00 9.689909628882490411e-01 8.429508721877964073e-01 1.037177407595175627e-01 9.115947813909703878e-01 -1.036453560410891095e+00 -3.710764107551799973e-01 0.000000000000000000e+00
1.733408037145895697e-01 -2.253489007504525243e-01 1.111567091927438133e-01 1.654949186030520103e+00 2.153668512477340258e-01 1.682326557859665783e+00 9.731716597464826757e-01 8.494117675713558357e-01 9.376337723701921867e-02 9.183703292573225374e-01 -1.032670340345351656e+00 -3.805247403810494977e-01 0.000000000000000000e+00
1.748909215947013207e-01 -2.250398173410832203e-01 1.101980930424968502e-01 1.650528500652390207e+00 2.161674042604770918e-01 1.685549592713181610e+00 9.768355036161592286e-01 8.553723881441440691e-01 8.450143559794165427e-02 9.245077837264920051e-01 -1.029219882258017860e+00 -3.892615066531635026e-01 0.000000000000000000e+00
1.765444530139377854e-01 -2.247414786370952877e-01 1.091806710678912967e-01 1.645781340711065077e+00 2.169541475334302305e-01 1.688903152399467755e+00 9.805925581239886002e-01 8.618228971994521537e-01 7.439194294194639845e-02 9.310298652360960991e-01 -1.025528607829113481e+00 -3.987405957896233422e-01 0.000000000000000000e+00
1.780466627623284726e-01 -2.245003645317878993e-01 1.082614699929752844e-01 1.641441182063195114e+00 2.176050230805852692e-01 1.691870192333231548e+00 9.838654499456414015e-01 8.677680048588904960e-01 6.499378061311134047e-02 9.369337604776654116e-01 -1.022165434846506793e+00 -4.075015968276570755e-01 0.000000000000000000e+00
1.796474143935703760e-01 -2.242772486868198079e-01 1.072880737903907505e-01 1.636788639383440547e+00 2.182266554731029373e-01 1.694942757138095946e+00 9.871992615772298141e-01 8.741952112546604869e-01 5.474380620961416533e-02 9.432034408949573345e-01 -1.018571299218363313e+00 -4.170024240165147167e-01 0.000000000000000000e+00
1.810997095530218481e-01 -2.241075641824014086e-01 1.064109909657486863e-01 1.632542760463943310e+00 2.187208562070024342e-01 1.697645494654477449e+00 9.900795368751776904e-01 8.801127551968166429e-01 4.522194004814505952e-02 9.488736437508721311e-01 -1.015300737662664154e+00 -4.257793707315752352e-01 0.000000000000000000e+00
1.826450473901455041e-01 -2.239639250038606699e-01 1.054848097288938469e-01 1.627999522751310657e+00 2.191682671567223295e-01 1.700426827722921974e+00 9.929861108888902166e-01 8.865034097066252228e-01 3.484479970259690695e-02 9.548893917582249591e-01 -1.011809866105788158e+00 -4.352928812251244395e-01 0.000000000000000000e+00
1.840453017421930515e-01 -2.238689117447270338e-01 1.046525321704203509e-01 1.623860764053919326e+00 2.194989830157867416e-01 1.702858016488692172e+00 9.954728375567517551e-01 8.923810728114573987e-01 2.521254551394358501e-02 9.603260353865399335e-01 -1.008636709666958842e+00 -4.440771183436690306e-01 0.000000000000000000e+00
1.855332196581141180e-01 -2.238074834431832971e-01 1.037761419206960772e-01 1.619439833235430726e+00 2.197661824463112978e-01 1.705342681433266172e+00 9.979541713234058031e-01 8.987219927879087633e-01 1.472368556066649958e-02 9.660899815128257684e-01 -1.005253629555203920e+00 -4.535937580514990963e-01 0.000000000000000000e+00
1.868792123781162218e-01 -2.237901167219397414e-01 1.029913320005863553e-01 1.615420369554098734e+00 2.199264597170866864e-01 1.707495986100754815e+00 1.000047282782153601e+00 9.045473913563480961e-01 4.994758624443429440e-03 9.712939314408950420e-01 -1.002182405607097371e+00 -4.623763639838760486e-01 0.000000000000000000e+00
1.883069468154477399e-01 -2.238146665521502654e-01 1.021680438813937219e-01 1.611135554596848429e+00 2.200045288334067095e-01 1.709675232519515475e+00 1.002101179193849889e+00 9.108246617827465696e-01 -5.591706182784816903e-03 9.768055430538958861e-01 -9.989124432626435013e-01 -4.718861793414126926e-01 0.000000000000000000e+00
1.895963686544469562e-01 -2.238777069103523309e-01 1.014334316393687985e-01 1.607247159994371621e+00 2.199873399561251830e-01 1.711544884966984093e+00 1.003801274654729125e+00 9.165851457996153639e-01 -1.540332427085466804e-02 9.817780642832373283e-01 -9.959474128630038114e-01 -4.806578330238067132e-01 0.000000000000000000e+00
1.909617827023943615e-01 -2.239903775542700370e-01 1.006657996748134692e-01 1.603109997263482356e+00 2.198704451249868796e-01 1.713415252443091230e+00 1.005431528716021150e+00 9.227854508705105596e-01 -2.607141496549414406e-02 9.870406037552882372e-01 -9.927941635533227283e-01 -4.901506374398805210e-01 0.000000000000000000e+00
1.921923088758671627e-01 -2.241362331215571158e-01 9.998409602896096704e-02 1.599363599559628035e+00 2.196691937444992249e-01 1.714996543425798770e+00 1.006740272654713442e+00 9.284682371625762043e-01 -3.595134313552472705e-02 9.917833607615831326e-01 -9.899390551276761041e-01 -4.989016849133400267e-01 0.000000000000000000e+00
1.934923807523704908e-01 -2.243401490654051700e-01 9.927543785962407441e-02 1.595386426043605255e+00 2.193482385890686004e-01 1.716551280077333042e+00 1.007946351733383095e+00 9.345771292290543375e-01 -4.668574654130730472e-02 9.967974273039298394e-01 -9.869071793846754259e-01 -5.083666925855361285e-01 0.000000000000000000e+00
1.946615523410208382e-01 -2.245709189158969499e-01 9.864932879011963085e-02 1.591792332022341938e+00 2.189560702300292760e-01 1.717840518146042550e+00 1.008866074415841974e+00 9.401693014650299718e-01 -5.661920424924793416e-02 1.001312750353131831e+00 -9.841653884634116167e-01 -5.170871137064597667e-01 0.000000000000000000e+00
1.958940637120870354e-01 -2.248674679555800748e-01 9.800217624920554149e-02 1.587985067095467606e+00 2.184256292947681644e-01 1.719078194844565255e+00 1.009653770887260160e+00 9.461732649845591148e-01 -6.740340876741490739e-02 1.006082671602545719e+00 -9.812576160272085124e-01 -5.265135388323632926e-01 0.000000000000000000e+00
1.969994210571555660e-01 -2.251848711114780577e-01 9.743435654354376529e-02 1.584553015419070121e+00 2.178359587272931108e-01 1.720072575431178086e+00 1.010187801264848195e+00 9.516617736751035173e-01 -7.737548231116209152e-02 1.010373423592826780e+00 -9.786321386665538524e-01 -5.351929805620133651e-01 0.000000000000000000e+00
1.981611867675248939e-01 -2.255763508121119698e-01 9.685197108928311760e-02 1.580926530242294348e+00 2.170872078340080336e-01 1.720988904379046724e+00 1.010558513288587257e+00 9.575458949455790680e-01 -8.819310950100933688e-02 1.014900997183043385e+00 -9.758521313836474587e-01 -5.445690719433143867e-01 0.000000000000000000e+00
1.992001950906074348e-01 -2.259816729832626603e-01 9.634509468319923942e-02 1.577665338705489084e+00 2.162937023777429246e-01 1.721686856348379813e+00 1.010711112419048874e+00 9.629174242852416299e-01 -9.818821938818578232e-02 1.018970507065766196e+00 -9.733454975866376868e-01 -5.531968150583032040e-01 0.000000000000000000e+00
2.002889185135490746e-01 -2.264686313079725677e-01 9.582995648416901824e-02 1.574228065698656032e+00 2.153215846631022501e-01 1.722282648962760732e+00 1.010672430004215583e+00 9.686679880270496756e-01 -1.090223581767917338e-01 1.023261192477020076e+00 -9.706949865117362464e-01 -5.625111543918280832e-01 0.000000000000000000e+00
2.012590141699613089e-01 -2.269627546231850757e-01 9.538664527387007153e-02 1.571146004510419303e+00 2.143180840538851939e-01 1.722683655173353756e+00 1.010448657893621593e+00 9.739091556313528297e-01 -1.190247917569657865e-01 1.027113321835765092e+00 -9.683092602282160621e-01 -5.710760801946047627e-01 0.000000000000000000e+00
2.022714487673378247e-01 -2.275464909567944116e-01 9.494194636098531037e-02 1.567907452750555208e+00 2.131143255252778701e-01 1.722957096320476111e+00 1.010004176307687462e+00 9.795107820891983952e-01 -1.298581315972446859e-01 1.031170248282337276e+00 -9.657910416804642573e-01 -5.803159841756618809e-01 0.000000000000000000e+00
2.031700649279736259e-01 -2.281297859516895621e-01 9.456472698772566687e-02 1.565011936287572958e+00 2.118950542318263075e-01 1.723062034421688926e+00 1.009410158226545118e+00 9.846081389946372830e-01 -1.398517767458213878e-01 1.034809524490957866e+00 -9.635277542280604735e-01 -5.888066743630525623e-01 0.000000000000000000e+00
2.041038948702278699e-01 -2.288098253076342736e-01 9.419278616568206586e-02 1.561978725930437406e+00 2.104554171760497638e-01 1.723016533485210333e+00 1.008569464849434327e+00 9.900470463098787199e-01 -1.506667407745787557e-01 1.038639150138491729e+00 -9.611425605767581759e-01 -5.979600256086821108e-01 0.000000000000000000e+00
2.049284898891208517e-01 -2.294821777336292223e-01 9.388417716918004419e-02 1.559276814039530556e+00 2.090149980814564046e-01 1.722827281468802596e+00 1.007612258174632736e+00 9.949868772368394287e-01 -1.606352190508544275e-01 1.042070633203058927e+00 -9.590028437989341903e-01 -6.063645625348086377e-01 0.000000000000000000e+00
2.057805521586832664e-01 -2.302587065797747634e-01 9.358810486651561455e-02 1.556457452776587758e+00 2.073322573229354759e-01 1.722463683543326907e+00 1.006381211960743594e+00 1.000247153021964097e+00 -1.714138309307322583e-01 1.045677485425407616e+00 -9.567522729407355042e-01 -6.154177123444241060e-01 0.000000000000000000e+00
2.065285833803514048e-01 -2.310194437521732591e-01 9.335047877182946208e-02 1.553955204742111462e+00 2.056657575310159025e-01 1.721983601172560663e+00 1.005068872754579790e+00 1.005015742690832603e+00 -1.813402312617844458e-01 1.048906834563237966e+00 -9.547367926277634531e-01 -6.237239120472993781e-01 0.000000000000000000e+00
2.072966124252145215e-01 -2.318908559949269255e-01 9.313233793029210283e-02 1.551354706711115305e+00 2.037367024811769234e-01 1.721308280103067467e+00 1.003458991875626705e+00 1.010083605087198855e+00 -1.920642483393155686e-01 1.052298569948535434e+00 -9.526203785094774501e-01 -6.326640106686408638e-01 0.000000000000000000e+00
2.079657011698585745e-01 -2.327387669455945329e-01 9.296805381362875653e-02 1.549058043430528109e+00 2.018401016626731881e-01 1.720541837240825656e+00 1.001800641464834607e+00 1.014666971902252524e+00 -2.019316596522227059e-01 1.055331977009162925e+00 -9.507290680823304863e-01 -6.408592231330871858e-01 0.000000000000000000e+00
2.086466583047487389e-01 -2.337039926542295309e-01 9.283077354497451528e-02 1.546683676933116480e+00 1.996587316553117830e-01 1.719558387336688865e+00 9.998201151411698628e-01 1.019526042469156568e+00 -2.125820403256131197e-01 1.058514521090834881e+00 -9.487475430732570381e-01 -6.496717563382139460e-01 0.000000000000000000e+00
2.092344625463802288e-01 -2.346372571783605365e-01 9.274197808679296440e-02 1.544597812800877712e+00 1.975284949967557324e-01 1.718511633619306256e+00 9.978258735378912059e-01 1.023910337992726793e+00 -2.223730189152348657e-01 1.061358910293094038e+00 -9.469799364787442331e-01 -6.577428654958625831e-01 0.000000000000000000e+00
2.098264294280149378e-01 -2.356934596230711443e-01 9.268742665060333841e-02 1.542453873918452345e+00 1.950934724293569289e-01 1.717229061890371389e+00 9.954884836281560068e-01 1.028546701713473066e+00 -2.329313873729630391e-01 1.064341184660791972e+00 -9.451315029451473615e-01 -6.664141845841878853e-01 0.000000000000000000e+00
2.103307811926183601e-01 -2.367096605427508882e-01 9.267620336587463481e-02 1.540583493722975206e+00 1.927271075425642799e-01 1.715909223921846971e+00 9.931695361089694085e-01 1.032717744612755117e+00 -2.426280900599961932e-01 1.067003946276707804e+00 -9.434865349188327199e-01 -6.743478746295884507e-01 0.000000000000000000e+00
2.108310493154545717e-01 -2.378544253351910220e-01 9.270702400611377514e-02 1.538676432224732160e+00 1.900345081125403013e-01 1.714334241973020312e+00 9.904858686784965283e-01 1.037114690151503371e+00 -2.530744725938864903e-01 1.069793208044402144e+00 -9.417705270704400666e-01 -6.828624001087352235e-01 0.000000000000000000e+00
2.112500382785710284e-01 -2.389505491510202084e-01 9.277535774529462043e-02 1.537026480809442930e+00 1.874305316626267981e-01 1.712749634592218628e+00 9.878545323634437825e-01 1.041058299093692519e+00 -2.626591893570815461e-01 1.072282464715299310e+00 -9.402465997156695954e-01 -6.906447560251920414e-01 0.000000000000000000e+00
2.116571054501220073e-01 -2.401797110485534015e-01 9.289306288474362405e-02 1.535359849330966142e+00 1.844810477589056141e-01 1.710894054069229231e+00 9.848406329578012208e-01 1.045201978012773925e+00 -2.729746775233945488e-01 1.074889033632214330e+00 -9.386601546543094088e-01 -6.989881068252740137e-01 0.000000000000000000e+00
2.119890000496095217e-01 -2.413520680972821297e-01 9.304268181704146434e-02 1.533934625843265565e+00 1.816391198682651975e-01 1.709054783612870887e+00 9.819102902313596726e-01 1.048903905086038701e+00 -2.824288993931758363e-01 1.077213573789689960e+00 -9.372549377051290209e-01 -7.066048807009551735e-01 0.000000000000000000e+00
2.123007159792198728e-01 -2.426618366861353349e-01 9.324965720926810253e-02 1.532514865321740416e+00 1.784314699378688474e-01 1.706928095380589649e+00 9.785792083398885399e-01 1.052777073417395348e+00 -2.925927205354086347e-01 1.079646105129368427e+00 -9.357959914809563795e-01 -7.147604120651592785e-01 0.000000000000000000e+00
2.125441615424946695e-01 -2.439061347167197080e-01 9.348222410824434669e-02 1.531319109714613269e+00 1.753526278407626648e-01 1.704845065039142238e+00 9.753644400090266675e-01 1.056222937551849039e+00 -3.018980717002546221e-01 1.081815316416265160e+00 -9.345066886182217258e-01 -7.221968899350421633e-01 0.000000000000000000e+00
2.127596739391168501e-01 -2.452909879197282261e-01 9.377955837763965463e-02 1.530149400998608300e+00 1.718903250261956117e-01 1.702461896500280902e+00 9.717345514432487175e-01 1.059811813436839723e+00 -3.118907847424496893e-01 1.084085461508475845e+00 -9.331710467525198283e-01 -7.301496215822366187e-01 0.000000000000000000e+00
2.129136593764100471e-01 -2.466022742970381543e-01 9.409649453991490720e-02 1.529187742810299788e+00 1.685772225303914240e-01 1.700147582981724748e+00 9.682510701583977308e-01 1.062987166983568432e+00 -3.210283567586207365e-01 1.086109330778881832e+00 -9.319939961297321052e-01 -7.373906900071348636e-01 0.000000000000000000e+00
2.130316244108364510e-01 -2.480569708908350046e-01 9.448616968153142337e-02 1.528275275148454071e+00 1.648622730861912800e-01 1.697520287772035230e+00 9.643381541477716867e-01 1.066274240138026075e+00 -3.308283900959487767e-01 1.088227342793821828e+00 -9.307781965130834667e-01 -7.451226455999619969e-01 0.000000000000000000e+00
2.130955560567176499e-01 -2.494296585848077008e-01 9.488872401716499927e-02 1.527553012280256972e+00 1.613188992565266489e-01 1.694988210512315963e+00 9.606028709818537070e-01 1.069164568869089171e+00 -3.397791413616504386e-01 1.090116789008205522e+00 -9.297093368095802335e-01 -7.521527250874986414e-01 0.000000000000000000e+00
2.131160500681598124e-01 -2.509474129651881880e-01 9.537146463655990503e-02 1.526901793026985032e+00 1.573582510569058179e-01 1.692133627777784755e+00 9.564275670248275629e-01 1.072135990855344945e+00 -3.493669207600993420e-01 1.092095584277161802e+00 -9.286077868036962668e-01 -7.596482585545538679e-01 0.000000000000000000e+00
2.130898038139799611e-01 -2.523752937376213534e-01 9.586063607809872100e-02 1.526424268919835292e+00 1.535906730689529098e-01 1.689398664652754789e+00 9.524585248942278870e-01 1.074726713963773950e+00 -3.581112770413199531e-01 1.093861859291129779e+00 -9.276421245924334480e-01 -7.664514367172158282e-01 0.000000000000000000e+00
2.130125985274506917e-01 -2.539494022215110780e-01 9.643797289479158485e-02 1.526042890136181995e+00 1.493904367071730022e-01 1.686331880345594225e+00 9.480396082764865895e-01 1.077364641602524653e+00 -3.674644319477327059e-01 1.095713422039007234e+00 -9.266498307702699666e-01 -7.736914398776780777e-01 0.000000000000000000e+00
2.128966444554865889e-01 -2.554256530250927915e-01 9.701455413806606143e-02 1.525816745684617892e+00 1.454064913844197449e-01 1.683409873122573508e+00 9.438561816781357861e-01 1.079641244860379157e+00 -3.759829521685147391e-01 1.097368776393573109e+00 -9.257818399919859331e-01 -7.802512051167066476e-01 0.000000000000000000e+00
2.127229332208815382e-01 -2.570480629224810576e-01 9.768666750374938035e-02 1.525710370966613993e+00 1.409776292148547938e-01 1.680150125659406246e+00 9.392166887431087074e-01 1.081931896292983364e+00 -3.850812425586069843e-01 1.099107287953176915e+00 -9.248918115556814534e-01 -7.872192995298716856e-01 0.000000000000000000e+00
2.125183443582375764e-01 -2.585652860682696730e-01 9.835124577463123796e-02 1.525743169465155091e+00 1.367873040876821378e-01 1.677057902735292760e+00 9.348394505964271461e-01 1.083879665735240083e+00 -3.933540861688291645e-01 1.100664504821573519e+00 -9.241152337818143714e-01 -7.935186741933180077e-01 0.000000000000000000e+00
2.122492346505816807e-01 -2.602279780112546903e-01 9.911913260622000343e-02 1.525922753523587971e+00 1.321404856770076464e-01 1.673622871016441360e+00 9.300009529489439153e-01 1.085804998045313052e+00 -4.021744756991716407e-01 1.102303680472517478e+00 -9.233207462496164641e-01 -8.001945532558740748e-01 0.000000000000000000e+00
2.119577437026477496e-01 -2.617781726578944368e-01 9.987201104565419929e-02 1.526222932473249472e+00 1.277560140773346120e-01 1.670378520071181816e+00 9.254518077538977927e-01 1.087409086548895010e+00 -4.101812695164948064e-01 1.103776341976303810e+00 -9.226285241032775586e-01 -8.062162933756793493e-01 0.000000000000000000e+00
2.115959223181397286e-01 -2.634719639859475770e-01 1.007353549635847390e-01 1.526696511173764037e+00 1.229069197655308088e-01 1.666789299055835283e+00 9.204399383194504791e-01 1.088955384456822051e+00 -4.187035181628027125e-01 1.105331827789991950e+00 -9.219210553596980384e-01 -8.125826465405411314e-01 0.000000000000000000e+00
2.112199978546251689e-01 -2.650466697663133031e-01 1.015765686753613284e-01 1.527274274458579661e+00 1.183426788789043727e-01 1.663411685685444841e+00 9.157419224194689455e-01 1.090201211214761212e+00 -4.264241553209970892e-01 1.106734248420027766e+00 -9.213054656737262871e-01 -8.183089089374021574e-01 0.000000000000000000e+00
2.107682243853817861e-01 -2.667622551735236991e-01 1.025357981593566919e-01 1.528055745333426252e+00 1.133073886196589442e-01 1.659688288974931814e+00 9.105815151752224557e-01 1.091350032329994058e+00 -4.346241614754056126e-01 1.108221424151755174e+00 -9.206766933403585096e-01 -8.243443643368215668e-01 0.000000000000000000e+00
2.103111461237373581e-01 -2.683524627299961329e-01 1.034651205372485172e-01 1.528922835928776536e+00 1.085805019925381032e-01 1.656197401423409321e+00 9.057591296523341828e-01 1.092222683640185821e+00 -4.420378693179682905e-01 1.109568584189171814e+00 -9.201290808412109223e-01 -8.297567731992168127e-01 0.000000000000000000e+00
2.097737100998370019e-01 -2.700797248793473937e-01 1.045192649845999716e-01 1.530023551933784809e+00 1.033795528169836331e-01 1.652362912572079567e+00 9.004781477897343400e-01 1.092960578999219612e+00 -4.498951266400834648e-01 1.111004560648942485e+00 -9.195688849059128200e-01 -8.354432213377813721e-01 0.000000000000000000e+00
2.092396298155550505e-01 -2.716759766784062613e-01 1.055361636103163553e-01 1.531193522872027479e+00 9.850958548431343331e-02 1.648779544358444982e+00 8.955572918855403408e-01 1.093445340896641360e+00 -4.569811990895389364e-01 1.112312305902225962e+00 -9.190799951088014508e-01 -8.405231345380801411e-01 0.000000000000000000e+00
2.086212182538178250e-01 -2.734045359968628741e-01 1.066850257636701577e-01 1.532631912137633279e+00 9.316493815101978271e-02 1.644856217343305449e+00 8.901838317540875511e-01 1.093753668371845178e+00 -4.644710067602506598e-01 1.113714327058098030e+00 -9.185781889804033318e-01 -8.458378053884696435e-01 0.000000000000000000e+00
2.080151214714082153e-01 -2.749969778776096829e-01 1.077886415092644129e-01 1.534120430834464699e+00 8.817405060490202118e-02 1.641202286223077289e+00 8.851916031326794165e-01 1.093835693733419712e+00 -4.712082051069059752e-01 1.114999235705034009e+00 -9.181378352941588217e-01 -8.505659150087689913e-01 0.000000000000000000e+00
2.073219485889836178e-01 -2.767159291233317608e-01 1.090306621395348424e-01 1.535912119895193051e+00 8.271191755147544455e-02 1.637214805262071415e+00 8.797563576639366723e-01 1.093701004361288920e+00 -4.783098570487382961e-01 1.116385810526583811e+00 -9.176826344848370010e-01 -8.554900332852982681e-01 0.000000000000000000e+00
2.066498223796492117e-01 -2.782943707067141448e-01 1.102199174243436858e-01 1.537737502952019497e+00 7.762508952674007645e-02 1.633512767567326218e+00 8.747213187280056257e-01 1.093365379484911637e+00 -4.846770757409541996e-01 1.117665193114257827e+00 -9.172798979489897864e-01 -8.598464987754771416e-01 0.000000000000000000e+00
2.058886532913401513e-01 -2.799924288701702846e-01 1.115541438079861725e-01 1.539906004729494349e+00 7.207366031912210147e-02 1.629485866981293496e+00 8.692557132228360128e-01 1.092768897979761178e+00 -4.913649390284158258e-01 1.119055496361333724e+00 -9.168591850757844552e-01 -8.643559628702809361e-01 0.000000000000000000e+00
2.051574526196052184e-01 -2.815463264183252212e-01 1.128275380756009472e-01 1.542088560549425225e+00 6.691888402113566059e-02 1.625759451428281377e+00 8.642078911136725772e-01 1.092000842321382281e+00 -4.973406064613627997e-01 1.120347395806131185e+00 -9.164821480444564905e-01 -8.683206107850820477e-01 0.000000000000000000e+00
2.043365339112779289e-01 -2.832120647633690202e-01 1.142517709628553396e-01 1.544654878857870450e+00 6.131010093374644754e-02 1.621719334877792296e+00 8.587452150857021183e-01 1.090929319456788837e+00 -5.035940415960049599e-01 1.121761401186908813e+00 -9.160824741438627905e-01 -8.723957798851211809e-01 0.000000000000000000e+00
2.035541772536645366e-01 -2.847306299697721643e-01 1.156074812461736628e-01 1.547217818427645497e+00 5.611793523491037661e-02 1.617993144454897836e+00 8.537159685251419772e-01 1.089714052472358530e+00 -5.091564530067991257e-01 1.123084859090623500e+00 -9.157185531809034496e-01 -8.759479041470690230e-01 0.000000000000000000e+00
2.026825409911927889e-01 -2.863520602230080758e-01 1.171200391943801739e-01 1.550211630337734903e+00 5.048666534436563325e-02 1.613966902010852911e+00 8.482911759636777571e-01 1.088148446646528100e+00 -5.149490281148032533e-01 1.124543738735769072e+00 -9.153258034991441638e-01 -8.795632784849060082e-01 0.000000000000000000e+00
2.018580633960244397e-01 -2.878242634811039036e-01 1.185559504706074491e-01 1.553181083764248349e+00 4.529108121950198296e-02 1.610266407211104811e+00 8.433135281492379898e-01 1.086471121212968960e+00 -5.200764121615326641e-01 1.125918462490467897e+00 -9.149613499039668252e-01 -8.826816403843069647e-01 0.000000000000000000e+00
2.009460536899135841e-01 -2.893895754463419179e-01 1.201538640390115431e-01 1.556628974889686212e+00 3.967538197964692870e-02 1.606282160200679376e+00 8.379627048870508244e-01 1.084398449515587393e+00 -5.253871548493143084e-01 1.127443654846756349e+00 -9.145603444228280754e-01 -8.858167801985755707e-01 0.000000000000000000e+00
2.000893999220849373e-01 -2.908042692870119739e-01 1.216674925508048344e-01 1.560033960000161812e+00 3.451303059691257502e-02 1.602633887066347462e+00 8.330708108597113526e-01 1.082244218509822442e+00 -5.300574072949317816e-01 1.128890150792832836e+00 -9.141808439674917741e-01 -8.884796083935185829e-01 0.000000000000000000e+00
1.991483917164784123e-01 -2.923009885653796713e-01 1.233483435419513857e-01 1.563972430559886995e+00 2.895479082784291336e-02 1.598721083009721378e+00 8.278325061535800611e-01 1.079645239602014195e+00 -5.348593530564536014e-01 1.130504825361748011e+00 -9.137553374043243526e-01 -8.911076823362359400e-01 0.000000000000000000e+00
1.982706229839006351e-01 -2.936468000461258665e-01 1.249368214937010141e-01 1.567845038555844006e+00 2.386570731937931455e-02 1.595152672605047561e+00 8.230623851670846314e-01 1.076999322479993193e+00 -5.390501699268295255e-01 1.132044531945977317e+00 -9.133454103335338914e-01 -8.932926728525915072e-01 0.000000000000000000e+00
1.973130598183273354e-01 -2.950629105911394268e-01 1.266968482015331798e-01 1.572306956991214477e+00 1.840922385899457225e-02 1.591341495435528053e+00 8.179755477479515591e-01 1.073861386346580016e+00 -5.433222797894803335e-01 1.133771858229002616e+00 -9.128784250363884967e-01 -8.953924422140644435e-01 0.000000000000000000e+00
