1.725450475258877292e-03 -1.588298442462332538e-03 2.887453218012564493e-03 -6.443488744294789683e-03 7.810812201515471287e-03 -8.902645918887674981e-03 0.000000000000000000e+00
1.639367144992687209e-03 -1.408261306250713218e-03 2.651561893210918619e-03 -5.714050312969121137e-03 7.222231806845780255e-03 -8.201183481392648744e-03 0.000000000000000000e+00
1.825535524992677461e-03 -1.464435269532549100e-03 2.857018513912928936e-03 -5.937278925236100235e-03 7.835889269657059231e-03 -8.868750724910334782e-03 0.000000000000000000e+00
1.729869845554982133e-03 -1.296718868990964779e-03 2.622552284891277452e-03 -5.248066412327112573e-03 7.242796278531749010e-03 -8.173648293386293062e-03 0.000000000000000000e+00
1.921548894106450689e-03 -1.346491430147311874e-03 2.824680436117332771e-03 -5.433840581738458297e-03 7.854911044775647611e-03 -8.842764365666333504e-03 0.000000000000000000e+00
1.816924094049376937e-03 -1.190116518684058988e-03 2.591711548850128555e-03 -4.782986316444137742e-03 7.256820220520765474e-03 -8.153371166112810542e-03 0.000000000000000000e+00
2.014187712407522479e-03 -1.233358749987312208e-03 2.790302752221945903e-03 -4.929535931303519192e-03 7.866093281788444358e-03 -8.824935647802290006e-03 0.000000000000000000e+00
1.900611737290225367e-03 -1.088053347940765025e-03 2.559407187360890346e-03 -4.318676400044907382e-03 7.263342111750059615e-03 -8.140626034624620644e-03 0.000000000000000000e+00
2.102878932587842753e-03 -1.125192208861536258e-03 2.754747890517855735e-03 -4.427735401057120157e-03 7.868839856938425470e-03 -8.815236913719104450e-03 0.000000000000000000e+00
1.980958666851440064e-03 -9.901021054656289344e-04 2.525957948278118037e-03 -3.855046641240811311e-03 7.261394721462810509e-03 -8.135675702253264419e-03 0.000000000000000000e+00
2.188278622524103545e-03 -1.021084177183884112e-03 2.717845341012020688e-03 -3.925063192818711855e-03 7.861577442730194321e-03 -8.813870867502959783e-03 0.000000000000000000e+00
2.057980406244178107e-03 -8.959463923715049738e-04 2.491560959136412956e-03 -3.392189538151235695e-03 7.250068245694851754e-03 -8.138056951852545851e-03 0.000000000000000000e+00
2.269759676331986609e-03 -9.210564430066070507e-04 2.680309114563961259e-03 -3.424715638329800527e-03 7.844025572551593939e-03 -8.820703891585290890e-03 0.000000000000000000e+00
2.131654292347656687e-03 -8.051862095818651532e-04 2.456444532414614468e-03 -2.929841638762198386e-03 7.228393905845287293e-03 -8.148096084555689345e-03 0.000000000000000000e+00
2.347932362305071852e-03 -8.243975563012595487e-04 2.641879644117633985e-03 -2.923553372596643385e-03 7.814679512100575209e-03 -8.835629920320497988e-03 0.000000000000000000e+00
2.201998639107277667e-03 -7.175320392007189518e-04 2.420839278135356043e-03 -2.468260187331594580e-03 7.195991559292735928e-03 -8.165634979572233831e-03 0.000000000000000000e+00
2.422131229064594660e-03 -7.310548080901591028e-04 2.603168784399256808e-03 -2.424540986758927374e-03 7.773352740105821113e-03 -8.858473072634209800e-03 0.000000000000000000e+00
2.268948530172176792e-03 -6.326731335226098984e-04 2.384796231839708680e-03 -2.007262473442850137e-03 7.151882822590494015e-03 -8.190202550524272596e-03 0.000000000000000000e+00
2.492959002985795092e-03 -6.404419085386803268e-04 2.563813345695054036e-03 -1.924712025181740671e-03 7.718824022756365366e-03 -8.888660740074660893e-03 0.000000000000000000e+00
2.332463244001145575e-03 -5.503211980312228135e-04 2.348435546014715491e-03 -1.546898678950192618e-03 7.095450162182714848e-03 -8.221384208860982312e-03 0.000000000000000000e+00
2.559753167644868155e-03 -5.525238386762110210e-04 2.524408283782003659e-03 -1.427051338594331753e-03 7.651136364893673658e-03 -8.926113012049263773e-03 0.000000000000000000e+00
2.392507452292691461e-03 -4.702321921530305815e-04 2.311893334969922220e-03 -1.087230750928647183e-03 7.026369149039091155e-03 -8.259211381986153455e-03 0.000000000000000000e+00
2.623037725903054618e-03 -4.668640621146025182e-04 2.484618413297862149e-03 -9.288591478648910993e-04 7.568935310527269422e-03 -8.970192025593570762e-03 0.000000000000000000e+00
2.449034467617433597e-03 -3.921752297282865563e-04 2.275095336162824555e-03 -6.282959281325162237e-04 6.944013932498993569e-03 -8.302411085743699459e-03 0.000000000000000000e+00
2.682200007266016817e-03 -3.833661564099921648e-04 2.444800930928581195e-03 -4.328204557726422763e-04 7.472668788272684992e-03 -9.020138991906234693e-03 0.000000000000000000e+00
2.501973129838769294e-03 -3.159899767164464635e-04 2.238228829805954945e-03 -1.703501538896645684e-04 6.848054354152921519e-03 -8.351131515220266976e-03 0.000000000000000000e+00
2.737751636353563667e-03 -3.017539198388874411e-04 2.404656548941841443e-03 6.335899538534306430e-05 7.360926585685767520e-03 -9.074968048996323589e-03 0.000000000000000000e+00
2.551294206386264807e-03 -2.414892049568684307e-04 2.201179689220372770e-03 2.865565211047638172e-04 6.738107971560935994e-03 -8.403924977029131327e-03 0.000000000000000000e+00
2.789045042786500450e-03 -2.219089639242666223e-04 2.364566423668196249e-03 5.570199380526830168e-04 7.234331537010696422e-03 -9.134381505167876725e-03 0.000000000000000000e+00
2.596943247697588997e-03 -1.685552596760175881e-04 2.164018823483437881e-03 7.420242232223372980e-04 6.613887993381695196e-03 -8.460157475770335722e-03 0.000000000000000000e+00
2.836631773678557900e-03 -1.437000560788326275e-04 2.324124568374136279e-03 1.050225104831881140e-03 7.091731433458647871e-03 -9.196736779941705464e-03 0.000000000000000000e+00
2.638877235655284759e-03 -9.707414132348324287e-05 2.126705113803611935e-03 1.195848907333818545e-03 6.475200050743534774e-03 -8.518843152125477047e-03 0.000000000000000000e+00
2.879894947075301026e-03 -6.701219242150058264e-05 2.283659180651376186e-03 1.540194505310843454e-03 6.933804352907468882e-03 -9.261051109008766602e-03 0.000000000000000000e+00
2.677063957164632635e-03 -2.696583613542857805e-05 2.089204211217721152e-03 1.647559261521713836e-03 6.321882189781025119e-03 -8.578738648940431588e-03 0.000000000000000000e+00
2.919358031408303411e-03 8.190589630030498114e-06 2.242895543451889351e-03 2.028701744027472387e-03 6.759563916058031197e-03 -9.326290636669343215e-03 0.000000000000000000e+00
2.711479622811638346e-03 4.179461107128856767e-05 2.051464940039521290e-03 2.096582003482616585e-03 6.153918913762268517e-03 -8.638519537319311326e-03 0.000000000000000000e+00
2.954465858268216782e-03 8.201043844702216035e-05 2.202017352503721215e-03 2.512950893359899851e-03 6.569970548336190319e-03 -9.390800778382946135e-03 0.000000000000000000e+00
2.742108992892754171e-03 1.092729981974627229e-04 2.013564656323268975e-03 2.542353016543152933e-03 5.971325911210190185e-03 -8.697294696745849762e-03 0.000000000000000000e+00
2.985726739356056592e-03 1.543759615127426876e-04 2.160600302991422250e-03 2.994317568802529195e-03 6.363940908285403708e-03 -9.452431430797103573e-03 0.000000000000000000e+00
2.768952810158223365e-03 1.754374643072043050e-04 1.975332335747537194e-03 2.984080799249611005e-03 5.774221589583294900e-03 -8.752985968319526577e-03 0.000000000000000000e+00
3.012630552447277676e-03 2.253762109520884849e-04 2.119125098355378878e-03 3.469863931290895209e-03 6.142897669275004802e-03 -9.510832107647138045e-03 0.000000000000000000e+00
2.792031285506202387e-03 2.402904242890802067e-04 1.936748884724392994e-03 3.420972245098852227e-03 5.562855946719569289e-03 -8.804147351124225196e-03 0.000000000000000000e+00
3.035719192603418548e-03 2.948700255635539058e-04 2.077022317129695317e-03 3.940592471606940705e-03 5.905981954469119444e-03 -9.562903971453540208e-03 0.000000000000000000e+00
2.811353360550598868e-03 3.037857328617721286e-04 1.897738040183394315e-03 3.851981996766618010e-03 5.337424186918404700e-03 -8.848822893910979204e-03 0.000000000000000000e+00
3.054534797393246293e-03 3.629340931602387244e-04 2.034655670917762116e-03 4.403529848188370011e-03 5.654852572810398215e-03 -9.607701595576667586e-03 0.000000000000000000e+00
2.826988360209684026e-03 3.658676228333046510e-04 1.858290010170349227e-03 4.276140346093804112e-03 5.098644499044624467e-03 -8.885664696051787104e-03 0.000000000000000000e+00
3.069602796599901762e-03 4.293429416238891960e-04 1.991604318318351829e-03 4.859157194395002932e-03 5.388697523198260342e-03 -9.642270040481681903e-03 0.000000000000000000e+00
2.838983253702763443e-03 4.264574220232408841e-04 1.818381112524525278e-03 4.692163536810234348e-03 4.846945195756902081e-03 -8.912680656723681594e-03 0.000000000000000000e+00
3.080561751679623816e-03 4.942084105740707223e-04 1.948071471053025583e-03 5.304619713271563342e-03 5.109734826168832456e-03 -9.665267047779479981e-03 0.000000000000000000e+00
2.847433067001046980e-03 4.854756965408935088e-04 1.777859840741691233e-03 5.098788318396607622e-03 4.583140667612006780e-03 -8.927517147249819374e-03 0.000000000000000000e+00
3.087930635978085314e-03 5.572079881908109655e-04 1.903757739086853196e-03 5.739844658598336480e-03 4.817352496338855872e-03 -9.673844261845143677e-03 0.000000000000000000e+00
2.852430189572140520e-03 5.428365533725609815e-04 1.736710028679810947e-03 5.494715559597906918e-03 4.308123849006584294e-03 -8.928516247686424379e-03 0.000000000000000000e+00
3.091424168322677579e-03 6.184592182543191541e-04 1.858936948488099095e-03 6.162045882753375281e-03 4.514109547003819500e-03 -9.666913877978799974e-03 0.000000000000000000e+00
2.854097571093915098e-03 5.984276588960057985e-04 1.694899263251281596e-03 5.878463149606716343e-03 4.022915321295172930e-03 -8.913583365192767616e-03 0.000000000000000000e+00
3.091579604735445429e-03 6.776189558799772250e-04 1.813131734784312332e-03 6.570838814653257032e-03 4.199776191414983373e-03 -9.640896268307663775e-03 0.000000000000000000e+00
2.852581340202227801e-03 6.521446635603944664e-04 1.652343176289150506e-03 6.248554671424599860e-03 3.728825165328242264e-03 -8.880730655716373434e-03 0.000000000000000000e+00
3.088177744576051098e-03 7.348285469192528119e-04 1.766697329588895471e-03 6.963587075172306129e-03 3.877211491154941569e-03 -9.595143048917176287e-03 0.000000000000000000e+00
2.848032592908437965e-03 7.038737926051696903e-04 1.608962464860697050e-03 6.603503875814986657e-03 3.427139028966408318e-03 -8.827796772183482688e-03 0.000000000000000000e+00
3.081770189155342166e-03 7.896842171439266700e-04 1.719173632714399158e-03 7.339538095082254188e-03 3.546586429981957167e-03 -9.526032789214600172e-03 0.000000000000000000e+00
2.840638322165415369e-03 7.535208363667611486e-04 1.564788950545237256e-03 6.941934505430680247e-03 3.119516059072235947e-03 -8.753502222913045472e-03 0.000000000000000000e+00
3.072214169976380388e-03 8.423729797767953720e-04 1.670936965894542769e-03 7.696452604716519375e-03 3.211135806699960682e-03 -9.433518460495005087e-03 0.000000000000000000e+00
2.830588444980637608e-03 8.009852578481635454e-04 1.519677360079407791e-03 7.262298018652302289e-03 2.807585900074904828e-03 -8.655546596425534034e-03 0.000000000000000000e+00
3.060058197001098643e-03 8.924647921359496472e-04 1.621482632159609860e-03 8.033292897124511001e-03 2.871311932588049842e-03 -9.313695515750897158e-03 0.000000000000000000e+00
2.818107433222673264e-03 8.461497834489351000e-04 1.473703458832797963e-03 7.563357882556687173e-03 2.493313008688602395e-03 -8.533105971920029731e-03 0.000000000000000000e+00
3.045231308922383140e-03 9.402100027933735227e-04 1.571187009802965662e-03 8.348277329237596689e-03 2.530711502487292819e-03 -9.167082376118518283e-03 0.000000000000000000e+00
2.803418279276038289e-03 8.889423008061614340e-04 1.426712555996301202e-03 7.843747808293777268e-03 2.178637161975860437e-03 -8.384209671136844122e-03 0.000000000000000000e+00
3.028281496133933270e-03 9.851650493297725575e-04 1.519689401262069861e-03 8.640496460512459009e-03 2.190060409188454571e-03 -8.990949533875802757e-03 0.000000000000000000e+00
2.786759964746202828e-03 9.292830182293099206e-04 1.378704882622761030e-03 8.102344822401796876e-03 1.865696707535668963e-03 -8.207957732607962242e-03 0.000000000000000000e+00
3.009216550785676070e-03 1.027617397466429328e-03 1.467260768256206660e-03 8.908469766783611021e-03 1.853320107815470408e-03 -8.785634610207981865e-03 0.000000000000000000e+00
2.768391047740875743e-03 9.671203878061640502e-04 1.329704525577124485e-03 8.338280678322540496e-03 1.556727610282138130e-03 -8.003968924334969870e-03 0.000000000000000000e+00
2.988559033268924081e-03 1.067125410962876941e-03 1.413545465821064440e-03 9.151403869317675799e-03 1.521304477808183009e-03 -8.548928903236774346e-03 0.000000000000000000e+00
2.748570542268680139e-03 1.002412194213320173e-03 1.279651746220966668e-03 8.550662158806510149e-03 1.254051165037850524e-03 -7.771574243407908256e-03 0.000000000000000000e+00
2.966364294398150803e-03 1.104064766139889464e-03 1.358815782371347591e-03 9.368530763113724902e-03 1.198143202036483501e-03 -8.282044261786580819e-03 0.000000000000000000e+00
2.727574105036219276e-03 1.035121200375854755e-03 1.228541727967213948e-03 8.738894635252236753e-03 9.599883268558428995e-04 -7.510624597517612244e-03 0.000000000000000000e+00
2.943133101939943153e-03 1.137998992085165195e-03 1.302815442478510999e-03 9.559119047713338091e-03 8.848034045847441575e-04 -7.983723153211830237e-03 0.000000000000000000e+00
2.705662530718792869e-03 1.065260151616398421e-03 1.176385327141871162e-03 8.902585193344414449e-03 6.768770228617881912e-04 -7.221604403966797037e-03 0.000000000000000000e+00
2.918974015718590886e-03 1.169367514197272584e-03 1.245784126219562360e-03 9.723089720031552474e-03 5.854181430957616783e-04 -7.655755384819329379e-03 0.000000000000000000e+00
2.683111954178953040e-03 1.092829957281327147e-03 1.123185249014779785e-03 9.041459058496847945e-03 4.070501644632962268e-04 -6.904962076422105355e-03 0.000000000000000000e+00
2.894338525237925841e-03 1.197746448467484903e-03 1.187447752915238297e-03 9.859842210374836213e-03 3.008865500788715508e-04 -7.297498260123269631e-03 0.000000000000000000e+00
2.660171439887767941e-03 1.117875964584902349e-03 1.068874883035253465e-03 9.155355815341437165e-03 1.528117942344309199e-04 -6.561427438641853627e-03 0.000000000000000000e+00
2.869355169592774368e-03 1.223666310717796968e-03 1.128175076381465747e-03 9.970100097363321368e-03 3.512646032621802306e-05 -6.912147018138359300e-03 0.000000000000000000e+00
2.637126535162639951e-03 1.140464908702398805e-03 1.013570159782761770e-03 9.244556744502752110e-03 -8.366918257651789759e-05 -6.192705732447567613e-03 0.000000000000000000e+00
2.844444287516997849e-03 1.246693960799516443e-03 1.067580688092650831e-03 1.005304041795618275e-02 -2.109736910331783122e-04 -6.498849103924619897e-03 0.000000000000000000e+00
2.614180367660118298e-03 1.160670153846299346e-03 9.572650441638241858e-04 9.309244895053581104e-03 -3.004683775351679742e-04 -5.800410459064320179e-03 0.000000000000000000e+00
2.819719088028416198e-03 1.267454540800738716e-03 1.006116978322091349e-03 1.011018447193823278e-02 -4.339594547411174119e-04 -6.062047183462038191e-03 0.000000000000000000e+00
2.591585677986243952e-03 1.178590296759374212e-03 8.999339461596145284e-04 9.349702590668584889e-03 -4.955707228591066382e-04 -5.386007459337260883e-03 0.000000000000000000e+00
2.795541717835400841e-03 1.285539157979742608e-03 9.434498840800720210e-04 1.014080314444587572e-02 -6.332782329643293906e-04 -5.601876468474209503e-03 0.000000000000000000e+00
2.569537118805836906e-03 1.194326819749125246e-03 8.416761129995120605e-04 9.366345121145869257e-03 -6.673733788571389880e-04 -4.951902473598224219e-03 0.000000000000000000e+00
2.772007596760758807e-03 1.301626157887647572e-03 8.799517056413685978e-04 1.014671933705280082e-02 -8.059092470666939789e-04 -5.122700826205139890e-03 0.000000000000000000e+00
2.548227568014982403e-03 1.208038984598647225e-03 7.825348823156108580e-04 9.359883207130437199e-03 -8.144802584975074922e-04 -4.500712019705144229e-03 0.000000000000000000e+00
2.749394753937553504e-03 1.315295689247042432e-03 8.152974182238370560e-04 1.012684857273349337e-02 -9.516656309398463520e-04 -4.624890907692247310e-03 0.000000000000000000e+00
2.527804168605873869e-03 1.219868255750489183e-03 7.225388046635528028e-04 9.330716182303078199e-03 -9.356638165969322074e-04 -4.034799688074741653e-03 0.000000000000000000e+00
2.727790583744671427e-03 1.327278160256906148e-03 7.499947902499526364e-04 1.008368122324654337e-02 -1.068296243136757084e-03 -4.113940394517623389e-03 0.000000000000000000e+00
2.508394628773599755e-03 1.229959079183162718e-03 6.617593403803190277e-04 9.279415817252001375e-03 -1.030083709790297064e-03 -3.556895167322604578e-03 0.000000000000000000e+00
2.707369676186344165e-03 1.337185568876797515e-03 6.836446700141385335e-04 1.001575816584931999e-02 -1.156057892697681666e-03 -3.590208180966669715e-03 0.000000000000000000e+00
2.490091947746062018e-03 1.238472984454785930e-03 6.002615423537638328e-04 9.206464120421031794e-03 -1.097138689906795861e-03 -3.069850399595175361e-03 0.000000000000000000e+00
2.688164876565243833e-03 1.345783660973876028e-03 6.167995620633970333e-04 9.925879783180491245e-03 -1.213532151245644286e-03 -3.059566309174144294e-03 0.000000000000000000e+00
2.472963874702263642e-03 1.245571424832281338e-03 5.381387125475978195e-04 9.112368655212144120e-03 -1.136571817773379678e-03 -2.576505971434439601e-03 0.000000000000000000e+00
2.670253335400107897e-03 1.352624372773114647e-03 5.490030430351788837e-04 9.811927667767506023e-03 -1.241464382212953410e-03 -2.522045482169055219e-03 0.000000000000000000e+00
2.457023416726836218e-03 1.251427069810795434e-03 4.754120907086156755e-04 8.997466500961337488e-03 -1.148401662923070887e-03 -2.079661971645219154e-03 0.000000000000000000e+00
2.653656745684684903e-03 1.358520729954126871e-03 4.808973825960460857e-04 9.677132596057624880e-03 -1.239226292037542976e-03 -1.983829986876184392e-03 0.000000000000000000e+00
2.442278747127615834e-03 1.256186663121161562e-03 4.121536795160252176e-04 8.862101052899085118e-03 -1.132978276348950430e-03 -1.582061343221585759e-03 0.000000000000000000e+00
2.638294642768837517e-03 1.362958227299815306e-03 4.120278955872525017e-04 9.518700721399042664e-03 -1.208299021803860285e-03 -1.444845079268564092e-03 0.000000000000000000e+00
2.428676542091418034e-03 1.259990304543878725e-03 3.484985243964455748e-04 8.706558034343281349e-03 -1.091105040878836974e-03 -1.086687551199005952e-03 0.000000000000000000e+00
2.624146464398513512e-03 1.366796776982259765e-03 3.429800929352078143e-04 9.340112419550905543e-03 -1.148793203635811722e-03 -9.110444930100491945e-04 0.000000000000000000e+00
2.416119875380928761e-03 1.262953505704322854e-03 2.844683844718254306e-04 8.530853175647834519e-03 -1.023774773109664693e-03 -5.958530250000926287e-04 0.000000000000000000e+00
2.611065013425117876e-03 1.369421327827247126e-03 2.733244062970152655e-04 9.138048773742468711e-03 -1.062754056425863070e-03 -3.821547552451676211e-04 0.000000000000000000e+00
2.404524735389435008e-03 1.265204315626600184e-03 2.201679969033865092e-04 8.335190866378461294e-03 -9.322842370251827049e-04 -1.122270314044548911e-04 0.000000000000000000e+00
2.598976797705654374e-03 1.371693560843212367e-03 2.036590621014577884e-04 8.916179593570383588e-03 -9.510389367677340999e-04 1.362744125112946847e-04 0.000000000000000000e+00
2.393726735401335848e-03 1.266812437718867201e-03 1.556410628772431082e-04 8.119485508128576612e-03 -8.182817269446474029e-04 3.620726653288386387e-04 0.000000000000000000e+00
2.587590981574100502e-03 1.372894989133510713e-03 1.335356464471360027e-04 8.670530551237121131e-03 -8.163596997579070091e-04 6.449190618145195231e-04 0.000000000000000000e+00
2.383546153627125186e-03 1.267813353619640093e-03 9.098150675440619395e-05 7.883663526580875214e-03 -6.837429689587892767e-04 8.248807703843397121e-04 0.000000000000000000e+00
2.576843325179906108e-03 1.373872195162939569e-03 6.360660809856533149e-05 8.405245666434524310e-03 -6.602226009140288454e-04 1.138515074883272860e-03 0.000000000000000000e+00
2.373778926366976183e-03 1.268241356487176397e-03 2.621595608987004056e-05 7.627589081037555729e-03 -5.307558149882929399e-04 1.274509167078274885e-03 0.000000000000000000e+00
2.566366171271178276e-03 1.373833052755624173e-03 -6.683001742224803365e-06 8.115887204397154164e-03 -4.857493925305433891e-04 1.618206957028078818e-03 0.000000000000000000e+00
2.364209522660226659e-03 1.268086153610126221e-03 -3.852965728268209489e-05 7.351319683658097404e-03 -3.618454045763996874e-04 1.709067740437664185e-03 0.000000000000000000e+00
2.556057650166920769e-03 1.373534154561456555e-03 -7.672557225935072722e-05 7.806555452742891532e-03 -2.947784348821258504e-04 2.079927796703628928e-03 0.000000000000000000e+00
2.354591700296948531e-03 1.267299609344046951e-03 -1.032632212620843148e-04 7.054612328820653033e-03 -1.794808004635939369e-04 2.127418503619971091e-03 0.000000000000000000e+00
2.545437812553230650e-03 1.372080372783635038e-03 -1.469389260650988405e-04 7.472856798223403985e-03 -9.140525792217246703e-05 2.524450743066175562e-03 0.000000000000000000e+00
2.344655166522408019e-03 1.265774863637408876e-03 -1.678810750053161271e-04 6.737421316911351710e-03 1.346979138583392910e-05 2.528417556550976997e-03 0.000000000000000000e+00
2.534478672782697339e-03 1.370216687688413648e-03 -2.167714079973070973e-04 7.119340378944905012e-03 1.225758259875142642e-04 2.948602799485833259e-03 0.000000000000000000e+00
2.334165970394957990e-03 1.263413148858028023e-03 -2.324557413334593647e-04 6.399628492193443208e-03 2.143684158371073067e-04 2.911485149117876148e-03 0.000000000000000000e+00
2.522605080843121073e-03 1.366888403282834341e-03 -2.867422201142666438e-04 6.741023085871766796e-03 3.428522823298862932e-04 3.354053809198731528e-03 0.000000000000000000e+00
2.322798116748542308e-03 1.260027729274776354e-03 -2.968023428566723965e-04 6.041431032942412571e-03 4.198519368712183564e-04 3.275675714317305420e-03 0.000000000000000000e+00
2.509798612887165215e-03 1.362819311601481953e-03 -3.562695567463358692e-04 6.343100590582295695e-03 5.672397570566367619e-04 3.738016422615508816e-03 0.000000000000000000e+00
2.310320795996245735e-03 1.255426665051018187e-03 -3.610122452607500421e-04 5.662765795253932311e-03 6.272335631134495770e-04 3.621070837387829755e-03 0.000000000000000000e+00
2.495480805251998335e-03 1.356853225481513547e-03 -4.258993049686687904e-04 5.920538439790234975e-03 7.913578581582036975e-04 4.102557359451530772e-03 0.000000000000000000e+00
2.296438403486589230e-03 1.249379253804083767e-03 -4.250239003492084500e-04 5.263963151226569437e-03 8.332824169099417588e-04 3.947502605093688999e-03 0.000000000000000000e+00
2.479672167322699572e-03 1.349668571634321523e-03 -4.949853116930080787e-04 5.479119629248963008e-03 1.013017237189828279e-03 4.445432155574913224e-03 0.000000000000000000e+00
2.280875632754142401e-03 1.241608903164076461e-03 -4.888854719149460237e-04 4.845125686962603595e-03 1.035096103992216854e-03 4.255395033996300924e-03 0.000000000000000000e+00
2.461721375783126886e-03 1.339944520490438107e-03 -5.642148444637840043e-04 5.013349412323009346e-03 1.227799475670643403e-03 4.769579091993492170e-03 0.000000000000000000e+00
2.263417677915990911e-03 1.231863514036951601e-03 -5.525030581536860552e-04 4.407095759608736785e-03 1.229628915205616124e-03 4.544774918672445096e-03 0.000000000000000000e+00
2.441760240455143061e-03 1.328429256623325783e-03 -6.328898438874297483e-04 4.529968895724323374e-03 1.433756691326948385e-03 5.072943364020865431e-03 0.000000000000000000e+00
2.243756849692607469e-03 1.219760884207804486e-03 -6.159701729877564702e-04 3.950001844247985616e-03 1.413932347978708037e-03 4.816692204590022897e-03 0.000000000000000000e+00
2.419092311378323590e-03 1.313669144817730672e-03 -7.017032361579245148e-04 4.023330659684631883e-03 1.626452838341840845e-03 5.358731502656866041e-03 0.000000000000000000e+00
2.221740341404487840e-03 1.205046499513723335e-03 -6.792530428884613336e-04 3.474902770252974449e-03 1.585477683260450021e-03 5.071638756955376692e-03 0.000000000000000000e+00
2.393925060617640987e-03 1.296400521465707056e-03 -7.700339377758047554e-04 3.500587720183467866e-03 1.804443798137267407e-03 5.625719702805120903e-03 0.000000000000000000e+00
2.197078325871321125e-03 1.187297464901621025e-03 -7.423960636122051149e-04 2.982354695187261484e-03 1.741331684142810587e-03 5.310701790547600609e-03 0.000000000000000000e+00
2.365599874952994952e-03 1.275137589648034364e-03 -8.384915584200292038e-04 2.956510737759820984e-03 1.963397478822237474e-03 5.876832476076732092e-03 0.000000000000000000e+00
2.169601822228944821e-03 1.166201888508855422e-03 -8.054485879935291415e-04 2.473336429860140129e-03 1.879241362724659581e-03 5.534975206361814060e-03 0.000000000000000000e+00
2.334374732151117682e-03 1.250622989044936073e-03 -9.065217727932672886e-04 2.398477715679803168e-03 2.102501192051242640e-03 6.111478141108239726e-03 0.000000000000000000e+00
2.139133671803239434e-03 1.141411888805121677e-03 -8.682952838294788478e-04 1.949379521325234066e-03 1.996630959374190439e-03 5.745032233867242155e-03 0.000000000000000000e+00
2.299533954826182836e-03 1.221281097133097848e-03 -9.747924534680429964e-04 1.821154907103661458e-03 2.217404410560952499e-03 6.332730121545449009e-03 0.000000000000000000e+00
2.105505721528511121e-03 1.112535996738717170e-03 -9.311321281191831112e-04 1.411145682761016928e-03 2.091792780444912125e-03 5.942665581825767873e-03 0.000000000000000000e+00
2.261487340371737265e-03 1.188000771702751868e-03 -1.042612705617118607e-03 1.232977398120560508e-03 2.308022804613951706e-03 6.539716663007233421e-03 0.000000000000000000e+00
2.068579993942915030e-03 1.079285210984659571e-03 -9.938833142330572024e-04 8.604182268241444831e-04 2.162601703639133177e-03 6.128490748296577806e-03 0.000000000000000000e+00
2.219457712852535014e-03 1.149103895921987917e-03 -1.110743189440821510e-03 6.281898979336730804e-04 2.370305069864020453e-03 6.735719073733381634e-03 0.000000000000000000e+00
2.028202630944164753e-03 1.041292784171865549e-03 -1.056549744585633110e-03 2.986608051198658131e-04 2.207379047791668825e-03 6.303697045755729533e-03 0.000000000000000000e+00
2.173992259654700110e-03 1.105633281967832726e-03 -1.178485820695018838e-03 1.603436429231663851e-05 2.404955002602182645e-03 6.919867471055773933e-03 0.000000000000000000e+00
1.984259276039873621e-03 9.982814238628234804e-04 -1.119253301125999744e-03 -2.728063048040851868e-04 2.224941231661059504e-03 6.469543538929478643e-03 0.000000000000000000e+00
2.124242702947615191e-03 1.055865998616234425e-03 -1.246499678411117085e-03 -6.090355638850297737e-04 2.407849418482932435e-03 7.094937862954342478e-03 0.000000000000000000e+00
1.936618338257922733e-03 9.499598705509648688e-04 -1.181862105729902801e-03 -8.517820417077714978e-04 2.213705026135937004e-03 6.626532360478165629e-03 0.000000000000000000e+00
2.070814942268378589e-03 1.000951778038328133e-03 -1.314200938348275560e-03 -1.237895370063135658e-03 2.380793594871200014e-03 7.260347543091683065e-03 0.000000000000000000e+00
1.885246674572432779e-03 8.961669764492308232e-04 -1.244482238132005314e-03 -1.436541019703696520e-03 2.173219208806198566e-03 6.775685894936156473e-03 0.000000000000000000e+00
2.012828808545447101e-03 9.391874272454137085e-04 -1.382119642831192152e-03 -1.875356364563707245e-03 2.319475001585580287e-03 7.418144712404206587e-03 0.000000000000000000e+00
1.829978425239159323e-03 8.366500015178357508e-04 -1.307050826381328523e-03 -2.024988060187027372e-03 2.102416165276288496e-03 6.917546476032487845e-03 0.000000000000000000e+00
1.951011012397141364e-03 8.719247622001324860e-04 -1.449686092094892853e-03 -2.512148999386454307e-03 2.226970894332325202e-03 7.567620834593835610e-03 0.000000000000000000e+00
1.770699493455263340e-03 7.712431447114698191e-04 -1.369497261423546774e-03 -2.614880093950056050e-03 2.000587027577438448e-03 7.052396209205724631e-03 0.000000000000000000e+00
1.884402009418695290e-03 7.974730813110064709e-04 -1.517483324557367119e-03 -3.152987365158566035e-03 2.099138028027525138e-03 7.710621539635198474e-03 0.000000000000000000e+00
1.707386084018380767e-03 6.999233234846746754e-04 -1.431847407888653390e-03 -3.203917602717432089e-03 1.867986493498285938e-03 7.180692939173116685e-03 0.000000000000000000e+00
1.813738283064580958e-03 7.173276700972175401e-04 -1.584788539176706923e-03 -3.788044809995838591e-03 1.939362465258831492e-03 7.845802833255088871e-03 0.000000000000000000e+00
1.639839924909014535e-03 6.225544414090455891e-04 -1.494018163668786592e-03 -3.789867312233852203e-03 1.704035846183504788e-03 7.302478514571664192e-03 0.000000000000000000e+00
1.738075176285658330e-03 6.299120934107338421e-04 -1.652156205203647588e-03 -4.421632854133328294e-03 1.744204244636282652e-03 7.974391403506864151e-03 0.000000000000000000e+00
1.568005332681032815e-03 5.392174142249128721e-04 -1.555914430489857558e-03 -4.369918994415300517e-03 1.509120009534292706e-03 7.417551794001386867e-03 0.000000000000000000e+00
1.658149855803148220e-03 5.368565081244891513e-04 -1.718870449896658936e-03 -5.043928023620303236e-03 1.517495577592509193e-03 8.094946699445326743e-03 0.000000000000000000e+00
1.491813392653917880e-03 4.500189508569729657e-04 -1.617478954230588961e-03 -4.941519819936956992e-03 1.283882396647229029e-03 7.525667413536218930e-03 0.000000000000000000e+00
1.572855899398595270e-03 4.365815442947951208e-04 -1.785453949908533122e-03 -5.659278431375369678e-03 1.255738837259823271e-03 8.208340677799519369e-03 0.000000000000000000e+00
1.411055022243645762e-03 3.550135870095394441e-04 -1.678513771793954668e-03 -5.501728296898988901e-03 1.028308433875579908e-03 7.626092688960195431e-03 0.000000000000000000e+00
1.483158065056944253e-03 3.311132986775766618e-04 -1.851185209803984932e-03 -6.257342088854755957e-03 9.643215349846023798e-04 8.312753333644451459e-03 0.000000000000000000e+00
1.325652223869988600e-03 2.544707329729112288e-04 -1.738979876375945643e-03 -6.048024745124891410e-03 7.436793048909429160e-04 7.718586690278250728e-03 0.000000000000000000e+00
1.387775066228891241e-03 2.188336895647680080e-04 -1.916392054431337311e-03 -6.841952686465369027e-03 6.392427023338420611e-04 8.408272103366698502e-03 0.000000000000000000e+00
1.235441246596635789e-03 1.486329650278728209e-04 -1.798654907748054033e-03 -6.577361570682782599e-03 4.306921851200407048e-04 7.801974250781995579e-03 0.000000000000000000e+00
1.287713025012349188e-03 1.019294504684409297e-04 -1.980416586958411163e-03 -7.403347432822116048e-03 2.867127677266267938e-04 8.493239365816140918e-03 0.000000000000000000e+00
1.140325423753640877e-03 3.789617505761677663e-05 -1.857396547065515158e-03 -7.086852711625901691e-03 9.083589288216842306e-05 7.875668745447761410e-03 0.000000000000000000e+00
1.181629646898607611e-03 -2.103390849139685770e-05 -2.043595764488148614e-03 -7.944993980838255254e-03 -9.698482087427962028e-05 8.567574256095777940e-03 0.000000000000000000e+00
1.040125340978970137e-03 -7.737174635227828112e-05 -1.914963716219353351e-03 -7.573562523202070906e-03 -2.748433459820454061e-04 7.938474682298135576e-03 0.000000000000000000e+00
1.070562159873778008e-03 -1.477397797777502131e-04 -2.105108845069536549e-03 -8.457278737610707253e-03 -5.051834014579981158e-04 8.629225602464263289e-03 0.000000000000000000e+00
9.347173197649105703e-04 -1.966902192248876080e-04 -1.971133893102550161e-03 -8.034595673270139571e-03 -6.646693961354088742e-04 7.989477055392324445e-03 0.000000000000000000e+00
9.531915685067615662e-04 -2.793986805002812712e-04 -2.165288147822963527e-03 -8.943473436065829674e-03 -9.409220316332067569e-04 8.678046699241992457e-03 0.000000000000000000e+00
8.239740974463893863e-04 -3.194811886515491750e-04 -2.025712605769891539e-03 -8.467376711839058601e-03 -1.076745782390808870e-03 8.027914085172227487e-03 0.000000000000000000e+00
8.305589290700243765e-04 -4.136257567274315150e-04 -2.223297646846977837e-03 -9.394437404877109543e-03 -1.397606623595670783e-03 8.712232457053881163e-03 0.000000000000000000e+00
7.077415432704126097e-04 -4.451412760416162406e-04 -2.078408809035481308e-03 -8.869239398138439867e-03 -1.509318843632811991e-03 8.052773313834693525e-03 0.000000000000000000e+00
7.013180334082269596e-04 -5.515062454913843837e-04 -2.279354178197301461e-03 -9.813247231993393882e-03 -1.877798889101001123e-03 8.731594046619939320e-03 0.000000000000000000e+00
5.858885381341272236e-04 -5.730596411439581317e-04 -2.128952424656382902e-03 -9.237788756133902268e-03 -1.960508498916269104e-03 8.063350311275696569e-03 0.000000000000000000e+00
5.666358155747008851e-04 -6.904403090442490232e-04 -2.332699062277066027e-03 -1.019178631194073148e-02 -2.374158333565468126e-03 8.734885272533743361e-03 0.000000000000000000e+00
4.584406680183117366e-04 -7.023299094277568599e-04 -2.177020210186841886e-03 -9.570311250185703500e-03 -2.427609827642562834e-03 8.058883956675977345e-03 0.000000000000000000e+00
4.250676701499367383e-04 -8.314827110663669529e-04 -2.383439611300858241e-03 -1.053329223014554117e-02 -2.889552448295695797e-03 8.721984259722592725e-03 0.000000000000000000e+00
3.252379088650725336e-04 -8.323016752925516126e-04 -2.222346846845912882e-03 -9.864983388824910548e-03 -2.908682184107114210e-03 8.039259618790595141e-03 0.000000000000000000e+00
2.780243453549546828e-04 -9.718094830346857282e-04 -2.430824865996689121e-03 -1.083009346360608305e-02 -3.415846497330399245e-03 8.692197961394754202e-03 0.000000000000000000e+00
1.862771084343295414e-04 -9.620963821292405349e-04 -2.264587704835813176e-03 -1.011999278764452725e-02 -3.401305580807090223e-03 8.004051896090880192e-03 0.000000000000000000e+00
1.240206327023374300e-04 -1.112408941023490527e-03 -2.474836980728006841e-03 -1.108533681039602925e-02 -3.955913339045658006e-03 8.645663306342532550e-03 0.000000000000000000e+00
4.164017161167876679e-05 -1.090743171429098268e-03 -2.303413304366896952e-03 -1.033367292180642494e-02 -3.902518966479640028e-03 7.953428176864951737e-03 0.000000000000000000e+00
-3.536913685814324637e-05 -1.250381037475323254e-03 -2.514868285962895689e-03 -1.129282011724441759e-02 -4.501334115599497920e-03 8.582636918607056131e-03 0.000000000000000000e+00
-1.086465485183873980e-04 -1.217406748915128567e-03 -2.338502485621923865e-03 -1.050481268404723778e-02 -4.410030816159427047e-03 7.887753463418967215e-03 0.000000000000000000e+00
-2.015471273782987183e-04 -1.386556674080080542e-03 -2.550771587184696987e-03 -1.145545263332437003e-02 -5.054761612495184409e-03 8.503526975094821694e-03 0.000000000000000000e+00
-2.644011312810112813e-04 -1.341068729843603036e-03 -2.369502205790546823e-03 -1.063207029888690869e-02 -4.920984526596505759e-03 7.807571815744873689e-03 0.000000000000000000e+00
-3.728030643809221445e-04 -1.518072978919038363e-03 -2.581929698041579568e-03 -1.156833346787156103e-02 -5.607855893179802820e-03 8.409135176430604375e-03 0.000000000000000000e+00
-4.254278326556448775e-04 -1.460774900646388819e-03 -2.396097100296867843e-03 -1.071468472636993852e-02 -5.432758607162746500e-03 7.713826654194511079e-03 0.000000000000000000e+00
-5.503849468981303339e-04 -1.645632086406723094e-03 -2.608249506940163442e-03 -1.163419962964962195e-02 -6.162769486177666067e-03 8.300712616296612723e-03 0.000000000000000000e+00
-5.914434244526645124e-04 -1.575515847881819864e-03 -2.417910350760776872e-03 -1.075190226948574690e-02 -5.942513163874174609e-03 7.607620740291087813e-03 0.000000000000000000e+00
-7.323620778217909688e-04 -1.766400188480926614e-03 -2.629146342342514320e-03 -1.164923707625753480e-02 -6.711432683043305758e-03 8.179456599875845058e-03 0.000000000000000000e+00
-7.620527409800126328e-04 -1.684306600518992170e-03 -2.434634438916560839e-03 -1.074349624651738111e-02 -6.447405892524127324e-03 7.490337457173312785e-03 0.000000000000000000e+00
-9.199143857454017414e-04 -1.881045951238308200e-03 -2.644389509615846512e-03 -1.161549466900257954e-02 -7.256048484436838919e-03 8.046994311110999831e-03 0.000000000000000000e+00
-9.368114221919299212e-04 -1.786169965761807976e-03 -2.445956646741076490e-03 -1.068889765795244529e-02 -6.944812760945939800e-03 7.363599991139224699e-03 0.000000000000000000e+00
-1.110826757807048537e-03 -1.986818099259823889e-03 -2.653589334686790036e-03 -1.153090949039903279e-02 -7.788319037301150161e-03 7.905275611956197324e-03 0.000000000000000000e+00
-1.115106850133495975e-03 -1.880089311850158262e-03 -2.451528475747477565e-03 -1.058779951237553973e-02 -7.431743098184284690e-03 7.229083393042179395e-03 0.000000000000000000e+00
-1.306119486532364427e-03 -2.084355535642068435e-03 -2.656416224445290464e-03 -1.139662393722584710e-02 -8.310535664759477470e-03 7.756145717201068379e-03 0.000000000000000000e+00
-1.296393081194613384e-03 -1.965260764941217930e-03 -2.451087432746995587e-03 -1.044026147550169981e-02 -7.905916966890913500e-03 7.088708313956804119e-03 0.000000000000000000e+00
-1.503338138312493300e-03 -2.171070411560976909e-03 -2.652588220730528468e-03 -1.121133071908442247e-02 -8.814661572515536392e-03 7.601909970123443827e-03 0.000000000000000000e+00
-1.479837792330129798e-03 -2.040749327106128330e-03 -2.444350483387203177e-03 -1.024608133568438717e-02 -8.364299285696485953e-03 6.944632725101262949e-03 0.000000000000000000e+00
-1.703324542690287657e-03 -2.247625644022588354e-03 -2.641687421829769233e-03 -1.097548558246508321e-02 -9.302875154788559087e-03 7.444393653142533651e-03 0.000000000000000000e+00
-1.664620163090435589e-03 -2.105744581721330499e-03 -2.431015995872254365e-03 -1.000490421133548580e-02 -8.804421905381332181e-03 6.798813018771276973e-03 0.000000000000000000e+00
-1.903462949704393115e-03 -2.311752860710752921e-03 -2.623686692133309073e-03 -1.068886101971422420e-02 -9.767738507121315195e-03 7.286487097132754442e-03 0.000000000000000000e+00
-1.849819601727975549e-03 -2.159575484759257424e-03 -2.410887371055464579e-03 -9.716573898304048384e-03 -9.223815823626857480e-03 6.653428175568354419e-03 0.000000000000000000e+00
-2.104310290617250612e-03 -2.364062855172877065e-03 -2.597997580461808287e-03 -1.035048379946257313e-02 -1.021085166484247964e-02 7.129968440671152763e-03 0.000000000000000000e+00
-2.034397050732272838e-03 -2.201578756139938031e-03 -2.383733706610324798e-03 -9.380633972543073185e-03 -9.619901644674300201e-03 6.510579649366965427e-03 0.000000000000000000e+00
-2.303114979621545544e-03 -2.402673658385701128e-03 -2.564790793210425246e-03 -9.961075970387867073e-03 -1.062552827914053921e-02 6.977578737054512814e-03 0.000000000000000000e+00
-2.217279060945265279e-03 -2.231262771954956037e-03 -2.349334625754623262e-03 -8.996637542504792862e-03 -9.990487287671712124e-03 6.372402472781368843e-03 0.000000000000000000e+00
-2.500212493653231061e-03 -2.428249723624487100e-03 -2.523435810034918569e-03 -9.518183547119640764e-03 -1.101291015816130425e-02 6.831263331685821782e-03 0.000000000000000000e+00
-2.397291402968348972e-03 -2.248239571955190641e-03 -2.307555859165894008e-03 -8.563903954691198805e-03 -1.033307837031216536e-02 6.240999614937736695e-03 0.000000000000000000e+00
-2.692777034610016607e-03 -2.439357317086165988e-03 -2.474222326200897770e-03 -9.023169758584081990e-03 -1.136719921061724037e-02 6.693398180052545499e-03 0.000000000000000000e+00
-2.573166461422832230e-03 -2.252184688152247816e-03 -2.258230899654184443e-03 -8.081365046360922122e-03 -1.064538224181044157e-02 6.118328774481929244e-03 0.000000000000000000e+00
-2.880930841535928044e-03 -2.436745886780056214e-03 -2.416467854914089441e-03 -8.472258351948980248e-03 -1.168891799917481933e-02 6.565927132753390794e-03 0.000000000000000000e+00
-2.743644155797392292e-03 -2.242970555598411408e-03 -2.201246671853535064e-03 -7.548066083168158968e-03 -1.092516388900621749e-02 6.006368112614346444e-03 0.000000000000000000e+00
-3.061821881942650148e-03 -2.419435577862893982e-03 -2.350752610526724018e-03 -7.867544317783803365e-03 -1.197294442815843851e-02 6.451203022449725211e-03 0.000000000000000000e+00
-2.907451127391297296e-03 -2.220625456115565832e-03 -2.136526680789202493e-03 -6.962748905934290633e-03 -1.117037649863483750e-02 5.906873531579481806e-03 0.000000000000000000e+00
-3.235406146828490037e-03 -2.388310581891706086e-03 -2.276190902857938569e-03 -7.203274450382046723e-03 -1.221932298467187650e-02 6.350865005449124467e-03 0.000000000000000000e+00
-3.063177400007860429e-03 -2.185237608144041666e-03 -2.063959753806327013e-03 -6.323618740868397481e-03 -1.137854784202119163e-02 5.821478516546241266e-03 0.000000000000000000e+00
-3.398904239091782298e-03 -2.342867312976393279e-03 -2.193579139640411402e-03 -6.482678376817041510e-03 -1.242358616457783782e-02 6.266727445249031803e-03 0.000000000000000000e+00
-3.209549624153762437e-03 -2.137109502444278775e-03 -1.983584221385753521e-03 -5.629274424169494750e-03 -1.154773316490453894e-02 5.751934427965954555e-03 0.000000000000000000e+00
-3.552109805015968291e-03 -2.284103415389648895e-03 -2.101951725165335239e-03 -5.698026271976353030e-03 -1.258494016668976201e-02 6.200402785595304778e-03 0.000000000000000000e+00
-3.345156858198583549e-03 -2.076606949779513656e-03 -1.895279895036933171e-03 -4.877452266367932054e-03 -1.167539022404007198e-02 5.699443178002416843e-03 0.000000000000000000e+00
-3.692470668386266253e-03 -2.212014182219446123e-03 -2.002333627705549235e-03 -4.853488122728677467e-03 -1.269984530628320840e-02 6.153367432014000826e-03 0.000000000000000000e+00
-3.468796696456527551e-03 -2.004342544801862580e-03 -1.799131084982474871e-03 -4.066308575511712320e-03 -1.175955340183065800e-02 5.665408465192811605e-03 0.000000000000000000e+00
-3.819581469230587389e-03 -2.127662778211247829e-03 -1.893595838768302730e-03 -3.939785969752307437e-03 -1.276637337283714757e-02 6.126835983102818517e-03 0.000000000000000000e+00
-3.579133853581328850e-03 -1.920924994719297452e-03 -1.695114209034925823e-03 -3.193549238145187985e-03 -1.179754895197637765e-02 5.650718698816614705e-03 0.000000000000000000e+00
-3.931231790580830276e-03 -2.031501272770463995e-03 -1.777008410115826775e-03 -2.962068196763922856e-03 -1.278182653796466894e-02 6.121805781371225663e-03 0.000000000000000000e+00
0.000000000000000000e+00 0.000000000000000000e+00 0.000000000000000000e+00 0.000000000000000000e+00 0.000000000000000000e+00 0.000000000000000000e+00 0.000000000000000000e+00
