-1.454774971470478018e-01 -3.033026887011693873e-01 1.551160356198623413e-01 1.564180530972222094e+00 1.438440859084177958e-02 1.557635753167087245e+00 -4.902860258917974834e-01 8.455101699953625483e-01 2.409002311447525635e-01 -5.544833881809205778e-01 -1.163714044680872473e+00 2.409165430064293401e-01 0.000000000000000000e+00
-1.437520466717889245e-01 -3.048909871436317198e-01 1.580034888378749058e-01 1.557737042227927304e+00 2.219522079235725087e-02 1.548733107248199570e+00 -4.841175123064150321e-01 8.397413636000874426e-01 2.367634098654778363e-01 -5.560682686351402504e-01 -1.164325639625209297e+00 2.396246269168750831e-01 0.000000000000000000e+00
-1.421126795267962373e-01 -3.062992484498824330e-01 1.606550507310858245e-01 1.552022991914958183e+00 2.941745259920303113e-02 1.540531923766806921e+00 -4.783668819855796395e-01 8.343588487209282478e-01 2.332002334850065139e-01 -5.574036441847332046e-01 -1.165032176262407182e+00 2.384186976410167802e-01 0.000000000000000000e+00
-1.402871440018035598e-01 -3.077636837194149821e-01 1.635120692449987534e-01 1.546085712989722083e+00 3.725334186886009036e-02 1.531663173041896586e+00 -4.720715020637686332e-01 8.284674703364822701e-01 2.296069633842172664e-01 -5.587098248308762782e-01 -1.165942711039105406e+00 2.370981858592577929e-01 0.000000000000000000e+00
-1.385572741562485777e-01 -3.090604025884059469e-01 1.661346215298900308e-01 1.540837646577394970e+00 4.449613814739183937e-02 1.523489524748510293e+00 -4.661967018571083199e-01 8.229755661155481183e-01 2.265266181093770204e-01 -5.597848763839140540e-01 -1.166908772724531529e+00 2.358666902369347118e-01 0.000000000000000000e+00
-1.366357252621421270e-01 -3.104068940185532588e-01 1.689593019660073636e-01 1.535403805995656512e+00 5.235104919216748698e-02 1.514646760382843960e+00 -4.597595086072505111e-01 8.169698049622831082e-01 2.234362859804488455e-01 -5.608058657668231195e-01 -1.168082827291093029e+00 2.345192638834091015e-01 0.000000000000000000e+00
-1.348188011680927501e-01 -3.115970105372373178e-01 1.715510135148574922e-01 1.530620819679212374e+00 5.960786941268825245e-02 1.506493389216731149e+00 -4.537465569190423653e-01 8.113755687764626634e-01 2.208046833492871563e-01 -5.616132696303078875e-01 -1.169277920830265938e+00 2.332634336266254382e-01 0.000000000000000000e+00
-1.328046134556852276e-01 -3.128303692872246300e-01 1.743413162670794381e-01 1.525691283747908855e+00 6.747396269447669681e-02 1.497668453568928859e+00 -4.471521040068154318e-01 8.052624822312675068e-01 2.181839996785948088e-01 -5.623397799756815196e-01 -1.170685135150263845e+00 2.318901746105261064e-01 0.000000000000000000e+00
-1.309040017183950022e-01 -3.139184226351653950e-01 1.769007234544403284e-01 1.521372607347863948e+00 7.473730480622675643e-02 1.489527827534304238e+00 -4.409880512162588917e-01 7.995731046155040156e-01 2.159681164935942643e-01 -5.628728782468881420e-01 -1.172080232087302054e+00 2.306110084046905928e-01 0.000000000000000000e+00
-1.288011227858071595e-01 -3.150436148440269313e-01 1.796554713449581842e-01 1.516944871946806828e+00 8.260614466316518190e-02 1.480712590620585134e+00 -4.342239216530802692e-01 7.933612147938670089e-01 2.137791312356036588e-01 -5.632998495486550850e-01 -1.173688381911546230e+00 2.292129487009398614e-01 0.000000000000000000e+00
-1.268201641189557194e-01 -3.160337169494925602e-01 1.821814292932363022e-01 1.513089825305566016e+00 8.986753938462799240e-02 1.472576914918331870e+00 -4.278969832723517608e-01 7.875839528621307872e-01 2.119471427217380910e-01 -5.635526501151308931e-01 -1.175256051687221470e+00 2.279111622705955187e-01 0.000000000000000000e+00
-1.246318854964316158e-01 -3.170548011266764443e-01 1.848992746342483229e-01 1.509164762112747304e+00 9.772911682735818673e-02 1.463763044050828910e+00 -4.209497613842302366e-01 7.812807166151040095e-01 2.101581642594771981e-01 -5.636719597319663766e-01 -1.177037040666211842e+00 2.264887845771410002e-01 0.000000000000000000e+00
-1.225739050901874377e-01 -3.179507475190479493e-01 1.873908355933847358e-01 1.505772572574596069e+00 1.049791850730530385e-01 1.455624987098976364e+00 -4.144490850318876540e-01 7.754231603765019409e-01 2.086789114319929084e-01 -5.636391362715311715e-01 -1.178750518511568757e+00 2.251647940412081217e-01 0.000000000000000000e+00
-1.203041454138554511e-01 -3.188718039620545563e-01 1.900711447079486971e-01 1.502347856936266268e+00 1.128232106456046324e-01 1.446804283207391073e+00 -4.073088172542489449e-01 7.690372329776282712e-01 2.072546528810184086e-01 -5.634472555149909745e-01 -1.180675318189423617e+00 2.237185810559974009e-01 0.000000000000000000e+00
-1.181724911215077944e-01 -3.196769901716364215e-01 1.925275892403633116e-01 1.499418015297504070e+00 1.200516045514499197e-01 1.438656187122835384e+00 -4.006246158132862889e-01 7.631070390202941978e-01 2.060981751776518323e-01 -5.631238146006007916e-01 -1.182509570390215536e+00 2.223725695068009267e-01 0.000000000000000000e+00
-1.158245587592027226e-01 -3.205013877279376810e-01 1.951694688844809455e-01 1.496494461924907426e+00 1.278662840635504949e-01 1.429820557202514886e+00 -3.932799504219840481e-01 7.566463433738165323e-01 2.050085428176455782e-01 -5.626138858308779023e-01 -1.184552348104360942e+00 2.209024213612930942e-01 0.000000000000000000e+00
-1.136225601200954449e-01 -3.212189197671384000e-01 1.975903081626163016e-01 1.494026201737575832e+00 1.350622756228432308e-01 1.421654922222942652e+00 -3.864034021712904332e-01 7.506511682858846291e-01 2.041456786244602029e-01 -5.619958327208978144e-01 -1.186483406210777414e+00 2.195343222198057609e-01 0.000000000000000000e+00
-1.112004288910308503e-01 -3.219499745752285591e-01 2.001934769470155584e-01 1.491601660750816905e+00 1.428356283629490520e-01 1.412796449150308442e+00 -3.788466492886770065e-01 7.441245594024274990e-01 2.033577824159602532e-01 -5.611655256720383678e-01 -1.188618062982530477e+00 2.180401889797304316e-01 0.000000000000000000e+00
-1.089314803608586735e-01 -3.225826477087511690e-01 2.025782731788552671e-01 1.489594398277374054e+00 1.499875111855395460e-01 1.404606246599784170e+00 -3.717698979030366613e-01 7.380723926671679536e-01 2.027603022254007570e-01 -5.602491319409420578e-01 -1.190623023809196601e+00 2.166496859955727994e-01 0.000000000000000000e+00
-1.064385213578728784e-01 -3.232230896172898493e-01 2.051420865245503211e-01 1.487669686252192314e+00 1.577063352082959113e-01 1.395717585859709509e+00 -3.639917697548104014e-01 7.314881263461104899e-01 2.022460458189063726e-01 -5.590929205536840918e-01 -1.192826123820964535e+00 2.151309518049278890e-01 0.000000000000000000e+00
-1.041060581138717328e-01 -3.237734108153210721e-01 2.074905220705650366e-01 1.486122787573242121e+00 1.648017853704786262e-01 1.387496201650848526e+00 -3.567079243049027792e-01 7.253868908677663097e-01 2.018867853878547614e-01 -5.578750569871909759e-01 -1.194883149446941850e+00 2.137175123458819326e-01 0.000000000000000000e+00
-1.015463049462268647e-01 -3.243259346539972832e-01 2.100149303543470403e-01 1.484695736234647789e+00 1.724529217353722998e-01 1.378570088638799263e+00 -3.487027949632608426e-01 7.187539552777876262e-01 2.016155424308301303e-01 -5.563918759970984951e-01 -1.197131390039186671e+00 2.121736112829357701e-01 0.000000000000000000e+00
-9.915379749393417319e-02 -3.247961668461503137e-01 2.123268236893169625e-01 1.483608505483719142e+00 1.794792908844113910e-01 1.370310877256813109e+00 -3.412059299156605663e-01 7.126117071186560681e-01 2.014681364644945738e-01 -5.548700791712000147e-01 -1.199220240440190377e+00 2.107364863349449335e-01 0.000000000000000000e+00
-9.653075976803111857e-02 -3.252630309082649163e-01 2.148114421026148246e-01 1.482679646335854251e+00 1.870482261949386604e-01 1.361340685231219538e+00 -3.329664756876052900e-01 7.059386243752445722e-01 2.014131421879843398e-01 -5.530554677834472743e-01 -1.201492316324191512e+00 2.091663198457478501e-01 0.000000000000000000e+00
-9.408172530041368498e-02 -3.256552061379932028e-01 2.170865374387776492e-01 1.482051350407721735e+00 1.939922401274376540e-01 1.353038274145475839e+00 -3.252515310362411038e-01 6.997635527556779200e-01 2.014524238140629198e-01 -5.512277736168395004e-01 -1.203593417266209498e+00 2.077045273681601967e-01 0.000000000000000000e+00
-9.139952529314766816e-02 -3.260385722944031950e-01 2.195313383697062304e-01 1.481618529951949093e+00 2.014649089157103390e-01 1.344018135153569604e+00 -3.167741899438144548e-01 6.930595107645941555e-01 2.015855818685667877e-01 -5.490819648580218537e-01 -1.205868822101573201e+00 2.061071134120602000e-01 0.000000000000000000e+00
-8.889755216330889886e-02 -3.263545622711196414e-01 2.217695671995121853e-01 1.481448179798059428e+00 2.083129632698632605e-01 1.335667003638349337e+00 -3.088370377889967933e-01 6.868598714839714292e-01 2.017867836889224442e-01 -5.469469086121052648e-01 -1.207964064089193101e+00 2.046194549823851239e-01 0.000000000000000000e+00
-8.615980052695533520e-02 -3.266563161909585289e-01 2.241742237484540268e-01 1.481511538793444771e+00 2.156738898555490280e-01 1.326592035589353014e+00 -3.001162837729369759e-01 6.801335920977855665e-01 2.020830603601935227e-01 -5.444665402413464417e-01 -1.210223356799961625e+00 2.029932455969986893e-01 0.000000000000000000e+00
-8.360850632056907039e-02 -3.268978053959153973e-01 2.263754034376743995e-01 1.481798095314549535e+00 2.224119978271099640e-01 1.318188110612323882e+00 -2.919536284528168602e-01 6.739177075345132994e-01 2.024227465572332463e-01 -5.420232230992531042e-01 -1.212295429286097903e+00 2.014783896346911962e-01 0.000000000000000000e+00
-8.081946127778256994e-02 -3.271197143598396639e-01 2.287399698613425958e-01 1.482355115252602218e+00 2.296463293641206604e-01 1.309053729107156006e+00 -2.829879301954969506e-01 6.671783786589861043e-01 2.028561760246438972e-01 -5.392095934075844532e-01 -1.214520899851022628e+00 1.998219700156891321e-01 0.000000000000000000e+00
-7.822251803008498094e-02 -3.272882696195156815e-01 2.309039886848260337e-01 1.483097139475824555e+00 2.362602173575023556e-01 1.300593571631385670e+00 -2.745973249308228947e-01 6.609545711914708299e-01 2.033115765710471479e-01 -5.364575826056374730e-01 -1.216553557553025744e+00 1.982783352688519407e-01 0.000000000000000000e+00
-7.538588625640642304e-02 -3.274319696755945142e-01 2.332281132532001700e-01 1.484147364580656436e+00 2.433519487909610035e-01 1.291396834851443964e+00 -2.653829540067168535e-01 6.542113141533357767e-01 2.038587230170041398e-01 -5.333084944851596010e-01 -1.218728028583075496e+00 1.965897413349304013e-01 0.000000000000000000e+00
-7.274700902075113829e-02 -3.275290438169179974e-01 2.353548183670037819e-01 1.485343213487990255e+00 2.498271488417045383e-01 1.282877991699318487e+00 -2.567628009008347534e-01 6.479880393180386111e-01 2.044079999918326784e-01 -5.302478566023860473e-01 -1.220706224640786042e+00 1.950156300383686370e-01 0.000000000000000000e+00
-6.986711407367583726e-02 -3.275960560093394980e-01 2.376384775476551581e-01 1.486883407993301098e+00 2.567609531946120072e-01 1.273616940590309721e+00 -2.472999736917811664e-01 6.412499754440290634e-01 2.050451612826345027e-01 -5.267656736085665203e-01 -1.222813983485529388e+00 1.932930974453053730e-01 0.000000000000000000e+00
-6.719005011651120463e-02 -3.276230218454749266e-01 2.397276817588728792e-01 1.488530967254822812e+00 2.630828353843930323e-01 1.265038201941369289e+00 -2.384494737963639976e-01 6.350356887774110115e-01 2.056674088713312809e-01 -5.233969412771845020e-01 -1.224723603145170703e+00 1.916866120967423426e-01 0.000000000000000000e+00
-6.427069208510290121e-02 -3.276148312558448961e-01 2.419705773023247686e-01 1.490559668998850285e+00 2.698423993004510635e-01 1.255711911304699946e+00 -2.287362428658156754e-01 6.283120059732879570e-01 2.063726139279842275e-01 -5.195804982770464431e-01 -1.226749736102503041e+00 1.899278105785835447e-01 0.000000000000000000e+00
-6.155921246229126287e-02 -3.275730366447736075e-01 2.440220422423642899e-01 1.492656251002332901e+00 2.759963182142133320e-01 1.247073391767380635e+00 -2.196553795361066708e-01 6.221153627488915649e-01 2.070475921062646663e-01 -5.159047367614918445e-01 -1.228577596716678766e+00 1.882868872281744377e-01 0.000000000000000000e+00
-5.860474660402304609e-02 -3.274910262063265853e-01 2.462240595948680111e-01 1.495169201895692801e+00 2.825662887625495223e-01 1.237682590988997688e+00 -2.096936590310971571e-01 6.154151823413884781e-01 2.077992693239398836e-01 -5.117574292854250029e-01 -1.230508787981149821e+00 1.864897361903185280e-01 0.000000000000000000e+00
-5.586263761113029191e-02 -3.273817532081291226e-01 2.482376242511912801e-01 1.497711554912235954e+00 2.885376146737597125e-01 1.228985296292251839e+00 -2.003831979259097229e-01 6.092445049376203903e-01 2.085076701739005944e-01 -5.077760700347837552e-01 -1.232242905324954840e+00 1.848121943749207741e-01 0.000000000000000000e+00
-5.287691087177423532e-02 -3.272273772466163799e-01 2.503982245541827023e-01 1.500705872481038483e+00 2.949015555820451162e-01 1.219532864861454735e+00 -1.901726882408163455e-01 6.025773477276342716e-01 2.092857126863676420e-01 -5.032976983457065900e-01 -1.234065839091114114e+00 1.829740140115208580e-01 0.000000000000000000e+00
-5.010795806161601196e-02 -3.270519397823091756e-01 2.523735568899302395e-01 1.503689953280288094e+00 3.006757771716284111e-01 1.210779878893135209e+00 -1.806341273882635934e-01 5.964412914180371450e-01 2.100090272384329548e-01 -4.990127054412826779e-01 -1.235694894729915561e+00 1.812575234651807032e-01 0.000000000000000000e+00
-4.709532750916873428e-02 -3.268265635713570871e-01 2.544926819882856184e-01 1.507159817211578989e+00 3.068186748409034159e-01 1.201269046785488070e+00 -1.701783738562875903e-01 5.898160789952198169e-01 2.107934613375157529e-01 -4.942075638864527054e-01 -1.237398652037293711e+00 1.793759668655261208e-01 0.000000000000000000e+00
-4.430329622366253189e-02 -3.265862731470680069e-01 2.564294308730100114e-01 1.510580789456677842e+00 3.123815307876229852e-01 1.192464899434363845e+00 -1.604139270090256808e-01 5.837231658952819480e-01 2.115141127284911882e-01 -4.896213008837136949e-01 -1.238912392800894935e+00 1.776180808089920515e-01 0.000000000000000000e+00
-4.126757703105911335e-02 -3.262914031215044530e-01 2.585064531901397067e-01 1.514521381928284782e+00 3.182875127420921046e-01 1.182901995462910305e+00 -1.497142112764415778e-01 5.771494856395575912e-01 2.122864294446142885e-01 -4.844902217009716683e-01 -1.240485655214859095e+00 1.756901519168564407e-01 0.000000000000000000e+00
-3.845622367050851448e-02 -3.259876173886426809e-01 2.604041912303231010e-01 1.518373363925051400e+00 3.236249369290105093e-01 1.174053172568999326e+00 -1.397268079116696093e-01 5.711082378647673874e-01 2.129876397596319748e-01 -4.796053850505209715e-01 -1.241874493723335471e+00 1.738882737680656487e-01 0.000000000000000000e+00
-3.540168887311526819e-02 -3.256246832954824422e-01 2.624388469012408631e-01 1.522776893773239770e+00 3.292797895018209076e-01 1.164445470973422658e+00 -1.287881650174133585e-01 5.645950113657879355e-01 2.137299959134917327e-01 -4.741535946935062085e-01 -1.243308339654234151e+00 1.719114092908998193e-01 0.000000000000000000e+00
-3.257470051290558416e-02 -3.252588156726491375e-01 2.642971369114112123e-01 1.527053034119333574e+00 3.343784340008655320e-01 1.155559806277370871e+00 -1.185814253697381332e-01 5.586140176106606514e-01 2.143956530279569339e-01 -4.689734467676794361e-01 -1.244564020108206437e+00 1.700628758887622050e-01 0.000000000000000000e+00
-2.950509771630568240e-02 -3.248294727310252483e-01 2.662887412297295642e-01 1.531912191313728577e+00 3.397671315240637924e-01 1.145917536236889189e+00 -1.074066516329543475e-01 5.521707989588365839e-01 2.150908712305221737e-01 -4.632025764225594644e-01 -1.245848729018060652e+00 1.680338134542308237e-01 0.000000000000000000e+00
-2.666611446260291896e-02 -3.244030153090020074e-01 2.681071223422540895e-01 1.536604354850538812e+00 3.446140767198206944e-01 1.137004855580165508e+00 -9.698484508249841096e-02 5.462585147598334467e-01 2.157055288101124013e-01 -4.577306459098008928e-01 -1.246963528250367936e+00 1.661358284796017881e-01 0.000000000000000000e+00
-2.358555271092329514e-02 -3.239088068984279367e-01 2.700551938133071150e-01 1.541908974563810375e+00 3.497238115459895269e-01 1.127339588532386028e+00 -8.558036537931687504e-02 5.398941256762757046e-01 2.163380295690062738e-01 -4.516467875575693736e-01 -1.248092309078397966e+00 1.640518217028307246e-01 0.000000000000000000e+00
-2.073811964392224816e-02 -3.234233312018870432e-01 2.718330536540488063e-01 1.547007762882206983e+00 3.543069522136015337e-01 1.118412071385136208e+00 -7.494839380696166620e-02 5.340590398593711985e-01 2.168873065438352565e-01 -4.458870691995141522e-01 -1.249059302870205723e+00 1.621015222575384607e-01 0.000000000000000000e+00
-1.765018900794416284e-02 -3.228661232136962322e-01 2.737368113931356595e-01 1.552747607540805319e+00 3.591243047099403896e-01 1.108738227123291065e+00 -6.331846919512650051e-02 5.277831010135177747e-01 2.174412440505715249e-01 -4.394927528432066577e-01 -1.250024166133141490e+00 1.599590590948401503e-01 0.000000000000000000e+00
-1.479775881837202232e-02 -3.223232866603236713e-01 2.754735214218154704e-01 1.558242323100403226e+00 3.634324285589469739e-01 1.099809710875604640e+00 -5.248188362726913941e-02 5.220336691151729047e-01 2.179114251410252390e-01 -4.334495742766261150e-01 -1.250837495530051635e+00 1.579534824121719139e-01 0.000000000000000000e+00
-1.170633465004934474e-02 -3.217048274420693521e-01 2.773324583703035695e-01 1.564404368983156601e+00 3.679465381059507934e-01 1.090142796997625840e+00 -4.063419982323877161e-02 5.158547359120255749e-01 2.183726846418267975e-01 -4.267515909770223104e-01 -1.251633381221821883e+00 1.557496999653745218e-01 0.000000000000000000e+00
-8.852237078955429647e-03 -3.211063997831733463e-01 2.790273576335548511e-01 1.570282832132763318e+00 3.719694534272459663e-01 1.081229213632433073e+00 -2.959912136919723435e-02 5.101992803106469854e-01 2.187507203585634663e-01 -4.204296127338241207e-01 -1.252287719901654439e+00 1.536858333443471836e-01 0.000000000000000000e+00
-5.760657474219984218e-03 -3.204287808272933691e-01 2.808404893683391634e-01 1.576853670947416575e+00 3.761692296186609497e-01 1.071588317364125409e+00 -1.753932302612586439e-02 5.041270399986708117e-01 2.191051870996529871e-01 -4.134313913108274563e-01 -1.252908369593697335e+00 1.514170198326814099e-01 0.000000000000000000e+00
-2.908076134017756418e-03 -3.197766361637329746e-01 2.824928325446283139e-01 1.583102225618841175e+00 3.798980547839891919e-01 1.062707586708409035e+00 -6.312476167652607099e-03 4.985739163621785153e-01 2.193788269016589965e-01 -4.068357066865964100e-01 -1.253399323340653293e+00 1.492917507037709590e-01 0.000000000000000000e+00
1.801016105582946530e-04 -3.190418076168137218e-01 2.842595298742172094e-01 1.590065812694013481e+00 3.837752662751441335e-01 1.053112443659491859e+00 5.950581703835260833e-03 4.926166247407530174e-01 2.196142503420217551e-01 -3.995446707017455967e-01 -1.253841408081606712e+00 1.469549433605241151e-01 0.000000000000000000e+00
3.028134203466732646e-03 -3.183379338242085521e-01 2.858684923390779065e-01 1.596669316569828467e+00 3.872024053041105418e-01 1.044284646887308377e+00 1.736193257068866652e-02 4.871740888685262005e-01 2.197720426366089885e-01 -3.926806060186617264e-01 -1.254165115312105616e+00 1.447651425094496347e-01 0.000000000000000000e+00
6.109904392622074812e-03 -3.175482496070646254e-01 2.875876659717923056e-01 1.604008854664910722e+00 3.907489917340924990e-01 1.034758614098093776e+00 2.982130598611010611e-02 4.813413998966027951e-01 2.198756396030130400e-01 -3.851010165297008014e-01 -1.254423841412006801e+00 1.423564797510410707e-01 0.000000000000000000e+00
8.950542714787490181e-03 -3.167947287706978643e-01 2.891524549223375429e-01 1.610950789170341402e+00 3.938685077931647349e-01 1.026005111875180731e+00 4.140933782564155258e-02 4.760176077194798738e-01 2.199066654297123780e-01 -3.779742975841078878e-01 -1.254577505806904414e+00 1.400989680292513695e-01 0.000000000000000000e+00
1.202275688476387057e-02 -3.159523557909210689e-01 2.908233918882320856e-01 1.618647241775057921e+00 3.970796435998646956e-01 1.016571593414685726e+00 5.405510442934141624e-02 4.703175441698424497e-01 2.198677832777971020e-01 -3.701142106533344411e-01 -1.254651275369099706e+00 1.376154288323195585e-01 0.000000000000000000e+00
1.485334532974450818e-02 -3.151513705330729054e-01 2.923430692483114934e-01 1.625909539793710223e+00 3.998872294999396004e-01 1.007916046818260192e+00 6.581150006463090674e-02 4.651205184606073129e-01 2.197621889405756423e-01 -3.627307962681714515e-01 -1.254632500083414648e+00 1.352869605122360153e-01 0.000000000000000000e+00
1.791340352674560682e-02 -3.142589057409369557e-01 2.939645518804711033e-01 1.633942832690834734e+00 4.027585414325276503e-01 9.986023513025092946e-01 7.863549040190592754e-02 4.595626344236664051e-01 2.195695092357083933e-01 -3.545952053226292811e-01 -1.254517850998486672e+00 1.327245751022810838e-01 0.000000000000000000e+00
2.073151095996828008e-02 -3.134127559574880206e-01 2.954382553393039013e-01 1.641506190573391422e+00 4.052518544412162527e-01 9.900692453305892649e-01 9.055141354768037054e-02 4.545004312446165873e-01 2.193175741965869285e-01 -3.469614537949989308e-01 -1.254325171293619423e+00 1.303219211010820111e-01 0.000000000000000000e+00
2.377674226889066322e-02 -3.124725459546946471e-01 2.970094423491068669e-01 1.649854467902629018e+00 4.077825659437035455e-01 9.809021629544707466e-01 1.035427294640072216e-01 4.490923833085062600e-01 2.189623085071705777e-01 -3.385589808187171590e-01 -1.254021970403514041e+00 1.276776518099855262e-01 0.000000000000000000e+00
2.658016054816670151e-02 -3.115836036538884857e-01 2.984361549051031681e-01 1.657698215710922796e+00 4.099612031056794059e-01 9.725179532833339024e-01 1.156088965071541685e-01 4.441728589848573661e-01 2.185555106506607004e-01 -3.306814501828036490e-01 -1.253654321015028383e+00 1.251975414329572212e-01 0.000000000000000000e+00
2.960844204430063478e-02 -3.105984386045587131e-01 2.999558443063652380e-01 1.666338712171435255e+00 4.121512635148678605e-01 9.635270037494580997e-01 1.287582210999067833e-01 4.389240680819339047e-01 2.180274058064981535e-01 -3.220177543930987651e-01 -1.253160837265036687e+00 1.224673352624352229e-01 0.000000000000000000e+00
3.239520200904683761e-02 -3.096691555863294032e-01 3.013345491889879990e-01 1.674441056993837051e+00 4.140169602224035295e-01 9.553190460168501374e-01 1.409648615681770023e-01 4.341549790703608247e-01 2.174577556493300090e-01 -3.139033022887091073e-01 -1.252617818718769538e+00 1.199065061372422691e-01 0.000000000000000000e+00
3.540441855983251368e-02 -3.086415381888629739e-01 3.028018099572442057e-01 1.683349526760620662e+00 4.158702803302189999e-01 9.465334114066421556e-01 1.542604436390453970e-01 4.290727688936217255e-01 2.167496211154780195e-01 -3.049876048808554119e-01 -1.251935117373327744e+00 1.170873503863116699e-01 0.000000000000000000e+00
3.817280960757338942e-02 -3.076744178010568098e-01 3.041315144828213302e-01 1.691687807438943203e+00 4.174270079405011380e-01 9.385294424823071857e-01 1.665973709412693349e-01 4.244617384927449333e-01 2.160096618065994178e-01 -2.966433552639055615e-01 -1.251217129143442630e+00 1.144425401406187481e-01 0.000000000000000000e+00
4.116136864084231350e-02 -3.066072923900939329e-01 3.055450599486423946e-01 1.700839211308260879e+00 4.189483124183093210e-01 9.299805135790704114e-01 1.800288408067590440e-01 4.195553968164919545e-01 2.151125759934062742e-01 -2.874819146664648328e-01 -1.250344677570332630e+00 1.115303485214818868e-01 0.000000000000000000e+00
4.390993918311099364e-02 -3.056048801958806127e-01 3.068247116948633613e-01 1.709389873467067389e+00 4.202023635833471715e-01 9.222089393356625031e-01 1.924854272657116061e-01 4.151099151668772302e-01 2.141956496300918555e-01 -2.789152744537365392e-01 -1.249452651763210520e+00 1.087982864605752525e-01 0.000000000000000000e+00
4.687630347750914445e-02 -3.045008154297407232e-01 3.081835274772347089e-01 1.718758404230181114e+00 4.214005067853836550e-01 9.139268950738759223e-01 2.060402680686992116e-01 4.103863662099445642e-01 2.131041530573229981e-01 -2.695177113361466037e-01 -1.248392846807413470e+00 1.057901294960330585e-01 0.000000000000000000e+00
4.960387758254536372e-02 -3.034656942293648685e-01 3.094120692052019228e-01 1.727497298865433351e+00 4.223604951122394979e-01 9.064162704763583100e-01 2.186055447896406434e-01 4.061137902941031053e-01 2.120041343690657332e-01 -2.607362705367466393e-01 -1.247328115003599747e+00 1.029676031818478055e-01 0.000000000000000000e+00
5.254701068448530688e-02 -3.023276952372797033e-01 3.107148846476804338e-01 1.737056417913146689e+00 4.232452985168242421e-01 8.984325473231464798e-01 2.322723548717092468e-01 4.015820555146834558e-01 2.107105038695598065e-01 -2.511095257625986510e-01 -1.246081755613442699e+00 9.985938626172428945e-02 0.000000000000000000e+00
5.525267321520409974e-02 -3.012624350856633049e-01 3.118912699748223050e-01 1.745959003106491103e+00 4.239221755396860303e-01 8.912109429191796828e-01 2.449349368409794447e-01 3.974895758675586199e-01 2.094219333761251356e-01 -2.421211240569857981e-01 -1.244846448341809353e+00 9.694317493381707229e-02 0.000000000000000000e+00
5.817164723092269063e-02 -3.000930675714660323e-01 3.131370541010418673e-01 1.755682092826522656e+00 4.245075936827817920e-01 8.835551875343603534e-01 2.587005668442468598e-01 3.931561467208089522e-01 2.079221742082466573e-01 -2.322752011251242865e-01 -1.243416996626709459e+00 9.373206844945403127e-02 0.000000000000000000e+00
6.085475918510164367e-02 -2.990002376141847051e-01 3.142602393500566471e-01 1.764723551885019504e+00 4.249146438472450882e-01 8.766502254579382480e-01 2.714487527978062809e-01 3.892507874297759241e-01 2.064401250616176853e-01 -2.230878779308393678e-01 -1.242013510732237647e+00 9.071902624878723509e-02 0.000000000000000000e+00
6.374909771033956951e-02 -2.978024911657172202e-01 3.154476871029718854e-01 1.774583394095394340e+00 4.252155303973239597e-01 8.693527271978149784e-01 2.853008856022307693e-01 3.851244856368071789e-01 2.047278456387513490e-01 -2.130302503370733735e-01 -1.240402964063012092e+00 8.740099384665750426e-02 0.000000000000000000e+00
6.640926915022733745e-02 -2.966846152011323179e-01 3.165165619860071389e-01 1.783738749910735777e+00 4.253683421915583907e-01 8.627912997591731248e-01 2.981225748018764277e-01 3.814131376311863386e-01 2.030483230972928155e-01 -2.036522780982523984e-01 -1.238834362180955662e+00 8.428799155895026762e-02 0.000000000000000000e+00
6.927862431982011182e-02 -2.954609488904145209e-01 3.176447370623886046e-01 1.793708850008099098e+00 4.254034686518846087e-01 8.558791527410347655e-01 3.120474784830873372e-01 3.774999553044511291e-01 2.011207271002937169e-01 -1.933932822365627968e-01 -1.237047381089512399e+00 8.086035343320696622e-02 0.000000000000000000e+00
7.191575085498275177e-02 -2.943204839817121221e-01 3.186583072221713664e-01 1.802953406752601850e+00 4.253197994693080908e-01 8.496864470085871979e-01 3.249303870982911402e-01 3.739892431974541909e-01 1.992400027384795269e-01 -1.838330998449099751e-01 -1.235317125329287835e+00 7.764434506796248636e-02 0.000000000000000000e+00
7.476019514249974962e-02 -2.930737900209126057e-01 3.197258879102640172e-01 1.813006447170558033e+00 4.251088257782749125e-01 8.431875979046625780e-01 3.389149455879198469e-01 3.702977024524408689e-01 1.970920301612759662e-01 -1.733807418433238046e-01 -1.233356506134771546e+00 7.410313976648413847e-02 0.000000000000000000e+00
7.737437551015986792e-02 -2.919131198670663063e-01 3.206831529544278414e-01 1.822315692065611614e+00 4.248083574007397445e-01 8.373871874455982578e-01 3.518463570244767524e-01 3.669941509887384989e-01 1.950070413438533823e-01 -1.636469546381114359e-01 -1.231468724396068914e+00 7.078112926747610889e-02 0.000000000000000000e+00
8.019409459818828412e-02 -2.906456653262655676e-01 3.216892699327499328e-01 1.832425876537549847e+00 4.243743979459986271e-01 8.313251402621362196e-01 3.658763557002049915e-01 3.635297113056816798e-01 1.926372274478460600e-01 -1.530118372067185706e-01 -1.229340059736768520e+00 6.712386839911912984e-02 0.000000000000000000e+00
8.278568027617452807e-02 -2.894670750295061934e-01 3.225892038789095473e-01 1.841775579128218432e+00 4.238788272231395204e-01 8.259391328027989587e-01 3.788433869163416734e-01 3.604395789138354345e-01 1.903457104878873984e-01 -1.431132169747870997e-01 -1.227299013077331802e+00 6.369296373985128268e-02 0.000000000000000000e+00
8.558122199400992891e-02 -2.881815358715264508e-01 3.235326537629896193e-01 1.851916382272664308e+00 4.232455489901751911e-01 8.203372563343247492e-01 3.929049773405008938e-01 3.572104295130871243e-01 1.877500605314417204e-01 -1.323038289395621625e-01 -1.225006430852937145e+00 5.991581068817030536e-02 0.000000000000000000e+00
8.815075911281576582e-02 -2.869872090517773255e-01 3.243743298759891314e-01 1.861282727393810177e+00 4.225781756113180521e-01 8.153853538607265250e-01 4.058944123993078468e-01 3.543398081740906647e-01 1.852500180581300171e-01 -1.222493388824554272e-01 -1.222816779804673848e+00 5.637317393760602618e-02 0.000000000000000000e+00
9.092276670957652462e-02 -2.856855828938896780e-01 3.252542815816305000e-01 1.871429446730862978e+00 4.217722663642513581e-01 8.102626530345213851e-01 4.199730137649300143e-01 3.513508759036675366e-01 1.824285320412455391e-01 -1.112764660458132604e-01 -1.220366671601801123e+00 5.247387333805288850e-02 0.000000000000000000e+00
9.347099427759150703e-02 -2.844775439092910307e-01 3.260368164639461108e-01 1.880789329937993415e+00 4.209577861057538506e-01 8.057619410148162409e-01 4.329715035714433169e-01 3.487056245719190595e-01 1.797186324740351893e-01 -1.010751525888590741e-01 -1.218033742486891668e+00 4.881678307845325332e-02 0.000000000000000000e+00
9.622038903152906053e-02 -2.831622482200439883e-01 3.268521138821699479e-01 1.890916178510726908e+00 4.200061204748140042e-01 8.011370501071239936e-01 4.470525683610737100e-01 3.459646658884958925e-01 1.766686472356220339e-01 -8.994772486282984203e-02 -1.215430901995502744e+00 4.479166892333987654e-02 0.000000000000000000e+00
9.874819320013493440e-02 -2.819423799642934991e-01 3.275746526868335007e-01 1.900246894693029986e+00 4.190704566582170720e-01 7.971022504190492519e-01 4.600464975042202198e-01 3.435503772022845403e-01 1.737482247842410121e-01 -7.960880920130262994e-02 -1.212960287452236274e+00 4.101749944431763023e-02 0.000000000000000000e+00
1.014759837838796058e-01 -2.806151018040365930e-01 3.283246474770834533e-01 1.910330575916276530e+00 4.180021604150803149e-01 7.929883100245316285e-01 4.741151785947818054e-01 3.410618529006872457e-01 1.704705392726260094e-01 -6.833777467468007960e-02 -1.210211772049220036e+00 3.686457020163726866e-02 0.000000000000000000e+00
1.039843784126532056e-01 -2.793851427248534303e-01 3.289864068174637723e-01 1.919609991733528531e+00 4.169720767052900179e-01 7.894314148572090239e-01 4.870907652159203738e-01 3.388839197612204535e-01 1.673393276209655944e-01 -5.787054874407068783e-02 -1.207609331031994415e+00 3.297082062848125800e-02 0.000000000000000000e+00
1.066917480888395497e-01 -2.780479571559766327e-01 3.296700514874779109e-01 1.929625749899377851e+00 4.158160188125923362e-01 7.858412066762423542e-01 5.011319824577404880e-01 3.366550536659059234e-01 1.638326102556033614e-01 -4.646519935234567217e-02 -1.204720866513694588e+00 2.868662875297901815e-02 0.000000000000000000e+00
1.091818400365856118e-01 -2.768094841715218468e-01 3.302703130298316747e-01 1.938832214019798883e+00 4.147188801226855404e-01 7.827713562766471789e-01 5.140752449611482033e-01 3.347186359477956619e-01 1.604908757197720526e-01 -3.587910072976707720e-02 -1.201992857451071872e+00 2.467090640189737935e-02 0.000000000000000000e+00
1.118700049131508556e-01 -2.754637005105479708e-01 3.308871125918950717e-01 1.948758093802979374e+00 4.135053479714398961e-01 7.797117899674730346e-01 5.280739514940679946e-01 3.327532563528307619e-01 1.567571238714811077e-01 -2.435049067205801582e-02 -1.198972300142704173e+00 2.025375412837832761e-02 0.000000000000000000e+00
1.143429687878531192e-01 -2.742181290857156895e-01 3.314252513044426696e-01 1.957870462458191518e+00 4.123687761536665164e-01 7.771352839960385950e-01 5.409708084154810637e-01 3.310632143250665238e-01 1.532055322417511523e-01 -1.365501519127202551e-02 -1.196125114621300334e+00 1.611381195720130999e-02 0.000000000000000000e+00
1.170132221232532271e-01 -2.728655047129425748e-01 3.319742543474778484e-01 1.967682390125959024e+00 4.111273117714535630e-01 7.746132385138695398e-01 5.549113914576099260e-01 3.293681122912310855e-01 1.492446127524766908e-01 -2.012756814638441000e-03 -1.192978856109480734e+00 1.156050765354655827e-02 0.000000000000000000e+00
1.194702455399800634e-01 -2.716140776431317794e-01 3.324496664381864641e-01 1.976679856626920362e+00 4.099789101085304921e-01 7.725335765422243206e-01 5.677475948851964382e-01 3.279290399066931427e-01 1.454846287674482763e-01 8.782488378781946534e-03 -1.190019418348130076e+00 7.294235419199456005e-03 0.000000000000000000e+00
1.221239022856647483e-01 -2.702555569131776525e-01 3.329305638207825102e-01 1.986356989222977987e+00 4.087396838164929491e-01 7.705497465553481362e-01 5.816150075763752980e-01 3.265074112272952078e-01 1.412994711143886750e-01 2.052730238422149911e-02 -1.186755714432238040e+00 2.603417076167918558e-03 0.000000000000000000e+00
1.245661810327923641e-01 -2.689993702500564909e-01 3.333427175002985354e-01 1.995219090275877072e+00 4.076067055401439987e-01 7.689676852121265505e-01 5.943762763087897527e-01 3.253236694122685901e-01 1.373329589868246270e-01 3.141267789548695538e-02 -1.183691081807829226e+00 -1.791140590163303736e-03 0.000000000000000000e+00
1.272044756755612016e-01 -2.676364120227566756e-01 3.337547453958857879e-01 2.004737790997276115e+00 4.063984065183401384e-01 7.675228401328579864e-01 6.081544065244236519e-01 3.241817392263562914e-01 1.329243621183076041e-01 4.325015222180714908e-02 -1.180316856706699058e+00 -6.622362008213147737e-03 0.000000000000000000e+00
1.296331522176526196e-01 -2.663764217182127969e-01 3.341032439202822335e-01 2.013444349031619396e+00 4.053073014774613014e-01 7.664361525816589804e-01 6.208263262022659656e-01 3.232573893015033839e-01 1.287534523770799133e-01 5.421593023085777979e-02 -1.177154352912229918e+00 -1.114700404063592026e-02 0.000000000000000000e+00
1.322572986820511332e-01 -2.650096249412305371e-01 3.344462240132174413e-01 2.022784461451170301e+00 4.041585082738254897e-01 7.655251080886489312e-01 6.345001270821960526e-01 3.223976210330849468e-01 1.241256773508490063e-01 6.613499091329147483e-02 -1.173678528215513106e+00 -1.611961681613983954e-02 0.000000000000000000e+00
1.346734185574320619e-01 -2.637466714355262143e-01 3.347306923976892667e-01 2.031315314626818136e+00 4.031347335007158250e-01 7.649292550636488386e-01 6.470681834775252605e-01 3.217364247134454902e-01 1.197531663151023551e-01 7.717143423739168673e-02 -1.170425610102035607e+00 -2.077596672862924362e-02 0.000000000000000000e+00
1.372844835708571798e-01 -2.623772501076989672e-01 3.350040168039862820e-01 2.040453363400560605e+00 4.020719794442899619e-01 7.645471003084036710e-01 6.606212765810475229e-01 3.211645441588645844e-01 1.149079441858669171e-01 8.916195918320196645e-02 -1.166855642660784342e+00 -2.589251295807893857e-02 0.000000000000000000e+00
1.396890083062466148e-01 -2.611120457920723670e-01 3.352241848008896685e-01 2.048788554266939066e+00 4.011396952072647792e-01 7.644348732769992161e-01 6.730710220449499515e-01 3.207699302643420847e-01 1.103370276489092916e-01 1.002592682217780806e-01 -1.163520033395460285e+00 -3.068202092507230083e-02 0.000000000000000000e+00
1.422879851039522692e-01 -2.597403522312291546e-01 3.354278438629911263e-01 2.057704733860509450e+00 4.001886562704970451e-01 7.645711476895105108e-01 6.864884936699598983e-01 3.204877017678209872e-01 1.052795515807944948e-01 1.123102469243331819e-01 -1.159865111115435443e+00 -3.594307901376702502e-02 0.000000000000000000e+00
1.446817118393536050e-01 -2.584735397935102874e-01 3.355834849258683694e-01 2.065824219368638026e+00 3.993703745435523977e-01 7.649332203548393494e-01 6.988054139744945825e-01 3.203627995126962502e-01 1.005139579681522122e-01 1.234586303991899725e-01 -1.156454667023479876e+00 -4.086699755321452493e-02 0.000000000000000000e+00
1.472693028209277055e-01 -2.571006448043767767e-01 3.357170205723155054e-01 2.074494749919875147e+00 3.985540148437944907e-01 7.655781394166538689e-01 7.120705527851520777e-01 3.203752497907924046e-01 9.524702428030251689e-02 1.355597763987794191e-01 -1.152722646229897396e+00 -4.627472507775616528e-02 0.000000000000000000e+00
1.496528489745548307e-01 -2.558328314507571366e-01 3.358080020790699116e-01 2.082378413446456022e+00 3.978702718748357015e-01 7.664030201870382086e-01 7.242400671233508724e-01 3.205229220732372375e-01 9.029074833361039332e-02 1.467494139033972411e-01 -1.149245356794581063e+00 -5.133411529290463071e-02 0.000000000000000000e+00
1.522296922997347368e-01 -2.544589592555941970e-01 3.358716086871684769e-01 2.090783659112890547e+00 3.972100492739216726e-01 7.675415352619214815e-01 7.373381591546330771e-01 3.208310831008730490e-01 8.482021598042410737e-02 1.588898332066869534e-01 -1.145445558551255960e+00 -5.688864125015848094e-02 0.000000000000000000e+00
1.546034712261017130e-01 -2.531907178991070206e-01 3.358978246432583470e-01 2.098411248193928103e+00 3.966792934589333797e-01 7.688160444289997564e-01 7.493457532985551284e-01 3.212537933448958993e-01 7.967791823159031672e-02 1.701109293016813129e-01 -1.141909546413903076e+00 -6.208435618479458268e-02 0.000000000000000000e+00
1.571698373973728913e-01 -2.518168848463513965e-01 3.358911416415161222e-01 2.106527135398325257e+00 3.961935440664028363e-01 7.704342513860278352e-01 7.622600872146219064e-01 3.218620260483563977e-01 7.400778195470247844e-02 1.822802106132847544e-01 -1.138050492836323979e+00 -6.778739498471238190e-02 0.000000000000000000e+00
1.595340469200331179e-01 -2.505487986927412702e-01 3.358526119842334401e-01 2.113878455081983354e+00 3.958316986618264366e-01 7.721433191264654994e-01 7.740913135153533187e-01 3.225619047828292008e-01 6.868425609368866702e-02 1.935229948264064748e-01 -1.134464013796314230e+00 -7.312006713959501303e-02 0.000000000000000000e+00
1.620901045702000387e-01 -2.491752645381798137e-01 3.357758864119740894e-01 2.121685010534726246e+00 3.955369202269443107e-01 7.742232469231691283e-01 7.868073750882638162e-01 3.234705087677369750e-01 6.282144011193357969e-02 2.057104022781792718e-01 -1.130554892790241350e+00 -7.897127340347288860e-02 0.000000000000000000e+00
1.644446962704969872e-01 -2.479079649288357667e-01 3.356726231907120050e-01 2.128739622863546899e+00 3.953574394264807168e-01 7.763506654267890994e-01 7.984478524759183182e-01 3.244493536263955979e-01 5.732214561897452931e-02 2.169651041371790656e-01 -1.126926335805008339e+00 -8.444131473633317841e-02 0.000000000000000000e+00
1.669901340830502179e-01 -2.465358845560521317e-01 3.355256842646469062e-01 2.136212479661770303e+00 3.952660341685585443e-01 7.788751161698552750e-01 8.109487972117774834e-01 3.256619241602222714e-01 5.127131046425992267e-02 2.291602014665994613e-01 -1.122976068960093832e+00 -9.044192433736449044e-02 0.000000000000000000e+00
1.693347892495726259e-01 -2.452701096924147228e-01 3.353578031896415901e-01 2.142949900978681654e+00 3.952795039599443783e-01 7.814035337264062520e-01 8.223841446164686930e-01 3.269211333026390554e-01 4.560183997764499786e-02 2.404171170782554157e-01 -1.119313689829017022e+00 -9.604950961814895383e-02 0.000000000000000000e+00
1.718692679223553232e-01 -2.438998930047263092e-01 3.351410317816442830e-01 2.150069241357626559e+00 3.954020797859318925e-01 7.843521365258920852e-01 8.346559243405267114e-01 3.284371710426802760e-01 3.937057565907742251e-02 2.526093681542608271e-01 -1.115331465051021320e+00 -1.021986570289794560e-01 0.000000000000000000e+00
1.742034338927502812e-01 -2.426364798558682812e-01 3.349085760403108236e-01 2.156468869849820003e+00 3.956164482017689998e-01 7.872636216750099614e-01 8.458720270084771897e-01 3.299778763123183412e-01 3.353732076542237373e-02 2.638588435596213033e-01 -1.111643785889588676e+00 -1.079437113562824319e-01 0.000000000000000000e+00
1.767260389735934023e-01 -2.412695914525854468e-01 3.346218338201965570e-01 2.163209892935691769e+00 3.959593004840988861e-01 7.906176754842086929e-01 8.578977972268388985e-01 3.318001775777186801e-01 2.713135307934577689e-02 2.760377788301763280e-01 -1.107638524768164157e+00 -1.142420956566982393e-01 0.000000000000000000e+00
1.790488370903419446e-01 -2.400095637233106705e-01 3.343250314773398846e-01 2.169251323968634182e+00 3.963791524209701045e-01 7.938933511985259983e-01 8.688804738252439153e-01 3.336229781858234267e-01 2.114057220721266006e-02 2.872702266493171175e-01 -1.103933934533809280e+00 -1.201242944577619320e-01 0.000000000000000000e+00
1.815586357032291098e-01 -2.386467444117091885e-01 3.339687619205935487e-01 2.175594424559216478e+00 3.969463921780267412e-01 7.976313676211415071e-01 8.806465858373229150e-01 3.357502113960378343e-01 1.456829011106042238e-02 2.994256262337385288e-01 -1.099914891553743335e+00 -1.265705174881907313e-01 0.000000000000000000e+00
1.838689564992253556e-01 -2.373913177466581703e-01 3.336077496753327987e-01 2.181257190354470410e+00 3.975736257411401908e-01 8.012524384585293369e-01 8.913819213494869054e-01 3.378554735272590870e-01 8.426907479283096691e-03 3.106315090210058916e-01 -1.096201779203900495e+00 -1.325892781965266609e-01 0.000000000000000000e+00
1.863644373044773539e-01 -2.360344645211766568e-01 3.331818503703641299e-01 2.187177728794260645e+00 3.983649835992983945e-01 8.053549958179808677e-01 9.028717969774975316e-01 3.402896027635915477e-01 1.694968875781022177e-03 3.227529533015287555e-01 -1.092178075691927042e+00 -1.391834564702661980e-01 0.000000000000000000e+00
1.886608757079639431e-01 -2.347850852673725730e-01 3.327568264700149214e-01 2.192441691945487214e+00 3.991982660162083363e-01 8.093024984230745567e-01 9.133460095447790694e-01 3.426771932598748349e-01 -4.589824980697265744e-03 3.339228834140799407e-01 -1.088464830184029619e+00 -1.453379052361416235e-01 0.000000000000000000e+00
1.911405478752866427e-01 -2.334354166957382515e-01 3.322618411583219133e-01 2.197920811574736177e+00 4.002112832533981646e-01 8.137479305786494699e-01 9.245465327203526984e-01 3.454160214144259000e-01 -1.147263165995227041e-02 3.460004188261301961e-01 -1.084445454308827328e+00 -1.520780663495095442e-01 0.000000000000000000e+00
1.934214235080407851e-01 -2.321938077925741750e-01 3.317729556864069673e-01 2.202765937261698781e+00 4.012463793573903814e-01 8.180033256126457708e-01 9.347459736421653842e-01 3.480854409330668697e-01 -1.789311357396994318e-02 3.571250752001500772e-01 -1.080740398021281967e+00 -1.583670713294612065e-01 0.000000000000000000e+00
1.958831448838239120e-01 -2.308538632720837369e-01 3.312087408419431833e-01 2.207779286674021790e+00 4.024741788330610248e-01 8.227729047046392630e-01 9.456406327665431988e-01 3.511300998492999370e-01 -2.491919831987154943e-02 3.691484152840172062e-01 -1.076734337951530174e+00 -1.652526909726179105e-01 0.000000000000000000e+00
1.981465625617399029e-01 -2.296219997580467853e-01 3.306562377837894973e-01 2.212186382433630527e+00 4.037038077482666409e-01 8.273176796233117081e-01 9.555520528164639371e-01 3.540803829944033643e-01 -3.146764512426747373e-02 3.802185767242313164e-01 -1.073045726683716117e+00 -1.716748040728030833e-01 0.000000000000000000e+00
2.005883228021950460e-01 -2.282935705014234595e-01 3.300233479399020675e-01 2.216716351329354850e+00 4.051375644395935893e-01 8.323906229873325735e-01 9.661284641905774073e-01 3.574277434580375168e-01 -3.862755371494519530e-02 3.921781673895046727e-01 -1.069061837430039352e+00 -1.787033023084425298e-01 0.000000000000000000e+00
2.028320796518876534e-01 -2.270738096172156550e-01 3.294073777669143110e-01 2.220666353173602836e+00 4.065514967875722974e-01 8.372073151919225964e-01 9.757385475631555893e-01 3.606575919385720530e-01 -4.529570961034035115e-02 4.031848124377204190e-01 -1.065397793823281036e+00 -1.852568091189095156e-01 0.000000000000000000e+00
2.052511719632659770e-01 -2.257601404723979244e-01 3.287056745307563865e-01 2.224689683833287468e+00 4.081779496259141382e-01 8.425660466945794624e-01 9.859805324833822437e-01 3.643077871076618734e-01 -5.258105308836102942e-02 4.150704670932304219e-01 -1.061444996975331012e+00 -1.924270041692979771e-01 0.000000000000000000e+00
2.074729123046704649e-01 -2.245550939728842010e-01 3.280264214878679252e-01 2.228164586603540442e+00 4.097634273091745882e-01 8.476376854515348391e-01 9.952765625844128827e-01 3.678153700003780058e-01 -5.936039595926678736e-02 4.260046075807686905e-01 -1.057813510512898736e+00 -1.991098407402019377e-01 0.000000000000000000e+00
2.098668373652881058e-01 -2.232586934514184940e-01 3.272563875500921204e-01 2.231665174323723910e+00 4.115678711073118556e-01 8.532634051543399600e-01 1.005172336562929480e+00 3.717644051332883448e-01 -6.676105431248791078e-02 4.378072381892955112e-01 -1.053900261607136457e+00 -2.064184868777609039e-01 0.000000000000000000e+00
2.120639156911594270e-01 -2.220713959865168730e-01 3.265139914864799153e-01 2.234647529018911172e+00 4.133092027914546662e-01 8.585741069448875606e-01 1.014141530219179854e+00 3.755475586198004367e-01 -7.364279572730714207e-02 4.486601189740727635e-01 -1.050309255193273561e+00 -2.132282896536344119e-01 0.000000000000000000e+00
2.144295155661124219e-01 -2.207962583968688386e-01 3.256754999280598861e-01 2.237604039756670993e+00 4.152726002702769037e-01 8.644509394209642927e-01 1.023675513763609102e+00 3.797945681891770620e-01 -8.114984736607699922e-02 4.603697386815285841e-01 -1.046444209503241574e+00 -2.206734893760871896e-01 0.000000000000000000e+00
2.165991173883413667e-01 -2.196300565083599832e-01 3.248700513400663570e-01 2.240077376186531133e+00 4.171518416330015633e-01 8.699859146273261068e-01 1.032305553855038083e+00 3.838505625293677781e-01 -8.812466626099446643e-02 4.711327710690292880e-01 -1.042901406305109191e+00 -2.276075785510832949e-01 0.000000000000000000e+00
2.189334921204924844e-01 -2.183794335193150471e-01 3.239635295672730897e-01 2.242475853902210936e+00 4.192543428250528059e-01 8.760973927684343465e-01 1.041466694846856056e+00 3.883906196871939609e-01 -9.572745854095265905e-02 4.827407246018713405e-01 -1.039092486735050613e+00 -2.351854036958220262e-01 0.000000000000000000e+00
2.210726257922957239e-01 -2.172380216305099254e-01 3.230952342834436108e-01 2.244425233423536170e+00 4.212509737844269964e-01 8.818424250023015887e-01 1.049745597148558307e+00 3.927162590877551485e-01 -1.027863001682620681e-01 4.934054530556345464e-01 -1.035605476761755295e+00 -2.422407499242008044e-01 0.000000000000000000e+00
2.233721597471219067e-01 -2.160167405333768276e-01 3.221204418299755678e-01 2.246246388330639832e+00 4.234683781949879489e-01 8.881751551238470377e-01 1.058518715569551905e+00 3.975474996212678969e-01 -1.104749793933756941e-01 5.049020864549111920e-01 -1.031861138848131132e+00 -2.499485373301353897e-01 0.000000000000000000e+00
2.254776654686504178e-01 -2.149042045366381104e-01 3.211893097018563847e-01 2.247657534013400848e+00 4.255601709754328610e-01 8.941178207056728056e-01 1.066434695593703186e+00 4.021392221042416337e-01 -1.176079900570436987e-01 5.154602551755576023e-01 -1.028437112634616346e+00 -2.571217450815069805e-01 0.000000000000000000e+00
2.277391528090221551e-01 -2.137162037649353585e-01 3.201466969962392661e-01 2.248890511411521409e+00 4.278681937800468127e-01 9.006575373686800390e-01 1.074809738010757298e+00 4.072556539009882237e-01 -1.253716372668429724e-01 5.268374457999442928e-01 -1.024764746649451386e+00 -2.649548675062434744e-01 0.000000000000000000e+00
2.298077328029650701e-01 -2.126369185539506990e-01 3.191528136820062089e-01 2.249750929638345553e+00 4.300307954836859459e-01 9.067860281169766168e-01 1.082351543901752589e+00 4.121093648561985345e-01 -1.325689632708364485e-01 5.372809987251763175e-01 -1.021410961309687337e+00 -2.722422083550817828e-01 0.000000000000000000e+00
2.320271905158176051e-01 -2.114878146580287110e-01 3.180420704925653874e-01 2.250379119536279227e+00 4.324011005535499663e-01 9.135217471907099984e-01 1.090313862928871558e+00 4.175080251494662775e-01 -1.403969258209607496e-01 5.485293256423168229e-01 -1.017818556736252322e+00 -2.801972036892029227e-01 0.000000000000000000e+00
2.340553931467617699e-01 -2.104465218738568455e-01 3.169855207479797543e-01 2.250677780341399092e+00 4.346084796013416351e-01 9.198254442364657280e-01 1.097470442568186932e+00 4.226190973345190782e-01 -1.476485803111919903e-01 5.588504397364324472e-01 -1.014541736751991552e+00 -2.875945663805751784e-01 0.000000000000000000e+00
2.362293854064164700e-01 -2.093408885918890128e-01 3.158070349272847355e-01 2.250693814705691409e+00 4.370134346039438178e-01 9.267453117075215019e-01 1.105011050036691866e+00 4.282930619054737820e-01 -1.555295397670088953e-01 5.699624128057607653e-01 -1.011036084651065758e+00 -2.956660084333600502e-01 0.000000000000000000e+00
2.382136446824563436e-01 -2.083426071680261893e-01 3.146877816261587357e-01 2.250421008400887324e+00 4.392383758356048773e-01 9.332148552464509805e-01 1.111771817358994330e+00 4.336564353142980388e-01 -1.628248700991175024e-01 5.801534647701398484e-01 -1.007842821346006223e+00 -3.031689321724403419e-01 0.000000000000000000e+00
2.403378873854039588e-01 -2.072867411694099549e-01 3.134412819477476186e-01 2.249811972837002294e+00 4.416462252540878097e-01 9.403097931094053230e-01 1.118876798252189442e+00 4.396015429737363811e-01 -1.707477743421033090e-01 5.911200958229770874e-01 -1.004431378568642064e+00 -3.113525265966312072e-01 0.000000000000000000e+00
2.422745057236618815e-01 -2.063367812988589900e-01 3.122594198420177158e-01 2.248960190795294523e+00 4.438599302802237467e-01 9.469363254698834886e-01 1.125231500087282122e+00 4.452115583890155492e-01 -1.780763941878378276e-01 6.011737286751079878e-01 -1.001327930371345376e+00 -3.189561511144300421e-01 0.000000000000000000e+00
2.443453206659302601e-01 -2.053358295208206619e-01 3.109452189036694403e-01 2.247722295425231387e+00 4.462407238750949467e-01 9.541966730129751717e-01 1.131892731763842530e+00 4.514198529431810436e-01 -1.860292589930869767e-01 6.119880269135926643e-01 -9.980167556090226988e-01 -3.272456727709788238e-01 0.000000000000000000e+00
2.462305673405026929e-01 -2.044396625443714310e-01 3.097007366655374350e-01 2.246285754405527690e+00 4.484139430839011453e-01 9.609723589079113282e-01 1.137831847310828426e+00 4.572704516734352187e-01 -1.933802493919780652e-01 6.218971166975595377e-01 -9.950090480529144576e-01 -3.349447716138569953e-01 0.000000000000000000e+00
2.482433961490481400e-01 -2.035004751171260173e-01 3.083186170227062428e-01 2.244410398040963983e+00 4.507334180854867256e-01 9.683905036203155348e-01 1.144036213702386062e+00 4.637365735106339648e-01 -2.013516231668035505e-01 6.325506265852307575e-01 -9.918050655244673441e-01 -3.433349940491243757e-01 0.000000000000000000e+00
2.500733745742872993e-01 -2.026638251156081816e-01 3.070115661963249143e-01 2.242385409980776956e+00 4.528358342507630141e-01 9.753080500963480226e-01 1.149550421897449493e+00 4.698210643636244188e-01 -2.087139320003272847e-01 6.423083156612265920e-01 -9.888986912478366920e-01 -3.511238747102518598e-01 0.000000000000000000e+00
2.520243855866844407e-01 -2.017919003534080491e-01 3.055618801042300214e-01 2.239873260981390501e+00 4.550628051450953393e-01 9.828756709309418582e-01 1.155290998785169831e+00 4.765359920256638793e-01 -2.166915642037143819e-01 6.527946456114681606e-01 -9.858070275383635783e-01 -3.596078404158900566e-01 0.000000000000000000e+00
2.537950850801397040e-01 -2.010206572086965793e-01 3.041923828428064747e-01 2.237258380887440445e+00 4.570633921726727777e-01 9.899280671401475828e-01 1.160371378038659529e+00 4.828471844664471990e-01 -2.240541393533475034e-01 6.623943426557949987e-01 -9.830073128633904922e-01 -3.674804442037868935e-01 0.000000000000000000e+00
2.556794870895583993e-01 -2.002231841273855728e-01 3.026748995182491075e-01 2.234105393522281879e+00 4.591625302007003029e-01 9.976386886797827813e-01 1.165636048039582651e+00 4.898043599191429509e-01 -2.320257794442814880e-01 6.727055697643637977e-01 -9.800341598224261430e-01 -3.760519280407478293e-01 0.000000000000000000e+00
2.573868731735767801e-01 -1.995232608039008981e-01 3.012430521103604542e-01 2.230901475919564447e+00 4.610305166941985888e-01 1.004819381618955898e+00 1.170274475710173734e+00 4.963345307805581696e-01 -2.393771693173363246e-01 6.821409497694327362e-01 -9.773458318600456440e-01 -3.840017302107433528e-01 0.000000000000000000e+00
2.592006114566413610e-01 -1.988059331338036806e-01 2.996582635711837472e-01 2.227113431109568609e+00 4.629698791594574203e-01 1.012665184452210987e+00 1.175057379869901553e+00 5.035237674327406321e-01 -2.473304335967489997e-01 6.922714813980397341e-01 -9.744955171243611103e-01 -3.926529757223521377e-01 0.000000000000000000e+00
2.608404513815503756e-01 -1.981833786923946350e-01 2.981642454075149606e-01 2.223323563797334756e+00 4.646739150056409251e-01 1.019967662966782651e+00 1.179245866474323723e+00 5.102646276258947511e-01 -2.546590534424835184e-01 7.015365522513981045e-01 -9.719231032484262345e-01 -4.006730853451257457e-01 0.000000000000000000e+00
2.625785265578360339e-01 -1.975534665989839012e-01 2.965120892023113131e-01 2.218901930943201428e+00 4.664181192502772078e-01 1.027942054370289515e+00 1.183536085832386675e+00 5.176780691523482636e-01 -2.625812918951966335e-01 7.114788649699637091e-01 -9.692008865611744239e-01 -4.093967688383847170e-01 0.000000000000000000e+00
2.641465318905170667e-01 -1.970142491847589883e-01 2.949561747718214555e-01 2.214532011948786128e+00 4.679272392598115005e-01 1.035359606164290902e+00 1.187267440835696908e+00 5.246206970875895159e-01 -2.698754238048146625e-01 7.205679674542950774e-01 -9.667483815133205427e-01 -4.174798289314251010e-01 0.000000000000000000e+00
2.658046817463202149e-01 -1.964773926766344991e-01 2.932373043219247966e-01 2.209488083925165824e+00 4.694447348374040097e-01 1.043454552863736229e+00 1.191060314860187708e+00 5.322470916327085577e-01 -2.777541195737052160e-01 7.303172675728571983e-01 -9.641576584048915377e-01 -4.262673284223050252e-01 0.000000000000000000e+00
2.672964951389741328e-01 -1.960273737257775262e-01 2.916198253676942076e-01 2.204546564105228867e+00 4.707286172340512387e-01 1.050980220277272448e+00 1.194328013517715004e+00 5.393821329567080047e-01 -2.850019124803557791e-01 7.392250087869541852e-01 -9.618285242945353586e-01 -4.344055492394237050e-01 0.000000000000000000e+00
2.688693510383727281e-01 -1.955907921814827310e-01 2.898343714177856745e-01 2.198887285673853498e+00 4.719843560713110620e-01 1.059188560955071967e+00 1.197613422196491140e+00 5.472121927461908175e-01 -2.928237497599730510e-01 7.487744386657059215e-01 -9.593736889807276125e-01 -4.432485423495181598e-01 0.000000000000000000e+00
2.702804060606163739e-01 -1.952357785944731916e-01 2.881558576459917198e-01 2.193385557376954509e+00 4.730126645051866419e-01 1.066814653644032163e+00 1.200411206079673887e+00 5.545295940258333500e-01 -3.000133525968053938e-01 7.574957586034973822e-01 -9.571711216011776768e-01 -4.514336015123086021e-01 0.000000000000000000e+00
2.717635641256733181e-01 -1.949046652957956149e-01 2.863046724361877349e-01 2.187128215288099753e+00 4.739769860401712442e-01 1.075127406977676614e+00 1.203186219935536316e+00 5.625509686501247719e-01 -3.077655482139169951e-01 7.668413235008033624e-01 -9.548544377689176521e-01 -4.603225341512068858e-01 0.000000000000000000e+00
2.730892163495433067e-01 -1.946501945628227037e-01 2.845656925598117892e-01 2.181080190542974862e+00 4.747206653450621872e-01 1.082845993667954865e+00 1.205508629564139955e+00 5.700401105305639149e-01 -3.148847104399168373e-01 7.753716282094089696e-01 -9.527809005441819634e-01 -4.685457430966126768e-01 0.000000000000000000e+00
2.744769914157721979e-01 -1.944313608732579357e-01 2.826493005053804519e-01 2.174238237856509492e+00 4.753599080473960292e-01 1.091254265771321563e+00 1.207764327007436966e+00 5.782420474767626661e-01 -3.225538154310181316e-01 7.845071362757350952e-01 -9.506056971448324511e-01 -4.774711610424451913e-01 0.000000000000000000e+00
2.757124326623688337e-01 -1.942827279082300629e-01 2.808506455976323979e-01 2.167660876285826710e+00 4.757906002325160699e-01 1.099056240022103559e+00 1.209606435533445046e+00 5.858917113919062114e-01 -3.295902865051709707e-01 7.928419649603287711e-01 -9.486633871828104025e-01 -4.857232652856783295e-01 0.000000000000000000e+00
2.770001456873811829e-01 -1.941807984577616220e-01 2.788702290106739867e-01 2.160257528853004594e+00 4.760773130002426967e-01 1.107549479387919700e+00 1.211341085509467952e+00 5.942607616965075445e-01 -3.371635176970293468e-01 8.017642204023667230e-01 -9.466306629017803287e-01 -4.946747489206799187e-01 0.000000000000000000e+00
2.781404711111348238e-01 -1.941429022827040052e-01 2.770128324636084716e-01 2.153170676141378692e+00 4.761681488931248651e-01 1.115425148133367461e+00 1.212698765033190407e+00 6.020590965795048488e-01 -3.441049139202663198e-01 8.098997114793680119e-01 -9.448209783620441504e-01 -5.029460612132752306e-01 0.000000000000000000e+00
2.793221007580334314e-01 -1.941639361911954020e-01 2.749692366991203230e-01 2.145225682160540437e+00 4.760711640722505855e-01 1.123992722389463239e+00 1.213904910690887240e+00 6.105830762805214418e-01 -3.515681565591044500e-01 8.186033879749377018e-01 -9.429330634652869358e-01 -5.119129246035720726e-01 0.000000000000000000e+00
2.803622260990124015e-01 -1.942413079375476803e-01 2.730542729829009696e-01 2.137652119637338366e+00 4.757963207262685401e-01 1.131931197071761375e+00 1.214774565944852780e+00 6.185176318532762396e-01 -3.584020942323566938e-01 8.265359461768749805e-01 -9.412570696122728453e-01 -5.201932583543600330e-01 0.000000000000000000e+00
2.814327882588861796e-01 -1.943890477173254305e-01 2.709491641378314331e-01 2.129194840899727659e+00 4.752911373248105420e-01 1.140560422674225638e+00 1.215451807810059792e+00 6.271817604066582952e-01 -3.657425651449421888e-01 8.350186468809954743e-01 -9.395136977836797687e-01 -5.291641497758056145e-01 0.000000000000000000e+00
2.823675055786510901e-01 -1.945857379365503181e-01 2.689780302447288829e-01 2.121160245226457519e+00 4.746264679286751331e-01 1.148549899729617962e+00 1.215830509317069152e+00 6.352394871798292542e-01 -3.724566605691408405e-01 8.427450764145605344e-01 -9.379717275125238896e-01 -5.374427524718849991e-01 0.000000000000000000e+00
2.833206971471578517e-01 -1.948651366170505994e-01 2.668127420969059194e-01 2.112216771790391689e+00 4.736855458970419264e-01 1.157227946428859955e+00 1.215973121593442841e+00 6.440300493059628595e-01 -3.796598455275326245e-01 8.510022073743511717e-01 -9.363738974375035440e-01 -5.464057875681148646e-01 0.000000000000000000e+00
2.841446712446042411e-01 -1.951846178057021486e-01 2.647870294911360278e-01 2.103749395078552631e+00 4.726088001146511175e-01 1.165255860514032182e+00 1.215858738824624030e+00 6.521972319999360668e-01 -3.862414486874998776e-01 8.585197784994268444e-01 -9.349656178530696415e-01 -5.546714739329073884e-01 0.000000000000000000e+00
2.849752301736742655e-01 -1.955982435624295801e-01 2.625637318442890500e-01 2.094354957673675521e+00 4.712111934910554467e-01 1.173968092971086064e+00 1.215467786776600390e+00 6.610983153113079158e-01 -3.932946976765203662e-01 8.665500081343429084e-01 -9.335119313720499079e-01 -5.636143022943661540e-01 0.000000000000000000e+00
2.856829717169446781e-01 -1.960433848384711963e-01 2.604853230352535687e-01 2.085485718275537081e+00 4.697018746474226347e-01 1.182020866284920757e+00 1.214858854993353665e+00 6.693605062771698089e-01 -3.997310253990238316e-01 8.738563240059479265e-01 -9.322365435260110411e-01 -5.718553211295618333e-01 0.000000000000000000e+00
2.863842897503529050e-01 -1.965948910839625807e-01 2.582059688570562672e-01 2.075672471043543688e+00 4.678240757583216336e-01 1.190752460331540696e+00 1.213930077563188492e+00 6.783567975975119957e-01 -4.066196910326771441e-01 8.816559238904631002e-01 -9.309264680067736997e-01 -5.807647268193402157e-01 0.000000000000000000e+00
2.869701782884870322e-01 -1.971679507251065389e-01 2.560770164323998843e-01 2.066434682287409785e+00 4.658635672594053645e-01 1.198815810642816393e+00 1.212825664659132663e+00 6.866990165541306812e-01 -4.128980933025392375e-01 8.887490537168073468e-01 -9.297824405815029447e-01 -5.889688608734383601e-01 0.000000000000000000e+00
2.875368141040617331e-01 -1.978583910341507879e-01 2.537443173701228183e-01 2.056242895975469054e+00 4.634894089258398964e-01 1.207550695915350136e+00 1.211361858165970640e+00 6.957733384944121413e-01 -4.196093924075934289e-01 8.963176243767581042e-01 -9.286131131258763549e-01 -5.978314615070584592e-01 0.000000000000000000e+00
2.879952547720800449e-01 -1.985607209435785447e-01 2.515672971599359764e-01 2.046672584725283350e+00 4.610617990981973335e-01 1.215609579872026114e+00 1.209762363615269010e+00 7.041798727913562983e-01 -4.257172192096356778e-01 9.031961034192418358e-01 -9.275982490134745406e-01 -6.059858610277993884e-01 0.000000000000000000e+00
2.884203224422299816e-01 -1.993922036546449117e-01 2.491838575486351182e-01 2.036139292495137809e+00 4.581722466499016377e-01 1.224331564131748706e+00 1.207760731739965454e+00 7.133152476996277302e-01 -4.322361049259315635e-01 9.105307819564564253e-01 -9.265678054086955440e-01 -6.147872755353750440e-01 0.000000000000000000e+00
2.887455603510950541e-01 -2.002245053299374633e-01 2.469615107017892053e-01 2.026274309106312899e+00 4.552635644657945235e-01 1.232370823750539301e+00 1.205666821332890715e+00 7.217697188961933463e-01 -4.381605730869218007e-01 9.171936781086984514e-01 -9.256791085529361141e-01 -6.228784915592537885e-01 0.000000000000000000e+00
2.890235846964500088e-01 -2.011963148129721490e-01 2.445306858357925162e-01 2.015444215642706816e+00 4.518477179684641243e-01 1.241063021711934056e+00 1.203132024607353134e+00 7.309477709609334406e-01 -4.444745285573361571e-01 9.242951303134491203e-01 -9.247831545832061462e-01 -6.316042722918712160e-01 0.000000000000000000e+00
2.892098618048843384e-01 -2.021584111951013896e-01 2.422660981309567030e-01 2.005324222855062288e+00 4.484464123876570341e-01 1.249067073608024936e+00 1.200545296240559168e+00 7.394331348261439230e-01 -4.502028549040419936e-01 9.307418443642040407e-01 -9.240171628746722821e-01 -6.396183898021920999e-01 0.000000000000000000e+00
2.893338824375866758e-01 -2.032708201361248801e-01 2.397912611502286961e-01 1.994238886044666259e+00 4.444904990486113761e-01 1.257712736914367468e+00 1.197476269400352011e+00 7.486350887616673999e-01 -4.562967001103612752e-01 9.376082060237280746e-01 -9.232521698515470110e-01 -6.482526909513651736e-01 0.000000000000000000e+00
2.893755226091983546e-01 -2.043615633075539784e-01 2.374878478458617992e-01 1.983905213122859834e+00 4.405879800821317360e-01 1.265666165091232420e+00 1.194399386234928917e+00 7.571335021162194368e-01 -4.618160348905233636e-01 9.438386713939684869e-01 -9.226044224954124129e-01 -6.561752622992146344e-01 0.000000000000000000e+00
2.893401534723402113e-01 -2.056119443450293016e-01 2.349729795598989035e-01 1.972612393005615417e+00 4.360866459665322381e-01 1.274248802009839476e+00 1.190802520866667935e+00 7.663397836885141867e-01 -4.676773195546515272e-01 9.504716735629742397e-01 -9.219644648854663505e-01 -6.647025043725666160e-01 0.000000000000000000e+00
2.892315069238218239e-01 -2.068293510939444302e-01 2.326344770742769796e-01 1.962107580321568179e+00 4.316766151503728111e-01 1.282136555473258444e+00 1.187238678695923921e+00 7.748328041418587331e-01 -4.729748795950370344e-01 9.564862897268637809e-01 -9.214298352966329153e-01 -6.725184826977858021e-01 0.000000000000000000e+00
2.890299597964435252e-01 -2.082159077680245107e-01 2.300837054870922826e-01 1.950652127688243809e+00 4.266218535378776266e-01 1.290640082448353265e+00 1.183114906905990749e+00 7.840229070105313447e-01 -4.785882905407061738e-01 9.628852000360516028e-01 -9.209097199357404451e-01 -6.809214217272582248e-01 0.000000000000000000e+00
2.887655586651625139e-01 -2.095569764978681138e-01 2.277142032813017358e-01 1.940020057389356900e+00 4.217008690112811209e-01 1.298447654264098139e+00 1.179068366787669797e+00 7.924913598028198169e-01 -4.836513592471103351e-01 9.686848990999715747e-01 -9.204822825807826847e-01 -6.886150943794153712e-01 0.000000000000000000e+00
2.883927556007815918e-01 -2.110750494767871521e-01 2.251322735832601563e-01 1.928451723921485339e+00 4.160930131181013181e-01 1.306856789440528743e+00 1.174425811217389315e+00 8.016441784162313677e-01 -4.890045793542785457e-01 9.748524472894588566e-01 -9.200744860388643254e-01 -6.968772187662499729e-01 0.000000000000000000e+00
2.879673277681259469e-01 -2.125358243774335409e-01 2.227361764829632884e-01 1.917737039195115401e+00 4.106602545109385716e-01 1.314570616094723254e+00 1.169901633157562459e+00 8.100682229973428239e-01 -4.938204401324961523e-01 9.804386939920091137e-01 -9.197475830150571019e-01 -7.044322738836684694e-01 0.000000000000000000e+00
2.874169428212278166e-01 -2.141814564638402640e-01 2.201279269760231250e-01 1.906102839565465779e+00 4.044974850247609055e-01 1.322871328711019867e+00 1.164743223284133711e+00 8.191615865394183960e-01 -4.988980230668411675e-01 9.863752795359592707e-01 -9.194449147571697178e-01 -7.125347417631529012e-01 0.000000000000000000e+00
2.868254993967751521e-01 -2.157569723117220839e-01 2.177100166252623481e-01 1.895350937295980032e+00 3.985549718608867309e-01 1.330478949451310955e+00 1.159747399395254064e+00 8.275204502528500372e-01 -5.034538927436398303e-01 9.917500712479572211e-01 -9.192109560554061476e-01 -7.199342682729107379e-01 0.000000000000000000e+00
2.860931373189533611e-01 -2.175233725002030105e-01 2.150808702829198338e-01 1.883701700219722497e+00 3.918435391778434251e-01 1.338658406051186800e+00 1.154083255230818894e+00 8.365320547494601300e-01 -5.082439208592834934e-01 9.974595557299508197e-01 -9.190042947548159313e-01 -7.278595027818502983e-01 0.000000000000000000e+00
2.853310845779733484e-01 -2.192076791007220027e-01 2.126462358440032729e-01 1.872958203973205116e+00 3.853961332853192978e-01 1.346148743508360113e+00 1.148622709731720537e+00 8.448043657274643126e-01 -5.125271494194851840e-01 1.002625355875404800e+00 -9.188548248386352313e-01 -7.350861235578348696e-01 0.000000000000000000e+00
2.844111701922279467e-01 -2.210887250519603109e-01 2.100018463343874264e-01 1.861342709304202536e+00 3.781400848008824589e-01 1.354195737819471113e+00 1.142457758124296063e+00 8.537099764126893087e-01 -5.170140432240506456e-01 1.008109403771123347e+00 -9.187351157476363328e-01 -7.428135517768086338e-01 0.000000000000000000e+00
2.834743587700360168e-01 -2.228748950177221189e-01 2.075558896876463499e-01 1.850653811646250091e+00 3.711952720399365191e-01 1.361559337810610337e+00 1.136540347340194490e+00 8.618736304182181840e-01 -5.210120472315049600e-01 1.013069341564313941e+00 -9.186608801322503348e-01 -7.498490907445800602e-01 0.000000000000000000e+00
2.823635320122289682e-01 -2.248617131169819428e-01 2.049023003529595599e-01 1.839122902155851058e+00 3.634069530026353689e-01 1.369464613422566535e+00 1.129886705672740410e+00 8.706496117373835331e-01 -5.251840888161958265e-01 1.018332879721773887e+00 -9.186170711323183857e-01 -7.573601371249850667e-01 0.000000000000000000e+00
2.812484251620954723e-01 -2.267418024288321010e-01 2.024507718772120823e-01 1.828535102643475518e+00 3.559752099044510842e-01 1.376693696815608714e+00 1.123521484351342137e+00 8.786816390060353532e-01 -5.288843514137790969e-01 1.023090617009200454e+00 -9.186078832265577310e-01 -7.641858189988580685e-01 0.000000000000000000e+00
2.799423056755631078e-01 -2.288261579644741694e-01 1.997943556527667919e-01 1.817138478706249671e+00 3.476646742396916068e-01 1.384449842532809782e+00 1.116386276579774517e+00 8.873018919804582794e-01 -5.327260278652456993e-01 1.028136641484628022e+00 -9.186288556201421818e-01 -7.714583793036464687e-01 0.000000000000000000e+00
2.786459125943684945e-01 -2.307914187294153874e-01 1.973432682200197963e-01 1.806698217230747971e+00 3.397587572728006933e-01 1.391538550846766586e+00 1.109582898680030905e+00 8.951786569575583830e-01 -5.361160321958347019e-01 1.032696306165979960e+00 -9.186737298845099042e-01 -7.780547630076638521e-01 0.000000000000000000e+00
2.771425744560560012e-01 -2.329624891409763643e-01 1.946906799992892678e-01 1.795486886511663549e+00 3.309440957002851569e-01 1.399140460816890030e+00 1.101980372716181655e+00 9.036180812939649254e-01 -5.396159585004169923e-01 1.037531008808909805e+00 -9.187465673403235611e-01 -7.850689966867144820e-01 0.000000000000000000e+00
2.756627366637258714e-01 -2.350032384680824926e-01 1.922463295159020646e-01 1.785240805175979162e+00 3.225797964145886709e-01 1.406085093541991293e+00 1.094749757198562046e+00 9.113151494765119320e-01 -5.426833874439702665e-01 1.041897461153176385e+00 -9.188333198128328938e-01 -7.914161085127002782e-01 0.000000000000000000e+00
2.739594121210355837e-01 -2.372508641121050810e-01 1.896046420940722954e-01 1.774265319593514079e+00 3.132769212598001118e-01 1.413529487195133827e+00 1.086689367264300987e+00 9.195456488254019067e-01 -5.458261172673455341e-01 1.046525036442325307e+00 -9.189448396834799526e-01 -7.981482468532844488e-01 0.000000000000000000e+00
2.722947919579451481e-01 -2.393566086938264115e-01 1.871736260982000410e-01 1.764260415382178593e+00 3.044724993544187797e-01 1.420328300213905104e+00 1.079043498353710717e+00 9.270376536040126902e-01 -5.485586537038211752e-01 1.050703735929741534e+00 -9.190604874538166325e-01 -8.042253807237634833e-01 0.000000000000000000e+00
2.703913290082407550e-01 -2.416683615545371644e-01 1.845499394060667320e-01 1.753571554362464369e+00 2.947047608472974645e-01 1.427614787311037858e+00 1.070541423152659988e+00 9.350328626705941559e-01 -5.513331349274659399e-01 1.055131640716161723e+00 -9.191958426162198936e-01 -8.106543847532693414e-01 0.000000000000000000e+00
2.685415094065127795e-01 -2.438279370392964218e-01 1.821390520350112674e-01 1.743854980464160320e+00 2.854809450236706070e-01 1.434268215486606213e+00 1.062493217180386029e+00 9.422938382246406341e-01 -5.537186614739042501e-01 1.059128579459180042e+00 -9.193264040886611754e-01 -8.164401022214663461e-01 0.000000000000000000e+00
2.664371991158955288e-01 -2.461919998944692989e-01 1.795410544545494591e-01 1.733504496664697747e+00 2.752700933588281274e-01 1.441398183927277366e+00 1.053561440937451188e+00 9.500234635515140136e-01 -5.561095143425229814e-01 1.063362539539215224e+00 -9.194699484714163873e-01 -8.225405387514836963e-01 0.000000000000000000e+00
2.644028020651632560e-01 -2.483935786506092369e-01 1.771573207479391343e-01 1.724123862692154674e+00 2.656501917141538271e-01 1.447908763576644331e+00 1.045125012657270647e+00 9.570265785330136499e-01 -5.581359801949914434e-01 1.067184308861533371e+00 -9.196004433648302667e-01 -8.280126690013239754e-01 0.000000000000000000e+00
2.620996870855417105e-01 -2.507962523089949380e-01 1.745925299547287091e-01 1.714162786721766807e+00 2.550246634350132879e-01 1.454886342313698844e+00 1.035781911183973003e+00 9.644628566658144386e-01 -5.601326186432511456e-01 1.071232979508726313e+00 -9.197353990530701129e-01 -8.337623672157776777e-01 0.000000000000000000e+00
2.598824080245964452e-01 -2.530275150809498941e-01 1.722431953289740858e-01 1.705166149179262014e+00 2.450341761473415758e-01 1.461258744786480213e+00 1.026972374035072688e+00 9.711803476204031726e-01 -5.617881061558716027e-01 1.074886969682369520e+00 -9.198498484009161036e-01 -8.388982733779956069e-01 0.000000000000000000e+00
2.573821955309432141e-01 -2.554557648045743812e-01 1.697197595189391672e-01 1.695647965632142373e+00 2.340212659891802716e-01 1.468090008118166034e+00 1.017232528138380498e+00 9.782909211518874271e-01 -5.633752170075043697e-01 1.078757541431663469e+00 -9.199581058992279958e-01 -8.442698692966854601e-01 0.000000000000000000e+00
2.549849041279748652e-01 -2.577040043765295718e-01 1.674122036597732732e-01 1.687084061677451174e+00 2.236881876188681062e-01 1.474331007733103771e+00 1.008066060824382104e+00 9.846943588349286181e-01 -5.646480082714804283e-01 1.082251608781847452e+00 -9.200393323124752554e-01 -8.490460489746608497e-01 0.000000000000000000e+00
2.522921270933648485e-01 -2.601433616936157378e-01 1.649379813335723755e-01 1.678060891918867092e+00 2.123209884082508658e-01 1.481024405913156317e+00 9.979500434237161821e-01 9.914499329931053540e-01 -5.658155380933711509e-01 1.085954068487330115e+00 -9.201021163351740251e-01 -8.540161733590211357e-01 0.000000000000000000e+00
2.497189606319420163e-01 -2.623955463817679856e-01 1.626797504339181910e-01 1.669979526872506170e+00 2.016756061664404243e-01 1.487142734687638246e+00 9.884441562287874516e-01 9.975099560535805043e-01 -5.666940483579612220e-01 1.089296868287597642e+00 -9.201320103184100763e-01 -8.584083917868342573e-01 0.000000000000000000e+00
2.468380297904060883e-01 -2.648322922685480418e-01 1.602632825790041016e-01 1.661507268520557190e+00 1.899866881672656049e-01 1.493708661820391637e+00 9.779692112922059311e-01 1.003875976323306052e+00 -5.674268171318963550e-01 1.092839871222811787e+00 -9.201286813670475073e-01 -8.629478830229289077e-01 0.000000000000000000e+00
2.440943856346086960e-01 -2.670752628241464532e-01 1.580620359071505665e-01 1.653959202437389031e+00 1.790615242782593874e-01 1.499715029933005983e+00 9.681424797649498259e-01 1.009562357882843209e+00 -5.678995948044127662e-01 1.096040724536977873e+00 -9.200879350023692949e-01 -8.669313062234149658e-01 0.000000000000000000e+00
2.410325637526660458e-01 -2.694946984020093472e-01 1.557112832966238425e-01 1.646091658119605228e+00 1.670885798501009489e-01 1.506166232955455708e+00 9.573315104778276075e-01 1.015508264490608603e+00 -5.681880817294955310e-01 1.099435655715583771e+00 -9.199975206833610475e-01 -8.710155300711603932e-01 0.000000000000000000e+00
2.381251126252747485e-01 -2.717153238581249131e-01 1.535747566158346400e-01 1.639128909213670937e+00 1.559182033514661114e-01 1.512073106487035190e+00 9.472035754312835287e-01 1.020789978722508096e+00 -5.682438083753054148e-01 1.102504482818709386e+00 -9.198658273674565899e-01 -8.745645251188272074e-01 0.000000000000000000e+00
2.348897064784462585e-01 -2.741036344400166191e-01 1.512985657129767014e-01 1.631925634763288890e+00 1.436988803667942349e-01 1.518423971492484315e+00 9.360765555017962480e-01 1.026278886887216135e+00 -5.680730997494314316e-01 1.105761728568958047e+00 -9.196649584422373902e-01 -8.781623891724971154e-01 0.000000000000000000e+00
2.318265290784383981e-01 -2.762888720481606608e-01 1.492346059591703744e-01 1.625602016022420493e+00 1.323203325247730433e-01 1.524245450009030556e+00 9.256684559085758268e-01 1.031123975858397213e+00 -5.677007898290382659e-01 1.108709182105403146e+00 -9.194207465702771698e-01 -8.812505241935256750e-01 0.000000000000000000e+00
2.284276248393466158e-01 -2.786317393611370541e-01 1.470410268195299630e-01 1.619119337645603451e+00 1.198967463601952055e-01 1.530512177454279588e+00 9.142506853670790967e-01 1.036123794488911898e+00 -5.670618974835281989e-01 1.111841392442472598e+00 -9.190863201163903540e-01 -8.843362623695733005e-01 0.000000000000000000e+00
2.252180752151928533e-01 -2.807688488635813329e-01 1.450574425981442095e-01 1.613490063221433957e+00 1.083490131952906665e-01 1.536264111882245542e+00 9.035845254642299595e-01 1.040499567896993938e+00 -5.662506320364628642e-01 1.114678924004924854e+00 -9.187069528191086354e-01 -8.869365062788994170e-01 0.000000000000000000e+00
2.216659654101768850e-01 -2.830529522789709818e-01 1.429554908729788743e-01 1.607792036949457604e+00 9.576407302860090454e-02 1.542464514667840847e+00 8.918989074960985697e-01 1.044971148525291493e+00 -5.651289085853214988e-01 1.117698083153720212e+00 -9.182128032788443583e-01 -8.894768956427259177e-01 0.000000000000000000e+00
2.183208085519783015e-01 -2.851295592287504954e-01 1.410602109779419411e-01 1.602914584683089672e+00 8.408868280456083255e-02 1.548163957845843264e+00 8.809982562592679756e-01 1.048843784224430031e+00 -5.638680349672235970e-01 1.120437810125139322e+00 -9.176743786854577589e-01 -8.915613518279310590e-01 0.000000000000000000e+00
2.146283378835920352e-01 -2.873415734109699415e-01 1.390578773502363918e-01 1.598061096560360994e+00 7.138883749827762415e-02 1.554317325277857265e+00 8.690724211608114036e-01 1.052753504441748200e+00 -5.622550248739897061e-01 1.123358099418465761e+00 -9.169950728704058251e-01 -8.935292947154449550e-01 0.000000000000000000e+00
2.111595411871355077e-01 -2.893459159557718041e-01 1.372587462652539170e-01 1.593994787984849282e+00 5.962928409644696615e-02 1.559982733743050076e+00 8.579617796720280243e-01 1.056088514495827191e+00 -5.605340901775806017e-01 1.126012871551111294e+00 -9.162724906876399400e-01 -8.950693341948107173e-01 0.000000000000000000e+00
2.073399597179049203e-01 -2.914735787339830519e-01 1.353651504264856142e-01 1.590055002015096974e+00 4.686291072360981858e-02 1.566109569726152895e+00 8.458217598429018658e-01 1.059394895568187778e+00 -5.584156121094496772e-01 1.128848072847609574e+00 -9.153790001419183087e-01 -8.964298100376775214e-01 0.000000000000000000e+00
2.037608258643235914e-01 -2.933945037287023494e-01 1.336700362174506884e-01 1.586861452776951786e+00 3.506536177163344092e-02 1.571760288424969509e+00 8.345271605018212968e-01 1.062156793355681916e+00 -5.562243631645324982e-01 1.131431339104986389e+00 -9.144459616540091540e-01 -8.973959383021311575e-01 0.000000000000000000e+00
1.998295940737427612e-01 -2.954260050014728134e-01 1.318930278073348616e-01 1.583899384580187863e+00 2.228353523366877198e-02 1.577882094206340735e+00 8.222030496623433660e-01 1.064824681556695962e+00 -5.535925607962890460e-01 1.134197165055088163e+00 -9.133105229232537647e-01 -8.981205178557143398e-01 0.000000000000000000e+00
