-2.087528417560087224e-01 -1.459022620407481319e-01 1.004045536151434576e-01 2.357193794044452062e+00 -3.698845926122462657e-03 3.137132157613711669e+00 -7.853862457515701223e-01 6.970922024452466115e-01 -4.742157795049495306e-03 7.029195234830978899e-04 8.726768765381791582e-01 5.692028293285997069e-04 0.000000000000000000e+00
-2.100156834069047129e-01 -1.473046247441262002e-01 1.021381378007889529e-01 2.358940298984332440e+00 -1.067172640554847618e-02 3.128783889639206173e+00 -7.853886425965512785e-01 6.949048150839099991e-01 -1.328051856595258151e-02 1.971761038682359225e-03 8.725698840413852464e-01 1.568647785175069547e-03 0.000000000000000000e+00
-2.111599001650690532e-01 -1.485641934432579137e-01 1.037913217076782690e-01 2.360428476154343258e+00 -1.722711269064802764e-02 3.120998297210009653e+00 -7.854170718411879193e-01 6.925770125540989808e-01 -2.084336342955950272e-02 3.106356868549659065e-03 8.723218105858443483e-01 2.426743645645307486e-03 0.000000000000000000e+00
-2.123743513909238934e-01 -1.498928253452785353e-01 1.056382346273085915e-01 2.361906277365574791e+00 -2.445226194562355460e-02 3.112481228725032079e+00 -7.854655413730272651e-01 6.897294941375590183e-01 -2.869689232614880403e-02 4.297240584620655619e-03 8.718947727050500029e-01 3.297920334413120651e-03 0.000000000000000000e+00
-2.134706559874821608e-01 -1.510879721080520266e-01 1.073932272378483321e-01 2.363146725197745823e+00 -3.123004984188071376e-02 3.104546029414687158e+00 -7.855172732772019994e-01 6.868100037925596313e-01 -3.564001960409424186e-02 5.362666006659651437e-03 8.713582123244263400e-01 4.058352434097295749e-03 0.000000000000000000e+00
-2.146297665619792683e-01 -1.523507659685099935e-01 1.093473924177668782e-01 2.364356540417908992e+00 -3.868471128062189734e-02 3.095872316037822092e+00 -7.855709359731671837e-01 6.833403709453772512e-01 -4.283601402754300125e-02 6.481560369291467991e-03 8.706259096036818024e-01 4.845407822303856443e-03 0.000000000000000000e+00
-2.156715941257379976e-01 -1.534885280032649568e-01 1.111988718548742178e-01 2.365349235682060680e+00 -4.566451007054261879e-02 3.087796023909325172e+00 -7.856094186509188226e-01 6.798603517699434162e-01 -4.918112848271127824e-02 7.482795546755472912e-03 8.698125802067716572e-01 5.547205905296679132e-03 0.000000000000000000e+00
-2.167679333814443721e-01 -1.546927809023314337e-01 1.132546916996616526e-01 2.366290384873695807e+00 -5.332635664919127549e-02 3.078972831076153049e+00 -7.856295920961762214e-01 6.757983653173000871e-01 -5.573876319286785730e-02 8.534572008133487625e-03 8.687860647646006296e-01 6.290964379917761765e-03 0.000000000000000000e+00
-2.177486375267264351e-01 -1.557800420201230218e-01 1.151969881805013640e-01 2.367035699486908840e+00 -6.048515847518043387e-02 3.070761546204034076e+00 -7.856202710323608729e-01 6.717885768220221987e-01 -6.150730327203390857e-02 9.476421814180627928e-03 8.677079505763092282e-01 6.971200740905300099e-03 0.000000000000000000e+00
-2.187753199319214803e-01 -1.569333276358332863e-01 1.173478241199764627e-01 2.367709531561488667e+00 -6.832699466665914656e-02 3.061794743423241538e+00 -7.855710025521943640e-01 6.671709218079339143e-01 -6.745374251201741167e-02 1.046657262390447880e-02 8.664018697987071471e-01 7.710795945728532268e-03 0.000000000000000000e+00
-2.196883238004332661e-01 -1.579768335303185500e-01 1.193749826163536532e-01 2.368208062464365771e+00 -7.563969118050017926e-02 3.053451895440387087e+00 -7.854813206024860994e-01 6.626617240292389521e-01 -7.266701350390203373e-02 1.135364037409084849e-02 8.650708218858855769e-01 8.404387123315246177e-03 0.000000000000000000e+00
-2.206380536425317784e-01 -1.590863230852558319e-01 1.216146582983406998e-01 2.368614641925777420e+00 -8.363468503992788072e-02 3.044342638748199548e+00 -7.853277893656428477e-01 6.575176286466691833e-01 -7.802196466577893119e-02 1.228669446645962171e-02 8.634962278913762557e-01 9.176702799140925432e-03 0.000000000000000000e+00
-2.214769424079403026e-01 -1.600927046379991836e-01 1.237205554024706777e-01 2.368867359541298789e+00 -9.107435338187208629e-02 3.035868910327331527e+00 -7.851270535984781196e-01 6.525388489887660182e-01 -8.270140501715705916e-02 1.312341286758398132e-02 8.619240973208751599e-01 9.916672510992449383e-03 0.000000000000000000e+00
-2.223431579777800093e-01 -1.611654985211116720e-01 1.260419676919175558e-01 2.369008667113169153e+00 -9.919099728801494820e-02 3.026617745616637212e+00 -7.848378343040957050e-01 6.469036667011855979e-01 -8.749136655377376393e-02 1.400440216064170566e-02 8.600955709164267438e-01 1.075605615380149059e-02 0.000000000000000000e+00
-2.231017687850536391e-01 -1.621411896121461582e-01 1.282202839863976207e-01 2.369016920004911597e+00 -1.067288924918097237e-01 3.018011488031861589e+00 -7.844973491587290404e-01 6.414848662521740463e-01 -9.165854786947513766e-02 1.479500938390756505e-02 8.582942087550972099e-01 1.157336468788729665e-02 0.000000000000000000e+00
-2.238775795676093971e-01 -1.631841126664131669e-01 1.306167810306320953e-01 2.368893999344447110e+00 -1.149359894783623659e-01 3.008614687023748679e+00 -7.840414159801074589e-01 6.353872926203286697e-01 -9.590336033095248069e-02 1.562812731607381503e-02 8.562230017963152751e-01 1.251287382500760811e-02 0.000000000000000000e+00
-2.245500004764520441e-01 -1.641353211712260896e-01 1.328610612001769886e-01 2.368659589584130032e+00 -1.225416933739875702e-01 2.999872062396858663e+00 -7.835342835295290298e-01 6.295574332570634812e-01 -9.957958789969789670e-02 1.637669508511655284e-02 8.542041259529535857e-01 1.343665470723694189e-02 0.000000000000000000e+00
-2.252295640982357461e-01 -1.651549271768380511e-01 1.353253380041236076e-01 2.368275311837736652e+00 -1.308046871396952859e-01 2.990325171673723581e+00 -7.828846719606314952e-01 6.230314901638788205e-01 -1.033056165808277083e-01 1.716653040778520767e-02 8.519044197726428624e-01 1.450606888920157739e-02 0.000000000000000000e+00
-2.258102080682742596e-01 -1.660875510470895544e-01 1.376289755131175629e-01 2.367800565042444294e+00 -1.384460303262846637e-01 2.981440760833701020e+00 -7.821859250696219235e-01 6.168192008680781768e-01 -1.065120625332831583e-01 1.787694111213145379e-02 8.496798813140996609e-01 1.556348324180134406e-02 0.000000000000000000e+00
-2.263872539725233501e-01 -1.670901839088706764e-01 1.401540623434818778e-01 2.367157016704426464e+00 -1.467299615418617975e-01 2.971736225673547338e+00 -7.813151379721933187e-01 6.098929846630546381e-01 -1.097391479841867135e-01 1.862735748947773329e-02 8.471630609259203082e-01 1.679215653754731821e-02 0.000000000000000000e+00
-2.268708945145605782e-01 -1.680098640983843095e-01 1.425103942864731632e-01 2.366444763890971803e+00 -1.543734329048929155e-01 2.962702941222725261e+00 -7.804014739812142887e-01 6.033264283632462366e-01 -1.124969844510184114e-01 1.930333435316709811e-02 8.447446443400192795e-01 1.800860321911684769e-02 0.000000000000000000e+00
-2.273404514582439140e-01 -1.690013380673215659e-01 1.450889007752574345e-01 2.365545995819541503e+00 -1.626410838367378098e-01 2.952832865576978438e+00 -7.792868079069616982e-01 5.960326293487645533e-01 -1.152510924923237923e-01 2.001849297439425163e-02 8.420246247606668621e-01 1.942196985735172160e-02 0.000000000000000000e+00
-2.277222941383816590e-01 -1.699133881422087988e-01 1.474912521135832988e-01 2.364599642747593933e+00 -1.702520933647679868e-01 2.943642305956970073e+00 -7.781367217902108724e-01 5.891395029202851630e-01 -1.175814916041972857e-01 2.066357300824948895e-02 8.394239813771773306e-01 2.082096582867317552e-02 0.000000000000000000e+00
-2.280789200765423741e-01 -1.708993966463383807e-01 1.501160492597237717e-01 2.363449236845633017e+00 -1.784654444106497095e-01 2.933596676982189067e+00 -7.767542082893235111e-01 5.815056848136275214e-01 -1.198825959440805722e-01 2.134701920655868515e-02 8.365122807783663683e-01 2.244479293324076405e-02 0.000000000000000000e+00
-2.283546127115709257e-01 -1.718087712214793616e-01 1.525577633011596101e-01 2.362273002142651013e+00 -1.860083816130115864e-01 2.924239504065968998e+00 -7.753479260757072389e-01 5.743132190786232050e-01 -1.218067298316627411e-01 2.196458337680744222e-02 8.337409953480299230e-01 2.404816155109057788e-02 0.000000000000000000e+00
-2.285942595426631030e-01 -1.727942544412498782e-01 1.552214948064319366e-01 2.360876452893914568e+00 -1.941279653183389797e-01 2.914008764413731800e+00 -7.736787232834728689e-01 5.663706740225982195e-01 -1.236801305004791018e-01 2.262006638367080810e-02 8.306513955884017308e-01 2.590375441071151447e-02 0.000000000000000000e+00
-2.287598712480963248e-01 -1.737054563090507930e-01 1.576958740491596345e-01 2.359475468857519687e+00 -2.015660442417797071e-01 2.904475550388391447e+00 -7.719982020566056313e-01 5.589057003290516246e-01 -1.252187718202721900e-01 2.321332088659418258e-02 8.277210528619604046e-01 2.773152555931953159e-02 0.000000000000000000e+00
-2.288780799186690695e-01 -1.746953355431681842e-01 1.603914419293641647e-01 2.357838378935317891e+00 -2.095517643022533072e-01 2.894048617110156485e+00 -7.700218036326305082e-01 5.506814261192097826e-01 -1.266847088423064260e-01 2.384406770423883395e-02 8.244649389551749197e-01 2.984119230931243233e-02 0.000000000000000000e+00
-2.289301267592494527e-01 -1.756124716430981503e-01 1.628918678258984287e-01 2.356218773746103778e+00 -2.168473833320310185e-01 2.884329914410990625e+00 -7.680505317937538212e-01 5.429703097619126284e-01 -1.278586302508131212e-01 2.441606685271201574e-02 8.213871902623974819e-01 3.191176884793001794e-02 0.000000000000000000e+00
-2.289238943380342284e-01 -1.766107006531086598e-01 1.656121367064721794e-01 2.354348779275201586e+00 -2.246585492541730567e-01 2.873697079890952022e+00 -7.657518908778793154e-01 5.344941670919765020e-01 -1.289418710242029587e-01 2.502543348023037253e-02 8.179779445929327153e-01 3.429290117856986092e-02 0.000000000000000000e+00
-2.288594032914554877e-01 -1.775374416524186094e-01 1.681321375975138865e-01 2.352517831148837502e+00 -2.317738188875262395e-01 2.863783643699654657e+00 -7.634750213039159794e-01 5.265627407335025101e-01 -1.297718451779261706e-01 2.557905889777661174e-02 8.147641749474795470e-01 3.662298404006425478e-02 0.000000000000000000e+00
-2.287252000431109766e-01 -1.785480013023077184e-01 1.708700664830381521e-01 2.350423283204468028e+00 -2.393683542069724446e-01 2.852935281493679476e+00 -7.608368273490563327e-01 5.178611614772912208e-01 -1.304923634108470232e-01 2.616996857058396034e-02 8.112133822660769766e-01 3.929454657114485328e-02 0.000000000000000000e+00
-2.285416367278381711e-01 -1.794875302954075103e-01 1.734032312744633320e-01 2.348389780617209599e+00 -2.462646884809185366e-01 2.842819052122853130e+00 -7.582410442345560719e-01 5.097348915955643989e-01 -1.309988966501802743e-01 2.670795623910438357e-02 8.078750432606351950e-01 4.189927624243206666e-02 0.000000000000000000e+00
-2.282775435497105265e-01 -1.805133293175739950e-01 1.761520731998362232e-01 2.346081262955582503e+00 -2.536015397965822871e-01 2.831747176274692634e+00 -7.552518456480238340e-01 5.008363715767416569e-01 -1.313811934246611468e-01 2.728338420748104703e-02 8.041957530566362644e-01 4.487496760881051067e-02 0.000000000000000000e+00
-2.279728545652482119e-01 -1.814683248178929620e-01 1.786921314467826982e-01 2.343855652312922366e+00 -2.602402090890221231e-01 2.821421518909801751e+00 -7.523254310841901438e-01 4.925402253069813829e-01 -1.315845257738885721e-01 2.780830366130867051e-02 8.007440965468118899e-01 4.776786795480111869e-02 0.000000000000000000e+00
-2.275763372687685804e-01 -1.825123293374402433e-01 1.814451090391835386e-01 2.341345259022672209e+00 -2.672765285446656591e-01 2.810119666524671267e+00 -7.489711131122080978e-01 4.834704640300666600e-01 -1.316484416400505175e-01 2.837087355504729069e-02 7.969478935709584100e-01 5.106344657999010300e-02 0.000000000000000000e+00
-2.271489097427141224e-01 -1.834850201496855682e-01 1.839859973867153387e-01 2.338939759513372518e+00 -2.736187512538288402e-01 2.799579748717032857e+00 -7.457036807707899673e-01 4.750289091647879602e-01 -1.315688131234571401e-01 2.888515284808220937e-02 7.933942379913839771e-01 5.425655175985989731e-02 0.000000000000000000e+00
-2.266190422303137053e-01 -1.845490101707630282e-01 1.867367350347860500e-01 2.336242054813387092e+00 -2.803135816104260769e-01 2.788044158474815237e+00 -7.419761207720333429e-01 4.658151374519272636e-01 -1.313380502150016671e-01 2.943747581340783528e-02 7.894938388378810457e-01 5.788222504097500359e-02 0.000000000000000000e+00
-2.260677683756427414e-01 -1.855411194620979476e-01 1.892726309745415003e-01 2.333671041737103380e+00 -2.863210519616261607e-01 2.777287330895444661e+00 -7.383588822214331993e-01 4.572521757304545686e-01 -1.309957008568722880e-01 2.994338695495502023e-02 7.858493028861076590e-01 6.138604205746218262e-02 0.000000000000000000e+00
-2.254030002246491249e-01 -1.866270538471811735e-01 1.920147527905559648e-01 2.330802769012754183e+00 -2.926318944485508666e-01 2.765516544435013824e+00 -7.342469614983507809e-01 4.479193940063808665e-01 -1.304900997239204496e-01 3.048779325782145777e-02 7.818561591476428374e-01 6.535448497681649316e-02 0.000000000000000000e+00
-2.247271627681719230e-01 -1.876397890601650409e-01 1.945399640273128283e-01 2.328083033799155377e+00 -2.982664738776499291e-01 2.754543252192233727e+00 -7.302724598875166562e-01 4.392585944043614909e-01 -1.299047369163213173e-01 3.098746677675297614e-02 7.781317949421944213e-01 6.917810186714096199e-02 0.000000000000000000e+00
-2.239275288406373521e-01 -1.887483182936429693e-01 1.972676287028184705e-01 2.325063784706812520e+00 -3.041536386308836271e-01 2.742539563872345987e+00 -7.257712515920918817e-01 4.298326353316486159e-01 -1.291473339023025968e-01 3.152622426527600802e-02 7.740584234758908222e-01 7.349624696594710127e-02 0.000000000000000000e+00
-2.231268489788502396e-01 -1.897823986413352537e-01 1.997767313358272956e-01 2.322214643646567822e+00 -3.093780437907733827e-01 2.731353403710973460e+00 -7.214334282295435941e-01 4.210970341925115989e-01 -1.283385318792453766e-01 3.202163880705799492e-02 7.702652165562637876e-01 7.764730783467520270e-02 0.000000000000000000e+00
-2.221917222499167621e-01 -1.909144747436919420e-01 2.024840444259864425e-01 2.319066782486768563e+00 -3.148004941145634561e-01 2.719122266792509457e+00 -7.165346765623973324e-01 4.116021658265929806e-01 -1.273490343762264665e-01 3.255679062513641003e-02 7.661229357967545006e-01 8.232488397329039420e-02 0.000000000000000000e+00
-2.212663380431977300e-01 -1.919701815534282652e-01 2.049719027898262991e-01 2.316110213570472087e+00 -3.195785669247679373e-01 2.707730193834731569e+00 -7.118287377581729025e-01 4.028143667300903563e-01 -1.263363673717239344e-01 3.304979375777511441e-02 7.622717385443908977e-01 8.680968886087585268e-02 0.000000000000000000e+00
-2.201966359115766214e-01 -1.931253672672151034e-01 2.076535718169526534e-01 2.312859188355868234e+00 -3.244990663000439923e-01 2.695281660792216982e+00 -7.065305119275147039e-01 3.932750901529946663e-01 -1.251368796167522390e-01 3.358327693898302546e-02 7.580726658746357316e-01 9.185054513931305287e-02 0.000000000000000000e+00
-2.191470989142501602e-01 -1.942024712086944660e-01 2.101152899023918941e-01 2.309820173683453159e+00 -3.287960472840349979e-01 2.683694634413227309e+00 -7.014531287302513407e-01 3.844571973361742279e-01 -1.239395223906525345e-01 3.407556850826798378e-02 7.541741975129231390e-01 9.667402921615095290e-02 0.000000000000000000e+00
-2.179430474582965960e-01 -1.953807940892541284e-01 2.127660176413630477e-01 2.306494498114454395e+00 -3.331764158231704798e-01 2.671042329396664972e+00 -6.957498360977921736e-01 3.748970149445213229e-01 -1.225497517757947463e-01 3.460915155801676940e-02 7.499295847885276700e-01 1.020850815308659704e-01 0.000000000000000000e+00
-2.167702487902292974e-01 -1.964786446758464145e-01 2.151969811261218446e-01 2.303400875366416578e+00 -3.369591336146284810e-01 2.659275377175307931e+00 -6.902988113995908170e-01 3.660706000122125880e-01 -1.211866127718379538e-01 3.510230241287219666e-02 7.459945645408538883e-01 1.072509149658335409e-01 0.000000000000000000e+00
-2.154335862692502990e-01 -1.976787294666735861e-01 2.178121692504642604e-01 2.300032034789508462e+00 -3.407661918445086258e-01 2.646437755851909657e+00 -6.841912509136575116e-01 3.565127145969999578e-01 -1.196281309019233685e-01 3.563760195316732771e-02 7.417161296706143991e-01 1.130331536798567793e-01 0.000000000000000000e+00
-2.141387966581724811e-01 -1.987962735156552641e-01 2.202080817859919937e-01 2.296914458014968297e+00 -3.440036908546213468e-01 2.634509898947906326e+00 -6.783656526081364158e-01 3.476988831008418490e-01 -1.181179854057938794e-01 3.613304562327373376e-02 7.377550770232850219e-01 1.185437249955567096e-01 0.000000000000000000e+00
-2.126705244393606031e-01 -2.000171980625546353e-01 2.227829659754360092e-01 2.293537557104885938e+00 -3.472034163239960947e-01 2.621509964553821348e+00 -6.718510279495846227e-01 3.381659315313350622e-01 -1.164098338826169421e-01 3.667156176282297675e-02 7.334540052837797974e-01 1.247013861994970413e-01 0.000000000000000000e+00
-2.112553302269520594e-01 -2.011530301061298931e-01 2.251398168073898698e-01 2.290429328094987227e+00 -3.498670923413786937e-01 2.609444288450434968e+00 -6.656509891947983704e-01 3.293853562592893303e-01 -1.147711908638913147e-01 3.717060070040099917e-02 7.294772399860189882e-01 1.305578771736630450e-01 0.000000000000000000e+00
-2.096578902439551750e-01 -2.023925806002052075e-01 2.276704556006587943e-01 2.287081582454668638e+00 -3.524316865484369288e-01 2.596309276532061894e+00 -6.587326293149905476e-01 3.198992097459407158e-01 -1.129340091859003525e-01 3.771365669737098553e-02 7.251647832328536047e-01 1.370892797470823765e-01 0.000000000000000000e+00
-2.081242206265207784e-01 -2.035448972987862204e-01 2.299845642771594645e-01 2.284018657527255414e+00 -3.544957941508179999e-01 2.584132905030458893e+00 -6.521596148495387713e-01 3.111719642747238224e-01 -1.111851112980450917e-01 3.821746851896513225e-02 7.211826250338854161e-01 1.432916987020928512e-01 0.000000000000000000e+00
-2.063993117577844205e-01 -2.048014547762731508e-01 2.324668861740228909e-01 2.280740530325024551e+00 -3.563971348884327206e-01 2.570894313789811036e+00 -6.448371202743113928e-01 3.017544940279855981e-01 -1.092379410670338835e-01 3.876630024654922901e-02 7.168699019646110893e-01 1.501985404101861266e-01 0.000000000000000000e+00
-2.047493490944864991e-01 -2.059681683324270096e-01 2.347348466488378971e-01 2.277760876534937751e+00 -3.578388724577479252e-01 2.558638108947870915e+00 -6.378935269431750266e-01 2.931001858811232430e-01 -1.073966314893528562e-01 3.927593773302791996e-02 7.128924708765776996e-01 1.567457388578209765e-01 0.000000000000000000e+00
-2.029000442348730671e-01 -2.072388345605924165e-01 2.371656446642669280e-01 2.274593995709479621e+00 -3.590561307303308247e-01 2.545330819494650232e+00 -6.301726234688718176e-01 2.837718649518754521e-01 -1.053593132554422329e-01 3.983157716614853239e-02 7.085902007145820081e-01 1.640238918008985192e-01 0.000000000000000000e+00
-2.011362771043445630e-01 -2.084175644648179615e-01 2.393843930826406174e-01 2.271737339803605593e+00 -3.598562150729991416e-01 2.533028924187514797e+00 -6.228620465395225958e-01 2.752096023101889277e-01 -1.034433020091847233e-01 4.034796826270409947e-02 7.046275501705985267e-01 1.709136393437448165e-01 0.000000000000000000e+00
-1.991648609730301278e-01 -2.097001100019157960e-01 2.417601694639667231e-01 2.268725969637136686e+00 -3.603683243869935104e-01 2.519692013776865025e+00 -6.147446649579337841e-01 2.659914863157999410e-01 -1.013342115838964386e-01 4.091140160320239777e-02 7.003466518763507009e-01 1.785623711525068935e-01 0.000000000000000000e+00
-1.972900278431354570e-01 -2.108882521058002002e-01 2.439269639363711994e-01 2.266033089735740802e+00 -3.605111647799725816e-01 2.507381259009511698e+00 -6.070716983832519231e-01 2.575398780174062430e-01 -9.936094237420234343e-02 4.143535774172946856e-02 6.964085689934232937e-01 1.857913721287156872e-01 0.000000000000000000e+00
-1.952001119854570588e-01 -2.121792436971079721e-01 2.462452187008946358e-01 2.263221185323020634e+00 -3.603053374893168126e-01 2.494055561378926811e+00 -5.985658281776479184e-01 2.484510917834542587e-01 -9.719912135933039821e-02 4.200734648722963954e-02 6.921594288951745666e-01 1.938043078613029269e-01 0.000000000000000000e+00
-1.932171536267588141e-01 -2.133739877708147326e-01 2.483575785016344240e-01 2.260733323750559798e+00 -3.597790838277878933e-01 2.481775169594328201e+00 -5.905359980168954914e-01 2.401281973894954236e-01 -9.518550525912150562e-02 4.253955842513595931e-02 6.882555676322547056e-01 2.013682512788595724e-01 0.000000000000000000e+00
-1.910115218075134902e-01 -2.146707791082212435e-01 2.506154593881184667e-01 2.258166218201062669e+00 -3.588424608487841283e-01 2.468504763905858823e+00 -5.816457005079385123e-01 2.311889143612378128e-01 -9.298892999202434950e-02 4.312085158969460041e-02 6.840489715324200581e-01 2.097423948790456127e-01 0.000000000000000000e+00
-1.889236007435028952e-01 -2.158691538521088638e-01 2.526712322846220160e-01 2.255924389207814684e+00 -3.576393152088712668e-01 2.456295492994835961e+00 -5.732655315057860745e-01 2.230123107349083755e-01 -9.095174491616830892e-02 4.366189773227941578e-02 6.801889192694319242e-01 2.176359710605268449e-01 0.000000000000000000e+00
-1.866062952373546135e-01 -2.171679726328696880e-01 2.548669127984299343e-01 2.253645291740683732e+00 -3.559679124599188782e-01 2.443124284785421541e+00 -5.640007935475639389e-01 2.142403075126213252e-01 -8.873852489225764195e-02 4.425299465860091375e-02 6.760346542850174112e-01 2.263628669918507086e-01 0.000000000000000000e+00
-1.844167584503811075e-01 -2.183668752029847837e-01 2.568641984180517479e-01 2.251689562782769549e+00 -3.540841592717436370e-01 2.431027822420171347e+00 -5.552777425550639023e-01 2.062270388848978231e-01 -8.669401612340399410e-02 4.480334105905498659e-02 6.722277320857763527e-01 2.345798507982084224e-01 0.000000000000000000e+00
-1.819910142889653026e-01 -2.196647954996675811e-01 2.589954728229886260e-01 2.249741810905801387e+00 -3.516740517475120953e-01 2.418001821437076426e+00 -5.456447892866247429e-01 1.976415568074572082e-01 -8.448172820587518395e-02 4.540475357341133833e-02 6.681363177030875677e-01 2.436544057650852912e-01 0.000000000000000000e+00
-1.797033652450304719e-01 -2.208610530980112951e-01 2.609326796130345127e-01 2.248110425340864360e+00 -3.491100474786179575e-01 2.406059989060298498e+00 -5.365871453926698287e-01 1.898081847113685661e-01 -8.244600786861844277e-02 4.596475809400615842e-02 6.643918466314089333e-01 2.521876233061331463e-01 0.000000000000000000e+00
-1.771735197941495255e-01 -2.221541351876877290e-01 2.629983062786477310e-01 2.246533284829256516e+00 -3.459659925686593418e-01 2.393223347017672697e+00 -5.265976614332962269e-01 1.814256687985056071e-01 -8.025169628844786018e-02 4.657675251250636278e-02 6.603726704932886271e-01 2.615995009145821726e-01 0.000000000000000000e+00
-1.747914013632319297e-01 -2.233445242429238919e-01 2.648741122335886433e-01 2.245261967333503250e+00 -3.427262149491641097e-01 2.381477222503879609e+00 -5.172145459646200205e-01 1.737881222663218705e-01 -7.824034387516531908e-02 4.714666482459411306e-02 6.566995721388241281e-01 2.704409627070498701e-01 0.000000000000000000e+00
-1.721610342302553609e-01 -2.246297216716673373e-01 2.668724210964235066e-01 2.244093578023955260e+00 -3.388530536189207076e-01 2.368874997838076091e+00 -5.068767205346641491e-01 1.656269150400444812e-01 -7.608091970527453007e-02 4.776952410810401256e-02 6.527628208364416595e-01 2.801831222249391851e-01 0.000000000000000000e+00
-1.696882351724322280e-01 -2.258109956874172486e-01 2.686857390029309123e-01 2.243214960149400916e+00 -3.349459170860855650e-01 2.357364593440050005e+00 -4.971781536348680031e-01 1.582007236298721420e-01 -7.410924839223453908e-02 4.834949401449601530e-02 6.491699502098157160e-01 2.893239566134453988e-01 0.000000000000000000e+00
-1.669619178435278462e-01 -2.270843440949444902e-01 2.706160692443902449e-01 2.242487587726504472e+00 -3.303569032491169288e-01 2.345038056380431168e+00 -4.865053025397800823e-01 1.502758885950961076e-01 -7.200082375721872374e-02 4.898325145252921398e-02 6.453246119118503099e-01 2.993843472368423186e-01 0.000000000000000000e+00
-1.644022973617237093e-01 -2.282532965927519530e-01 2.723661075382571850e-01 2.242030432388537164e+00 -3.257945407562896634e-01 2.333801313697408730e+00 -4.765019368532244504e-01 1.430759327195260111e-01 -7.008388040457957935e-02 4.957332888749591687e-02 6.418206908656330922e-01 3.088150001309764581e-01 0.000000000000000000e+00
-1.615838563855424292e-01 -2.295117845824258263e-01 2.742272827385271450e-01 2.241774097135524002e+00 -3.205026539822908305e-01 2.321791779941682510e+00 -4.655040136575787080e-01 1.354048719694992964e-01 -6.804270058708850044e-02 5.021805105907967831e-02 6.380766192681179838e-01 3.191847502044997120e-01 0.000000000000000000e+00
-1.589413664855054142e-01 -2.306652374936637440e-01 2.759133828617137407e-01 2.241762881578094557e+00 -3.153006746641731084e-01 2.310864622817959457e+00 -4.552073007769508739e-01 1.284455909550666908e-01 -6.619486626473691793e-02 5.081818192716142796e-02 6.346701033387703861e-01 3.288947686969830864e-01 0.000000000000000000e+00
-1.560355182881712210e-01 -2.319050256423584311e-01 2.777052673348539558e-01 2.242000492504192088e+00 -3.093267510554484900e-01 2.299207949568774723e+00 -4.438990527352836279e-01 1.210419948022680159e-01 -6.423611128298367667e-02 5.147369822353840829e-02 6.310357539781664693e-01 3.395603959676141703e-01 0.000000000000000000e+00
-1.533141801976678209e-01 -2.330398833773621448e-01 2.793270265356230797e-01 2.242455048937539885e+00 -3.035040718904777890e-01 2.288623334118116581e+00 -4.333211433330570461e-01 1.143372287642629298e-01 -6.247150074469742798e-02 5.208373688311308813e-02 6.277348989650677336e-01 3.495387612294367230e-01 0.000000000000000000e+00
-1.503249187958200228e-01 -2.342581164961944629e-01 2.810488882316057313e-01 2.243206434772602620e+00 -2.968681850372325570e-01 2.277355067903528596e+00 -4.217141551961102186e-01 1.072175089389098696e-01 -6.061075009105887368e-02 5.274990166266119163e-02 6.242197926422721199e-01 3.604896796318425856e-01 0.000000000000000000e+00
-1.475287962723850488e-01 -2.353713770992671706e-01 2.826060776867647117e-01 2.244141588557752698e+00 -2.904466229598385851e-01 2.267143071073873806e+00 -4.108678657350308128e-01 1.007805820051611012e-01 -5.894307861645131652e-02 5.336960676475502319e-02 6.210327877657744189e-01 3.707246404646941662e-01 0.000000000000000000e+00
-1.444608892377466924e-01 -2.365644430651700769e-01 2.842581275109457573e-01 2.245418876765368665e+00 -2.831757727956816240e-01 2.256292522225569641e+00 -3.989781164693448900e-01 9.395709723918732603e-02 -5.719418072859605573e-02 5.404604552044595112e-02 6.176447808060028244e-01 3.819460694548248436e-01 0.000000000000000000e+00
-1.415940553995645168e-01 -2.376532614602193116e-01 2.857507208157386014e-01 2.246844069961933421e+00 -2.761797389095521638e-01 2.246479649390966671e+00 -3.878767627548631580e-01 8.780075929341363272e-02 -5.563676412311768793e-02 5.467509249230106949e-02 6.145793492332670693e-01 3.924252088701231100e-01 0.000000000000000000e+00
-1.384516053134179359e-01 -2.388185462514630930e-01 2.873325953974202873e-01 2.248655969359184326e+00 -2.682997792662602521e-01 2.236075682970183554e+00 -3.757174017183202430e-01 8.128890598687116276e-02 -5.401463270315054466e-02 5.536146400662014105e-02 6.113277627003348424e-01 4.039050310650186271e-01 0.000000000000000000e+00
-1.355181537552830606e-01 -2.398801884878741797e-01 2.887606584883875005e-01 2.250575680179015770e+00 -2.607559064160911433e-01 2.226685599556590400e+00 -3.643749653461592075e-01 7.542539924770848281e-02 -5.258025414003375531e-02 5.599943256812703329e-02 6.083916941775496801e-01 4.146154327314767740e-01 0.000000000000000000e+00
-1.323059005526881771e-01 -2.410144261808335187e-01 2.902729526153191020e-01 2.252922909605310942e+00 -2.522985916412343599e-01 2.216749983811167724e+00 -3.519629701907086017e-01 6.923616294009388161e-02 -5.109780551924147929e-02 5.669518756409944182e-02 6.052837851854272477e-01 4.263377690331375813e-01 0.000000000000000000e+00
-1.293099183433718824e-01 -2.420463344667954098e-01 2.916367190357918027e-01 2.255336241416356913e+00 -2.442354638754222762e-01 2.207802803350150889e+00 -3.403939320992953599e-01 6.367713457612213246e-02 -4.979884869755535348e-02 5.734157837255370038e-02 6.024844699846176876e-01 4.372658841187096468e-01 0.000000000000000000e+00
-1.260320063217427455e-01 -2.431472366122702233e-01 2.930793196599401629e-01 2.258216292815252935e+00 -2.352310039913705353e-01 2.198357595633869010e+00 -3.277438503423917293e-01 5.782488385375423451e-02 -4.847006447166002374e-02 5.804617589558300900e-02 5.995290935439295810e-01 4.492172522741173513e-01 0.000000000000000000e+00
-1.229775686013844099e-01 -2.441470264093756337e-01 2.943791401627267046e-01 2.261117348899627011e+00 -2.266788299592739087e-01 2.189870300291466787e+00 -3.159632241023717092e-01 5.258145672371368484e-02 -4.731851361630989850e-02 5.870040222330698970e-02 5.968737222000387588e-01 4.603490658935668889e-01 0.000000000000000000e+00
-1.196386468289770827e-01 -2.452117088847359239e-01 2.957528585323433434e-01 2.264520085635682634e+00 -2.171621787880040344e-01 2.180930534430983503e+00 -3.030928989233185322e-01 4.707582057840880435e-02 -4.615511169410857484e-02 5.941312238766104786e-02 5.940777359505918787e-01 4.725126546983402509e-01 0.000000000000000000e+00
-1.165297886538386452e-01 -2.461771727054218317e-01 2.969891272121742420e-01 2.267898169809240194e+00 -2.081523662067787939e-01 2.172917334069453421e+00 -2.911161308690142224e-01 4.215853081336207869e-02 -4.516228523972731779e-02 6.007453092794982907e-02 5.915732992614812780e-01 4.838336859132397749e-01 0.000000000000000000e+00
-1.131339593948531702e-01 -2.472037557865227608e-01 2.982940758284932103e-01 2.271810419797962055e+00 -1.981566758534718531e-01 2.164498617673165981e+00 -2.780412249839724903e-01 3.701280424462460167e-02 -4.417744826861591534e-02 6.079465384789646543e-02 5.889450255816821578e-01 4.961948146918698233e-01 0.000000000000000000e+00
-1.099746783571783765e-01 -2.481328779175251409e-01 2.994672670219487576e-01 2.275650176875892328e+00 -1.887216566431924036e-01 2.156971064922843517e+00 -2.658842108581402353e-01 3.243164910163250786e-02 -4.335426517567264604e-02 6.146249974788266929e-02 5.865983811871587905e-01 5.076900832210878844e-01 0.000000000000000000e+00
-1.065264787846971484e-01 -2.491189086941282826e-01 3.007044242296940673e-01 2.280051965796602076e+00 -1.782839109335156991e-01 2.149082303130103622e+00 -2.526233497499837388e-01 2.765410247300388244e-02 -4.255851264195675832e-02 6.218915157368919838e-02 5.841439453475144594e-01 5.202311751103800841e-01 0.000000000000000000e+00
-1.033207111642816811e-01 -2.500098932604129520e-01 3.018151086259933669e-01 2.284333738354974663e+00 -1.684568225348210824e-01 2.142049225413945823e+00 -2.403023015457593781e-01 2.341848832026036456e-02 -4.191549239675707028e-02 6.286262340147820427e-02 5.819615514132218115e-01 5.318853677776484989e-01 0.000000000000000000e+00
-9.982417035625097690e-02 -2.509539024055905676e-01 3.029846792560582647e-01 2.289202593654632523e+00 -1.576119184715665256e-01 2.134701140202164282e+00 -2.268721965503283644e-01 1.902132431907912341e-02 -4.132107484145142173e-02 6.359491779984433046e-02 5.796890760550572619e-01 5.445907101271713069e-01 0.000000000000000000e+00
-9.657581036904994143e-02 -2.518051480426986566e-01 3.040334450650918341e-01 2.293902827949589440e+00 -1.474264593096936693e-01 2.128169357276276319e+00 -2.144037590245249369e-01 1.514011448958710315e-02 -4.086820429808368793e-02 6.427312922213583579e-02 5.776771910095568341e-01 5.563881475715724001e-01 0.000000000000000000e+00
-9.303528585564954656e-02 -2.527051375972479974e-01 3.051364546750716666e-01 2.299210333282332819e+00 -1.362121961444495710e-01 2.121366248152683376e+00 -2.008235349673974934e-01 1.113024381082253385e-02 -4.048430962694871127e-02 6.501004254051757913e-02 5.755922021921338061e-01 5.692395643068860478e-01 0.000000000000000000e+00
-8.974814629892984008e-02 -2.535152565375214939e-01 3.061239097122127051e-01 2.304301881128100860e+00 -1.257022806303620399e-01 2.115340734915482024e+00 -1.882245859034233915e-01 7.611701386042364972e-03 -4.023104300728186367e-02 6.569204480617324426e-02 5.737568181478784890e-01 5.811642675618793330e-01 0.000000000000000000e+00
-8.616757343162025073e-02 -2.543702004029027020e-01 3.071605926573184320e-01 2.310017658548086050e+00 -1.141544638691449620e-01 2.109089456955692832e+00 -1.745118529373076988e-01 4.000196173941340631e-03 -4.006885649689628792e-02 6.643253258608058931e-02 5.718668393012765749e-01 5.941451805051980450e-01 0.000000000000000000e+00
-8.284540352089429793e-02 -2.551380056492408288e-01 3.080873264357402164e-01 2.315470081880844688e+00 -1.033541610379020703e-01 2.103573860883490632e+00 -1.617995863689507263e-01 8.520321625595473833e-04 -4.002411539058270407e-02 6.711731036493481795e-02 5.702138152126643433e-01 6.061808044195932110e-01 0.000000000000000000e+00
-7.922894398023846985e-02 -2.559463712875888475e-01 3.090587195240933061e-01 2.321558852335710910e+00 -9.151062344995697373e-02 2.097875358445532967e+00 -1.479738188593179848e-01 -2.355548819269622906e-03 -4.009162652421616180e-02 6.786021163458003103e-02 5.685237731848999942e-01 6.192726380223138039e-01 0.000000000000000000e+00
-7.587541585481887008e-02 -2.566708927229750525e-01 3.099253237383245430e-01 2.327339020847645212e+00 -8.045396328604148550e-02 2.092871974504675769e+00 -1.351656202350693115e-01 -5.126226715982403793e-03 -4.026379988869011051e-02 6.854668301743999104e-02 5.670585685321657410e-01 6.314028041554066162e-01 0.000000000000000000e+00
-7.222689117516514767e-02 -2.574321006315667404e-01 3.108316557670652291e-01 2.333763992655267572e+00 -6.835073615806752656e-02 2.087730533331996874e+00 -1.212451607039274210e-01 -7.919971124746093272e-03 -4.057126183653969598e-02 6.929081599908935851e-02 5.655755207001278428e-01 6.445882478704434426e-01 0.000000000000000000e+00
-6.884560939806322333e-02 -2.581125626091961833e-01 3.116386124871603491e-01 2.339835956187314991e+00 -5.707165167578054366e-02 2.083241111434366744e+00 -1.083586568212520224e-01 -1.030661651093159499e-02 -4.096793968090683968e-02 6.997783665892415295e-02 5.643033952264242537e-01 6.567960451493122243e-01 0.000000000000000000e+00
-6.516898166120531355e-02 -2.588255431949995633e-01 3.124808819805066085e-01 2.346556650591026028e+00 -4.474606594697316808e-02 2.078655482619863992e+00 -9.436317937115396015e-02 -1.268232057025580305e-02 -4.152214350375227347e-02 7.072192386749229231e-02 5.630315360688296078e-01 6.700563902700074070e-01 0.000000000000000000e+00
-6.176346583299877763e-02 -2.594613871494412249e-01 3.132287083194080224e-01 2.352882584089078577e+00 -3.327822989188256031e-02 2.074680838436404606e+00 -8.141608857367924057e-02 -1.467899438862368781e-02 -4.215064952101088558e-02 7.140829538181135694e-02 5.619574832012006471e-01 6.823251073588117999e-01 0.000000000000000000e+00
-5.806243442080852996e-02 -2.601259864429872892e-01 3.140069758841356751e-01 2.359857103230722952e+00 -2.076608830598303257e-02 2.070654368629828213e+00 -6.736448916479699511e-02 -1.662793208474920223e-02 -4.296051680850410115e-02 7.215100939794243107e-02 5.609034706207746135e-01 6.956423109687802642e-01 0.000000000000000000e+00
-5.463614660256786021e-02 -2.607168571286253012e-01 3.146961395654988003e-01 2.366397106888942670e+00 -9.142982098725660478e-03 2.067194868719598233e+00 -5.437471704966455321e-02 -1.822926692137592786e-02 -4.382764205943390223e-02 7.283547508760641886e-02 5.600321508911279000e-01 7.079549036365435644e-01 0.000000000000000000e+00
-5.091447332992909275e-02 -2.613324426090460340e-01 3.154112059777305355e-01 2.373581258901615865e+00 3.519238620736775403e-03 2.063725618172306930e+00 -4.028668642930785526e-02 -1.974858992029312685e-02 -4.489836597570051602e-02 7.357543439648493722e-02 5.591994469972874082e-01 7.213103236081546132e-01 0.000000000000000000e+00
-4.747079120890432963e-02 -2.618781779344462879e-01 3.160420747650864448e-01 2.380293962221345705e+00 1.526453824509799162e-02 2.060781612998834778e+00 -2.727214899663227277e-02 -2.094982537473017922e-02 -4.601023573080853524e-02 7.425669597046241632e-02 5.585353212004489087e-01 7.336497476239006721e-01 0.000000000000000000e+00
-4.373207244170665420e-02 -2.624450277555741562e-01 3.166939087142250919e-01 2.387642191654951063e+00 2.804141546420790831e-02 2.057872389237209720e+00 -1.316699612300151027e-02 -2.203202793141369881e-02 -4.734980575911840184e-02 7.499244415586725498e-02 5.579300512637010989e-01 7.470249415666055937e-01 0.000000000000000000e+00
-4.027432213014312673e-02 -2.629456592220945632e-01 3.172667227719294658e-01 2.394484920158584274e+00 3.987608127176223149e-02 2.055444317779957508e+00 -1.457116471257692591e-04 -2.282899137118752503e-02 -4.871174634058506037e-02 7.566914506647798300e-02 5.574771474308194419e-01 7.593740861203303050e-01 0.000000000000000000e+00
-3.652213429681546580e-02 -2.634635655220066153e-01 3.178559763545230066e-01 2.401950491368723295e+00 5.273213170065549349e-02 2.053093081914700413e+00 1.395702598126541752e-02 -2.347257337692959175e-02 -5.032415722257321811e-02 7.639920906743116746e-02 5.571021743493363987e-01 7.727505450645529850e-01 0.000000000000000000e+00
-3.305357144866460928e-02 -2.639193102368826427e-01 3.183708880362999816e-01 2.408879419743588546e+00 6.462374253697333870e-02 2.051181629339534851e+00 2.696709429673670860e-02 -2.386169866289300154e-02 -5.194096232036038430e-02 7.706994283272443347e-02 5.568643873535058519e-01 7.850921661881982150e-01 0.000000000000000000e+00
-2.929142730634680045e-02 -2.643889655374710435e-01 3.188973177021940941e-01 2.416414379363042819e+00 7.752398584301412043e-02 2.049391518334362061e+00 4.104786780312293798e-02 -2.406040376972653702e-02 -5.383287195875285924e-02 7.779274139732875182e-02 5.567251040284947328e-01 7.984512480063081785e-01 0.000000000000000000e+00
-2.581526516234074545e-02 -2.648002344554698517e-01 3.193544383659782659e-01 2.423385245550504941e+00 8.944038567850931543e-02 2.047997371178296611e+00 5.402873497336043579e-02 -2.403872397397761179e-02 -5.570893578865909745e-02 7.845606824584024086e-02 5.567059625581597393e-01 8.107684346269519171e-01 0.000000000000000000e+00
-2.204658311369915233e-02 -2.652218232922500252e-01 3.198184117024852613e-01 2.430941401438272642e+00 1.023503283355085003e-01 2.046767176137541444e+00 6.806831686782370550e-02 -2.379240654028049601e-02 -5.788274102843615765e-02 7.917007005646889417e-02 5.568045993870336385e-01 8.240918300864548129e-01 0.000000000000000000e+00
-1.856597919192159302e-02 -2.655892050498965817e-01 3.202177014001243438e-01 2.437909229864726246e+00 1.142597272088563543e-01 2.045891523741671492e+00 8.100213347174006762e-02 -2.335756642973019909e-02 -6.002165885793342426e-02 7.982449196008542525e-02 5.570072992355022956e-01 8.363675379731205783e-01 0.000000000000000000e+00
-1.479422038534487088e-02 -2.659638129922916039e-01 3.206187284906578117e-01 2.445437420771011006e+00 1.271447657716513469e-01 2.045225229720153415e+00 9.498089126361944357e-02 -2.266124551202615411e-02 -6.248268602127549087e-02 8.052799925154348337e-02 5.573486499082230816e-01 8.496366715254131119e-01 0.000000000000000000e+00
-1.131230542386043106e-02 -2.662880710752678626e-01 3.209600166493849493e-01 2.452356877517610112e+00 1.390155941144906038e-01 2.044869749041129836e+00 1.078498598949923643e-01 -2.181149322601991930e-02 -6.488738732756238470e-02 8.117199321501666898e-02 5.577761205526944321e-01 8.618538564471243113e-01 0.000000000000000000e+00
-7.540761747516053388e-03 -2.666162693715167231e-01 3.212982758976024034e-01 2.459808626954597344e+00 1.518421255816533311e-01 2.044766760195005695e+00 1.217490557493056264e-01 -2.066637348858327630e-02 -6.763683483696025789e-02 8.186339976827168574e-02 5.583616830973756606e-01 8.750508849129030597e-01 0.000000000000000000e+00
-4.060630778840403597e-03 -2.668983372124859588e-01 3.215812665148116700e-01 2.466634693833841929e+00 1.636431150429684678e-01 2.044933582871991895e+00 1.345355745778053780e-01 -1.940057510306321745e-02 -7.030958330696401859e-02 8.249540950683952045e-02 5.590165544094262140e-01 8.871929686918739177e-01 0.000000000000000000e+00
-2.927435350169792184e-04 -2.671815870084157662e-01 3.218559845393039187e-01 2.473960473282903472e+00 1.763768057648755772e-01 2.045398877235561130e+00 1.483356758724325153e-01 -1.780299053820591851e-02 -7.335131274599793194e-02 8.317292601053408174e-02 5.598504567257572839e-01 9.002993165225354755e-01 0.000000000000000000e+00
3.182516637694338991e-03 -2.674225712966582513e-01 3.220802628991362160e-01 2.480648184202023820e+00 1.880768293243537670e-01 2.046090463026509099e+00 1.610222762257838280e-01 -1.612062798511623013e-02 -7.629370627637199753e-02 8.379135362754251692e-02 5.607349591027998015e-01 9.123497209809804387e-01 0.000000000000000000e+00
6.943534949942900721e-03 -2.676617982970215803e-01 3.222913376333434998e-01 2.487800331757236805e+00 2.006847904096851209e-01 2.047124412415334938e+00 1.747051651429338270e-01 -1.407312420033336037e-02 -7.962745132893322975e-02 8.445331560599533827e-02 5.618180667181349452e-01 9.253482107874938523e-01 0.000000000000000000e+00
1.041086920741840331e-02 -2.678629692670465023e-01 3.224563991644039951e-01 2.494305324952326153e+00 2.122530085993199478e-01 2.048343460511618197e+00 1.872747029216193793e-01 -1.197430046910682305e-02 -8.284055518411359564e-02 8.505652991527669349e-02 5.629341309519599879e-01 9.372906906427633800e-01 0.000000000000000000e+00
1.416154902322240734e-02 -2.680599954308550692e-01 3.226027463699803199e-01 2.501235204282805658e+00 2.247009920700091534e-01 2.049951891624185230e+00 2.008210881881460075e-01 -9.474552399931068097e-03 -8.646857953712872025e-02 8.570107315572471351e-02 5.642698393966891768e-01 9.501630797716613674e-01 0.000000000000000000e+00
1.761787538639873057e-02 -2.682227765082658699e-01 3.227079166703802349e-01 2.507513666082942905e+00 2.361065835281150882e-01 2.051701599947599153e+00 2.132565690954596749e-01 -6.959993618083649622e-03 -8.995266003322477388e-02 8.628741800397610184e-02 5.656191965420050982e-01 9.619814563201332103e-01 0.000000000000000000e+00
2.135505820983842756e-02 -2.683788699474085604e-01 3.227891521651014006e-01 2.514175536887037765e+00 2.483623113081385725e-01 2.053885351975172746e+00 2.266491734537910141e-01 -4.011898218203852409e-03 -9.387309947393052134e-02 8.691284474122439041e-02 5.672074392371011520e-01 9.747113663307119813e-01 0.000000000000000000e+00
2.479730230718091288e-02 -2.685048435239815179e-01 3.228336222254100663e-01 2.520185009358872907e+00 2.595746492566375352e-01 2.056168963028234487e+00 2.389339860224334589e-01 -1.082954756650588010e-03 -9.762762397872415399e-02 8.748064733038610208e-02 5.687912877163984193e-01 9.863900600800091789e-01 0.000000000000000000e+00
2.851744911889473114e-02 -2.686221702489517416e-01 3.228484881248758764e-01 2.526532286304563168e+00 2.716038600493932975e-01 2.058933915494943534e+00 2.521539343183436532e-01 2.314444332245605730e-03 -1.018416769296111024e-01 8.808498516075233264e-02 5.706349941390603808e-01 9.989597143719923800e-01 0.000000000000000000e+00
3.194250469606657594e-02 -2.687130657997072736e-01 3.228313266720899133e-01 2.532231404976388767e+00 2.825923377103056744e-01 2.061754727551391220e+00 2.642717500418813037e-01 5.655785895771651278e-03 -1.058654470206119580e-01 8.863253940325102609e-02 5.724543326377480312e-01 1.010483278987792666e+00 0.000000000000000000e+00
3.564245593848278104e-02 -2.687932024585124036e-01 3.227790885597712212e-01 2.538221440033711751e+00 2.943631913819491075e-01 2.065101960096787703e+00 2.773027137689367261e-01 9.497248566142887580e-03 -1.103693850561537904e-01 8.921409056154025463e-02 5.745526372606214460e-01 1.022877231226857697e+00 0.000000000000000000e+00
3.904720121026468427e-02 -2.688509035638192435e-01 3.226993423260858251e-01 2.543570692476602613e+00 3.050973901658302623e-01 2.068462597029630867e+00 2.892376369046131823e-01 1.324837650024944698e-02 -1.146608028367075427e-01 8.973967372504582096e-02 5.766079984109172551e-01 1.034230686428029289e+00 0.000000000000000000e+00
4.272331336498481208e-02 -2.688963373779146293e-01 3.225784162608690830e-01 2.549160255553000187e+00 3.165755197055961645e-01 2.072397672679461955e+00 3.020613567645900055e-01 1.753345574934928389e-02 -1.194539601666320117e-01 9.029639922854847123e-02 5.789630317628744471e-01 1.046431825804172711e+00 0.000000000000000000e+00
4.610457118440921404e-02 -2.689228559793001017e-01 3.224348904899580481e-01 2.554121981850174805e+00 3.270249716172815013e-01 2.076300832670307184e+00 3.137978411095418974e-01 2.169111002236993185e-02 -1.240102293175942005e-01 9.079827193597390933e-02 5.812546818808874693e-01 1.057600590783746908e+00 0.000000000000000000e+00
4.975364384668837930e-02 -2.689354607267501196e-01 3.222444340698848997e-01 2.559273090081989110e+00 3.381790122199999082e-01 2.080823360869723970e+00 3.263990871499562463e-01 2.641322336902747828e-02 -1.290878122519394378e-01 9.132844072998143325e-02 5.838648460652742234e-01 1.069594602806109629e+00 0.000000000000000000e+00
5.310820911052057530e-02 -2.689329404218172570e-01 3.220358535164648539e-01 2.563812129657033534e+00 3.483134379453112217e-01 2.085270902472474042e+00 3.379221191335383123e-01 3.097351847054368584e-02 -1.339054706638926895e-01 9.180484695948298857e-02 5.863926519929502090e-01 1.080564695968364131e+00 0.000000000000000000e+00
5.672646676027968959e-02 -2.689154995107547741e-01 3.217740373245515095e-01 2.568486459284157419e+00 3.591090364816640346e-01 2.090384835326846158e+00 3.502834476492501237e-01 3.613078193634716717e-02 -1.392650823576770946e-01 9.230639509415056176e-02 5.892592785903114638e-01 1.092335268775268986e+00 0.000000000000000000e+00
6.005106943703912570e-02 -2.688862181132652962e-01 3.214990989974098601e-01 2.572570257476770372e+00 3.688982719889821738e-01 2.095377265033383285e+00 3.615784464644942187e-01 4.108917176715438935e-02 -1.443401352889865930e-01 9.275557050150604055e-02 5.920227076954321932e-01 1.103092974840589546e+00 0.000000000000000000e+00
6.363521293530048639e-02 -2.688408611067532039e-01 3.211648393955515157e-01 2.576735988288875845e+00 3.793045057847082013e-01 2.101080176224997764e+00 3.736858092807532894e-01 4.667367077023923394e-02 -1.499752509975396109e-01 9.322674195498990846e-02 5.951434664398143060e-01 1.114627125521722828e+00 0.000000000000000000e+00
6.692653519014242491e-02 -2.687871954499627680e-01 3.208220973825192113e-01 2.580335190379685173e+00 3.887186142897576246e-01 2.106617001883283713e+00 3.847387933319363906e-01 5.202497673037401876e-02 -1.553027716001886827e-01 9.364691387359874719e-02 5.981417863530800183e-01 1.125159461579795295e+00 0.000000000000000000e+00
7.047262814900250028e-02 -2.687169768223590660e-01 3.204133999814256506e-01 2.583960636947570499e+00 3.987013841607467413e-01 2.112909587571184300e+00 3.965757454290116391e-01 5.803335943283700893e-02 -1.612092634238211364e-01 9.408560308416205609e-02 6.015170101396191127e-01 1.136441810379861472e+00 0.000000000000000000e+00
7.372725223385274973e-02 -2.686414272158708649e-01 3.200013500058277449e-01 2.587049568319046866e+00 4.077105849498088297e-01 2.118988391601453802e+00 4.073731658840879510e-01 6.377174337384719505e-02 -1.667835259014658345e-01 9.447498220266685454e-02 6.047489558595121606e-01 1.146736392731617205e+00 0.000000000000000000e+00
7.723190413792903330e-02 -2.685486773437640862e-01 3.195169464237596069e-01 2.590110764326769122e+00 4.172398270398636200e-01 2.125864799671364658e+00 4.189271238258286401e-01 7.019475112971110264e-02 -1.729531380407980379e-01 9.487945811560104248e-02 6.083756486319820134e-01 1.157755488057929050e+00 0.000000000000000000e+00
8.044638457777886220e-02 -2.684538316491836829e-01 3.190340994437940725e-01 2.592667476296547591e+00 4.258149436600504600e-01 2.132480816344831887e+00 4.294561975115658847e-01 7.631372991881803236e-02 -1.787678839648769724e-01 9.523626344502282570e-02 6.118395556828208903e-01 1.167800265899435530e+00 0.000000000000000000e+00
8.390545096350228438e-02 -2.683418221886293420e-01 3.184718813309263541e-01 2.595141287498401894e+00 4.348571488711603372e-01 2.139937152259195230e+00 4.407118148321904072e-01 8.314651910385027767e-02 -1.851947574655106177e-01 9.560437056432061209e-02 6.157173179670578644e-01 1.178541992998215715e+00 0.000000000000000000e+00
8.707623465013267228e-02 -2.682303470481720575e-01 3.179166025132673656e-01 2.597148451673367830e+00 4.429693405927017658e-01 2.147083579559565525e+00 4.509602912075741932e-01 8.963893965681356268e-02 -1.912425299849715987e-01 9.592682111568036352e-02 6.194111889780250513e-01 1.188325914210948797e+00 0.000000000000000000e+00
9.048620605835906716e-02 -2.681015738623193090e-01 3.172752770863735416e-01 2.599020364264958527e+00 4.514958561575608265e-01 2.155108497245445065e+00 4.619065490780723815e-01 9.687092004449186777e-02 -1.979169443089281444e-01 9.625686167614683209e-02 6.235361591904488021e-01 1.198780153070054810e+00 0.000000000000000000e+00
9.360967441001520617e-02 -2.679761998179556182e-01 3.166459510218307960e-01 2.600465547773755492e+00 4.591170480557109634e-01 2.162775580917792873e+00 4.718629099713881336e-01 1.037289842927446443e-01 -2.041896207824462905e-01 9.654315981570876781e-02 6.274575973165632536e-01 1.208292964483817844e+00 0.000000000000000000e+00
9.696620248038372025e-02 -2.678340916364657653e-01 3.159233397178000113e-01 2.601722796530773429e+00 4.670956844275213626e-01 2.171358979172048453e+00 4.824857935065234305e-01 1.113537809412096097e-01 -2.111037196045102426e-01 9.683296167657981512e-02 6.318283772976012180e-01 1.218447065088072101e+00 0.000000000000000000e+00
1.000386568862065423e-01 -2.676976028565787313e-01 3.152183974272303457e-01 2.602598343738892872e+00 4.741987215030460945e-01 2.179533599014215728e+00 4.921392198258426887e-01 1.185690000587772408e-01 -2.175925116004879811e-01 9.708133473774334388e-02 6.359745862197184740e-01 1.227678779848777157e+00 0.000000000000000000e+00
1.033380953084794135e-01 -2.675447399774780188e-01 3.144131596122557992e-01 2.603237630512099887e+00 4.816028711555953024e-01 2.188657678748805235e+00 5.024294079617998010e-01 1.265746953221508209e-01 -2.247347101699170846e-01 9.732921677858086262e-02 6.405865154374631443e-01 1.237524486398800194e+00 0.000000000000000000e+00
1.063557581967962823e-01 -2.673999407265152950e-01 3.136309763309559351e-01 2.603541597874776237e+00 4.881616414271192639e-01 2.197323675764227602e+00 5.117698462740075671e-01 1.341379563046781742e-01 -2.314297639923219574e-01 9.753790041712380454e-02 6.449543659413020658e-01 1.246466316074850145e+00 0.000000000000000000e+00
1.095935440407264372e-01 -2.672398320600365973e-01 3.127410272815572267e-01 2.603561912522903921e+00 4.949613733674365079e-01 2.206970608259744004e+00 5.217147888641495701e-01 1.425166023115820857e-01 -2.387904749291918094e-01 9.774169049716370516e-02 6.498051807088268683e-01 1.255992443294063676e+00 0.000000000000000000e+00
1.125525833694960148e-01 -2.670895328585395356e-01 3.118800833018455232e-01 2.603297954085235233e+00 5.009512211987585673e-01 2.216107894037191883e+00 5.307330512634849118e-01 1.504180847525495301e-01 -2.456812710917173348e-01 9.790891204648548285e-02 6.543910775269161650e-01 1.264636265244133639e+00 0.000000000000000000e+00
1.157249586163608818e-01 -2.669247564744264833e-01 3.109041703762632780e-01 2.602708230991833460e+00 5.071230414283531829e-01 2.226252204317018535e+00 5.403253247462731501e-01 1.591564489213175004e-01 -2.532471785905778816e-01 9.806697065718165962e-02 6.594752517849591378e-01 1.273836421545921471e+00 0.000000000000000000e+00
1.186214343634139357e-01 -2.667717586210401337e-01 3.099629608710584017e-01 2.601885791510353485e+00 5.125207846100892084e-01 2.235837085843249916e+00 5.490129224067614722e-01 1.673856666239327828e-01 -2.603221323424824707e-01 9.819099074019529971e-02 6.642751335966362580e-01 1.282174912077014062e+00 0.000000000000000000e+00
1.217236501049534791e-01 -2.666057959897351615e-01 3.088991413326749313e-01 2.600697723442149112e+00 5.180381269205089900e-01 2.246452681945787955e+00 5.582416744007540066e-01 1.764742031865325911e-01 -2.680816516525919013e-01 9.830114574078370471e-02 6.695894715518893037e-01 1.291039776397560734e+00 0.000000000000000000e+00
1.245535771859410251e-01 -2.664528579640962902e-01 3.078762935463769113e-01 2.599332267284642395e+00 5.228225328400446514e-01 2.256457574214077333e+00 5.665910506028022375e-01 1.850200041637310167e-01 -2.753285124528610517e-01 9.838021665802383631e-02 6.745989441413555721e-01 1.299066677081114340e+00 0.000000000000000000e+00
1.275817759474558444e-01 -2.662881787998451766e-01 3.067235141937052489e-01 2.597567373422156933e+00 5.276661238801625409e-01 2.267510990777906077e+00 5.754508549172778764e-01 1.944441489579512572e-01 -2.832665967140601815e-01 9.844090344136401105e-02 6.801370542072026071e-01 1.307591855204621289e+00 0.000000000000000000e+00
1.303411348570523154e-01 -2.661379650854470702e-01 3.056176877483445242e-01 2.595679772436182642e+00 5.318180963732057620e-01 2.277905011019603077e+00 5.834554516267017599e-01 2.032947154323956340e-01 -2.906719155991890347e-01 9.847331078287892281e-02 6.853512573054688639e-01 1.315301706560400685e+00 0.000000000000000000e+00
1.332904027311263562e-01 -2.659779051783280335e-01 3.043742334531104876e-01 2.593362130899201645e+00 5.359658662212702929e-01 2.289362168652167462e+00 5.919372868034679103e-01 2.130432998264147615e-01 -2.987748495318640618e-01 9.848237385296358670e-02 6.911090115822200453e-01 1.323479741635816165e+00 0.000000000000000000e+00
1.359750954020425839e-01 -2.658330051429530494e-01 3.031843425474176623e-01 2.590979081726541455e+00 5.394687649499765314e-01 2.300110423894517808e+00 5.995913449344101309e-01 2.221860650067113141e-01 -3.063246449061296506e-01 9.846641985355834847e-02 6.965226188671058694e-01 1.330868016289968203e+00 0.000000000000000000e+00
1.388415384196986790e-01 -2.656797864014239785e-01 3.018494368609868084e-01 2.588142109665824808e+00 5.429067837192187440e-01 2.311930800092660387e+00 6.076920151801586956e-01 2.322432099025297236e-01 -3.145755174373587870e-01 9.842233621513912789e-02 7.024927602407911031e-01 1.338696910946474361e+00 0.000000000000000000e+00
1.414474743081035879e-01 -2.655426409777061902e-01 3.005745263508258769e-01 2.585295456485734888e+00 5.457466928635783532e-01 2.322995576650237481e+00 6.149908742007116347e-01 2.416650077860393042e-01 -3.222548755986567315e-01 9.835635639913241357e-02 7.081000459159528804e-01 1.345760279947636917e+00 0.000000000000000000e+00
1.442260786987703824e-01 -2.653993172593464567e-01 2.991468235551937860e-01 2.581974491215562661e+00 5.484585988556327507e-01 2.335138219650293223e+00 6.227033887175810190e-01 2.520178800761542215e-01 -3.306378409199537405e-01 9.825700384571563195e-02 7.142773812224462171e-01 1.353234707863053332e+00 0.000000000000000000e+00
1.467491153070681065e-01 -2.652721906202309965e-01 2.977860401232724774e-01 2.578700338622003763e+00 5.506242657538829022e-01 2.346479597821238272e+00 6.296433202022184705e-01 2.617047790014243591e-01 -3.384305165856344999e-01 9.813934205980456849e-02 7.200722200173768073e-01 1.359970641208190889e+00 0.000000000000000000e+00
1.494359794939611741e-01 -2.651406236921761694e-01 2.962652231318703699e-01 2.574938612908138857e+00 5.526024601306023243e-01 2.358898478865050663e+00 6.369666803048001924e-01 2.723361846520478968e-01 -3.469270657274232672e-01 9.798329746468274759e-02 7.264486266153534766e-01 1.367090735540572144e+00 0.000000000000000000e+00
1.518720206588533572e-01 -2.650255856481067429e-01 2.948180624304709840e-01 2.571277621917468004e+00 5.540859862570641781e-01 2.370474059773341136e+00 6.435450876714594592e-01 2.822736038121104740e-01 -3.548164141406739969e-01 9.781233084507806597e-02 7.324243606273278528e-01 1.373498167965248262e+00 0.000000000000000000e+00
1.544621393275369681e-01 -2.649083691875803726e-01 2.932032110668857383e-01 2.567119112857600527e+00 5.553207071590744448e-01 2.383124102000267364e+00 6.504746328278455669e-01 2.931690285953018060e-01 -3.634083044494875736e-01 9.759750529127114715e-02 7.389935800882263539e-01 1.380260999237395536e+00 0.000000000000000000e+00
1.568071307079658694e-01 -2.648072088219457498e-01 2.916693139964195991e-01 2.563114541614192721e+00 5.561172911559530974e-01 2.394890807642433117e+00 6.566901179169543079e-01 3.033416381691319552e-01 -3.713763492729502680e-01 9.737164426369719628e-02 7.451432185193828106e-01 1.386339664425501494e+00 0.000000000000000000e+00
1.592966970183116726e-01 -2.647056785242622445e-01 2.899606225423562722e-01 2.558609358022745361e+00 5.566078791174655649e-01 2.407723616750808926e+00 6.632272462867173646e-01 3.144825731153149118e-01 -3.800432075664497145e-01 9.709669784828174610e-02 7.518961960954968493e-01 1.392747895798504443e+00 0.000000000000000000e+00
1.615465871392842423e-01 -2.646199602551960739e-01 2.883399064035700454e-01 2.554307421367021824e+00 5.567158700841408070e-01 2.419637764366717292e+00 6.690792764660573599e-01 3.248744607153994934e-01 -3.880711735144388719e-01 9.681440277273334338e-02 7.582122155157559051e-01 1.398498992172530597e+00 0.000000000000000000e+00
1.639306990174460299e-01 -2.645360867991571885e-01 2.865370802106955161e-01 2.549504728712591373e+00 5.564597129506019257e-01 2.432607179519651552e+00 6.752217909412979724e-01 3.362446272524110547e-01 -3.967926266102850263e-01 9.647728819062134642e-02 7.651417606721420128e-01 1.404552091014171555e+00 0.000000000000000000e+00
1.660815745569604596e-01 -2.644670163022765919e-01 2.848298150718243660e-01 2.544952699670781637e+00 5.558810299848548908e-01 2.444625324003082412e+00 6.807112317382237876e-01 3.468390149638825304e-01 -4.048608062907343985e-01 9.613702774947169294e-02 7.716161050192064108e-01 1.409977615944935536e+00 0.000000000000000000e+00
1.683566627596017329e-01 -2.644014489014533953e-01 2.829336553631621176e-01 2.539905878059252053e+00 5.548846657428225804e-01 2.457684111880554134e+00 6.864631270605768831e-01 3.584186391206287681e-01 -4.136146167938250517e-01 9.573652161103739233e-02 7.787121643227498113e-01 1.415681041735449508e+00 0.000000000000000000e+00
1.704047291053919222e-01 -2.643498666120518426e-01 2.811403115428006694e-01 2.535151875653492759e+00 5.536242736496825856e-01 2.469764648310867283e+00 6.915920424249332177e-01 3.691981831068880671e-01 -4.217021043921775902e-01 9.533683106568693888e-02 7.853364446391857268e-01 1.420784723648477188e+00 0.000000000000000000e+00
1.725661030459894052e-01 -2.643038069895856101e-01 2.791511752631344878e-01 2.529911628141126911e+00 5.518920867810699349e-01 2.482869260718215010e+00 6.969536514895352530e-01 3.809692219669837399e-01 -4.304653691171378416e-01 9.487094432249121301e-02 7.925906291324524844e-01 1.426140606916735720e+00 0.000000000000000000e+00
1.745077121101002993e-01 -2.642701775816641008e-01 2.772726791134813018e-01 2.525003492655934600e+00 5.499583217945227531e-01 2.494972102227653199e+00 7.017253037936573845e-01 3.919157461535909270e-01 -4.385505930285640286e-01 9.441038390147563075e-02 7.993559238286079838e-01 1.430927106343935051e+00 0.000000000000000000e+00
1.765521751209533086e-01 -2.642434218980767580e-01 2.751920807708967409e-01 2.519622504948535013e+00 5.475036794341567870e-01 2.508080040933417187e+00 7.067033510822607889e-01 4.038570941653972790e-01 -4.472992103675286213e-01 9.387800135481197406e-02 8.067573145511290900e-01 1.435943702889317386e+00 0.000000000000000000e+00
1.783838622394561813e-01 -2.642278018614074298e-01 2.732296443929876917e-01 2.514607125221502315e+00 5.449077320338231445e-01 2.520168140502625498e+00 7.111222011209747951e-01 4.149518565561809980e-01 -4.553595337227624995e-01 9.335518122093738880e-02 8.136542359841617555e-01 1.440419145101195175e+00 0.000000000000000000e+00
1.803071796786767655e-01 -2.642205743066940449e-01 2.710587086694348780e-01 2.509134022484563964e+00 5.417416883174919207e-01 2.533241931091715138e+00 7.157200155849420264e-01 4.270437064590903997e-01 -4.640682036453760428e-01 9.275440536852913587e-02 8.211933787140670571e-01 1.445101648087827151e+00 0.000000000000000000e+00
1.820257512201940708e-01 -2.642225002911304799e-01 2.690138909639491205e-01 2.504056314045504550e+00 5.384976305735840185e-01 2.545281856351911287e+00 7.197920554707004648e-01 4.382670662410113605e-01 -4.720796579946069382e-01 9.216797729649368887e-02 8.282120066089163624e-01 1.449273489935436254e+00 0.000000000000000000e+00
1.838252078511557197e-01 -2.642336617720165703e-01 2.667549347465046905e-01 2.498539745130574197e+00 5.346394627890695972e-01 2.558286393582405172e+00 7.240189581738470936e-01 4.504870141923535409e-01 -4.807224812592683083e-01 9.149780945293206624e-02 8.358770502793552160e-01 1.453632685165732408e+00 0.000000000000000000e+00
1.854277564065472117e-01 -2.642522213381988117e-01 2.646297289256894780e-01 2.493442655449987111e+00 5.307640015297265812e-01 2.570248404199653169e+00 7.277514450206203911e-01 4.618187646306406990e-01 -4.886604989414402578e-01 9.084648347408273705e-02 8.430069983077699280e-01 1.457509981396778898e+00 0.000000000000000000e+00
1.870997511591208362e-01 -2.642808882412894800e-01 2.622846936879928426e-01 2.487926530060800889e+00 5.262304530940746794e-01 2.583154634611376288e+00 7.316138941285894592e-01 4.741451724465587936e-01 -4.972095123567037422e-01 9.010510936087512412e-02 8.507871571163273527e-01 1.461554390986227636e+00 0.000000000000000000e+00
1.885836619230163991e-01 -2.643146441023458970e-01 2.600814424643126399e-01 2.482849968874667468e+00 5.217424288496648188e-01 2.595013467681820618e+00 7.350154166308932036e-01 4.855642745686005735e-01 -5.050481941302156219e-01 8.938764544082936081e-02 8.580175728968651994e-01 1.465147394770907940e+00 0.000000000000000000e+00
1.901262211811259595e-01 -2.643585776606980908e-01 2.576534805742695111e-01 2.477376851771043942e+00 5.165576330776033842e-01 2.607795772226747300e+00 7.385257292637266158e-01 4.979734401153929069e-01 -5.134756342417168273e-01 8.857419953062148354e-02 8.659001302493362084e-01 1.468891000315232676e+00 0.000000000000000000e+00
1.914893166888164411e-01 -2.644055340955654421e-01 2.553749240366294249e-01 2.472357439647915545e+00 5.114779740716790535e-01 2.619530743406095485e+00 7.416064740127302768e-01 5.094582224478186872e-01 -5.211881487585863226e-01 8.778942421402397001e-02 8.732196287683373637e-01 1.472211429562343188e+00 0.000000000000000000e+00
1.928996523803959973e-01 -2.644626489373612110e-01 2.528668734323204492e-01 2.466964575090508927e+00 5.056630588447479369e-01 2.632169739526148078e+00 7.447743041293795052e-01 5.219266433288654028e-01 -5.294635223718440198e-01 8.690220041924247296e-02 8.811926670188438004e-01 1.475665948970339425e+00 0.000000000000000000e+00
1.941401563341414171e-01 -2.645202647411910579e-01 2.505161745450902311e-01 2.462036062584399776e+00 5.000143182329788161e-01 2.643764680207042694e+00 7.475458558758250049e-01 5.334546354499777321e-01 -5.370219730196525987e-01 8.604897354025153877e-02 8.885893972094570659e-01 1.478727385801440253e+00 0.000000000000000000e+00
1.954172235416671843e-01 -2.645871601059867628e-01 2.479320013217500840e-01 2.456758606982514692e+00 4.935968336710212512e-01 2.656244820076691493e+00 7.503865832315852469e-01 5.459573112405454731e-01 -5.451153861514306254e-01 8.508724781397507264e-02 8.966391344993578372e-01 1.481909863304084807e+00 0.000000000000000000e+00
1.965338379954466586e-01 -2.646523413321517637e-01 2.455127323142510531e-01 2.451950924349345140e+00 4.874029238890278393e-01 2.667688038801581563e+00 7.528619914648140288e-01 5.575053436488607295e-01 -5.524908776323504966e-01 8.416451243053305054e-02 9.041007126625146828e-01 1.484726955105170720e+00 0.000000000000000000e+00
1.976758958783161879e-01 -2.647256721416211267e-01 2.428562136028155627e-01 2.446819265521593678e+00 4.804071363976447628e-01 2.679999486007214493e+00 7.553886655490266167e-01 5.700168744500528906e-01 -5.603693070851318847e-01 8.312669519848599198e-02 9.122139663444136515e-01 1.487652837036786302e+00 0.000000000000000000e+00
1.986678758165744407e-01 -2.647947268234931428e-01 2.403723088703425548e-01 2.442159422849674133e+00 4.736930059167914209e-01 2.691283734207901901e+00 7.575826442340611866e-01 5.815610119852738791e-01 -5.675316125207909845e-01 8.213345262518412238e-02 9.197273429907724118e-01 1.490242361722724951e+00 0.000000000000000000e+00
1.996750517800098268e-01 -2.648698756360271522e-01 2.376482347696416697e-01 2.437201043419110924e+00 4.661484867487186712e-01 2.703420599261693535e+00 7.598139737533839977e-01 5.940551656603534347e-01 -5.751632335195493440e-01 8.101896964325640271e-02 9.278895322577018767e-01 1.492931888107595917e+00 0.000000000000000000e+00
2.005422274723160647e-01 -2.649385599177688233e-01 2.351041078937730067e-01 2.432712462396279918e+00 4.589398674850464488e-01 2.714542509531728598e+00 7.617427681728738964e-01 6.055707407928833108e-01 -5.820814602413026950e-01 7.995427945133476433e-02 9.354413915818123870e-01 1.495311822015745307e+00 0.000000000000000000e+00
2.014140587231321444e-01 -2.650108809463279647e-01 2.323171252350643701e-01 2.427951055957474846e+00 4.508726377459644219e-01 2.726503626198803154e+00 7.636954644631472888e-01 6.180201533616495047e-01 -5.894303201113219037e-01 7.876168262568364331e-02 9.436378690477763564e-01 1.497784300771774602e+00 0.000000000000000000e+00
2.021568766386675486e-01 -2.650743633881371686e-01 2.297174556259003741e-01 2.423654327207132031e+00 4.431954545629874787e-01 2.737463844089599085e+00 7.653769843754233415e-01 6.294817994821052531e-01 -5.960719775538704246e-01 7.762467928778794823e-02 9.512142294539156495e-01 1.499974617610310368e+00 0.000000000000000000e+00
2.028947790113118932e-01 -2.651381300256213103e-01 2.268732105511976349e-01 2.419111023671481675e+00 4.346358581172689028e-01 2.749250980307153203e+00 7.670728853575858874e-01 6.418589072272757878e-01 -6.031043873073608230e-01 7.635354417711472108e-02 9.594294156265376072e-01 1.502253750871200166e+00 0.000000000000000000e+00
2.035143563447426585e-01 -2.651910634066105832e-01 2.242231700104449499e-01 2.415023901976730780e+00 4.265164156236007642e-01 2.760052958345485585e+00 7.685266384176329124e-01 6.532404587779473415e-01 -6.094363191151332959e-01 7.514343706729632866e-02 9.670158294657917875e-01 1.504275889086897466e+00 0.000000000000000000e+00
2.041193768951999610e-01 -2.652403369715227721e-01 2.213271358787556320e-01 2.410716090679016155e+00 4.174909516703513290e-01 2.771672049013314876e+00 7.699864501691597862e-01 6.655159669275313439e-01 -6.161134631792072325e-01 7.379246538056957738e-02 9.752338119575583164e-01 1.506384713196076586e+00 0.000000000000000000e+00
2.046175627276026476e-01 -2.652768003769082616e-01 2.186322024819291610e-01 2.406854023152985800e+00 4.089553881117735656e-01 2.782322146186384515e+00 7.712338082447255383e-01 6.767904594023818055e-01 -6.221010482580323631e-01 7.250853877428556360e-02 9.828151657907413519e-01 1.508262241764582345e+00 0.000000000000000000e+00
2.050926404192869035e-01 -2.653047777136304797e-01 2.156907602865426599e-01 2.402797288427130695e+00 3.994939844634748383e-01 2.793780837158591268e+00 7.724828973749999772e-01 6.889356058166064001e-01 -6.283873068531099504e-01 7.107748084015308443e-02 9.910193664238666766e-01 1.510228054123224473e+00 0.000000000000000000e+00
2.054719675916882871e-01 -2.653183955919244941e-01 2.129567362061077773e-01 2.399173197849889583e+00 3.905678655078475003e-01 2.804287629045025376e+00 7.735467636514594680e-01 7.000754754983533612e-01 -6.339949920024352537e-01 6.971908559188773336e-02 9.985802139166560787e-01 1.511985873600731223e+00 0.000000000000000000e+00
2.058197359941669469e-01 -2.653179864137758526e-01 2.099761272815433011e-01 2.395380599588208703e+00 3.806962978935146680e-01 2.815596546114875753e+00 7.746097644005646154e-01 7.120589014553828644e-01 -6.398484869203748815e-01 6.820679292212941669e-02 1.006753322144054774e+00 1.513836104768063962e+00 0.000000000000000000e+00
2.060835717396990452e-01 -2.653018591578725216e-01 2.072091810889732377e-01 2.392005754162209286e+00 3.714048732532360120e-01 2.825970087518677509e+00 7.755151060131370011e-01 7.230356525203626150e-01 -6.450394539381302250e-01 6.677337143252948248e-02 1.014277418013801224e+00 1.515501379397690362e+00 0.000000000000000000e+00
2.063085553921443771e-01 -2.652653398773251459e-01 2.041964535643756573e-01 2.388488594386287467e+00 3.611515520190602402e-01 2.837140343379958018e+00 7.764209136789000931e-01 7.348273308789063929e-01 -6.504226346075617782e-01 6.517978160930730513e-02 1.022401923551305991e+00 1.517266922042358246e+00 0.000000000000000000e+00
2.064609569678370893e-01 -2.652121896034606019e-01 2.014029911491118652e-01 2.385372411936936388e+00 3.515189286299627014e-01 2.847391879029632200e+00 7.771942290804320086e-01 7.456118682922096008e-01 -6.551589334482131877e-01 6.367085118042521696e-02 1.029872623041196311e+00 1.518868280805822923e+00 0.000000000000000000e+00
2.065675283607200374e-01 -2.651314302960097180e-01 1.983650943710132120e-01 2.382140248404304828e+00 3.409080602345282429e-01 2.858436387703949144e+00 7.779718055397079057e-01 7.571783763805871592e-01 -6.600269921837962350e-01 6.199498632427640626e-02 1.037929817182149161e+00 1.520580959702852786e+00 0.000000000000000000e+00
2.066133824115613804e-01 -2.650335461647166380e-01 1.955518382214990747e-01 2.379290963171588391e+00 3.309574671537260926e-01 2.868577611111506886e+00 7.786416571328900194e-01 7.677407395799503709e-01 -6.642695409583470045e-01 6.041015996551626910e-02 1.045329876324125218e+00 1.522149295268800717e+00 0.000000000000000000e+00
2.066076944139053073e-01 -2.649000364687206233e-01 1.924963239179152130e-01 2.376351786851499170e+00 3.200148750206959214e-01 2.879508733798795461e+00 7.793236926880592330e-01 7.790507852553534285e-01 -6.685827300808121487e-01 5.865214491211691999e-02 1.053301250098950259e+00 1.523843731512363631e+00 0.000000000000000000e+00
2.065526287792278370e-01 -2.647493848297494679e-01 1.896702570047428260e-01 2.373776489904147802e+00 3.097682881347036954e-01 2.889551175042927689e+00 7.799204405093187464e-01 7.893602147301864713e-01 -6.722913150568019525e-01 5.699111053428847912e-02 1.060612825713708407e+00 1.525411800762202175e+00 0.000000000000000000e+00
2.064407758229577783e-01 -2.645541486939743114e-01 1.866046180000647814e-01 2.371137493245663919e+00 2.985155861402626343e-01 2.900381753385168349e+00 7.805403578320619928e-01 8.003784445291439731e-01 -6.760018308245820950e-01 5.515015881887917054e-02 1.068478139098121060e+00 1.527124479659232037e+00 0.000000000000000000e+00
2.062911556532820156e-01 -2.643423583044890446e-01 1.837728787787843432e-01 2.368842063407433418e+00 2.879933151762017474e-01 2.910336620568541033e+00 7.810963592886432938e-01 8.104034483995565807e-01 -6.791348401099785992e-01 5.341270420133306662e-02 1.075682855374139768e+00 1.528726903687132932e+00 0.000000000000000000e+00
2.060807709899434292e-01 -2.640763547560533997e-01 1.807050993137334638e-01 2.366509275222527631e+00 2.764528912482613343e-01 2.921077679314938891e+00 7.816905105278398880e-01 8.210972385987153066e-01 -6.822008708939596433e-01 5.148914039667166348e-02 1.083422600713155326e+00 1.530496441073436076e+00 0.000000000000000000e+00
2.058436607126021833e-01 -2.637948119903809063e-01 1.778750325617641792e-01 2.364499059603111242e+00 2.656736013172804611e-01 2.930954991507782825e+00 7.822400538187779251e-01 8.308055926155173410e-01 -6.847156939113213658e-01 4.967514486492100728e-02 1.090501549206694953e+00 1.532170104660496301e+00 0.000000000000000000e+00
2.055424265526836491e-01 -2.634483627081373180e-01 1.748130451287935594e-01 2.362477728221675122e+00 2.538634771739554097e-01 2.941617131941514529e+00 7.828465887570433823e-01 8.411374592225342450e-01 -6.870862401766282268e-01 4.766837808214063887e-02 1.098094088316456274e+00 1.534037646374914354e+00 0.000000000000000000e+00
2.052255584198818816e-01 -2.630882029023123292e-01 1.719921238114568984e-01 2.360757186032707899e+00 2.428439188600428622e-01 2.951425346274554329e+00 7.834260926102446509e-01 8.504961401882089600e-01 -6.889388681889416777e-01 4.577781250786100431e-02 1.105027628214477531e+00 1.535821431673049409e+00 0.000000000000000000e+00
2.048424362495227524e-01 -2.626518947904596391e-01 1.689442092626431413e-01 2.359051772757469134e+00 2.307822557952556863e-01 2.962016059505660159e+00 7.840853581380937687e-01 8.604321944782128417e-01 -6.905701209356425174e-01 4.368837954036889487e-02 1.112452388175564133e+00 1.537829721451078102e+00 0.000000000000000000e+00
2.044540562868032429e-01 -2.622041300766124183e-01 1.661400819601894230e-01 2.357624746122686687e+00 2.195370940064487186e-01 2.971761410835958461e+00 7.847330389152009644e-01 8.694073802469161061e-01 -6.917156130995129049e-01 4.172132298615513490e-02 1.119220479190864204e+00 1.539764374824966309e+00 0.000000000000000000e+00
2.039980615882549253e-01 -2.616677344967229812e-01 1.631144635278100052e-01 2.356239233802896571e+00 2.072373991332945309e-01 2.982286875088938860e+00 7.854881782422930003e-01 8.789080076986920398e-01 -6.925532438413701808e-01 3.954884516573379388e-02 1.126454290501791800e+00 1.541959751669572887e+00 0.000000000000000000e+00
2.035469257749075445e-01 -2.611231490531412125e-01 1.603347731936378417e-01 2.355109078872106743e+00 1.957787507375194913e-01 2.991973322422786019e+00 7.862445825709027947e-01 8.874651437552800726e-01 -6.929449948377207624e-01 3.750546407915403974e-02 1.133036159977868218e+00 1.544088549486927864e+00 0.000000000000000000e+00
2.030279313674301089e-01 -2.604770842292928323e-01 1.573398996441085773e-01 2.354046558786111909e+00 1.832540937898436972e-01 3.002435302528851491e+00 7.871398707503601822e-01 8.964951906424390993e-01 -6.929431972039848953e-01 3.525069874223845517e-02 1.140057317875753151e+00 1.546517751875243540e+00 0.000000000000000000e+00
2.025231423564286815e-01 -2.598263777334800517e-01 1.545924317729193698e-01 2.353215882527872616e+00 1.715917106996229791e-01 3.012063566061194742e+00 7.880475426288863217e-01 9.045988569444138871e-01 -6.925336696073579601e-01 3.313128024534774119e-02 1.146431727102912301e+00 1.548885834716541954e+00 0.000000000000000000e+00
2.019510296079359835e-01 -2.590599899546257023e-01 1.516366820070398913e-01 2.352479279223817166e+00 1.588500738778133581e-01 3.022461785265333489e+00 7.891312494554668655e-01 9.131165782168688683e-01 -6.916347195814017690e-01 3.079407966972119021e-02 1.153215597347671206e+00 1.551600661131768977e+00 0.000000000000000000e+00
2.014019522519673866e-01 -2.582937479098995626e-01 1.489292547482947704e-01 2.351950167208186837e+00 1.469911031967781057e-01 3.032028923215663418e+00 7.902349965692502254e-01 9.207305557734053458e-01 -6.903750443857942232e-01 2.859900451133160632e-02 1.159360442088865462e+00 1.554255566422469093e+00 0.000000000000000000e+00
2.007869606238235627e-01 -2.573973260494473725e-01 1.460210397526466031e-01 2.351540951880883412e+00 1.340392968372681182e-01 3.042357805726012554e+00 7.915555915747931603e-01 9.286996658613039246e-01 -6.885309384889689577e-01 2.618034865705146097e-02 1.165884387811232381e+00 1.557306883241427187e+00 0.000000000000000000e+00
2.002029582870310520e-01 -2.565060271617021770e-01 1.433614465604309274e-01 2.351314881210241570e+00 1.219875997487633867e-01 3.051857273447628582e+00 7.929022855590190932e-01 9.357870033122772657e-01 -6.863709816868601710e-01 2.391011409927279799e-02 1.171777430671359754e+00 1.560298412093913178e+00 0.000000000000000000e+00
1.995552484569379226e-01 -2.554685962454732451e-01 1.405092944014013634e-01 2.351234570581799854e+00 1.088277654294254049e-01 3.062107446111612230e+00 7.945133648604624232e-01 9.431634268995788828e-01 -6.835207335302028175e-01 2.141009867369073408e-02 1.178014953418488941e+00 1.563743477280039595e+00 0.000000000000000000e+00
1.989456643701992544e-01 -2.544425896419371669e-01 1.379052956253088436e-01 2.351312210969613403e+00 9.658442509350573246e-02 3.071527946291825906e+00 7.961524073533516876e-01 9.496863739365370982e-01 -6.804088963754725272e-01 1.906531433074126758e-02 1.183632758579956645e+00 1.567123960809731820e+00 0.000000000000000000e+00
1.982750340810320866e-01 -2.532543940634254254e-01 1.351175566755966062e-01 2.351560698191058396e+00 8.321651593105539035e-02 3.081684318099859432e+00 7.981065018031974212e-01 9.564324938728441250e-01 -6.765023719514625666e-01 1.648515752199653309e-02 1.189560422534255091e+00 1.571018034955645515e+00 0.000000000000000000e+00
1.976487960610894823e-01 -2.520839905839362682e-01 1.325769119923780881e-01 2.351941623833797124e+00 7.077932035175837910e-02 3.091009649929319369e+00 8.000892252347613365e-01 9.623525012390085065e-01 -6.723859904335542925e-01 1.406654223931112259e-02 1.194879287863361395e+00 1.574841668490726709e+00 0.000000000000000000e+00
1.969648797612829905e-01 -2.507336124475722516e-01 1.298620533958385059e-01 2.352518362112966610e+00 5.719853008188113819e-02 3.101052114940391125e+00 8.024457899043453413e-01 9.684221116794080597e-01 -6.673586746647844903e-01 1.140659878878329606e-02 1.200468996675328581e+00 1.579248001672317603e+00 0.000000000000000000e+00
1.963304045646796780e-01 -2.494089658535251774e-01 1.273924672537685709e-01 2.353201074871916987e+00 4.456205242876798422e-02 3.110260514668141241e+00 8.048260567076308547e-01 9.736997645906454446e-01 -6.621836200345425638e-01 8.914996247472899496e-03 1.205464421090044702e+00 1.583571643702061049e+00 0.000000000000000000e+00
1.956416532118334939e-01 -2.478865696492827120e-01 1.247586465744229822e-01 2.354103250338515974e+00 3.076125169844301510e-02 3.120162143149812550e+00 8.076419500862260792e-01 9.790541165412769420e-01 -6.559832483846199658e-01 6.176726732572321819e-03 1.210691540519597709e+00 1.588549757569691634e+00 0.000000000000000000e+00
1.950064862295879387e-01 -2.463977240601335772e-01 1.223677620076265432e-01 2.355085102106314832e+00 1.791661169973268741e-02 3.129225975618857625e+00 8.104758198021794202e-01 9.836492678441541848e-01 -6.496942600494252096e-01 3.613094786376665028e-03 1.215338756621786143e+00 1.593432796586406575e+00 0.000000000000000000e+00
